-0.2758589672631138
0.1444267651714769
0.13730143820046156
0.25772537909695226
-0.04445449458053731
0.2774451108770115
-0.09158409419032887
-0.009612770900268203
0.06558499462887739
0.055682319393959435
0.011612183808695347
0.04825191855770309
0.19893373745574328
0.10961398901109666
-0.1479012030412351
-0.0282353234843303
-0.11549210614885386
0.01994954176410827
-0.11809896537544429
0.001970606319370562
0.045399915661215574
0.0763511146817243
-0.16058891850836418
-0.26838430493610876
0.07339584883346088
0.03003977843179582
-0.009646019979684936
-3.6169897186107205E-5
0.09524510010856464
-0.04249527547606179
2.2455588169706555
0.5944212809072629
3.135134678321124
6.619723400548097
1.7262405962076435
-1.0529538159610028
0.2641881516054632
1.6689808242075552
2.8262835921168112
-2.6654190125862467
-0.26791735475566675
1.2033619807527778
0.7343574001510755
-2.9305961304059376
-0.22121641225661787
1.6506531975572911
0.20283074431292464
-2.819212025305571
-0.35633074088775585
0.12798346077628994
-0.9762221312363603
-4.066523111960583
-1.6380240285594114
-2.266507402096619
-0.017028186779717267
2.0356866147719397
-3.219124553108065
3.213790493363209
4.0241752485917255
-0.3116875209308906
-0.3038270935786204
-2.7826350549016188
2.092263173275673
3.332636366017417
1.8370957398774086
-0.4317297318708406
-19.475846866023232
2.7472045697498224
0.08691715298146337
-0.846019915284658
0.399250206626601
-3.194833898174667
-1.427336755976663
-4.0362109745972035
1.3367961660673564
-0.061551301769644844
-1.1940095896103033
0.41266749640106404
0.4042540270305153
-3.2326643607975756
-2.6865553795804913
-2.734022748860244
5.336360248725193
0.0765062003820564
1.8625533909397427
-7.614458239568585
-17.66254046507895
-7.258223494383592
-1.035154683225023
-0.2960502204951519
0.16430343583863913
0.02014291832828643
0.030860827187113464
0.16681594697052127
-0.42794621573921193
0.23222277506456215
0.024120875240981002
0.08892912119214255
0.010234075180165232
-0.01795722205115696
-0.04490615421987719
0.035011794327729294
-0.10265842303781395
0.08755272376939867
-0.042317141950556816
0.287345297930325
-1.2350928549520612
-0.04325522733916224
1.4777737798866293
-0.47249935585399333
-0.7774117319487884
0.025775241874165664
0.1579423217253184
-0.15987606809822383
0.21174738891129918
-0.2529296496479766
0.11857039826398708
0.008382186684361378
0.0077365780838915665
0.12817240462120946
0.03126982953695134
0.004804271224742041
0.09068611869095367
-0.04998196564772784
0.07072537038406657
0.03931188409848267
-0.011440086402492711
0.11161912792257699
-0.013142323021642597
-0.05955483130397613
0.10271725278271505
0.18809375202011028
-0.05709775298828822
-0.16576371208711138
0.24506931662712425
-0.05878388144650351
-0.290199304998933
0.040858352492516965
0.13903587879415907
0.10875469050051212
0.15121743032794743
0.09892331809003332
-0.26112241755459253
-0.016571405010446554
0.03411297398819276
0.02272210890723369
-0.005435108634297775
0.07056245175966666
0.017008543175488663
0.005561926164154602
-0.018087690789494338
-0.027204045312745485
-0.20623513355013787
0.20057756776011484
-0.023330257498258483
0.05474312971062841
-0.08292416538253496
0.09123290854297149
0.0921126018869415
0.5226950947743038
0.14225738571705332
0.13054733453604697
-0.047259020966115416
0.027407392607509698
-0.07107715058119067
0.32589840097914125
-0.13814860395955428
-0.6130308717586843
-0.3724348507851173
0.03720782102089983
0.19826098893725277
0.014943981073603885
0.40045975282175605
-0.8525131908588185
-0.06542287485130022
-0.25811164834822015
0.08210871932114795
-0.7083770622763969
-0.005516744413246458
0.06449425828454078
-1.1603479594058899
-1.416519455538082
-5.091329620851721
-0.13135831393230624
-2.86214625974139
-0.11700953666534868
-2.560979754275887
3.6930512603259085
1.2240750474773776
1.6735810861737022
0.5932067700310185
0.9865183743646209
-0.09658330150377609
-0.1818751534060457
-0.6581729856546626
-0.0014509202695133037
0.2994011545417339
0.3966906240579482
0.08436629524597475
0.5380406251819885
5.9034682457985825
-0.03467358357240554
1.5741960703194688
1.4596101957688365
-1.56363543952253
-0.18425188572373177
-2.1406607660063077
0.9112629044295627
2.8585676445011634
0.11725316752104017
0.06629049851865859
0.10178364186685405
0.03027071127113832
0.004763495349787819
0.042553312386990366
0.006865194430236314
0.027225075084642617
0.10113641232784076
0.0479175128796974
-0.022220339054793415
0.050174029527585186
0.07208912638395731
0.05079397628464174
0.08181000200974624
0.13553819075295245
0.015527032641519785
0.07093748555430802
-0.050511035435400246
-0.03387876961952777
-0.07844783822474378
0.014921719387648297
0.036504748301907856
-0.0012364074300570895
-0.10578379049934696
0.004261350250230956
-0.0017827854486971895
-0.06584740202256821
0.023338978326835243
-0.0028526746033256173
0.052784234892947104
0.08083774412217563
0.042383369356564914
0.006717014113534442
-0.0111207574070771
-0.07696720143692606
0.08750912017092058
0.17816521575941602
0.05906773548164104
0.029169374941883007
0.3135727733935174
0.14687632627637953
0.12732014081387
-0.06867513598780248
0.11225778220592077
0.18990766863208702
-0.009373604805611724
0.23713799880781758
0.34841288622764344
-0.024418227754871135
0.08005890924827727
-0.0028444873708577284
-0.5251825988449171
-0.056208840485890595
0.04643480213951096
0.7227889273922802
-0.035723591523347246
0.22198563583575429
-0.03306432938459194
0.23511239847338614
0.05670492815590697
0.0739643262546489
0.06468938377601052
0.0638221072294034
0.13977096282477522
0.08033232231463122
0.08835929498916187
0.07410065233712243
-0.13337378618211085
0.058460751663019755
0.0766711511007899
0.14470711999878227
-0.060513779913189646
-0.021036964664133285
0.08474928964589719
-0.05453267289189454
0.028906616067449972
0.003383226606632783
0.06447202324831673
-0.06929106947839687
0.2119649565927987
0.11625846762437628
0.07614263852945675
-6.797472992978078E-4
0.014906379398031836
-0.1615911518004897
0.07083502970558017
0.08185570594041178
0.065392916149766
-0.018673466139177974
0.06329520482590725
-0.3425944744766651
-1.6453596407965572
-0.7649106718220032
1.6315876161980059
-2.4844492281057247
-1.3303827221295654
-1.2542754926958435
-1.0685084912012452
1.8986577773616988
-0.2910858293311193
0.6456986608913176
0.05501984926423889
0.03574343182959263
0.067369544832105
0.0821477572233858
0.08621752132003005
-0.057773732488626835
3.2556443044862977
0.3522701273310117
0.09785788314495389
0.07885859204749782
0.056018638860569875
0.20699032025900113
0.04848204302456361
0.09370357423915371
0.09439191368397591
0.09735908899130616
1.3768143802448505
0.779429322017172
-0.08116377831263596
0.0810852648865524
0.07303455237464347
0.0607466699770223
0.04455542603439579
0.07012598835542146
-0.02426972937572052
0.062371403999478284
0.08897369988178402
-0.011019962466238894
-0.10175885539397497
0.05700368534876747
0.11360369109186344
0.8437553312042613
-0.24714219172931284
0.02245297025206047
0.022402577809884545
0.05113438013974323
0.027305347610334454
0.06885169872960328
-0.03684164930827155
-0.032435315014894904
-0.05470044979512678
0.0769641769731991
-0.026958121447159412
0.03063164303624422
0.05163751993210738
-0.30623853885238683
-0.039821635434162665
0.07222318871865904
0.04629698678739618
0.41894426390530765
-4.652425894338683
2.370410068320615
-0.11583318209590339
0.08185019810687608
2.6000821248586123
-10.647332032637978
2.8089469549784596
0.7023002511917226
-0.6126547007765368
-0.43149191833640965
-0.2258824939275911
1.0029490366920444
5.334296825571397
12.196950930022705
-6.4212082933223185
-0.09064069257046943
3.083499784301116
2.2130507945065934
-0.8870258640188174
7.63008268450681
2.173708508322995
15.310923149120836
7.461837778693945
3.7558229519607695
0.1045382409293656
2.1526424233118826
31.850293840667472
1.484608884053789
0.105217641201851
0.05921764176753339
0.07424836530690468
-0.04330142770027972
0.0711282153190126
0.04432311573758375
0.05868190407969095
-0.17800075925644993
0.15046147872986868
0.10291428116370886
0.041745889928442526
0.0390581522899656
0.048677996190909414
0.07686284463319372
0.18672300191898922
-0.06439864150971919
-0.03942133837808754
0.027753319549058384
0.016852039903297727
0.07781299289556069
0.6176306037607889
0.08459639773022058
0.17851874518740268
-2.0159933729273907
0.0415540808854704
0.09010943330614887
0.08358415196735433
0.05877939460865245
0.06266874613172661
0.13867927547786343
0.11355502017138412
0.10544406494024564
0.10544391305212282
0.049842696203373706
0.07956470892717023
0.09402663774712455
0.0671614102326623
0.04214659283802114
-0.05156545293455947
0.08210194155058967
0.04698654205630511
0.006767191239273507
0.10437791125345003
0.09650587768721317
0.05308659900018619
0.08824205186340187
0.061240558160371855
0.06331746534593606
0.0049275520535630975
0.06988904984212622
0.09478098365143754
0.07870854170352377
0.012683789398865929
0.056065655058506476
0.05746376411777396
0.07732215675110772
0.0726809932158359
0.09538949131992615
0.017945327613033843
0.10333857852160068
0.021076506518867683
-0.46405598783026647
0.7173818490373597
-3.4342457927833117
-4.909232424974559
-4.682452409339389
-0.7669899476678179
0.8588078101360037
-0.8441151061237316
0.644634663073082
0.3204918009249816
0.32093774240751755
-0.36187542361921554
0.598108161352713
4.09118134816942
1.2121657896120368
0.9923843455770418
2.020470547932866
-0.05636796450345257
0.05711240772080195
-1.0595529822529677
4.866840421171189
0.07276168776689858
-0.0671004973569957
-0.06062939868648831
0.10584742458090843
-0.012976858503535905
0.20847909078838714
1.9235711245781952
0.2365466367168352
0.11656340102033315
0.14316583148926038
-0.5830170670283534
0.1351044390807731
0.3061528459575893
0.21372138173395977
-0.05402777079690199
1.3799635810419197
0.1818498734450958
-0.46408687751714767
0.22852350815780942
-4.609295757181077
0.1635802186841298
0.26858379628306533
0.16178846299693744
-0.07728887070884123
1.709781280902731
0.059767106856504194
0.025671528538089388
0.35541119043820785
0.46429013867706936
0.03886617921500597
0.7580184563362026
-0.29580620965797716
0.17027800308202543
-0.4048050729147775
-0.8077675688407793
0.8106516580250928
0.42328153766028404
0.03504207946805941
-0.40583754780900194
1.7978282057949473
1.3033330561665852
0.18091448416812764
1.3473626376723464
0.08017243331464502
0.7337781079567532
-1.7481013475045997
0.6180209443358186
2.2910599204050595
2.646948950372519
1.7937567297825099
2.0762969481761306
5.2396747379484685
-2.4892221528466836
0.8435895840744787
0.17889851656375322
-0.5774887436932762
0.2313182414301765
-1.925199685356102
-1.9888366460509197
0.07465728892076022
-1.1309146088788897
-1.4500637033516193
-1.5471408891720768
0.18874784524465882
1.4388131656855747
4.368682689725879
11.030488200159203
12.802664465311087
1.8155959024907924
0.0416968347271786
0.09268881606138066
0.0752757829635675
0.03837799086415817
0.08370075967916728
-0.028857850527483214
0.08486972775204958
0.10235724341648963
0.042343206215932704
-0.032724457006299335
-0.029333259377241894
0.0958853331392227
0.02993142212602998
0.025115427893060743
0.06693529334347066
0.04927465849995893
0.065000871750539
0.06529825091897679
0.016481678977565875
0.04225725342404346
0.07994020516666138
0.08114514712397629
0.0538265995461412
0.01905421764517005
0.0714096858691796
0.051307705357581224
0.09428197129427346
0.09387116946892182
0.08957271715760211
0.027877189645040996
0.19063441683948762
-0.12613987074120903
0.07214994935285783
-0.005347602915570507
-0.46399478340036016
0.04636645518236131
0.01584562200638495
0.013787280147550195
-0.2970127432011462
0.22176155535073167
-0.08803479569869009
0.10996922060360309
0.052579980505592004
0.04462839258917509
0.01806167136539956
-0.0428827544575472
-0.5256562514624643
0.10807001351802435
0.10249516631292688
-0.22778851051172233
0.08051174397013071
0.2008881808259404
-0.10769640444038912
0.21659396056881183
-0.18591826391160002
0.01660561846139614
0.06362664174125805
0.024735998093441732
-0.05095146557308363
-0.09483626353152019
0.020833571786363272
-0.01659161358574631
0.02107444621325136
-0.0703753395456613
0.1952605801770074
0.12310309418458745
-0.1362620009623829
-0.11234384977528349
-0.11493870485849214
-0.0036542900381798774
0.09033427527978385
0.0823586432244761
-0.054345235054192316
0.06770315999669997
-0.0034500923353379407
-0.3385163556639007
0.0070160458617801805
0.34401286278959775
0.1632378630055888
-0.23020029498979558
0.17042918540572086
-0.09671865831316608
0.20789073092384663
-0.1739978301780948
0.04851129754542404
-0.1125480703086548
0.09746712151183416
0.062117766880135934
-0.3055692024291416
0.11356237513785922
28.2303870021619
0.08715861591358835
0.03522538399382926
3.453417340431977
-6.444348154938357
0.5968984936330095
1.1973337388727987
0.11155006729231416
3.2313332589555817
-1.0876327285915215
-0.7825442124571249
1.4668917427505805
5.556176819013096
0.13916463809140484
2.274923103099056
-0.08771735553513663
-1.2121179122604862
0.32515146561037284
-1.4896839384058367
-0.18179124842186534
-0.38841489213763875
0.03772822906942308
0.09893342682715899
0.7801382541716393
-0.03457373824176429
0.027041839639944918
0.18583179396497299
0.09299868525650715
0.08914715247017384
-0.20430070170923875
-0.0016778594332842996
0.4399114943177076
0.14033429421523394
0.07346805899803648
-0.025466474385178177
-0.49147951534317597
-0.04288092819097904
-0.9098691070548641
-0.6517153596953241
-0.48055805130706986
0.03237860970676319
0.22892157303524835
0.01843097174447326
2.5022779360703447
-0.01680855242954925
-0.03364798054466961
0.16815110156279722
0.05868727571155492
0.08580495597314547
0.06086740247051108
0.045304288322594394
0.08518758569151837
-0.08179577926442574
0.06697018879157138
0.10544174403040761
-0.2511025632344163
0.2716920578069554
0.010372353314082495
-0.3061972668508492
0.02734425713927701
-0.03983410767126369
0.10389778001881736
-0.7522653417196292
0.09898322573886312
-0.34204400705721666
-0.07910804539559754
0.31122595357685945
3.1736036263616305
-0.1192729678639118
0.055052791964722035
0.06693771054839724
0.15393435085943966
0.08321628126267142
-0.0075442055784953315
0.4122783084283124
-0.48499007308289444
-0.5153069844461063
-0.3857161984993801
-0.11393154315801018
-0.057418836653925553
-0.06943033831580034
-0.16312143880200186
0.052631506000134755
0.2533635327798568
0.0826337138546512
-0.123766657358362
0.20076169648285336
-0.06963878352769322
0.08633650367413637
-0.1505310975478863
0.0739672573222478
-0.16500590174890212
-0.07965871812848357
0.05241763374971428
-0.04039414455551394
-0.010745512385866145
-0.1720602961580434
-0.24704453200491452
0.04166201839035765
0.04875422731624354
-0.11548012341690471
0.0784737277412792
0.04010931374739885
-0.17411163998981138
0.3336260834833134
0.2396846869862736
0.23794318568934567
-0.03710239221986459
0.09950964311180158
0.08011628941037191
0.0033611965883280004
0.055922332052455045
0.04337097396147971
0.05949130544143369
0.007092783459884483
0.304405569983809
0.026850567356830293
0.07099824014614554
0.06950575652108734
-0.03803663670848959
0.016324733129813595
0.05184681395086182
-0.444666836291521
-0.14366144195656483
-0.2233592641080602
0.08365736206365851
0.03707101851438338
-0.0248511700859404
0.08559707472448212
0.06993771371993823
0.1830863610179753
0.2010036882120436
0.056262365801248285
-0.06561537878519616
0.07763389961781024
0.00940370432459633
0.05139801336090066
0.017766677306035705
0.10054162398537912
0.38098434236014583
0.008465305051062097
-0.08352538465390684
0.2036818141722063
0.1345772569144292
0.16380864076563328
0.085734464810401
0.04704492623943445
-0.04614807914674748
-0.13389535766579017
0.007753917964563065
-0.06290555200596744
0.27702643533740806
-0.06357446770860999
-0.5934452747305466
2.830112550177249
1.3504143398084199
-0.3230448535909429
0.5197827242946029
-1.2777125821950144
0.5609459260688863
0.33735718710884866
-0.7286652894825767
2.400309619074993
-3.2182227917902573
0.2378425666839983
-1.1690716282069626
2.218106490607844
0.041103606427740164
0.0778040763154725
-0.24887824505548936
-0.9851108685652407
-0.011577447477777007
0.045918704712004016
0.03434962225832091
-0.18927495318206364
0.13584102887416916
-0.003057125122229197
-0.08034237417311554
0.3571698411866153
-0.11779449573794844
-0.1710402933049833
-0.976873636322773
-0.5972830140772689
-3.5037787183966542
0.014001970129838765
0.37597549740007724
1.4947103077802995
4.98759032575134
-1.3158145971000976
-1.0710289267617663
-0.4759651324990888
0.3979985137653993
0.03831702414585389
14.09665612987506
0.3677286504465944
12.693939227885966
-0.7034428671522799
-0.40871880065098276
-0.42666007751866364
-1.1677194909462434
1.8995431168368764
0.10544521860065396
-0.17887289503034495
-0.4666161382318275
3.4618888471645866
0.6850455258198394
-0.37116075910067586
1.0117026760511714
-1.645166732228793
0.8090307136516492
0.0366889888937226
0.03544227858740226
0.04877418913479858
0.10544406494024557
0.01479915530944338
0.05950980608360975
0.058566332056828874
0.027050688360178543
0.07127691830049238
0.04598209165436058
0.04554386593424649
0.07156427324801999
0.05637441755542304
0.047832406191895535
0.008253686611454758
0.03862092323086533
0.0814841698574999
0.06012994469283358
-0.044264406849711724
0.01987221086942321
0.07006750648679538
0.04354978416215156
0.029189257039972105
0.05812038496138808
-0.0146962313445158
0.0610355167015055
0.0747524239562813
-0.030652216377075877
0.06647429813354383
-0.4789155364282982
0.03080188683509091
0.03727025964537256
2.5142835138480253
0.09840399124689767
0.03946431295060531
5.4702810090616145
0.02375146094989145
0.0782179814230689
0.07228931083997146
0.14263263814987462
0.0383844646727717
0.1053483670694204
0.10543689927141885
0.10543522665507722
0.18195256663274337
1.0977001133378548
-0.4693429609441613
-0.2815053825032296
1.6234945854285683
0.10439990117959683
-1.391895830731404
-0.3608951014783245
-0.17535859668032439
0.40720485129783895
0.537646096133856
-0.3368661850563928
-0.22140120664993837
0.11134256064790407
0.8273155695844802
0.15364812269506464
-0.1873230030997577
29.536571878868152
1.0868517230115096
1.8297184150458858
4.874976447753478
4.121367475275501
5.011413228296607
10.880798964809037
24.241547953379715
6.178595937362219
3.1667077266147783
21.697548095264956
4.5888009949294055
1.1457866663578504
4.713735243614385
5.307281464109255
2.5521098379231235
1.6738256740687045
0.08468924378171881
9.535590932542743
8.851217563780068
1.250992533168817
0.33128424368555265
0.4955406859594046
3.0487103230857064
1.2507684373727046
1.5518992053001688
1.9075493727379649
1.6209416771129834
8.714020649427624
9.673438930155699
0.24968558048917316
-0.1250862233802481
0.035208797837885504
0.06293828194685001
0.6386434816556835
0.2987807827035796
-0.5010091600606736
-0.23823528201418973
0.8455755051769901
-0.026644640884504293
0.044923964191633636
0.07046123669124418
0.050252228436385916
0.03875998188043606
-1.2102789167753916
-0.0660144573871427
-2.2565574544609532
1.7441003280275014
-0.01779879223658451
-0.37339314882630786
0.036828233588534987
1.662437261385763
4.053713353299459
0.4277980684305151
-0.5829774556537566
-0.562614431407092
2.1293991584406116
0.16870686204123816
0.10198401029774984
-0.8945547313122668
