-12.918995192058238
0.13150621961076459
13.093794754586495
36.10500691151526
3.0181546634999616
12.742363531362447
-24.70274087298321
9.21114640000898
-4.89055177749435
25.480602645156413
36.361118594060464
1.3862911222668006
-0.30495357682897345
-1.064120438098378
-18.63507125645296
24.58047541785719
-46.9272135846379
-31.170959852909256
-20.749618288986177
-5.612813615768028
12.76333558554373
18.597449505179064
-26.191593902765277
-10.751050883763048
-12.973963399358267
6.675468224114907
12.613885395028484
-11.64823402979949
0.7212617354390488
-4.5668135323461465
2.3923577589153817
-0.3934253727402143
0.2572318455195017
-0.0783901011708929
-0.43697655275204306
-0.42833614194681713
0.2678653245786998
-0.21923765622441319
0.022432089829845337
0.05632188735727048
0.061994625318211184
-0.23183869719632352
0.2162288329091749
0.014322590882683547
0.007811262627816721
-0.057431616418743094
-0.009911420856271192
0.06844488665726599
0.14284886834251573
0.04994083652844512
0.31923005721442355
-0.8749752436337561
-0.14544262302636865
0.07896717542078369
-0.08979511376430038
0.03594531320191017
0.18634927783298869
0.6227954164814589
0.6629947799258628
-3.863009710767257
-0.004510173797242685
0.0029716324500855076
-0.012215812661037929
-0.09355474439847697
0.040547221064848024
0.007909789792074486
0.044118119076739036
0.02363121993660131
0.071159169554001
-0.055477266959158694
-0.03154603547618337
0.020706009855074144
-0.47880563436777623
-0.04226914701367908
0.029435856013144125
0.054904542304283994
0.6392175725778496
0.041523648360944014
0.039995689372387226
0.05104560985717743
0.04736629406115153
-0.01822364261055424
0.035567992354970906
0.06516648560557706
-0.13322479546821844
0.07855654836061376
0.008047201006133218
-0.1090320342852488
0.06297162573677514
-0.038823932651031595
0.40645608194674665
6.008375086880612
-0.860372462990142
1.5680995897589425
-4.093095519022104
-1.0898172947518507
-0.9603785454915563
0.6936596982541158
-2.216972911307909
0.13432348890535747
8.521055415731167
0.6279567950684916
-4.8826526050690715
16.031607671532267
0.28799125523584884
-14.32166090634127
11.188605998716856
-3.2811430024783474
-24.456040386106434
14.32377390644293
20.385459363566728
-8.588550940057756
1.583346072136444
1.7492652538006588
-8.18592587019382
-0.8977136501416135
6.411791140910158
0.9577963049802151
-6.937059086316042
1.7152347648267428
0.7719061909281527
0.45767406941591987
-0.002810276053296499
-0.6897302097916019
-16.882969493730172
9.224535060410204
-4.947693521146296
14.742599275220348
-17.487833501698727
2.291154388212419
15.189362334139457
-50.10206194850526
-18.472527380844774
86.66462094234879
-22.290764311367244
-153.9317709051328
110.45021033277062
-0.22537645289328148
-45.77216059382675
39.59312953664748
-7.871911570519791
-47.79686848200715
103.78241599145142
-1.7544345224582218
9.321394378888277
-11.1054102960282
-3.129969272442816
-4.317941918433139
10.209485783738522
28.28639972718874
41.02654931418496
136.63134647419037
320.63777023147026
-114.46042749138822
124.75002122647648
7.271226033562387
-35.362730803546825
-47.05319919240846
-32.18530669456216
36.15239905486879
74.36917869313127
4.128473598554127
-6.756097101849953
-65.0502277822281
50.8260169617598
11.849664888788666
89.71443443001458
38.38005878416487
-9.968742919509898
1.8567376175522872
-41.267864302903774
8.852707523317225
196.62115258550008
-32.06610691574668
7.18867551984949
-13.472349214769707
2.538615506930532
-1.8338487463021298
1.0276994761519453
-72.34365216252587
-0.8270006142681257
0.6542612883678097
-23.523189746503917
0.9246270461613162
-10.83453988697362
-1.1574037610122037
0.8064446994428115
9.819532792847639
-1.8571534481970562
22.080896106291572
-1.6439146642431826
-34.598555393635955
27.492568857603935
-8.698350052735968
11.124636464308036
0.051097849626494676
-1.0211580496556338
-1.6080764263480545
6.833390877185729
-5.2260365630436345
-3.5684178175749026
-0.3520109514671434
-0.11163101799666521
-5.647883887567313
7.410734044183603
-1.2833399131580516
-3.3788362066514317
2.0368723346053206
-0.15818551068095865
0.01753251483497359
0.500283814417962
1.5141139177480085
0.1037230487060563
0.682710750684281
-0.0684346453400344
-0.5618966880800055
0.6013553975475611
0.15107943445669966
-0.15552221973315034
-0.17250154888584976
0.276974822165445
0.44818945381518116
0.0242574708584169
0.07040678044953802
-0.01440977685173554
-0.29471796329325844
0.04196945673168334
-0.9129079505742144
-1.4484574371505115
-0.017096044642954226
-0.5840358085270918
1.4226636710738598
0.6135451596477165
0.25361430520586925
-0.31849711419478527
-6.637491238718873
4.7054952627183235
-0.1688488490152113
0.39188085773602077
0.2655987334560542
30.800224742669887
9.440794182728046
-42.808815286951464
-0.23669393098594774
36.5825718538536
32.22260713125419
31.843231019310128
-0.4460110950961707
42.92630196504116
264.43509750135655
223.53058474316296
19.634706419287273
46.0425349297016
38.098766546008534
82.556000904801
-11.52929465739332
79.54634511393083
16.016701790642472
84.93776763991029
210.73714543190442
120.18393330376023
-17.698437423052837
5.826418796838309
-8.430460089675107
9.924725693361204
32.5497495157531
92.27941506546978
-5.774267636666536
-2.178557930548149
14.628383434529292
10.770621427953394
2.168887829333005
-0.9418959997982161
-6.554890605321336
-179.26190513942905
3.3131479424776242
0.04340312185676131
13.506296348755297
43.90829386177174
1.7015486091414913
11.117207704865889
77.68444008013668
62.723912848467705
0.32432179986597137
0.8870660876608862
-1.6187145077381409
15.01184055742014
-4.984589909736171
-3.0283937899057585
-6.09762414942158
-3.6488340486088306
0.9072019279319828
0.03532991921016778
-0.5631373777811846
1.5318498013732709
3.278811929884665
0.12951238878873492
-1.0857812802258193
-2.0208316554662114
0.1841603170587402
0.40400879822627755
-0.8079447954072392
-0.6319529783553185
0.029985069260691496
0.37188113850579674
0.052340287161246786
-0.1777011053120554
0.031212606580086264
0.012052799851602703
-0.022469915702980802
0.00412640449995234
0.058376096506287715
0.02926318677190065
0.05515552073223176
0.06723878684152478
0.0585063443939715
0.060343909129501765
-0.024467354203108395
0.04698453371841513
0.08011635750116797
0.0645616168003232
0.045862521786001836
-0.02587143851774013
0.05151135031256138
0.06869835380101284
0.07727876445782178
0.0797079941721413
-10.909443115573339
3.7612784846262994
0.032709373524172164
0.06881355085313913
0.05828867789000537
0.05699450479044543
0.03641000547570486
0.05734366232889791
7.758061152246929E-5
0.09334420294739011
0.07276739459847503
-0.266073221986099
1.0304847581692123
0.04547823473747151
0.3669920544480331
0.20560947225275997
-0.5358288963414483
0.00886968958608216
-0.02533791210891258
0.04191242677998616
0.01465049813457546
-0.18273997389570448
0.5372540611187774
0.08107859924731811
-0.33641625358521554
-0.3812369484311728
0.028996143963173526
1.6458923266972487
0.039835999635712646
0.024992444919892515
-0.041023189849669905
0.09076575524343745
-0.039541875495529066
0.09790861332127528
0.3665589883305219
0.018355255754844032
0.05547624223273651
0.0670108480176135
-1.7201040160402647
4.670051452479234
-0.2745191441880229
1.4293201716207844
0.23539977387602692
0.6688959518556336
-0.7863204758306199
-0.4126005995183279
0.006582130653016893
-0.029298515295614624
0.07964498680365034
0.18784901684319752
0.016295770000314236
-0.030720296660083753
0.055869665709586826
-0.04832934693361927
0.017446830128392873
0.06278701813498208
-0.03149898303618499
-0.002608112477940124
0.08558557383764497
0.00190717701181344
-0.0034544647590441877
0.006106443560742355
0.08614179595801195
0.048191170280814585
0.06254668857338946
-0.03222868402547591
0.05832724087505277
0.04295727724573311
0.049697237237011915
-0.051294668391432346
0.026743192050239232
0.08068672583723288
0.028243101896273572
0.05726791308185881
0.059368875673890396
0.008965728325874795
0.019007297689654888
-0.06781457125842809
0.01935099379375707
0.02234981987647235
0.04339319659977847
0.06431394851177669
0.04025685878156125
0.066044803739606
0.07436383132680226
0.06839728062686909
0.033285726347313596
0.07372004510587622
0.06842420748118797
0.04621373825984675
0.051798220821822026
0.07474021421484912
0.07050213858947225
0.08632717295333121
0.0863270486179439
0.02516963419601102
0.06514435810974117
0.07620128027956104
0.05498462019222041
0.034501008083950555
0.05049921780489465
0.067215968282745
0.038355157174829076
0.006466889780635659
0.08545420283056537
0.07786565225852335
0.04346542035847928
0.07233566570637505
0.050137513753757024
0.051833804309553644
0.003970768029663319
0.057218618379677434
0.07759729647189127
0.06449776239871942
0.010362366218003917
0.045930074224310696
0.04703187630584578
0.06412841712087057
0.05950404493318009
0.07809548237465619
0.014691820147156849
0.08460340888641449
0.017254103665684854
1.1796367187395311
-0.05701350562897597
2.339607091903012
-0.5087245356177305
1.086551195605494
0.08268865209064397
0.8038395556178509
0.6393753655336738
-0.017024354095243287
-0.55050372088872
0.09159785602767309
0.026780064655683593
0.0834950682579024
-3.5910771925934895
0.06568765772227848
0.13986240859662188
-0.3855513636084271
0.012256895705127396
0.03119289958442745
-0.045957911204563356
-0.20847637963333332
0.0598041505441783
0.035760558615347236
0.036979632262504766
0.05596672977386507
0.02768386274367107
-0.0138506817422319
0.07158422305135347
0.025754800007227456
0.018652153195831172
0.12892413813447473
-0.3745652393354771
0.12203360398334474
0.20099114966210463
0.05345084947578595
0.07030364014533687
1.0676314593004417
-0.04464203697195622
-0.38266088886158467
0.14740646261439977
-3.3025734589777365
0.05737466232871701
0.11270387923139559
0.051721668264161046
0.08540212768610783
1.1823710778505094
0.0542794182403673
-0.06427023696078837
0.24783975850963808
0.34466196259630005
0.025788058274003253
0.5577597712531349
-0.23713396994375074
0.057880016631179663
-0.3180859219150245
-0.5394736663910411
0.5451839258010202
0.33690095761769007
0.1311369433786141
-0.10563927092454567
0.5855341192884725
-0.021560306188603186
0.07801548299862615
-0.08214358220103367
0.06563734146391864
0.05277638529609382
0.015804311568776465
0.023993658532634084
-0.023626695229110213
0.03355304546877179
-0.006545453818033264
0.049235343554045886
-0.009038748371023702
0.06306887069485648
0.03384541155669441
0.06867646521711764
-0.01706100063514868
-0.007035042836866019
-0.152859229126354
-0.05706560962831091
0.031091998139221783
0.22229109582791912
0.014467149641785922
-0.09106671195208563
0.026299572587565684
-0.45430053635928225
-0.01000476308747355
0.10664130341449701
-0.023297717331946705
3.979524825205705E-4
0.03413724470985895
0.07588443653643218
0.061628366849759766
0.03142010276623442
0.06852590489289286
-0.023625973745815848
0.06948294115567404
0.08380068447014997
0.0346664670689798
-0.026791540490920234
-0.02401572863290243
0.07850142863563461
0.024504876331113253
0.020562045206733773
0.05479870660511097
0.04034121633812074
0.05321628580703316
0.053459749897465866
0.01349356907583469
0.034596060517091395
0.06544713686559335
0.06643362140135589
0.044074411991158906
0.012734693892450227
0.05846318642194766
0.04200567552184013
0.06216782286589569
0.07685243056316934
0.07329142554401367
0.06187537895998445
20.75560132241792
25.74574137320067
-12.465616283089405
-11.058576876109294
151.70660578286873
10.727773923873162
-10.32472472800361
-41.023715586846585
-38.70394193056656
-13.431529799299538
5.8748266562692
-3.3239307381716943
-1.2138921442398807
13.656633242919597
32.49394624451699
68.81463291268865
218.29955875206883
2.8761198938923656
-10.893282451638097
16.148664314347098
13.10342453947695
-1.3109558768770884
-1.9249025955186292
15.49224584016402
19.425673684669587
20.334552387233725
4.52225885632181
-1.5862581446926542
-5.835935941252953
31.73448428475427
-0.2414293128402953
3.091107804714361
-20.654183703117614
7.909398887737015
-43.585023776437346
0.6914802613279685
9.221698937753832
11.402049894710936
-1.8541376656514879
-16.671739289618618
-5.74779943532967
19.338570932084654
8.228636164437432
1.0926210146776634
-12.907275931038772
-55.10055600580823
5.9522639112250815
32.547661249116786
8.638742364923168
0.7066473538475107
66.29304827684325
-24.01447781118898
15.817958784532424
7.178114194549085
6.380211716148253
-35.97303713304343
39.878745239535746
-8.611632815490486
8.238867088134977
0.15310162233936958
-0.06819201319203738
0.07137200931347557
0.04159647973563018
-0.004048131526458233
0.026852282206161097
-0.20078497377358184
0.057653307623915954
-0.09441933289374821
-0.42220047460567733
-0.3662146744880682
0.43710618594948697
-0.3985389394447382
0.22815725559643413
0.020434000880049555
-0.031615488935530324
-0.5451153771710147
0.10413757027240524
0.06264921974822045
-0.030823886981059204
0.008393466298065132
0.09913400449914271
1.2305118756178146
0.08099690630693442
0.03323065047330864
1.9547569447626156
0.05634074042722842
-0.004528462096919278
0.055245418111488566
0.03984466368424653
0.2482904001686887
0.4796391843854339
0.048477040736410335
0.07067729289275297
0.07672741918377332
0.02523329689498472
0.057559557083429566
-0.15865065220181285
-0.3340151479628673
0.06928797999668132
0.08982266887785667
0.05098662229083726
0.05353934971140851
0.06653132882001574
0.3686414078149431
0.05205256606043517
-0.012850691460110576
0.061031064983792814
0.049612759904333316
0.0702486101596333
-0.010661578362416168
0.03709067090325449
0.06951856191339817
-0.13170737703045765
0.10625148423605257
0.08632527153065478
-0.08829225593504662
0.04730874928793011
0.008491863096660324
0.005289009639940854
0.0016511352976668805
3.114047602808616
0.3416640649592866
-0.8235934712871462
1.7353662728373853
-1.3580398782654426
25.677314709907172
1.3311282504829884
0.766629644398345
2.958883567591396
2.250737416418315
-5.082442282778738
-3.051826994760042
-5.001979926158667
3.6172077135924274
-1.367603292211303
-4.177221027496634
7.907095285973789
27.558664903061924
20.492840695476968
-3.029732407769061
8.740552569698918
-5.550593921348343
0.3886136257457446
0.37579620678219694
0.2996488529063983
-0.21877722463018512
0.08871512783901263
0.6294929886934792
0.001363890434985551
-0.9647777956466821
7.236332736130443
-3.2039697151185154
5.563374524369742
-2.8570706922310056
0.23351200601216232
1.8463423938343855
-0.3211202330174477
2.7428611844558897
-0.3078583748316698
-9.32391961758297
35.901283183829065
2.260272667819343
-0.47622256806571195
-1.0006377008911609
-8.009181385131745
2.638791533494957
-0.29475000671291446
-0.33006793479299046
0.1748992655168684
0.01783686382626421
4.1375114461859847E-4
0.009693468286003275
0.07421036096515318
0.004855154248745993
-0.014413805373419233
-0.37663092775409013
0.017259399675051416
0.14468226358761854
-1.2685875106233895
0.06359142131118824
-8.381582371262967
-0.04409510900718858
0.3525517866970609
3.9163116911119826
4.069177006179451
-0.9249551159231129
-0.26333438894666544
4.979828980881573
0.0759546284252762
-1.132836160559426
-5.904936353471621
-42.94459279713819
-1.3414016921891634
5.661756207868815
0.06768112328369962
0.14669184456792486
-0.02526701954715282
10.954619686977273
0.07853040347936668
2.0864471614577953
-1.7480604034490752
-4.803282936413484
-1.702709002584213
-2.192984455668898
0.07542077244716645
0.06433589670007017
0.03941562156292736
-0.051535503088458924
0.02835558716289554
0.05729992108368657
-13.10143911996193
0.6966008297030689
10.781078649123108
-1.9453483061973345
0.17068779412925517
11.69254565328355
-14.248642525090228
-0.4771167998280401
-3.067363651181155
6.1356700087548
7.7275032824212255
101.51660625726338
0.6082099499113494
5.342134140470151
-0.5152788286915073
-9.232159064372413
-64.81827513880314
-1.8679201138160522
2.525412507642861
10.18597023955545
2.069134016687772
1.0519112937047927
9.566075376212611
1.0323481191985313
6.537815085313442
-17.93841184659796
-1.9330700565479308
-0.260492954120251
-1.8125767031773652
-4.151428007677254
1.0754166467303075
2.0851501508971118
-0.1588171918809084
0.07220536121406207
-0.25747064893789884
0.2723031533134548
-0.08768695857339982
-0.4770548143865426
0.027925644882220907
0.1050697025903032
1.8851962701100275
0.014832930259667323
0.049712276993157854
0.07307515163893837
-0.008810350016562543
-4.3406780607047795
-1.3044661513688534
0.010645996098788411
-0.04560998548872683
0.06795261451183487
-0.010318799483836063
0.08632813115094821
0.041383457597429715
0.32753326044678904
-0.0789278737032392
0.03958094015787592
0.01981626236842072
0.02229460392071469
0.04163894760842435
0.04107015659296074
0.03075437197032582
0.030734472923774465
0.03474309041562916
0.08632717295333114
0.012337831997707344
0.047679984773552564
0.01852016237888559
0.02214246233168923
0.05836948041716462
0.034470624612817094
0.04754403454320996
0.058514805698223635
0.04614447751651704
-0.02665223304831509
0.005606017593406305
0.03161400143478857
0.06670523655034014
0.04712928200417675
-0.034800503055066906
0.015379924927659343
0.0573644662387637
0.034931744753968284
0.022575783058548834
0.04760359169009768
-0.011967531273902736
0.06192596379521876
0.061224854998411404
-0.02509629896598286
0.05443528897075802
-0.011184263002972204
0.01714754066015186
0.05828821370979812
0.02411122614670289
0.08057863934133314
0.037590667046127776
-0.5722056307541489
0.03375516465959603
0.059202945402632455
0.0537291972660806
0.062271430531692255
-0.03306198328923333
0.08624903790718068
0.0863213064123126
0.08631993703945798
0.047101865721818584
0.02650474114973197
0.09035922485713146
0.02628977839399579
0.023454104643951017
0.08547231492401176
-0.051012514567586084
1.7890571953562515
0.054306255294338336
-1.610236117530569
0.235629728358513
0.20859749641945918
0.3708282777431057
-0.08145711304381166
0.0010103830945848939
0.07098361072928551
0.0339326642597882
0.011726124200953552
0.06781241753935698
0.03841736020612669
-0.22438794183786545
0.014777969407793459
0.8051921671447198
0.048548191576560054
-0.12371736715371968
-0.07490882415986828
0.06916420151427076
0.2486397902466403
-0.006232169868346558
0.03269341478198355
-0.20916125971316085
0.16091338777827016
0.031215801904858644
-0.001815318996041903
0.014052587209307186
0.0513120824252314
0.257702888465107
-0.06763632444596832
0.04929594214847434
0.0365057100068224
-0.06476912427172102
0.02634662109519405
0.05339664860065224
0.32240553901857283
0.062157726046369675
0.06573580078495911
0.7765845170230247
-0.1372808745845452
0.027775440779830934
0.03066018252536939
0.05107446558685531
-0.038147611897875695
0.08516173446872662
0.019047994024274408
0.012317443743795385
0.035426405634943765
0.042979725692452515
0.0311252279494435
0.05663282803405623
0.049573902845829826
0.015299321985675803
0.10429926237090292
0.030190008801437563
0.204669204022704
-0.03199013253487932
0.005821625182033573
0.16658524219407242
-0.03920356671225937
0.023345095282515604
0.154054098533299
0.049280148033078376
-0.33802267606361713
0.012751152295328513
-0.040237453703314066
0.007443565778517047
0.04031789141117072
-0.9136718415372652
