-0.21262069346512064
0.10845297465265273
0.10942894758644557
0.08965548379728311
-0.03772064438887162
0.21567640981623593
-0.051597442059285764
-0.0987157087845171
0.08983908136175757
0.02043751333626641
0.02841066120335721
0.02340071949604339
0.1562790401994484
0.03952148857405722
-0.06091163392545078
-0.004143109177287805
-0.02851290699933498
0.05247708738768613
-0.1168763200299142
0.006701058593527708
-0.05443763100203298
0.07235170254407786
-0.06359827878516597
-0.20438018271095024
0.042719214847902434
0.02081692034465507
-0.061871140481421935
0.054090798250496605
0.0125835493760337
0.0586800452792263
0.09624942944959446
0.18795505127820955
1.2929471711410776
-0.35589538677764554
-1.2167982495016831
0.3517107166342992
0.15241626504550268
0.33983255855026834
0.10285086181793679
0.3922501654541051
0.0640580041528565
-1.6967891285222536
0.15269035707266096
-0.4604356477987117
0.04665023716471196
-0.12806878250055811
-0.04796965384381522
-0.3018884137517029
-0.048745771375691034
-0.07083247471912764
-0.10028515433822764
-1.2902735958392808
0.09279207521771175
-0.3051658155492323
-0.04641436344554382
0.012953059386641905
-0.3476876390796917
0.6353480533189474
0.07151542690754277
0.10658139416688915
-0.012321655537208714
0.1423597482489284
0.2133783372109332
-0.3317150076000381
2.9459900090706332
0.06560719397969797
-0.9071102479323515
-0.035390619396907234
0.06681981055929746
-0.5712773358311031
0.14736276209669635
0.5209475369656665
2.0725804836647983
0.004244798255615679
0.03363183064577402
1.3988788296522248
0.4611702562084525
0.045463591871971756
0.04584416235899635
0.9731118764213565
-0.0083532152455768
1.107565021695037
1.0104901713216743
0.2531712104474819
-0.6317323009660353
-0.03385433685775694
-0.8951040659855143
2.1981782880303715
-0.35275058952629507
-0.37246082327396823
0.10362466163059275
0.036184255981671694
0.020422709391872334
0.1297185407233248
-0.33284513107649644
0.17743912535669776
0.015676747992297145
0.053236697505512874
0.001661361769252712
0.0015301840220622942
-0.052371609028165816
0.03652455924092926
-0.09692020121695877
0.13616291621604978
-0.003100890805791812
0.021864860484798618
0.06395905160719599
-0.10035068726496298
-0.018499078570958685
-0.20825699566039116
0.06526279112863018
-0.07310901156241445
0.06397190678422884
-0.10119912217279643
0.3728808377380702
-0.339070732479353
-0.0962137862296079
0.011846268318598563
0.03219781676590499
0.08999829287189831
0.03495609015355361
0.005585284819174521
0.06512701144374253
0.04433946347427602
0.16293454149130474
-0.0194545065965767
0.01692856219600377
-0.22076595621110803
0.04030668300828806
-0.04841798968444923
-0.06065992568479085
0.16129290915298944
0.03871185061414274
-0.24148811627050418
0.11539769817530783
-0.04057889593387844
-0.16236828302454134
0.02872106469555353
0.1644838702708398
0.09601347092433583
0.13294860145409554
0.03862617022805664
0.031317692219487984
-0.02197342170293203
0.05495840124409093
0.11912591520153362
-0.0471868782766352
0.0706332273081938
-0.012610024506176824
-0.19362333163429687
-0.08050343668097808
0.23816661351240662
-0.05628348368212381
-0.10651107053545335
0.32696909404544267
0.131317173535123
-0.06018570956886437
-0.027327504970070055
-0.009298991492853103
0.5728481156894593
0.12813187339621934
0.10619530396173991
-0.03372722715338538
0.00986283771421993
-0.07488226711914091
-0.16988540477006858
0.5096324552559295
0.05244143052825905
-0.11695124960475974
-0.061253027961369465
-0.16974319784351788
0.15126565658051436
-0.9790099172607827
0.0364328206073463
-0.06978699797413512
-0.3008944859029954
-0.057307111025186076
-0.39742427666189456
-0.011507450483069137
0.06758469114030322
1.261039457489429
-1.15180166400174
2.944610837103664
-0.24524308685386112
1.5021552143084247
-0.8307500682720905
8.72710864775258
-2.426119136523713
-0.07693830196314942
-2.3762327677835025
-0.01857117383067412
0.21905569349458312
0.21544667577029686
-0.2817161449098812
1.0196470228803958
0.040816363791398275
0.4419349625063289
-0.05005907606869278
-0.9643152270852905
-0.11878928757988569
-4.929306311926169
-0.018899201255623433
-0.14417072666533073
4.455563328108104
0.36890483828679116
-0.026395853287565656
0.013252715910794535
1.130175481366772
0.6021244319965837
0.006026909362145508
0.052174171838867085
-0.12782871941917834
0.00828358488813161
-0.016519560942213272
0.04616536707980752
0.012500842602880018
0.0028275841343226287
0.08097325979654928
0.050336149912198945
-0.022104875057386182
0.041201861203450166
0.05635609475318217
0.04073056227432589
0.06291158333539106
0.10111292046210184
0.006095647351158686
0.055062290690540826
-0.06526409042525172
-0.03260235367577754
-0.06680338276889007
0.005201102309948573
0.047654028180349105
0.043707846400921804
-0.07396476261199202
-0.006610413647953323
0.07836977916617116
-0.10583519519635592
0.0037293646370375197
0.002222240522824816
0.03807227348734614
0.0812418862794142
0.032373351981025415
0.06006455319783032
-0.015668136431099964
-0.08068710736823898
0.017201912907810542
-0.07346705978705127
0.054847194659155815
0.03422792451562626
0.056786986466621815
0.07489138993616205
0.06664951577155688
-0.0282488381944747
0.07717410574882039
0.07386318678972686
-0.12952177867565873
-0.2654541876352138
-0.09166848398187896
0.26686361566128514
-0.05743682119072618
0.09494102683573413
-0.09687803522979775
0.1056279155637884
-0.2701708767046354
-0.5238884135611401
0.7554828482770767
0.2754331231386799
-0.1471314536851668
0.4466191911354812
-0.13908481829559408
0.05720781983375249
0.05271470817521372
0.047137352225357886
0.04050868172046405
0.10633612984142272
0.08256094790335401
0.0580590128868865
-0.06843665316584129
0.016103305641295997
0.060601710417881476
0.06985067522859237
-0.09406592629482571
-0.02940771829364885
0.051363464349388564
0.015930008493304924
-0.007979712706413435
0.0986624488355969
0.1163145871505573
-0.050978923005126416
0.13923960285049758
0.09037388761081648
0.05818150744777023
-6.897623594903163E-4
0.011929149316400475
-0.12419631410020618
0.055110335746262194
0.06286235154705627
0.050598664112733685
-0.014309923918753896
0.04865313792900264
0.022467401167796087
-0.5253332631552116
-0.39171529390427356
-1.1687204608987118
0.825810247285663
0.011691151735989886
-4.460451156163551
0.07135629436981773
0.006299084828431467
-0.009882507173944202
-0.10779953416962515
0.0541143704006564
0.027478687690070013
0.051792080623269496
0.06313850470890897
0.05509105812663635
0.4716270264233178
-0.10624923714677618
0.020643550762096764
0.07523078001727253
0.06062458332549395
0.04306577826469225
-0.23183507648434407
0.04834481260306458
-0.009452061168496534
0.0725662263021421
0.07484731910204581
0.4601959818603524
-1.7159513735241387
0.0831101687183794
0.07689827859811216
0.055739632136218305
0.0862295447537603
0.040509000901235145
0.05406485138474809
-0.0427582384840422
0.04750849351987906
0.3028057182036644
-0.016131225197832767
-0.08379086009958407
-0.1901046398118255
0.490055515048058
3.8400622961097834
0.007586528722005761
0.043876984841060625
0.08134285234087184
0.02930833459428294
0.18735794265966238
0.008135600724322295
-0.030316515560899916
1.4519945139969623
0.12857480157761814
0.052523927807051556
0.0822897400606898
-0.32286095137296356
0.09763852524117535
1.8341883482740087
-0.2994476453821334
0.024834229259927114
0.0757396726876753
-0.07362407313057781
-2.326815767367137
-0.09011845746039561
0.004426771811943492
0.06292445791623197
0.08877010395180879
3.864486644775834
-4.748980839177384
-0.3698859171350034
-0.33223891910684833
0.7011654398388405
0.13131574273308866
0.6046285252007221
-0.11609298602000223
-4.5600255705996915
4.171213085837002
0.136694414965739
-0.012826730664430545
4.412910659633073
-0.7382414615019389
-0.9859552033957816
0.015214273521961532
-1.6042111830797314
-0.6322091944652793
-0.26839490316953224
0.08036647794346996
5.383885376287448E-4
0.5484736107976569
1.8838428100185736
0.080888781090385
-0.10532435701900333
0.041108156455244176
-0.21340512783825058
0.10414155151579153
0.1190987179820981
0.020293997920539836
1.1399025509849274
0.09375524118346329
0.08217968493355476
0.1940860688070659
0.15156729752409412
-0.16362018694644043
0.3111610591496368
-0.8751769344699252
0.31215006650091953
0.36955155388118166
1.3605124548918515
0.06675916344802008
0.04678345752460987
0.02532966312508035
0.23819351805995354
-0.3472188639001689
0.9854110477252234
0.27681649001018865
0.06882853413300764
0.062373664508095554
0.020848252320489664
0.13431678178298367
0.06764411629904726
0.06292566155888107
0.0810628535860545
0.0810627393790807
0.7056658920402337
0.06074830556696711
0.09359566764091766
0.05193747790821504
0.027409898589399066
-0.36247875525093864
0.06294055440926462
0.029571419297996043
-0.027887947875172268
0.08025018379801022
0.08194074523269725
0.04074707084320292
0.07299621787993756
0.047432868490420894
0.0372936026978088
-0.008158767614624383
0.05359669670862339
0.07286533389713153
0.038876536251542027
0.014127587265468118
0.04997147481786467
0.05739208993225534
0.10475349450928789
0.055855681153346104
0.07333314003612354
0.013795802195619782
0.07944420641740835
0.015570150456498613
0.017158960164757313
3.6661072760983866
0.8143793371093645
2.604018224141284
-3.8479994542794866
-0.9136931882377479
-0.1709476550447477
-0.014815020884259357
-0.13056074626406838
-0.17580396174297327
0.09885087031205653
0.07279007776583543
0.4264416159549781
-3.14097081870733
9.408052509899749E-4
0.853798779412337
-0.1164121154398516
2.077752040486261
-0.12442269098002612
-0.32925994707431366
-0.1978283501740217
0.0658581679449805
0.031235680388086468
0.06328673619216285
-0.22016056568245415
0.17680112405215664
0.09630427032650687
0.97450773419455
-0.20199849416031734
0.11418406512340804
0.11006373618136135
-0.4482181129538795
0.10386614327611779
0.23537272153558475
0.16431597348922902
-0.04153678716153684
1.0608975635377744
0.1397979528520768
-0.3567668234196188
0.17569007063468015
-3.543617920896613
0.12576808210062368
0.20648458148419807
0.12437590356915273
-0.059441138953800605
1.314469147871478
0.04594585699619049
0.019755438596796692
0.27325066046494745
0.3569417979830345
0.029878566299354415
0.5827747229019621
-0.2274147382440182
0.13095576238329273
-0.3112229723199978
-0.6210078818518393
0.6232228475065655
0.32541421025731554
0.026914199146535367
-0.3120272083410872
-0.008109633538252134
0.16901807538232563
0.0750594968051037
0.11476036604753607
0.061634709201719935
0.02931542925062779
0.022508591781034423
0.028252774204599703
0.08710838133778247
-0.10043191514688841
-0.03625721544095794
0.08495208173677808
-0.036623481184301206
-0.014285580503582343
0.23924545334704067
0.06430602213019752
-0.19861374593522527
0.09215495864339239
-0.048763195869156076
0.01900600584635704
0.04411637161181028
0.3973755533222388
-0.03434233862919628
-0.2060779346641177
-0.008928719971191148
0.028401820267411813
0.044146119838799174
-0.13988292943717953
-0.014218096566755527
-1.932882021353562E-4
0.032055520586114425
0.07125692592456968
0.05787020595925408
0.029504072739351718
0.06434712507251363
-0.02218523768441579
0.06524580028441218
0.07869043296959867
0.0325524704243303
-0.02515776492913072
-0.022551224929254328
0.07371433116692833
0.02301054389028238
0.01930815064368517
0.051457025316933795
0.037881167674375674
0.04997110222874146
0.050199719629737474
0.012670717422185463
0.032486357335800596
0.06145610347080731
0.062382431169859934
0.041386709621122564
0.010265234801413071
0.054898041473530605
0.039444126433412725
0.05639048264293686
0.07216589068476165
0.0688220367882832
0.056886307491459114
0.17241968872764152
-0.10198134940979879
0.15712954750157834
0.007176888526185518
-0.22242585218289962
-0.006854312402674023
-0.03203697571246291
0.02375427564459768
-0.22809714159861488
-0.06376588118857729
-0.06896534493804012
0.0815318282085279
0.0381845172317295
0.05066210299085091
0.0608857047484537
-0.03716691832318247
-0.2002951139181768
-0.015583616930141585
0.0501162591880599
-0.10287405275096659
0.062116486973142794
0.1294411670720147
-0.134370898516921
0.11207081968320895
0.01291530450940067
0.01863736878821744
0.061050739610233995
0.013895643681055598
-0.04810727299127832
-0.08087111483074431
0.01924487891912345
-0.02325727298165028
0.046833666024237205
-0.037736652027906215
0.15037381658357346
0.0885867553754694
-0.10084120369941686
-0.09603297221548034
-0.07466018592409314
-0.015601810399989098
0.07783564317157164
0.06644613894947116
-0.04558431543998418
0.05293508406964208
0.006473578586448224
-0.2602276718821312
0.0069730470423775065
0.2524354082269727
0.12400565426220932
-0.1902316895213229
0.09924754752745499
-0.02389085730702111
0.10170898414409645
-0.15538333794008016
0.04881409386676504
-0.06105331740498029
0.0706337523700584
0.044873489988450525
-0.22601024664000446
0.0871835276046915
-2.0582443281029374
0.06701958543171342
0.03753292277308837
-1.3673052333815767
-0.6601413566942823
0.23917424142305266
-0.002350740934264817
-0.09439036630519138
3.2529041186689227
-0.5080638081456131
-0.13495689847730732
0.6735816088788766
0.25836125085237016
0.026694664117387582
1.0334444067872353
-0.6300929529457825
-0.08360124173060804
0.05673263194090618
0.012804207968758727
-0.43918504343012327
0.063450958223977
0.5996598571970648
0.0760576320555742
0.029081763737180213
0.04962974139406529
0.7817898158403829
0.15295959066137405
0.0456263151282315
0.06807997005407666
-0.05474580664545681
-0.021073251670049174
0.04559867357500331
0.06611044338595956
0.0720527215480376
0.08816109171475825
0.06518555420084692
2.573609387125173E-4
-0.3866475724387736
-0.07946573736716657
-0.1449065085319526
0.04975546485838975
0.04469430136441303
0.06182441313854891
-0.02337382695631047
0.01909516666449467
0.0014838776967800948
0.05401062620851916
0.046535244927434556
0.06596477800810155
0.019697436135352728
0.03482884382726399
0.06533461943356367
0.007039157461349103
0.058862042634262764
0.08106106816361985
-0.08408596761678722
0.04286490646397151
0.007974020593598986
-0.026687325111644417
0.0021473589755102054
-0.01763564045547013
0.057711360551839744
0.3037977474350974
-3.073232325669317E-4
-0.3841365302481297
-5.646224986433324E-4
0.3334281862260401
-0.5090249072639709
0.10412404406857952
0.008901632698282463
0.06498307786141112
0.01228139885112634
-0.050344520102881145
-0.03288886483038754
-0.04315192449787554
0.02494085761060861
-0.09461461069504351
-0.1734330451918024
0.20917719947443114
0.03345253564259717
0.014514934494951231
-0.04315937650788927
0.03810371409953385
-0.10218299827437108
0.014035657284438272
0.1002316193792815
0.054990429164349805
0.02904837752028766
0.04041426786778429
-0.06634778498712109
0.040457336705759975
-0.06996023382586025
0.24980892165667362
-0.11447101610604236
-0.04836617622194453
0.0660353590827883
-0.04449425034460345
0.15026466324075857
0.06786218109427222
0.029308711860366373
-0.03451881139730107
0.05683591831384632
-0.02867824940803344
0.21440960562950498
0.0052468889257788745
-0.07159988219254802
-0.7441727122064383
0.5471565586172383
0.2000965831185358
0.05838634600856412
-0.010246606957423963
0.04981988482595986
0.06386729364715558
0.0019765362568274244
0.021967979222074815
0.21904292122957686
0.2647336880063528
0.07295411634263295
0.11286936885216138
0.039401501815513745
0.04939884704648528
0.023876319541428184
0.7996259067379655
-0.03579380729343142
0.19400942817640257
0.05780534894091669
-0.02462431701897413
-0.026058964979651544
0.12926090780244737
0.0595715536570172
0.012311712352862625
0.04900221589258362
0.03501616067820822
-0.04698289322174077
0.10153068853282869
0.0018620177140252399
0.08666639615448646
0.09703897002147785
0.07858336543472928
-0.1265873693583592
-0.15341759101432656
0.05106991151807166
0.12701024398584615
0.04447517521701634
0.027011133325565328
0.05690024370215927
-0.0595912723308373
0.018970881232674253
-0.039449404507823645
-0.002446729702798961
0.04455142160734185
-0.019399453313158233
0.6035884870729891
0.23632218136591923
2.1943767891686807
-2.7167045859178867
-0.2665553739605236
0.41369263810206713
-0.5808968941012326
-0.15248359995564667
0.015585379132388938
-0.3731932888647577
-0.20287579231291625
2.7471192979118113
-1.057101664345359
0.27597862979364957
-0.2326356155887943
0.003564879107487628
5.790071671890181E-4
-0.02140233444793903
0.3634142764491483
0.005842422500215098
-0.14724602906545128
0.054330882245369694
0.008580396196415492
0.004839758830979355
0.017835039713968638
0.14384864348230325
0.015014843922172283
0.07697033157800667
-0.907416064388471
0.8769081890096911
-1.2149594745286159
-0.05094423064057515
0.6423271653890872
-0.4673809926247322
-0.36178077802122355
0.33450083044120466
0.39199972938091104
0.36333393361393584
1.01664408872611
0.1303022036364535
0.6721224447766405
-3.165721757137345
1.5849491436419278
0.4908804242077421
0.8324165642601045
0.4433529972363163
-0.18537363066105084
0.1973728230153492
-0.11089853682898097
0.08106375331897389
-0.05221991494718127
0.10558062640227243
-0.6979569351694669
-0.2595342063963914
0.0475331762964113
-0.09550798020235596
0.10560415672867857
0.045845476767637214
-0.017323144148927303
2.537626436392647
0.22857699139708373
0.08106285358605453
-0.03301820510439425
0.046820385412521925
1.3027339815172772
0.01961102606610906
0.049087450758200105
0.5961771895939753
-0.40471160138019674
0.19621203447206698
0.04364767725301702
-1.172031706077675
0.1080523694614596
0.029526130205493047
0.06262805640047502
1.3220258108104639
0.1528337439793057
-0.08873497417873971
0.05383871512251938
-0.021328450945384964
-0.47416717765289
0.04684220085017504
-8.129528290834651E-4
0.2664308351424253
0.06844870316246297
-0.023124746356061154
0.05132393433019724
3.4654439230091847
1.0619393542876083
0.047678755195007534
-0.08925738314664186
0.07527642910865578
-0.07028569452499005
10.802426007211698
0.06154845048497005
0.08480543026709046
0.0316400515358164
0.1066799313407621
0.03318726104019063
0.08099110736365821
0.08105734479271194
0.08105605892561552
2.2940624010587696
0.04670728381983334
-0.4317473830485581
0.08609409628210205
0.37198588830654344
0.08026012567435713
0.23520040681197774
0.11143904276036101
0.0508883347926487
-0.4873567723235547
0.13326344958692882
-0.24458678312996174
0.18175627914039408
0.017270568351669305
0.31929064082903996
0.2099491007340342
2.3757718692580614
1.4994349389797317
-0.07178668222966891
0.21160506215753622
0.9592235400797842
0.0150177151148692
-3.319980286526806
-0.3229669787667405
3.1214241064200237
-0.0667135768215219
-0.06835526857641759
1.554197710056989
-9.615081020494457E-4
0.006283733491257657
-0.11036017523721646
0.057457661456181315
0.032303842248433454
-0.05041733247016527
0.045279757863689145
0.011772589067509772
-0.1284725142545011
0.08728174167506764
0.030861311957986064
0.05023014829193332
-0.0336262648283295
-0.007918909212477903
0.060956704008840124
-0.08898250197892317
0.04436514647463891
0.05658181640846178
3.1258516266863876
2.301876295448127
2.8347933279008335
1.2340244946549472
1.1932563573582753
1.0743285935686646
2.64005715970196
4.077888573056574
1.2010084975101638
1.5920920785514694
1.969298236253446
2.895365334702759
3.0252030947185773
1.695291765433162
1.4196385217736134
-1.4597928248720793
2.4031348471411147
5.694490860341945
6.624017040566532
2.37573025721362
-2.6170874645750617
0.971985184257171
0.8361676207283832
9.447435743497428
1.3358956007052192
2.1477978966880626
3.0465793220927235
7.9457998142909485
2.0742672933208315
1.3318168031358626
-0.9189362210019141
