-0.0921502827108999
0.04698608002301592
0.04692728691463983
0.04097111030535802
-0.018902457452169036
0.09477641686568983
-0.024513772067941458
-0.04916582968479529
0.038551428081733084
0.010636112480947034
0.013735048056064243
0.007125723310015659
0.06917341720373862
0.015506139676738568
-0.01611994375590414
-0.0010957815365177407
-0.013297733378209066
0.03372651609183017
-0.05578333015310977
0.003897547440567287
-0.02755667792253522
0.02643093113800585
-0.023562473864235163
-0.08769618714528962
0.03233443705488728
0.018499215067144106
-0.04445266546834742
0.032722322736187255
0.011219635252875837
0.031978027774860925
0.0017023320693393968
-0.09353829083937572
-1.2654129349865482
-1.0589516460151576
-0.702848842883331
-1.4357394317824919
-0.018864187899404423
-6.503432112750945
1.3700646161516639
0.9125561854657906
0.17187514527924583
0.11773645671040439
-0.005724529904305581
13.77816224793578
2.1706820499919157
0.08120037035067212
2.8588524334023266
9.091342129298267
0.5503496679590729
0.6893510541384779
-2.973907055605989
3.6906020132740482
0.28404076279886387
0.7237791778906184
-0.4424078110805332
-1.2783685606169626
17.983017628507405
-1.7200793993147683
-1.6823934045655256
-0.027386096625917136
0.06628766690981203
-0.67943882889359
1.797141904478387
1.3885175257618219
0.8012253030227806
-0.15852205422534604
-0.3483827427416884
-3.0955521503101187
0.03674237631116285
0.05061222268220377
1.5259001689094838
-0.7842799276095478
-6.106348226655931
-0.4716773045146641
-1.3065019242951965
0.027529887384954876
0.32523967736262
0.016339755365822516
-0.030250996487623007
0.6676854522516363
2.761908310370249
0.9730506192637711
0.047343813002078294
-0.8993917550433778
-1.5364054124129505
0.43557899020790747
0.7388605705529305
0.8376198547520731
-0.611895471115692
1.241340766037685
0.037933851106238266
0.019135379226389658
0.009547216777645601
0.05813468995414529
-0.14522815762340313
0.07734670034260473
0.006872679169357602
0.020146957337737414
0.002766158593289509
-0.0030915662331794983
-0.02370935512566272
0.01597097625808664
-0.020516805856486405
0.04457607308620916
-0.008268859926878624
0.002300774779640845
0.16589652590153361
-0.03834489360146905
-0.14448025914074544
-0.06348788859533681
0.043611408969082624
0.03858337889552759
0.0032108361770132004
-0.019816374745524123
0.20987013180732927
-0.18378110591328495
-0.15093205397460405
0.002504732762646684
0.011068374898484015
0.03852199500626606
0.013923887556901117
0.005120194805199432
0.029436836514944907
0.017489675485762978
0.0019233477190081767
0.02823667228568082
-0.01682235693348025
-0.022468165820039042
-0.007038787523217819
0.011754811526587867
-0.03202017181427872
0.08948110462318118
-0.027622554748512343
-0.015345554865644647
0.039095450241290304
-0.12941661749759845
-0.012671175574918299
0.02006292961886952
0.05647753050971876
0.06389814242284766
0.07700319602206482
0.012727615396903287
0.016456753210746064
-0.0023957677177370044
-0.0285411481158791
0.013798832540913587
0.09321332472620632
0.039524613228154745
-0.01652172391126179
-0.013032450712962784
-0.03886497767767032
0.08953239582330037
0.045729904981586626
-0.024864527316306617
-0.020815470128291012
0.055871062694530654
-0.03523102559642189
0.09086674593250628
-0.22690654959491602
-0.08761586111823584
0.03396208097958942
0.04218904398246724
-0.010489376803341267
0.004331776203724975
-0.08873065973491283
0.03169037731893332
-0.3757782539938513
-0.00249724313825627
-0.11024429062699284
0.08900562818029567
0.10489113868688014
-0.011068519302896054
-0.1426716444594347
0.34667989072059535
0.10073483493391355
0.1473529299063384
-0.08021721714205976
0.251294810293604
0.30046096709581493
0.004361604946727142
4.389847740575341
1.9722615812883741
0.7861473347787831
0.3582342382570452
-2.1105927731273497
0.6782278526255342
-0.8864830698096099
0.09995542083873113
-0.997604409495943
0.5808034687975676
0.014246707412900225
-0.10760163524501908
-0.019889090948567775
-0.20359621423408075
-0.3277576535908698
0.029022477421320088
-0.6575403442038418
-0.8594547776947478
-1.1006928128278464
-0.1867515244140097
2.4323544198733553
-0.41263692210110064
-0.481453216304404
0.18821917150363615
0.8283888815255973
0.11228662465169115
-2.4186477195447504
3.251223221456177
-0.5889647794482092
0.596803484937798
0.021650372714880118
0.07451226452584438
0.07197867892811691
0.0030367532879551243
-0.00795158403722763
-0.016472995084067757
0.027261551781183266
0.03767496483056943
0.015639700586503377
-0.012229572250646758
0.017783474241247682
0.023367178201517524
0.017839585137654455
0.024367887881660263
0.047589502569468936
0.003450435625016873
0.02224627100111701
-0.02167815832099079
-0.008428222863295634
-0.027527618392632913
0.016250691705246473
0.010455987469768934
2.995936435973314E-4
-0.038338504933768086
0.003949336020813666
-0.0836011112792454
-0.02753410498065832
0.027657612448420438
-0.015876974507320403
0.02916427961947473
0.02894648124933793
0.007977563454464494
0.021243426236077924
-0.005674895022962252
-0.02088044736452137
7.493660821785912E-4
0.026081688174351424
0.02494305160418989
0.017644952401197855
0.02326733560955168
0.04942800754128526
0.039539199350255114
-0.02338039930968661
0.02437088264545157
-7.571761179145573E-5
0.03783965701984096
-0.02706504929008995
-0.17084733097657387
0.10305124522197304
-0.03369375856940365
0.022720306791704614
-0.17313011085167898
0.050422013691944906
-0.019481953435269348
-0.06041737735787563
0.13152265977690625
-0.03510514420287943
-0.022401554413214314
-0.017040228940023137
-0.03221111649421742
0.02493096462882064
0.022781025667560184
0.021309321830291075
0.033584886338180235
0.06785088575990969
0.04380083923327022
0.0254182544389271
-0.029870870289651644
0.00303811780600647
0.026211639156994107
0.025796932875317577
-0.04767062904387251
-0.050156920067122406
0.022345438872687688
0.0015068647628587932
5.509657551232872E-4
0.025997226997363704
0.05833348598565843
-0.020673312342109895
0.05906953910617297
0.039333095118685976
0.025485750282724092
-3.6454083710734346E-4
0.005496337487233881
-0.05461264442999535
0.02445025754697392
0.027619490574448218
0.02222059144041323
-0.0061133713548332195
0.021281901631259318
-0.009728839793644174
0.8986223703702773
0.3488636975342655
-0.9509930494257055
0.5517208280387594
0.10511551257833508
-2.0681775421389834
0.6464467663641974
-0.2619678904198449
0.31688741656378044
-0.26710593932256627
-0.3175471714544415
0.013093365996888295
0.035725709008279136
0.027920663036742052
0.025217349933070874
-0.19532060270406687
0.19727140936787538
-0.8509277622137739
0.03291141668476916
0.026524062239178435
0.01883719271200993
0.19678627028941362
0.02904838468458193
0.0332797965849515
0.03175015934790495
0.03271518299394275
-0.5721700902153372
0.48665351116031735
0.35559029611216153
0.027182668257389173
0.02563543492558299
0.02047502060096075
0.014989888664564374
0.02358875636033603
-0.008679288962689047
0.01740274389393855
0.029964680978772633
0.0011961038465102536
-0.0574160419513754
0.018553806767491826
0.03811488680823232
-0.04988100220173937
-0.03259318015801614
0.010456557951540105
-0.003822759685878319
0.017188985147949063
0.01371055294566401
0.018588665535322155
0.0030060683464693417
-8.819281112791693E-4
0.01583106663350248
0.005774243497002857
-0.010257943668105066
-0.030550947350063234
0.016827940861774346
0.02783892647881954
-0.0088290734622667
0.022058398273950026
0.017794542794934854
0.09396077954111712
2.160869484893633
-0.5197138569012417
-0.10190323469504384
0.6753049423280472
-0.027154056723632098
1.8768313110174495
-0.5048204085761073
0.06626954132189619
3.2105492874866233
1.203305830972896
-0.35160811407002057
-2.3424273676638094
0.16247888677999606
7.133606045354058
0.7219323440153476
1.0713710767270275
0.5422321090045004
-3.026851661242861
-0.13793761453170877
1.084441181185338
0.010519660243870885
-1.5771180188363836
0.13172991110933732
-0.1727435442715634
0.03516013706557064
0.6204697112789799
-1.1972604584139508
-0.2737013314400749
0.03538932797353061
0.01902027303795929
0.019601870646015502
-0.02242190755239901
0.02400065795940577
0.013864242194537274
0.017413823186056606
-0.032736188496218455
-0.007545386963343727
0.038729575538339334
0.010611923442449584
0.023382114717744307
0.014816449266161784
0.0196031600601237
-0.019203958159344826
-0.029454406763121672
0.02672393899187715
0.011955216253986453
0.014818357275013183
0.02648898800162027
0.2682261622202093
0.027270564002088448
0.1123420360914825
0.3276646289207042
0.014934704176730524
0.030285978865237498
0.028437221770199233
0.017958353780526348
0.02148246804476034
0.02238834343709527
0.09676529503316751
0.03546546913120987
0.03546541805074435
0.01047305146208959
0.02676313306022837
0.03140426835305318
0.022589125821158976
0.014174932803664659
0.0172363305072907
0.027614091289647476
0.01575966704722761
0.002572745678689961
0.03510657404539658
0.031588457165094876
0.017856174627853844
0.02969156851681682
0.020597984048158116
0.021314341445165398
0.0016493073638747869
0.02350689954484863
0.03187900667355874
0.0264573348388471
0.004263712859472171
0.01886841219848989
0.0193111384066955
0.026373805612087475
0.024445811561429654
0.03208367452213169
0.006035828418886159
0.03475730159585315
0.007088388410065658
0.13892080143102387
-0.05818223267739445
0.13399749079684628
1.1626095225200537
-1.3040929235137708
0.9250166846626603
1.8618902700286581
-0.48286943974481716
-0.03408285483359492
0.38934484132474556
-0.17756654216738837
0.6637577896411152
-0.987010676184694
-6.338867121694057
-1.5302187119925332
1.5513249171676433
-6.52320740031447
-0.21544610899405922
0.020818010754214817
-0.33108243913524377
-0.020192620951489295
0.022890783902207803
-0.08745774849016501
0.02320143001410546
0.07356554212426267
-0.1903864241332951
0.47775865058549677
0.3795002514578035
0.2878049382641762
0.04009324681939311
0.04815363739262135
-0.1961040997995485
0.04544132118274791
0.10298186080170764
0.0718924126859322
-0.018175790384634096
0.46414744447203804
0.06116503343281138
-0.1560827529469626
0.07686894954435027
-1.550379305090635
0.055028642209102224
0.09033929623511751
0.05441662415351435
-0.026011452651013345
0.575094374300981
0.020101062929669
0.008653029229397254
0.11955628330014975
0.1561674840997457
0.013072144493911121
0.25497518684700915
-0.09949755366349167
0.05729988093935412
-0.13616958380094346
-0.27169143405155544
0.27266301742856114
0.14237236486236785
0.011764796090476334
-0.13651883679183935
-0.09552676481331482
2.7210527567116536
2.006716689850433
6.9997950541275875
2.2956352256431805
1.4578801072281444
-5.132999393909153
2.27238116251868
2.0439811844926017
7.694620680648802
7.743079020512478
9.604252471030009
7.551273092162544
4.470093414980462
6.5967734899327946
1.9887549573834884
-5.871044554700887
2.2510708893475977
9.759715496643404
-5.111437012284753
2.4839765544576484
-1.403251980240084
-2.822053234959843
-4.573501937696854
0.334965815880914
4.593021499081375
3.9879131162899593
15.064682751534042
3.922114376930689
3.1766782503202826
2.6299863879466248
0.0028821123196770986
0.035587498111505786
0.004766546517744835
-0.06167272738520016
-0.1586778489627271
0.02656739843314522
-0.5923357442426312
0.2213546894816604
0.05428188814155803
1.259473734968952
0.032632139037945276
-0.014561427868197816
0.11068106513926051
0.04602164618378781
0.007740597214697877
0.024200259877856473
0.019420756427195533
0.004928984982043072
0.9763821707147342
0.02110071211281007
0.023723239688822575
0.007732622731392226
0.16765226327009497
0.03079429790475552
0.4055176921746195
0.05393141993894666
0.031547816430629365
0.03413107155265467
0.7233690070859043
0.08402233729512257
-0.05512831427832461
-0.010083396342942712
0.006595475176674477
-0.08298292867152866
-0.003933439312733375
0.01575692891330541
0.011613019093439566
-0.09211834236182644
-0.03211577591629639
-0.0315613962113186
0.03718991641910355
0.017283579165300194
0.019365552276684544
0.02774998746663732
-0.022614647901410927
-0.11705081008763565
0.011737899571286452
0.02420950461434141
-0.041906444134651326
0.03240823346574796
0.04256403530353332
-0.050017035626353505
0.05087283187767762
-0.007807941211078578
-0.010927228204058528
0.02122104634247172
0.009114525943114028
-0.031299288322842025
-0.045865477903227876
0.00853263244226197
-0.008519514144866049
0.0172855775296488
-0.01663929154877406
0.06465427454092629
0.03946590844526689
-0.0420851395806743
-0.038853699087621055
-0.03405568553711882
-0.007590920139253784
0.0343936677628472
0.03041590058253984
-0.01905796701341842
0.022782521938214294
4.332003803013401E-4
-0.11763090319363481
0.002624705591254056
0.11261994892397426
0.055840429962335195
-0.08920772995249496
0.04981132908418786
-0.029455633848591352
0.06666150470623622
-0.06640256267519647
0.02339267372312212
-0.031797393753561255
0.03342420181625507
0.02509964676042825
-0.10431084520722496
0.03811668482648154
1.8116240500892669
0.029262138848025865
-0.016236823014492422
-0.4496978928009254
0.4858421153529416
-1.239029072271592
0.12326132912666733
0.7327574666140835
-2.4084035192862165
2.6047743775749255
-2.9014640183001896
0.09784474556146151
0.33041894115586246
0.2818948681276957
-0.09101986583942392
-0.8461869417592135
0.08666963305825728
0.016762303815986455
-1.1139579023594817
-0.02382963910235107
0.47385927943409767
-0.08920292233324316
0.03237163160446361
0.04484069309818707
0.030660994183557097
0.016229479652604264
-0.03500645995697246
0.0214383769774954
0.012635900257306081
0.04318818847254915
0.7849678621037738
0.40286064048345666
0.1298629159309231
0.19977801342805457
-0.8984423881480916
0.07741137582412491
0.7615165834035834
1.5154907847105195
-0.512194571361724
1.2750438430174231
0.022097987874461465
-0.7649320346261526
0.037345189148807044
-2.278382780610378
0.4867482808358753
-0.07116550947453672
0.011023069646614663
-0.018334205299180947
0.007923314799842575
-0.00221633333846921
-0.0467495678940918
0.03907038015232328
-0.3537331944638736
0.02706338397131839
0.03546552448016351
-0.17908703409068763
-0.36620195746460543
-0.007844328715391032
1.5576226670417375
0.16174228467508567
-0.0066770474078381966
0.022278089872191598
0.030551608298172776
0.0297460790226844
-0.0446904724488734
0.04781977155977094
0.017816578030374005
-1.1050742430500755
0.03142035171875126
-0.009304459056364596
0.026793349595968113
-0.045876238425647836
-0.006675107664029749
-0.013868942095985791
-0.016870374948316974
-0.04681300428815317
0.0645343443350446
-0.08841967536085583
0.01273633428304038
0.007689564166394617
0.03023298637789576
-0.032157688479647416
0.017505171424253743
0.019863500592551594
0.022444918947140898
0.0037950692496360114
0.05066235514278752
-0.003051300798602342
0.013897773937459947
-0.04469852283189324
0.004104438269783122
-0.01747259759439546
-0.05200344640760799
0.022149421596532146
-9.77352167901979E-4
0.006529471029283821
-0.03437312639966621
-0.006508443349498013
0.004366667463797121
0.013309950427840693
-0.009922493574699206
0.017990080457998874
0.005300319339436736
0.018886380770040487
0.013646034209131271
0.03150218077671476
0.14040351952880478
0.014182140682198112
0.06535441404141704
0.026300332015531766
-0.004081365166405996
0.01861118832851052
0.023320285225894043
0.012090318858257907
0.005702345052656064
0.019166426286053823
0.013506062061678122
0.025187179452871414
0.02303956619677688
0.013718337621977847
0.026238986978647877
0.013959634466710322
0.006715650972576901
-0.005113919711678482
0.09387832472915968
0.026246332521195563
-0.026256598541444964
-0.01667458188045602
0.028021762015000777
0.020307289363263287
0.005344717535620806
0.030934563119767458
0.021536763718612253
-0.019299370935918235
0.025150005270986004
0.007664210921079562
0.021895572802505196
0.025247403457871076
0.03391853222402703
0.011445803084368458
0.008647937104123635
0.012985030859810492
0.03814325328367914
0.018972628968111176
0.019145398021394255
0.02923924469024344
0.012682565419252204
-0.010040194148622417
0.016136833441821742
0.03026643901143158
0.001311190412224591
0.03805500755126557
0.6329439894888568
-0.00804805275801887
0.9232439182376397
-0.3053651090609355
-0.27661792766786
0.10655842361412148
-0.052349839354103055
0.025714637628838053
0.4014700936184382
0.37561720606933646
-0.5248108350481209
0.9941935095293756
-0.207379289106593
-0.6242401061954055
-0.6103979008908197
-0.20659516929195246
-0.004861907099501287
-0.03721714466066473
0.18526598094914254
-0.02451793657696824
-0.0816568032538005
0.016476132671274884
0.023248311700569787
0.03028926204280345
0.008369082366168413
-0.01100684558021723
0.036389216204453435
0.02659133718331392
0.025037269593763654
-0.2053320637163349
-0.09709748409006579
0.8813208626781609
0.9092544577642623
0.4865143119111374
-0.15042328433585786
-0.9283407105790792
0.0983449067525306
0.2654768453488109
0.11000498380237532
-0.11898446763116606
0.040409258101746545
-1.8332346647443918
0.02104897356883615
0.6103912908909749
-0.5145492316953063
0.4115401918115022
-0.3075608933854704
-0.22355972484632758
0.31674157194687524
0.03546586241259642
0.17684500938150066
-1.0225811548874186
-0.2913125235854566
0.14634433736004532
0.04426171342826857
-0.7296640281379725
0.055188026163615594
0.07677068376236365
0.01257931512962532
0.012581225071320373
0.014623170295277444
0.035465469131209904
0.005066134776153032
0.019482316892512935
0.0062675276180058906
0.009096285265777418
0.023977763999210144
0.019858223824957562
0.01317618115790998
0.02403736971283217
0.018955969923361245
-0.005895185274860249
0.0026806746550790592
0.012987967786824567
0.027403674379406974
0.019400139552083036
-0.014395338941282193
0.006893449180243138
0.023566813795731438
0.014409587066430567
0.0074800762947560915
0.019554158508745964
-0.004918972774242473
0.02491468929183443
0.025096049481270945
-0.01031011144646191
0.02236213533893878
-0.04720634257570754
0.011513728601867838
0.02162697331930946
0.6287222519053023
0.033163511849512654
0.0036249402844409652
0.1873851498954276
0.007498083031545092
0.0664808497074319
0.025224698200447277
0.006998467615259499
-0.0014877258887922465
0.035432924472021524
0.035463059004387336
0.03546249652460861
-0.03159823173762049
-0.783126738050274
1.0701523851092816
0.161257273974139
2.3489246958187326
0.0344459853691891
-0.9769693623684903
-0.734833053554194
-0.10077076871884022
0.4692244411793044
0.023311083639253206
2.2433103367675056
-0.35444243330077674
0.17188368089081432
1.1816180374977414
0.007646668480004048
0.013256987377087337
1.1254334401376038
1.0081582165217602
-2.8076304961751077
-0.010448808703728555
-0.1756863411252343
-0.30739934932167284
0.39017416728510584
3.6757646541198166
5.81441731075782
-0.05769936019418762
-0.05840992108703574
-0.2044968139041196
-0.00980738725615591
-1.5294552883091894
0.34577031481220016
0.5291679141180318
2.0043860046310895
-0.18360963709143197
6.880098136280067
11.20755750357785
-0.33271600255175476
-0.9208633307579418
-0.2900112818723962
1.1416548358995073
-0.4065793770997183
-0.24162863977227403
1.005512257577409
0.1806138980310029
10.713283421219955
-0.016046131969197276
0.02451509671447082
0.011616985390450375
0.011957572005172942
0.0207950765227643
0.04783544232404665
0.09155047641634584
0.1376947555124081
0.020919681195494418
0.059790169035795246
0.013370490290375117
0.012970024056268828
0.02334038520348526
0.02503471115107414
0.0050413470992593315
-0.029657236031316113
0.006157818760642225
-0.1333363172857493
-0.013335272976523116
0.0024339752533642637
0.01591975894572044
0.010082738191748753
-0.0033710243367638423
0.5052941906183251
-0.01777992497458309
-0.012643756288321747
-0.07179737629543707
-0.023014093003822383
0.03845984302778991
0.014953753267705618
-0.964534125995653
