-0.09784662585471487
0.05720179621464251
0.030769614102742884
0.050671897256186926
-0.011234619249528812
0.09740556328890759
0.056223448484430776
-0.0869690399213462
0.04968047383762934
-0.06114534503726048
-0.01703036535038562
0.006328234461548838
0.07986227405000489
-0.012075259158630825
0.06453491854211717
-0.003924567918542172
-0.0241996657369473
0.028824053763300248
-0.010022135927385146
-0.009022800897849218
-0.04866632118060121
0.0013094762500355504
-0.010147543636983537
-0.09753610484481331
0.09320349577168283
-0.013330136660563265
-0.03625687417650593
0.006318913108335173
0.11680604032410838
0.014805468016638255
-0.059064682767721456
0.34767211443401475
0.8228182415619837
-6.643243658821702
1.1675184752218868
8.332925530524248
0.5766903828876512
7.299614369504415
1.6023521538068486
-6.109610192230569
1.3022823313142606
-1.5326126786366443
-0.9081745700226825
0.33013478165651694
-0.1837958387166122
3.034945613961908
-1.7142735013127532
-8.00931377315983
-3.1573002326053263
-0.13972580615934574
-2.3900340864799525
4.7384881287273215
-1.5645798064666998
-1.3361012400279593
-0.2153642617286059
-0.6296144508880638
-6.271293141374022
1.3471484244691567
-5.445832678939743
-0.003032247947681791
1.546225973571114
17.115602147536652
0.5824103186036846
-0.928720998904055
-1.5427003027650354
4.419010087224406
-12.020835954370426
-8.039571541645563
0.033955792322123826
-1.7304585647459378
-3.327779835468802
1.7782576290465222
26.32635573488872
25.101101719198052
-2.698617358509334
0.3934509065508857
-5.370706806855114
-0.3881276350482842
2.3480699486200316
5.181794083555099
1.95627051591225
3.474088851849131
-6.688306107264731
1.340411986505285
13.045310465022117
8.770857061788314
45.83555571881169
14.640939043824822
-0.6669765351800919
-0.9485993652830759
0.020167869063293844
0.024611532775325032
0.019222061363626666
0.048574931195449526
-0.14057672402185198
0.08527908927063677
0.01040693677646409
0.011267723635469882
-0.0017534487090337828
0.00686944319137961
-0.0327940756420767
0.016387618622146372
0.0650206816286986
-0.08016014915112009
0.02122351891658873
0.13101551177538953
0.01466486092803106
-0.060172938377308756
0.26063970170766565
-0.27425911137024583
-0.16687195564512328
0.06826849230655944
0.0374019470309382
-0.11659110168299683
0.38411675079602287
-0.16475430211693162
-0.2760669201401209
-0.0022325483432687095
0.012844103192577396
0.04194551381652997
0.0457599760322976
-0.0011838516149829906
0.05837155243560653
0.015362100718020197
0.03909500980609655
-0.025878615545110315
-0.14662898337495262
0.024591022386266995
0.07359654170972658
0.09209201889453551
4.986881586584979E-4
0.3143028705274354
-0.32368262130543607
-0.5729119881971585
0.011900338555409047
-0.0033056372388499387
-0.043983026220188216
0.03546207132934291
0.03292574479384142
0.08215637061777238
0.09357165723836564
0.09369655323788952
-0.3292566671854358
-0.08461391544723047
-0.34204525847941275
0.11569974923198531
0.6444415021401191
0.22565944447868855
-0.1859771317798445
0.08011401258560566
-0.26454060153806447
0.27062154978347325
-0.050880772252987365
-0.22738510593730293
0.5154844177146946
0.2968175372799097
-0.11039269258933562
1.1522419842976688
-0.33825387931691525
-0.6575044985824643
0.009621489194325516
0.18569313550886965
-0.04238593245794618
0.15246605000252608
1.2528870179148153
-0.40727639928656423
-0.9242860035399837
0.42687442761947864
0.32215437918737516
-0.9502076225920819
0.4832554495312284
-0.4973425820644661
-0.39810397700590344
-0.3464993005129496
-0.1975533989224638
-0.18025384780436646
-0.24520364283464471
-7.760384024187427
1.4698785290381362
0.24115305185707758
-4.563802795206901
35.71755158598803
-0.7057799315647534
-1.9192969304714247
-11.644355998273749
6.637936735076935
8.648755965386613
5.5629304993042155
1.32363708703899
-1.5958724289938178
1.001116795879165
0.9243954452582571
-2.910757001884734
3.596528626863222
-7.53295729581931
-0.15043947868243504
1.8231581264823378
-12.37017111507086
-18.920390364204536
-1.098734532573994
60.059077123729985
1.0217831345149908
20.879828481659985
23.92658870779034
2.6093554758553617
0.23875575308788963
-33.8719890850203
30.123031192202266
0.3427398339672437
0.18304848024337908
0.04553933593188439
0.9868527993586874
0.04110728805161487
0.07294612094780431
-0.034199373379736143
-6.42890826346578E-4
0.064553456826458
0.035794894738999
-0.029608238395204337
-0.005034314937822933
0.008049532401719796
0.024320447857792252
0.01742290207504648
0.03145996995967794
0.06621650840915987
0.015384604948124676
0.016760555480276374
0.046425934780163755
-0.0043842317979037445
-0.014004778510118693
0.06908083497894123
-0.03356530770519255
-0.14983095683600423
-0.07460670878513767
0.03151299658969983
-0.5701907126731853
0.1249250843728059
0.07850837258626141
-0.02200693663505245
0.04139161324948647
0.060661206052553
0.036554897895278035
0.0132765988766061
-0.030560316544737315
-0.04625107680511222
0.11505145794203402
-0.3589017383392067
-0.0015805576023316715
0.038298244878315825
-0.26144032850202875
0.007700544220640032
0.09015031446124135
-0.03644722441983304
-0.060812597787611763
0.0032893537721564755
0.6176625618922104
-0.5949619720382378
1.1365852578451001
0.7224704538760666
0.22967171366697617
1.9039702577473323
-0.31571618892999226
-0.03221358947126415
0.36387155100881935
0.4289186752275954
-0.4680875276832538
-0.019063606577479963
0.14270342725458743
-0.862911960880574
2.0374235667027714
0.027372116667227858
0.0229024016751513
0.028837576941742046
0.026409560774581477
0.025684495794412412
0.05295314479793435
0.027986007521057895
-0.019753450861821016
-0.015630342801733383
0.028743544357346374
0.05058456429989936
-0.05640602497212056
0.11700955094039356
0.03675353459092871
-0.08235323144507493
0.07725911956220052
-0.006519589221868024
0.03025543014505665
-0.026922285300221296
0.0779145836836075
0.046692148320854186
0.028781079431768528
-7.709748253335975E-4
0.0077090767935735225
-0.06218279182252928
0.025011837820999437
0.03144998023659979
0.025389432295951565
-0.006760109700324739
0.024000244244878056
1.1828025745379254
1.9525734690096697
-2.3928486919765466
-14.156969084678376
6.980940572559245
2.1291413346434105
-41.903057029411464
-4.139725468273991
-0.1070171544707954
-0.1695310291703899
1.9128999608406951
-0.25715457734083
0.013579740905866645
0.025579437899321968
0.030991874155653822
-0.013906374058408914
-0.11909319604195065
-0.6241882368173834
1.799686448767622
0.037092307803676686
0.029893843738697363
0.021249063513567614
-0.15193350608386766
-0.013852324009088925
-0.008245693946058938
0.03574932217123909
0.03696714572864542
12.639720445505436
-16.801165893946195
0.4581031250719189
0.028757540855406372
0.02993692082559496
0.023026399812793138
0.017008483612721486
0.026668795328810217
-0.00787212434538209
-0.019108542876382372
0.033210335300491174
0.004134926591425738
0.0011280662818466598
0.6067449767928682
0.058213049890253714
0.05060786550573644
-0.013951321571383825
0.007590789417087124
0.09730328599750064
0.019036679530194854
0.0024235702755774245
0.029585381396343438
-0.015871870818611553
-0.012746166576190454
0.05039123676325681
-0.010514252333350311
-0.04405153020486893
-0.07260526266123096
0.667391175356598
-0.12901284598611032
0.08034702072831405
0.03906352777940496
0.018939147170448443
0.6816674517045554
34.962866000555856
8.222234388534382
1.6243851028778262
2.1433764590418285
14.253353471919022
83.05733740779809
11.883850497416582
32.90487616046448
9.882657234010543
26.05622061350838
9.243884553736091
-13.33229085498745
30.89065750117885
9.794914239194833
10.470730188218674
10.910738830330617
14.072880895965087
1.7134129031310934
7.565773342048953
7.23578936549683
5.079367680844053
26.74848396361683
12.81567776596851
18.404227349479235
1.9567328378007165
4.672226941266502
74.43786256196631
4.290786067080701
1.956190521313817
2.612502048325923
0.02299227213671875
0.01724553364316297
0.031601315978483785
0.023531690658672264
-0.22621103470388418
0.06996380640983982
0.15528493207613583
0.03353285040732177
-0.0108013543761414
0.03958903045311165
-0.18925049902023958
0.2445619341212149
-0.2457997944839115
0.9660704970724621
0.18933039018393938
-0.048877850692997146
-0.21171408641850836
0.032762154448293716
0.058191656088110916
0.051976541282944155
0.11624831369451695
-3.0397695791428103
-0.14228280143475788
0.03411841713842026
0.032364218819399104
0.01943211453390727
0.02970130905279543
0.10265591458295373
0.06874236014214057
0.039972461026508525
0.03997240368068798
-0.04785585025111509
0.030186486813202587
0.03644462702928203
0.025456594348827438
0.01603290110277042
0.035819790696782046
0.031107581417631532
0.017620868335897506
0.0010253960252059645
0.03956776257039444
0.038094010367116495
0.020117036076209707
0.03306089223417871
0.023214108810902176
0.02408587465177935
0.0069356317085046484
0.02649379284852978
0.0359302268668275
0.02998554780558195
0.004813586369496215
0.02128302501212738
0.020736488392531015
0.0281816435314006
0.027551841898475503
0.036160904136816614
0.006803753362160928
0.039174298760495295
0.007993177763785848
0.3467057589442656
-0.1732536441794063
2.521659393519236
-2.156120228538965
2.2773151076794598
7.713174573510038
-9.953853917949546
-1.6776602495253776
0.6173686061942251
-0.019842685377076254
-0.4270929645936418
1.3528020741037416
25.442950567108443
108.54551527200677
-2.5630768124065026
1.183485630239286
7.696137211887656
-0.3440309523956158
-0.01648491751065767
-2.7741856887315475
-8.24822750900332
0.024833471680429122
-0.04182847527986879
0.11939112816721302
0.023941405181586002
0.06639576997317699
0.05407168152982183
-1.90454119200161
0.7127536403898198
-0.11854186010732316
0.0542779694836872
-0.22102615781746118
0.051217776226272674
0.11608150106089371
0.08102020854698629
-0.02046738235070518
0.5231278800173316
0.06889162261491728
-0.1758913171046792
0.08664480157857501
-1.747468350282929
0.06202705502349515
0.10179914377523384
0.06131212444276773
-0.02932018718659743
0.6481739454261383
0.022653521948316612
0.009781275700040505
0.13478119670532757
0.1760213471665965
0.014731248196724908
0.2874149566596905
-0.11215364199480822
0.06463286674762707
-0.15351327707554357
-0.3061951013431887
0.3072953117646118
0.160473845240521
0.013228552053190913
-0.15385559980416613
-0.09459552009897951
1.5308882865661106
0.024396198901069213
2.32657824921429
0.030486517871194413
0.9291328180017521
-2.132019525947642
0.297507976516549
-0.9916342940697812
1.0802785455823407
1.6625530205714223
-0.6094539627669577
1.2157153130052567
-0.1795581163262756
3.0559832670617513
-0.05489481068884786
-1.1167121632726726
1.1382268098515689
-3.505840367844987
1.6047211121053242
0.09709132014421117
-0.9638672017324111
-5.7414563324507775
-1.3316081024771549
0.03245692673359695
1.1150553910876155
-0.8118659966016396
3.897899382414275
3.714542144761088
3.5501518360824535
0.6634871521368729
0.04642710772935166
0.028400841804133985
0.015253049682069735
0.044918042123601606
-0.0053218627371359245
0.03276179734525519
0.03843840334286347
0.015017643718289968
-0.015326514946062597
-0.010603451190610772
0.03631094072947775
0.009011236003778946
0.009178621399124627
0.025372900435180337
0.018754668612440878
0.034351588769637106
0.024818418723047228
0.006350471960171972
-0.08778618247047897
0.03400915128722198
0.030164624876127075
0.02041833960005896
2.1960201125442844
0.02734797563718182
-0.05892328143393838
0.037868611619572015
0.03557718045001035
0.03387261364929405
-0.039394891010501434
-0.019558085717372133
-0.05168340814004545
0.3603653021782239
0.051803395109147096
-0.4429327315979111
0.029565457837038654
0.12590661499613676
-0.12339520494374699
-0.20422716632813387
-0.03007810782935156
-0.03139038344123277
0.04416315048997854
0.019044278302859062
0.017750912728659703
0.02533013677578444
-0.16434291750235233
-0.11000164111802552
0.023412930771606277
0.10249486005035877
1.8994738705147346E-5
-0.00562742748019854
0.03982206435336218
0.009223949114227317
0.045313872153300495
0.08375833731036038
-0.0727940811495666
0.017104823023552238
-0.018550010406432872
-0.09070015250957875
-0.0760206626059848
0.011144836129520608
-0.012207671198594576
-0.0014081136751427977
-0.026577227918241794
0.08262188267578599
0.025464360298180094
-0.052298476194272185
-0.040554702639434746
-0.02080473820760194
0.0032317769297489137
0.03193440643211757
0.02967841835687353
-0.021692805805019862
0.02531608990167497
-0.005987216503465946
-0.11910726463516097
0.008359424098342637
0.1260664230953779
0.066042353013979
-0.09110276278571888
0.04282422844495421
-0.07557231344087637
0.1164691275382536
-0.06569770794391844
0.010666213040094217
-0.013337165375074268
0.02937902086850508
0.038237434977549556
-0.12435026193452028
0.04286637379971556
24.029743260588674
0.0335889064797909
0.31309551703487387
15.879828288443578
6.307305503883177
4.132459601742384
0.07657352618506874
2.022028712761808
15.37650171520199
15.799647733359294
-6.134127205032089
4.217926196077094
-2.336229546486055
-2.2693899028756093
5.381325750994505
-4.470638038701888
-0.7860312287013129
-0.3579286641320236
1.9338206468975339
-1.3992555936672606
-4.039257645828981
6.302475563369087
0.15266492184402922
-0.3243033173720178
0.044358302460108925
0.06854926353983694
0.24170199213943463
0.039925414527033756
-0.06265028742016263
-0.1777208214058823
2.7489824828247884
-0.5664017692058446
-0.009164963884357474
0.062429503318493305
-1.0610881260518283
0.9375398264051039
-2.6795442110514274
1.8118389945045525
1.9670794739147766
3.0149096261941497
0.06477815279414438
0.36290161523167547
0.7559234881332961
-4.45468379608526
0.04216952862223591
-0.0995357011614793
-0.06992308952334972
0.03494717463859038
0.032398774003878375
-0.05781148313455855
0.017496818654967754
0.02903981789863365
-0.49779291172897777
0.04260853778739306
0.03997157689042926
0.11908229980266678
1.347894370507425
0.00412148906442049
-0.659994534741412
-0.012100673212452668
0.021213995202013645
0.02573151764021989
0.32396953538666473
0.4268812727686107
-0.39403002348359684
-0.3505458944504201
-0.9875326858446369
1.6819069764081667
-0.2264116825830638
-0.15689640618202838
0.05001450994957243
-0.35826067237172254
-0.12205114854674257
-0.05477593050470299
-0.09858678399080416
-0.5089299261177802
0.39360207954850635
0.0040088082692317575
0.5135161406497605
0.07373442937307362
0.155650315063825
0.08883810340067216
0.014737800933052051
0.06347089792389662
0.02536175064285626
-0.04357296067156248
0.039992622555070204
0.005797688242056676
0.0223964951774774
-0.03902319322453605
-0.030527841759434102
0.8215777661762127
-0.12018925321003256
-0.0034648025637342107
-0.03276905687025561
0.03476174639977323
-0.16259167029409577
-0.5503031668292683
0.031310701042085456
0.06305978131737103
0.17801136778431592
0.027273544205067793
-0.03300942785211416
-0.1307286169792262
-1.4690614679363336
0.4031030532832068
1.3107564004749603
2.514523655422439
0.09842793147974832
0.029193380664152425
0.004258574108994176
0.020936462527853885
0.018872013441910876
0.01243053852046572
0.007872112275418832
0.1368390682308083
-0.05066684902007924
0.031230016566367858
0.0255525328711898
0.19102515017555058
-0.0027421676678445125
-0.011707683118959256
-0.15704318976377288
-0.04920438179173493
0.2346382319141263
0.03831818679064616
0.042209985371258404
0.04841591318303115
-0.06691026375339458
0.03763379179820504
-0.028879329664376806
0.10045720389281057
0.023890894936275008
-0.01129564177243094
0.0278092838926593
0.052952449859103176
0.017377067126118237
-0.06613361943746685
0.0384484699445605
-0.050206295332024656
0.011425466094903884
0.013300078110857694
0.08611856779040913
0.035155519929011
0.01850585002308374
0.031319713580299044
-0.011108863360712989
-0.010992872691506698
0.022963466012347906
-0.05880451355875489
-0.05783661765620041
-0.05618003783686101
-0.7481189869604851
-0.07344725503846318
-2.662563925539793
-1.231605288131676
-0.17355081554368904
-0.7629604574335689
0.3321056247564024
-0.15830298206422175
0.47557990947598844
1.02771692430975
-1.7800471870392707
0.9960992237475208
-0.9889904461749354
2.266758934416432
-1.4021477589608196
-0.17909018756255315
0.042767130670071894
-0.10550340179878966
0.6355122970656265
-0.1247852378887658
0.49890951205445655
0.05166108580273068
-0.14319638222737718
-0.024474984396854863
0.04081860810196481
1.985447011756927
-0.21024295516834676
0.13493848129476357
-0.7925376018221988
1.810889359618412
0.3061907959798661
4.893044617765688
3.596524960786139
-10.365316340555415
1.1605150486350189
-8.84225740977038
3.267768864132521
0.8042495117450543
-10.349419815471819
-0.06580100313126305
0.10636261910116063
1.552533478316562
-0.06283778515716353
1.078623811371125
-0.641946120888553
-4.0071793522720895
-5.826083348465369
3.3627035570249646
-3.52825710170916
0.03997352476700662
2.1958381859121245
-4.266534565931726
3.956395106731516
-0.6442925844287792
-1.2423071724436574
-0.20909730138267546
3.2093834528549525
-1.0538267212991905
0.012953253797228646
0.007208036381835372
0.028874839601008322
0.03997246102650854
-1.5331792875779E-4
0.1392265977336524
0.16543488285004343
0.0102146442146806
0.026993391745866017
0.012779136988543337
0.08355538742362827
0.026279353928163298
0.021389169478154776
-0.06235351464489113
0.001710263792258037
0.01476866893794607
0.03081850757801958
0.021639490692601734
-0.01791737148324966
0.0025203804381809885
0.026561723620375365
0.01784505358750254
0.015157075643727763
0.022010542810260648
-0.005535483799354318
0.034620915789734745
0.021726155061916275
-0.011611861931258537
0.02521721351288574
-0.01728502549154313
-0.0038144399327448195
-0.07699964759274096
0.24530934292206077
0.03739309948537142
0.585591075708086
4.588828943995525
0.043094081484057155
0.44726996747452086
0.04016690606731955
0.006585467280595044
-0.2517080843729514
0.03992657617511684
0.03996974599579365
0.03996920968805341
-0.38646662973498064
-0.5061229994089544
-0.5550868227526039
0.7189102741509232
-0.0018035244815193337
0.054747559082340524
-0.7905814793865927
0.49022802018354755
2.2171365319842917
-0.4516068146940263
-0.5624685713802726
1.9830914852865626
0.12134703147286635
-0.40586991605323947
2.1552567752377727
-0.11802349826906268
-0.5557802726843681
50.762914666689674
0.06233208342705879
6.295792951566622
10.205963993389418
6.013091861480758
-5.6051948250960395
8.23329490150568
5.484254630093506
2.317057089909882
-1.1371308390448878
-2.6605688259693707
6.0355024860518185
-0.005767603502413739
-3.4728903789929078
0.2813883808536211
0.711430881986057
0.7957169751976669
-0.7037420068477048
-0.863208893784773
-1.0209744738297624
0.098158587092517
0.08321447271802877
-0.7635043507785956
1.4184183682110412
-2.259204801170695
0.5193139897513653
-0.041120798539608344
0.1216433720763948
-0.27741138106559665
-0.23003487231586867
-0.07885275971460287
-0.19556897671514564
0.009169193349347597
0.03390621598379862
-0.019278337157746066
-0.452602242408116
1.6633466792934772
0.25221650260484746
-0.4544347066341483
0.08565710336964166
0.01258112863622858
0.04190349860946843
-0.0023029818308372262
-0.005756840635030913
1.8480441356859347
0.11100947774073994
-0.49080727893069637
-7.407414958254248
-0.05122681904867273
0.5009444794128611
-0.1505895451680846
-0.5192508751029058
5.433611557518901
-0.10631372923648946
-0.3889768866647272
1.059910367173203
-0.23163156723558692
-0.4678292429849372
-0.1329238932447915
-0.9600270826486186
