-1.0274269996381704
0.10600223988059755
-1.135423320952477
-4.850789429405962
3.1398964565918694
0.7773451255124951
1.7124836550634719
-2.6206628769355387
-0.6166637191079672
-4.3111111260178445
4.8035626464263155
0.6657839216115596
-0.09439260577656887
1.467840459717046
3.806782995874446
0.6568772823954977
-3.5325106312193038
-8.912607486868893
1.58632121110257
-1.6848723330355395
3.577536451658043
-5.222021885160052
8.300091046256856
0.21178701209351594
1.8637322788407364
-0.13627857014811065
16.15544198486784
1.439248709391341
-8.990419199825249
-6.6585213606309805
2.0501026830095994
0.16528407459158165
-0.05270259885148476
-0.07872186559122483
0.08918145141245966
-0.22099753286977186
0.24520189172946452
-0.15609743241665558
-0.03987300484221381
0.11146333799623517
0.1606082249566494
-0.015466957235454543
-0.3133021886499299
0.058532776558204255
-0.014642137504749925
-0.013146038934703319
0.026226566496605038
-0.04725440405614223
0.06819063323494388
0.007492405037928807
0.18688444524229583
-0.053508966363427744
-0.5861241132598312
0.17073547364296687
0.08570258482675569
0.08896774604053764
0.010535143942853539
-0.12966555593505932
0.5398321126441838
0.5793709933029623
-0.010315766849397084
-0.026141153468038088
-0.02861971037794388
-0.0702520928265423
0.12772033717645875
0.03098815071645144
0.16594243031551548
-0.009393047486918714
0.10146280923737723
0.02118094646799655
-0.07272978453988399
0.038953037616978624
-0.043312585744506214
-0.05150058719039005
0.0223732033600359
0.07676219084397308
0.6510755762554802
0.059635260976917785
0.05789402754299069
0.07760978381867326
0.04455056624239749
-0.034916711506818805
-0.03099302609554605
0.11672500560786658
-0.09008394976122688
0.11502893463091314
0.057475590756426435
0.028387138868751306
0.001671462784328768
-0.0792001123608499
-2.8672169294979266
-3.028072330978385
0.5610221116644953
-3.6104193654647454
0.32047543357766833
2.4776519435490236
0.13993568112277432
1.663551829752072
-1.5060069152252662
8.611270266025093
-1.8364771789773777
0.6768528422665768
6.137011248480004
-6.4764847754917865
9.432163860160369
-8.029086215681799
15.247241971395212
-12.26291011329058
-21.62238913376186
25.30265405036293
4.016071217152188
12.505771620689739
-4.656062541130731
-0.40642638934328507
-7.463238184457164
8.235156557811937
1.6271662843829808
0.3584194335405936
1.7914275288691925
0.9619260027695097
0.03892698419596506
0.157862352854084
0.07679879750201987
0.14864723295897414
-1.625869529339981
1.4891263320464492
-0.8074456944111469
3.087673002298864
-3.8768220623649325
1.5273592270526088
13.175521572485478
-0.47114068938970727
-0.0527140024014965
13.244352774485332
-1.2406054839829448
-9.438595291680791
6.15187269776295
-0.033289090561579374
-0.232002090434931
-0.25300327381983884
0.9478375329300321
-0.5341779348427931
3.4972557079765307
-0.10986302691407797
-0.23003958808237418
0.2551560924277686
0.239552606273288
0.12491894400106837
0.021923442318554826
-0.1249126649980956
0.7641407584509398
2.261121908778853
9.042862164354565
-4.455410950423051
-5.453248268267612
-0.09150263358032194
1.683753312968638
-0.35406281196538303
-2.9155688079413933
1.7417245460744273
2.91493534845979
0.5871698232384165
-0.9633186204716743
-2.053462790949792
-1.3275620932672727
-1.4411360646895557
-0.5903978253639643
-0.40754268994632276
2.6816889646297395
0.9724814331662871
0.3520114340195875
-0.01018627817854143
2.8799939784802153
-0.4985210606651894
1.2097082161069646
5.5149600807788035
-0.16759382104495776
2.0051666172932054
-0.9126890368714295
-1.4518601195381644
-0.07363941472681194
-0.08644599066301971
-1.2067406039124624
-0.027599852423172273
1.6413305693355245
0.0850262061861986
-0.5376763097214929
-1.156684145773409
2.0065016493442602
-0.5277110300402571
0.2571891631052873
-1.8846456256383384
-1.3682361717997502
1.3833238139537154
-0.36382336246819813
0.04968645331274833
0.08937184567944366
-0.09970546116850157
0.33313103278273476
-0.035958441980951494
-0.72782853807097
0.012256796486335207
0.01729988546344054
0.12353435943055967
0.6761758138011016
-0.129996748893975
0.44856208029959427
-0.35746540820000927
0.031002207494677764
0.02038617766584904
0.20235060002479577
0.1823034032905634
0.06569640244179195
-0.030517796293155788
0.040234513742259746
-0.013266994408330738
0.0369343885239507
0.12812163584073794
0.028034346621338573
-0.03854149004668957
0.08334898132526491
0.10218616665413244
0.04681119113754148
0.09224557016081988
0.14395129765551481
-0.025957724503889765
0.08076790927644305
-0.08642510408312297
-0.1381397633894171
-0.08800815040320016
0.010529481752181267
0.10643597482132278
0.03824565677544807
-0.0984711769973103
0.011886500307400332
0.04121165072100752
-0.17673352731240174
0.04271306242766157
-0.0299386536177195
0.08599372735507803
-0.25320571552883603
-0.09093663258722158
2.0404891663926708
0.14746243843250162
-0.04654471915772449
-0.791617326946504
-4.413706239887469
0.06113223306839794
0.8405442605394864
-8.399327245436545
-18.12654997126052
2.54475659124194
-0.9182258097347525
1.5554641790716368
-1.6002363728309803
-0.9198752352003926
-0.30809792140824865
0.3081805490950456
0.21390182751211845
-5.530786916231669
0.06704412616361959
-0.4564873406451203
-2.433260482637929
1.536303014061285
-0.3481197462680843
-1.2325718192755035
-5.5945744036737
3.283092412656756
-0.2851281979246934
-0.07344519346501385
0.16392578699110358
0.1102676118393653
-0.4055038795257914
2.7524138029922005
0.8993171708390258
-0.08206973162533573
0.0738896579627916
-0.4312438914446976
-0.9477887356215755
0.1987560647361925
4.286755912664137
-0.2742189292539431
-2.489621667886385
-1.3860849253183614
6.076828042239676
1.52177699596481
0.996634916773972
-0.3511626855655478
-0.005958178353061165
0.03408719386362925
-0.03500505738372141
0.07364671454441604
-0.02873315730235649
0.10683898074742505
-0.3374407739430369
0.1852890031056171
0.1604199408148612
0.12592511091946024
0.0910872819649582
0.06908396442571374
0.03929235947466199
0.08284914736910494
0.24502033516730765
-0.5142607142856086
-0.057304956790176526
0.034222074909903276
-0.16930981363902414
0.03232251754631432
0.020165742153266598
-0.0164558342558671
0.03410858743277813
0.08032916547814867
0.0417251234906118
0.07864389246710397
0.09587290557803836
0.08342569559949489
0.0799945478834265
-0.028394278518076656
0.07096371370793564
0.11423447953204123
0.09205564160632866
0.06539340366509364
-0.042549757881836986
0.07338793417870133
0.09808077090297063
0.11018847726058681
0.11365221176792607
-1.5311795866311222
0.7668593820710693
0.052111594067862824
-0.07696762771577513
0.18993599564229513
-0.06087601565064998
0.05711854028480942
0.08315132065431137
0.5399707485378676
0.7260041817578786
0.10105292994510419
0.09290466840999484
13.707741863138354
0.09569688654247442
9.229427548384512
0.19638151454775246
-1.2214706812701404
0.05119547196461286
0.3438977262883997
0.05926114657678033
-0.30192229680506333
1.5299196855795454
6.248621983947081
0.8460000324368824
2.962315653020922
0.9932313257822816
0.09055701575180941
-3.513146145289796
0.42463885097326937
0.3225031991592553
-0.09133611245307727
0.029095012375407996
0.0065014326129482335
-0.028754745288819664
0.09496602687586199
-0.023639505847795193
0.06807943939083146
0.0955478953992717
0.8540282079652373
-1.037235544444907
-0.2351719339642521
0.10925876571831171
0.13000767613281108
0.08921575176322159
-0.0013504342999988974
-0.09606190024105445
0.0022386847968034113
0.23430546637360158
0.22810234288752115
0.034087202979289924
0.03195878191484296
-0.04061895651236246
-0.11456583103097295
-0.07856948416824147
0.025056321409186528
-0.20113899311051237
0.009490710825826027
0.06858766154830194
0.12203280063814263
-0.006157280166690993
-0.12385637231375413
0.019884022067680425
0.12282589391587179
-0.025396098165505337
-0.09653337759617953
-0.041467625668157926
0.06405352519078633
0.016839204899996848
0.07023025200462113
-0.0014452369835463571
0.05164484712246924
0.11525697391766807
0.021391221685208614
0.07811443356436765
0.07520991958761652
0.06301603320378932
0.08112929845766878
-0.07853972865261644
-0.014237274573486473
0.04369037034309312
0.00846396046254811
0.093770407595018
0.061782945743653145
0.0931681416670569
0.03834878369681903
-0.06181780730207482
0.06430789981597983
0.10503839845992922
0.09755826888353414
0.06821629333905752
0.07421142154539051
0.10969806189960653
0.10002753795785732
0.12309021502447298
0.12309003775509322
0.10927964705887416
0.09289001503447478
0.10874218510730224
0.07839938094365873
0.04920263715177639
0.06361782308345333
0.09583933712406224
0.054639767321822665
0.009077122453202408
0.12184547284714721
0.11099495415558228
0.06197421318404673
0.10313401580508302
0.07148922030823263
0.07390127820831882
0.005828686433543535
0.08158560396077277
0.11064265840382616
0.09195102521225845
0.014789671942728287
0.06552744337249938
0.06693742079464501
0.09249588176365288
0.08484420698512685
0.1113530003250205
0.020948751387091038
0.12063237374009665
0.024601394845704592
0.07313523034685643
-1.2362699715274592
-2.5431838680273966
0.05581214928403225
-1.2137960719899736
0.12080284691801516
0.06692384418212549
0.07725027057044752
-0.017226053392234375
0.11488374806658826
0.06634353258745379
0.0322433566697538
-0.08499182665415554
0.3698091879690703
0.025914656620574565
0.004284104186445404
0.05106869859186633
0.020595476933617175
0.04389426569762991
-0.02945961407674117
-0.10689445795428149
0.08530061113219758
0.0479520113179082
0.047748022170577
0.07933073201110734
0.047725356177367846
7.228782942626506E-4
0.06929094830256123
-0.0029688190694714743
0.034208007479793814
0.16681740157318492
-0.6858789703683797
0.15704891205495644
0.36073912841101974
0.2532833252428786
-0.06732327362393682
1.610568987614581
0.21823565367019662
-0.5394618917967539
0.269304725927443
-5.400532073137103
0.1946314118423608
0.3163579183776357
0.1916582054618599
-0.09549605109281253
2.0027971029801037
0.06945430796414107
0.03656494890891449
0.4192145718436929
0.5443985887355481
0.04560385957176601
0.8893343154867535
-0.34644500744573037
0.20113159922042112
-0.47637148065575585
-0.9428673170179256
0.9478827153789835
0.4950659028587597
0.03399212601509579
-0.4801516831214978
-0.062404474166877416
0.09238296732254273
0.11181297861662556
-0.02781855236572253
0.0935894712523632
0.06579746736347139
0.011075089616126129
0.03218497364537858
0.059992129051675204
-0.05794067716586255
-0.06458858632990981
-0.004820512972979794
0.012440592579188402
0.0206392847410014
0.05825409684124212
0.0980597093327142
-0.04863605383889157
0.021262380392433975
-0.1297323714793891
0.017739685619156703
0.05272287340720751
0.08303462559588626
0.06329458754402967
0.04099302110850531
0.05924939187589865
-0.03060491356211481
0.0088238717248065
-0.06022121142658216
-0.162180563342226
0.041859629866061884
0.04867483375085386
0.10820036485302577
0.0878732462518081
0.04480057753901351
0.09770815004645061
-0.033687263098761966
0.09907274702459515
0.11948780312013099
0.04942942920951284
-0.038200909022637966
-0.03424299766110616
0.11193182169549155
0.034940452629011354
0.029318538748290036
0.07813512706184257
0.05752081092862927
0.07587882052309426
0.07622596553244278
0.019239901668997972
0.04932903954055797
0.09331826670381298
0.09472485271338589
0.06284381171596393
0.01475386818378486
0.08336015117372989
0.05989409192189047
0.08559679118481178
0.10958058603736372
0.10450312001807911
0.08834128385165864
-1.0367548394625339
2.1330008968381944
-4.942761587898863
0.4657103791931109
-2.6051520417789678
10.920135802448353
-9.269250476299629
-10.626384535110684
8.363433259335686
-27.561176654166033
-0.789882252417267
0.4230049839975583
0.05180492297899859
1.368060753228097
8.645918792473376
7.738892312718262
6.743567037016183
6.76397608492785
26.97011202224508
0.7929851268168937
30.639258599528254
-3.5087508766154514
-5.744992753967284
-0.2714168126544567
6.336275113528146
-1.6132563317468975
0.158015214955916
-0.7050500514638738
6.809697345299383
-1.5018977604812456
0.22481087417594486
-1.1060958507730698
0.8929400910178765
0.5792364808255688
0.9246165434574238
0.39226722568944894
1.2767046627876726
-0.03547871251679939
0.2618473041337281
-3.573815444456817
0.20554696177258067
1.0424163539821252
0.43874490781528586
-0.04339160816298152
-1.0752734337277832
-2.4794693284701697
-0.3992972980713686
1.3933299576507374
0.48607841609136626
-1.2821800052489463
-0.5729711267769302
-0.22250917651407365
0.43615634314633245
2.1451000065142294
3.366205145424787
0.4587140091461396
-0.25278000048787685
-0.2716032163255762
-0.47005333148499373
0.0987095525085901
-0.1285913969291743
0.10176628082882967
0.06890852575280833
-0.30365238043990184
-0.027536034227216653
-0.012174385730611408
0.0674432502477225
0.05953615597458402
0.1441622389806208
-0.005102159909067578
0.16342384105565902
1.0893767239085552
-0.01993588024703496
0.036893649451156446
0.00692681120337761
-0.11833677570845326
-0.027938406830755578
0.0877379266455289
-0.029688862667888255
-0.25433302404702474
0.03097420661602413
-0.04232229259001355
0.11549001632460952
0.04859155619321106
-6.135742229149345
0.6925428210849636
1.0894563015206031
0.9078784935633185
0.49938089638393046
0.46338648866732984
0.12077507944200318
0.06889521265527158
0.10132678181055596
0.10939322214828992
0.013532344735231848
0.09125912908112294
0.07793585999496411
-0.1774878735606089
0.3032397894689689
-0.009730538730023776
0.07591960346597772
0.05777241546597894
0.03268641436768044
-0.052158357567378875
0.03180218262897242
0.002870583953019402
0.08271854619279771
0.0694432212771608
0.10016448163439018
0.04237097693264218
0.052885997545146966
0.0995605934631461
0.019723275755143616
0.0830124840388275
0.12308750377989033
-0.13076385271188157
0.05993934995471014
0.01210818353644883
-0.030299087447634997
0.004712645483325487
-0.30198879459913763
0.40848001128444933
-8.083342911608467
0.16043949411234484
2.8675101064746205
1.5068214333182446
-0.929087077163713
0.3017659467959867
0.08765737304800814
-2.376434021404527
0.20927034588846138
1.2276821220886154
-0.7823113209465488
-0.32208477580454303
-0.4516976607923824
-0.3545185211882426
-0.1275226211567933
-2.3500151308588726
2.1124986553475456
-0.16610285977644185
1.3348661569330726
-0.10349697964315122
0.10275840257201478
-0.3603924823729507
0.02709149023198415
0.2067554031913022
0.1928405944558704
-0.16150796408540508
0.09630262784575826
-0.08622859296869981
0.12180663173075788
0.8252815347637482
-0.015410736184305416
0.010983876265850848
-0.0989539995688931
0.13697515703463226
0.025088263051102577
0.004099290093327341
0.1376632828356435
-0.49348915872531357
1.5837204239499576
0.1716211398886484
-0.10335319413968559
0.1108346439819324
-1.4514201970300367
0.28042304830698617
-0.07004118079758984
-0.04054146085656517
0.11196869154679438
0.08361210370825627
-0.05082447629815161
0.07076048630880856
0.13702651326409998
-0.012718003777676273
0.023612192770789225
0.09188507817680301
-0.05238746549580951
0.32082800799469724
-1.1445425156273912
-0.309599589029192
13.978754421826252
5.065359745566935
7.454702645954419
11.671821269719304
36.18286112467931
2.876591779478738
4.5838317687680705
-6.753309916259734
1.8612451693368222
-2.123211216283863
1.0228281211890689
33.44332061493208
10.03911547244683
17.047446210357332
2.241982535872034
4.687762521023698
3.8810275200659308
3.59688264147384
1.98892200974823
0.6640054780523545
6.103757353124175
0.27687265327249866
18.067162489423684
14.890505380392886
0.5850491385925619
1.7239988246187554
1.4987659327993366
0.19802192145815412
1.5501499292216674
2.1209609693832148
-4.706826575558993
-11.845124452404502
-0.5093520903070496
3.925721607457299
-2.1408401072335392
9.006685567012568
15.273222620389133
4.537623469010032
-6.911143500136723
16.690810880275993
-5.780877484270898
-19.814768967736747
6.211152878701212
-19.68795067122063
1.9213205377324307
3.414848157543405
38.40040951389289
-0.06637436757308893
21.447868309910277
15.084796857962665
-10.784141333602411
0.013888869337261736
-1.7104588283135598
0.26218160386663175
2.1173106219700144
-0.7213744696517593
0.20178097785326318
0.6484986898624296
2.2185768716547365
-0.24856787414148912
6.989280807839736
-1.3471067892423525
1.5845672758799134
-0.9668907785113057
0.7170904613892812
0.09218607755625444
0.5478457769327113
-0.4219930356078887
0.12069948364130961
-0.18095692591869292
0.11768745197732666
0.08128316933507768
-0.28437303734207386
0.08010226418416329
-0.002186598657291223
2.500530488742498
0.7262591287734763
0.021704821989441247
-0.04933383034917112
0.0858833799124381
-0.005969401875320485
0.12309158127209997
0.06230316666909539
0.06745632391965749
-0.14871966734533804
0.05537994019634742
0.027599091672044072
0.027719172477263267
0.05999442232420097
0.05426771696501914
0.04387783580718703
0.04377789219772648
0.05027388569527543
0.123090215024473
0.017292219721139788
0.0834592864558068
-0.021765258054306815
0.03156835429003928
0.08323256705080923
0.02548520875538739
0.04528087180943104
0.08481761932033284
0.06579623842995547
0.02557433508869916
0.007832837036198758
0.045083207583276254
0.09509146934197162
0.06741181060572612
-0.04989604285967941
0.022206453771141683
0.08179354667765619
0.04983651309703279
0.03260444413038235
0.06786979956551337
-0.017054337858889563
0.15209855681205683
0.08666205649316135
-0.03578393924532619
0.07762150208516296
-0.04540636909171303
0.02460539014047984
0.08243074219309748
0.019862614321410017
0.11489150935498749
0.052356808620080145
0.07127823122770348
0.04794824971750683
0.08363792866046886
0.07665634863126151
0.08229800510761007
-0.04399115520186811
0.12297881622591429
0.12308185017513627
0.1230798976450885
0.06813711725147775
0.3774406465883979
0.30959025032675086
0.06334794731870591
-0.07135858118744831
0.12187130960866338
0.024341254626741908
0.4400868475897572
0.0779150455153285
-0.8480995590719934
0.13117567810878517
-0.018560871085173392
-0.1105460022823945
-0.18175043305794955
-0.11218401792959942
0.10136959297177126
0.04712452226738647
0.13935366987808961
0.05190291123325549
0.07896659213290551
0.1804751519290068
0.024147852451910486
-0.23276331625672153
0.03393733596794983
0.0261296881365376
-0.08300818728508705
0.08888737796231551
0.03279376298753659
-0.012722533815631461
0.03162960442576735
-0.05368788058235858
0.35951057239419065
0.0473935406632248
-0.008378754103540878
0.136179843661587
0.07850969272009965
0.06424829392274585
0.10190482781212042
0.06741800876082073
0.032033169433977
-0.2412079972283706
0.042592460267372664
0.08122124497902988
0.08844749719058442
0.09867381892651762
0.07457012607192483
-0.42129956932479995
-0.11281385006267675
-0.03250193429653349
0.5308179021082854
-0.1146953278440547
0.051274846156202224
0.04442875278167619
0.022894769961155855
0.07333525489282094
-0.004202947487240518
0.04758974033497193
0.04469929395827142
0.08017535173903823
-0.015793675271159987
0.009615398383409992
-0.22739772919106843
0.03140196812874246
0.06062061188640906
0.05699582469188869
0.032827845134356236
0.06540123357771338
0.1289447127990991
0.05994197879683857
0.07738170767273359
-0.184962041708514
-0.05216044158171538
0.01861476904722047
0.833765648817899
0.11042334859659426
-0.050577933784816544
-0.8769083797799178
