0.026515797400405973
-0.07732810878746288
0.2799551985026685
0.026701362486268074
0.3898389676680098
0.07351502466462967
-3.645061041799423
4.876160791584935
-4.847918127633992
3.1653673830664406
-1.2348661550334326
0.6773509836441663
-0.016316480562467553
2.9267199829819304
8.426071114938502
0.3653873739150115
0.07994115805293225
-2.0339276275709413
-0.36266690913880417
1.0250453970195925
7.588032806839708
-5.798976625106151
3.961538537244781
-0.9245644162634815
23.20998899218954
7.40846657711671
2.361448668400684
-2.1163218365845218
0.44143864471376
-0.6147573457985466
11.043982681101802
-0.8454430986727182
-0.3423127750542605
-0.08417180642503046
0.3603623211626295
0.16730534508786463
0.0030884487624263193
0.05091405665954692
0.012300647073366238
-0.09425918327581856
0.13160397998505868
-0.5491006185822329
-0.5767356348632849
0.06174262203399904
0.006709058176488475
0.11298354357577424
-0.017155292640547794
-0.09034460825578691
0.018669019123612175
-0.03981469165354516
-0.010716421214475979
0.6112547171969045
-0.27722785096576713
0.027427515629276294
0.08598212147078704
-0.01669748601761485
0.005678742270567199
-0.36605515081783535
-1.205068974360932
2.045064875874853
-7.397966763822089E-5
0.0054473933914808564
-0.022573729474758733
-0.031197468339553416
-0.14291531172052982
9.122470164185538E-4
-0.13745501831462842
0.05800376887952155
0.011110721389221217
0.052362205151265155
0.0774066665378031
0.029822435920522
-0.04087335561052459
-0.0035719817236222963
-0.02359541762661708
0.01327611967574729
0.16886257401266117
0.006238117898149754
0.006547354035087512
0.022604890282930164
-0.011997405361351942
-0.08479725794722477
0.06980411785753778
0.01338754976394481
-0.02983503059749078
-0.013442368432865896
0.12670786198828216
-0.059668917625523454
0.055878233624123815
-0.014879283616682889
-1.1820199244386362
-0.3248188138403466
0.15839058880653314
-0.011201492288092816
0.5984930756227439
-0.31014275630991284
-0.6487143148993844
-0.6159315814295441
1.462916504841009
-0.1534541530378817
0.3159483114385932
-0.5588942550770396
11.726913739224802
-18.880138885052624
-0.705962096576777
7.039462165777694
-5.929311268738655
1.375449288235563
4.798914225366034
-2.2064642563325942
-0.9166843676208017
2.1822946867308985
-1.4496347883445018
1.9649887845848986
4.703373692015853
2.475242939546403
-8.72167461514843
-0.9345251618688717
-0.6862165761677721
0.08795492233067223
-0.49478919190046483
-0.006511942786668256
0.07694671474616777
0.1866985329440139
11.180986567551678
5.033674049478615
0.2149797517366538
12.517956077005648
-20.911428716770192
1.5699813234277824
-1.4765656492971722
36.062821620435045
-0.18128923969884347
-33.125892631260754
-9.023527859335553
23.689130832559073
-14.864452249674105
0.8787767711977855
-35.13668435616099
6.408813491952063
6.812063905474738
2.3380913844551325
-27.511562134244166
-0.2952540002357629
4.092825161251419
0.05737431992457636
-1.2191446260856804
1.0630769148157284
0.16413073358022975
6.812816704941646
-8.250332467660346
0.9867487296403424
-6.951831473993941
17.3443686040973
-7.098057918614193
-1.0918387561191456
-1.9819855615074182
-3.904338917036229
16.570561642836658
22.633501178349302
-8.246345073639315
-0.7579240995179569
2.8978883082309825
5.460263728641591
-4.4145104199281375
-7.514464496013676
-0.29361948497980306
-7.1473447526996745
17.696902977413618
1.3216382664628221
0.9812983281134591
-1.9390450235253014
29.795859468842313
-65.3353224108971
4.828496332571378
-17.12975198610905
0.3897087628918373
-1.4237985143547018
-0.7022204512503144
13.070037176704783
2.17114288685902
0.3850963955965464
22.053593725007456
0.3744067818606803
0.5165637282078153
-0.75979703045769
-0.710094184296143
-5.512614383500823
-4.351736212185892
-10.53656354952308
3.048201917996962
24.25731475825915
-7.5432990172293914
7.9169835618382445
-2.879798407535218
-0.01625206662890248
-0.6255437350191788
0.491661616434834
-1.752132519027658
1.5173203549704992
6.770936106758093
0.005624727785726064
0.5153265179544811
2.6703911634638517
-1.5563057407059917
3.486077363863104
-3.5024957795419085
1.6912932805375234
-0.027792434028686433
0.00248182821392239
3.090176467984944
-0.7927888330976414
0.040918248655994686
-0.7877324761197911
-0.04898351293590991
0.00788899104651055
0.504245711705411
0.1597273215801703
-0.45595529095275905
-0.1858299921539908
-0.273714977290121
0.4497777859194833
0.04890886137246222
-0.0032153459890174457
0.02689440747554952
0.1288532411688827
-0.35438330603216295
-0.6063493383505519
-2.009411947201028
0.2066312885409288
0.3886532706504272
1.581581137191353
0.46628766371360847
-0.05305446328589266
-0.13086929563701918
-1.6179091367510627
-2.7639935063120245
-0.01588593791029433
-0.2882625401328556
0.23833844800248988
-2.9289464972528436
-4.94334937552432
-6.447052903718084
2.703310217322714
7.384514477525966
14.595423007205715
54.409107805718925
-0.624068202720963
-1.8385087462363916
5.3739248379178886
-3.562646222820748
6.856990508680409
3.161670615689506
2.82435465626807
-7.36397684482254
-5.0990360665735945
-1.1468280257813668
1.3238206032624271
-5.519301331256997
12.838791029331471
9.254004951062537
-3.466222892138134
1.1622888160005094
-1.5665207751317447
3.5141668430935358
-1.8051923225058708
1.6205720349548054
-2.2542116005596426
0.5521955299781959
-0.22414107696180138
0.057380753323211534
0.07273465110325178
-0.05231823679684729
15.977851182545843
31.85075682193507
-0.7675454543782841
0.22782513726730239
0.37706107736099925
1.880290347549817
0.051699673278882266
-4.66304741224543
-40.83150356055189
-14.632644807646988
-0.366159021726272
2.002907631559992
-1.6588497667298305
20.794279838368368
1.121867857784725
-1.2272229309411518
1.8094496484275777
-0.6522449748029672
-0.040348410954853024
-5.533287178854343E-4
-0.010588102620903322
-0.07681343408787364
0.09510465652551535
0.0038573723371618405
0.05773856703009944
0.08144155617113574
0.0021535072591341298
-0.008053845879295307
-4.134413431165622
2.0038339993908596
-0.5586396799676364
-0.08169373016170355
-0.006317142648972658
-3.993386010517217
0.010405168871593404
-0.0011789960871381156
0.0023321885724791385
0.006832889828267991
0.007841537973848725
0.004569124643257861
0.008611927707809984
0.010498598478397014
0.009137507307560907
0.005409370267645756
-0.020285876871194392
0.00707546735435661
0.01250928773470499
0.010080586117026457
0.0071609281694054875
-0.004283020323891462
0.008058345952822597
0.010735760152636782
0.012066228801918403
0.01244552629393954
1.7778337579915287
0.3396690137054182
0.006171446078945914
0.009826249941781558
0.03945590294273585
-0.006410165038724188
0.0056865114712490675
0.00897770298226536
0.0076095638239883885
-0.01402698923589966
0.011395250747450267
0.041568939664076335
1.0225371584543672
0.006601289235791123
0.7227931283299535
-0.06323135133228387
-0.701709777055653
0.042362912971360994
-0.010620180580786547
0.0065214190193637065
0.01409492920774594
0.27494271342497734
-0.928969699835838
-0.007085383673059336
-0.1475604016295949
0.013366518373634194
-0.022872495705327425
-0.3456287283514183
0.0064453563770474195
0.05795016550617578
0.011472856897804437
-0.0053594342977739745
-0.018144977831191185
0.08565807833657547
-0.2316858606848669
-5.201430519126676E-4
0.008133439483758019
0.010463006623659012
1.1189542576031606
-0.33546188194568993
0.4537740724889871
-0.938752072187635
-0.06337589702258856
-0.2202849980843904
0.10350829657053381
0.230035425616717
-0.0016693141347211761
1.2828353802030725
-0.5636508468952217
-0.07458473879072579
0.007426651584019928
-0.20670688608540227
-0.016905976169956632
-0.02731645431461417
0.0030852552452964154
0.061242138278677735
0.021542780273542547
0.02875243509294847
0.013363245689988324
-1.1491807490787282E-4
-0.1466383887447392
0.0016443227581285416
0.013450093653417
0.007923369223785127
-0.050149273443186905
0.01036128317699117
0.009112751377425805
0.006459915105645228
0.00821108683228801
-0.04743042563448745
0.014157245195434848
0.012684530627940014
0.004141277616540188
0.007034903393336992
0.09688319884009072
-0.1039655253440779
-0.020294952328793837
-0.01225978471318965
0.012532459742242628
0.004659537433541677
0.005327395080058005
0.010071810693895246
0.014654114443883611
0.010523484152674022
-0.008405923625245023
-0.14550746376864654
0.004236228697354652
0.011509674486581066
0.010684106467492883
0.007222525403646589
0.008104439254342767
0.012373923692698052
0.01038624578286986
0.013479038232374898
0.013479018818580784
0.0042989350742743395
0.010171361015163572
0.011908575802237614
0.00858521649549937
0.0053869240891651965
0.006373129343457081
0.010495053670739888
0.005985601892098657
0.001039594093002042
0.013342734952344485
0.012196659045092765
0.006786566875142727
0.011289791914241844
0.007828464174569274
0.008091643655055525
5.967757448736976E-4
0.008934079690503275
0.012115964071233123
0.010069919169431616
0.001617984251111807
0.007171588751867417
0.007352111067942041
0.009992554523666838
0.00929090377858614
0.012193750318586475
0.0022939684282285884
0.013209891439230697
0.0026939742109523693
-1.7436260515508517
-0.048891409699515616
0.2335340603725181
-0.2984935287837262
-4.117320246796635
0.25840350085208247
0.1124806955326411
-0.181638617543435
0.00607023749801453
0.03390708284880057
0.030997051311506534
-0.004699206653762129
0.16240898175597376
-1.6078935664726117
0.013207115015822639
0.07381402090219115
0.04001009388297798
0.003013556671130299
0.00432107251624699
-0.049683785795503664
-0.0017876128878095228
0.009332309786598313
0.004318208813656256
0.007681907632823595
0.009173832608568711
0.007831602328866961
-0.01890718313808798
0.04111526067792434
-0.012955864425109476
0.0056592299184678825
0.01777245056175655
-0.07912394614380756
0.01675315234887045
0.0413416895678315
0.0328144298388965
-0.012088804096154565
0.17925503876700813
0.032041074348889906
-0.05934601365538172
0.031007583418625164
-0.6102792753294428
0.024333572991563277
0.0392038898283936
0.02432222267004098
-0.016575336746884432
0.22836437236609117
0.007406598848436284
0.007002634005016716
0.04728352488802842
0.060917030420753034
0.005239662906236384
0.09966234728110661
-0.038012663346180184
0.02540039910504397
-0.05225470574579549
-0.10881821895267625
0.10901802051216233
0.0545224967335763
-2.1158963559573093E-5
-0.0621265476731181
-0.6587734847274305
0.07237510108948388
0.010962932467705098
0.004081186560905139
0.010248548642865984
0.022289097772506417
-0.01463740191385499
9.518223325242729E-4
0.06793467945587292
-0.059153933827480513
-0.0404124517551108
-0.05010186120710325
-0.10469531093334228
-0.019708201064836475
0.0016601183563254042
0.010833160891361823
-0.0032733613930061144
0.0152988820826546
-0.00705319873724488
-0.04487991141230998
0.007157484493200796
0.18890729839831874
0.07120885195393234
0.19373573264318528
0.028446652747375598
-0.6179443298872163
0.017547153094872425
-0.6365402904387006
0.011437514960530772
-0.14561386516039912
0.005330155162702485
0.011848519838245338
0.009622591410750432
0.0049059033442825145
0.010699566085119044
-0.0036889358425978122
0.010848996767226808
0.013084554478764774
0.005412787391308459
-0.004183204275447378
-0.003749791490552624
0.012257134360778701
0.0038261668279921815
0.0032105371140394674
0.008556215819783861
0.006298837073158679
0.008309137510691938
0.008347151749973568
0.002106872346590165
0.005401794202616949
0.010218850331011145
0.01037287903884552
0.0068817308954791274
0.0029371273482791866
0.009128383313540158
0.00655872406051706
0.00835667330535623
0.011999661455069201
0.0114436729044097
0.01005203390978222
-2.2004607553892677
-1.8280896769062966
14.756722518020092
-1.4075473383974304
-16.652013874711216
-0.5477016875121907
-3.7076794127906045
0.46549854610552455
-5.932750885482986
9.711877493579857
0.7732542445606013
-0.8180513199892763
-7.961634703522141E-4
0.6862743576779149
2.6989482829655675
2.221715286987448
-1.2094003809122391
1.108934104176352
1.4893138983784049
-5.908126034151205
7.485806536040108
2.323866107509497
-3.661307740800865
1.9647661011272952
-19.877171967959264
-1.644526464148716
2.593869147136311
0.432183260215005
1.8729020439348025
-5.7844078811896065
0.33639590296043453
-0.6399165206893345
-0.4866643874450576
-0.32397613805006686
0.4217340198371742
1.2215594912035657
-0.19020177414727457
0.6029682460224611
-2.4821645050396266
1.8748407284275461
-0.6858856840373982
0.03901708641411935
-0.04321711056577515
-0.009748775537100997
0.4552687759618093
-0.5578525096940958
-0.3741711325743765
1.7444576308395043
0.35549128942916425
-2.214778101641755
0.26524432765039024
0.9912089546770094
-0.7589608756529399
-0.6913877044248964
-0.45725807615504993
1.6630477787355413
-0.2710526410712962
1.6561396804382058
-1.1058268465293852
-4.121136788471827E-5
-0.05689406305763018
0.01114395714661891
0.010331301821534031
0.029536893456973894
-0.10225095190477453
0.10992127996069817
0.014380498360432762
-0.01337049683642389
-0.16447603831670027
0.17081586814795874
-0.14328868143852913
0.17302121428309247
0.07865182447607261
0.004136756192422594
0.03528042089336048
0.08132470551610016
-0.07913548164884114
0.00952466128363624
-0.015530396039073979
0.5323726004730894
-0.02152753939953472
-0.28094097577953003
0.012646775742389633
0.005139820118694711
-1.4627008062601308
0.03561458614128636
-0.023042609587088148
-0.027452207482915488
0.0038521328506912426
1.0346024845427761
-0.21103367111242738
0.007506184096710681
0.009702054347554587
0.011969813720088337
0.026101933012866577
0.01483452573276336
0.04006445550397298
-4.105375890313815E-4
-0.17780735318638094
-0.046701039285955544
0.00904873431775182
-0.009789294217445805
-0.0018509041136521556
0.18230076167481643
-0.002050169837727767
0.00789582139428132
0.007460325169532492
0.007349755212176093
0.010968547559839524
0.003402166582453167
0.005791300167427278
0.010972242624749377
0.041261700447185475
0.01961370675842589
0.013478741429671839
-0.014238009121483012
-0.00448318427249609
0.0013259109865830089
0.018694808695918767
3.832367503942212E-4
7.3348418364610595
3.2620816540494237
15.161903418500478
-12.786930464376896
18.13431712635643
62.86257338998464
2.817599626184071
9.765690883007423
6.632481927783895
21.44530937074575
-6.520756470236997
1.01140291011448
3.434876014292949
8.85059994972982
-9.170904359486649
-2.187912197931512
13.430215193687031
45.24259767532641
49.70454637064668
2.5250149362743803
-12.007330695265136
24.501669775420407
1.7227380831799883
0.6332355408033915
3.224830513736047
-2.6881082625590307
2.0981510995390207
-2.081274331483737
2.4277601666851276
0.1765187263502048
1.9591301547585305
-8.774100218910872
-1.2875937953887515
1.8192928863633477
-2.3403061670913297
1.2034426368041815
1.2121204568087098
-0.6870397353289363
0.9947892272778073
5.309672596345775
-0.5689019645230675
-1.752322328875265
-1.6333746292943443
-3.9714354264021683
15.787600331844613
1.8352179521347178
2.4728711699725596
0.4097904571096439
-0.013370951218826798
0.15087966370885625
-0.0847817878655876
1.3713469201689454
-0.8706413999193304
1.389024140074095
0.6503854631536752
0.07363087319350743
0.009273738000682015
-0.16426610879908116
1.4266732929784869
-0.03913871392091548
-0.04662323935037208
0.11784848557464044
0.20777157471568183
-1.6062213747730754
-4.48165973837548
-0.035775869503604715
0.8776886485967543
0.615101052578279
0.010428925893846464
0.32182047793601093
1.1713988863166311
-0.44951670519847436
-0.2784026336236597
-1.431698363880817
0.0048426442442202474
0.1386210561951772
0.15735760219569206
0.5676952852234243
0.012179549427725214
-0.38859098807072956
-0.3660017720778762
-0.6380112291999562
-2.6609589286307846
2.255148515357385
0.15548752760865037
0.0344934344221467
-0.01920964030614431
-0.06815189130908669
0.11533875958351886
0.017403823981200515
-3.1981897423273145
-1.0603019869380468
-6.106719379652699
0.4244374801036694
5.0082243974435645
6.939675317390112
3.6623607658021715
0.9026909539066382
3.4530004480483396
9.191932867198295
1.323935063651785
10.211508602282457
-4.269035434222514
2.9592551278065606
2.0384689057393346
-11.95195270398636
-11.566635889875828
1.5525372285896888
2.4533438992158665
-0.28811557111243513
4.308363966391066
-0.5365918138631566
81.86845021990112
1.9671439229332555
2.3640539778476244
-3.0151568804122557
5.015264435902322
0.32179086890429454
6.848036558828457
7.275252705220379
-1.2029817264997997
0.11294589985031374
-0.41593680743501854
-0.3962104876276731
0.07945710936138146
0.08950656194827906
0.03226232510102748
-0.18111853762692767
0.016891307003137974
-0.12501857023628513
-0.7503709656231892
0.03078306924986343
0.014876750565699107
-0.09879569272347037
0.0013796299985862819
1.9719318328197986
9.58271786442355
0.0016356591808331267
-0.006716447829409877
0.01710744001123405
-0.0013460169712152525
0.013479187844225082
0.011096809603846472
0.2741835439698242
-0.04222765197533364
0.01886323515720672
5.985595394051543E-4
-0.00245083389659226
-0.017202735555297378
0.006876628820161292
0.004829879054796479
0.004838091885042918
0.005242992131083057
0.013479038232374896
0.001943937438628678
0.007160139298749186
-0.006638784936594712
0.0034572855630340743
0.009114182689760547
0.005426283575013376
0.008220730998942233
0.009134408836945569
0.0072054207356904475
-0.006904903784550782
8.663766022027567E-4
0.0049358473830358835
0.010415097554392128
0.007458508367017327
-0.005428397860714207
0.002354410860743241
0.008956834071526764
0.00543213579985188
0.0036194136527456173
0.007433150041421893
-0.0018670029087340977
0.010978378071326728
0.009609478244145642
-0.00391857962202753
0.008499760277267218
3.398558075051335E-4
0.002732973708651111
0.007479008593702918
-0.023225522844319023
0.012580984628827714
0.009223556308620484
0.055846429631825824
0.005158321422336254
0.007855837206083452
0.008590611457245708
0.00616455687249539
-0.00372801197676061
0.013466775904286594
0.013478122236542014
0.01347790842403713
0.007777258170281684
0.026188947351242223
0.22392859750190755
0.0020013822989606686
-0.20225595563288454
0.01334556155676683
0.05248313077739169
-0.05900506642644403
0.008277036217350498
0.5861229777115129
-0.24227749935480417
0.002238537878791184
0.07462553640913086
0.22107993200089265
-0.04519274885594211
0.011386717320184536
0.0071624286759494026
0.0571239916762738
-0.0031183850171864497
0.018008907625966304
-0.030882541507351372
0.00129057686920651
-0.07551739043236882
0.009083877860000556
-0.17672870074706853
-0.016732136681940124
0.005597312575507573
-0.025189092941700682
-0.0032626983033029818
-0.0015422766683265041
0.42801934728184987
1.0127283158850855
0.0050168824467166535
0.008883237267505966
-0.30455733314268973
-9.906378490332438E-4
-0.19648297226045527
0.44100497971114544
0.006178643997747535
-7.251448406447933E-4
0.7663387956430365
0.022779414164148252
0.0019516588417505963
0.3319427151729706
0.027218829725662252
0.026347290090446476
-0.5590477465758539
-0.005936290973253921
0.030477462965358165
0.0059121002786305
0.007229377394424757
-0.01314071851281975
0.0032983740760252696
0.0023564049617524683
0.002407939766772432
0.019952037884062874
0.010322410262900178
0.0046733063027911866
0.00880074732808997
0.016160110382748026
-0.0012486431014099688
0.03620836424168496
0.005559844804445493
0.03087736404411888
0.008230088598132394
0.0019892370471928777
-0.012584846821750897
-0.009079038360904484
0.06601309698352502
-0.0556982421198464
-0.011944707918804788
0.03138000717977139
-0.006940381635708129
-0.2150670439043625
0.020477322856717346
0.0037521845954545567
-0.9865208078911749
