-0.10527704028494597
0.04178471489963309
0.06220684967800605
-0.035742202951950665
-0.038568582966729804
0.09170526328173004
-0.0943774110576873
-0.014599975706613942
0.03681662285118978
0.05797650545774663
-0.011612305268100382
0.0028467668467928946
0.06344820174565236
-0.10092657965484465
-0.07563128234328773
0.014881395689079016
0.04867994535520462
0.011137372428561587
-0.03565956837226039
0.03442790215592555
0.02095567097163255
0.047639179075978866
1.8748036487846752E-4
-0.07746757346141196
0.10334179096098228
0.07133957003223651
0.11027977934870845
0.05456959978350272
0.09174584153216372
0.009514864277949803
0.7064945451936591
-0.7660471702029734
0.30223499212939503
2.4912616550681173
0.11778130828947875
0.2599184041696676
1.3056804078865278
-2.3852220306002287
-0.25117429723165474
0.5199701660904541
-0.43180541823179014
0.4869792546265531
-0.053999527203842684
-1.032667579725847
-0.05480103023158218
-0.30388866880436655
0.10488139328149541
2.8227059201297746
2.4505198068548144
0.5625802160018045
-1.9137893927702483
-4.7302860072736825
1.9421994568096326
2.646451496063165
-2.3618438400499993
0.37961625305953345
-0.8871403355327883
1.5227415179144275
4.529292377287226
-1.4611618874205115
0.036412998611555676
7.911737620625323
3.977596702564035
-1.6073735577146182
-0.9104204479013984
3.3470806961420725
4.1685733332438
-1.656253512325342
0.026433870929221764
-0.6039571860597888
1.6164766083123698
2.233969477889648
0.4033542432013337
0.9461809904676698
0.4775153766338749
0.11920764802897722
15.629293521353421
0.013935935070030148
0.8373236526224015
4.765778354440173
0.4460573269956223
1.0171577380235415
1.458698595044779
0.786599356099576
-4.670076904664732
2.8658713681113963
4.769063039400784
1.6279549246561167
0.7703225363084355
-2.2218220759392815
-0.012756721316442237
-0.0055587547573297015
0.0019190507632670696
0.044950213980019284
-0.09681156034535161
0.06399231646352373
0.008187226738310628
0.0594931690111397
0.005780727470205241
0.04304889810842774
-0.040135508158799314
0.012400804969469546
0.043963267456694155
-0.06546127130939418
-0.009334501276284766
0.11360649449285148
0.1654062362214221
-0.16213497180991512
0.26398758509494596
-0.030990327123809527
-0.4441065655735623
0.2990021626643115
0.07915167108081908
0.06305956061458053
0.3515919778923316
-0.07598917709812782
-0.6802272509816728
0.008754670705016615
0.03256258297536088
0.014029515203562304
0.02018333519146536
0.030650906740336676
0.0364881241594396
0.07256319571299842
-0.5856450640219476
0.2702919851408744
-0.09577429998703366
0.2674300941300378
-0.2601548500212341
0.10546056765526995
-0.15238684037297628
-0.2279107647534123
-0.16024121986156067
-0.4868751298890415
0.004255767223162317
-0.17430167259409454
-0.12157602099732753
-0.04040143360424992
-0.3528181861994441
0.3387333875917257
-0.08213606524655986
0.09055253727634695
0.24582466414350673
-0.0028173283906174486
-0.1300306095600134
-0.09653951401979209
0.344429681316187
0.042041583505670756
-0.026861719269349674
0.1725875865926805
-0.006103372479290465
0.16485204622584612
-0.05947411503152505
0.3231040719050381
1.0510892943068835
-0.21313715877784634
9.388874115369312E-4
1.925997085449259
-2.7998266457939702
0.566177419224584
0.30884731918808783
0.10345157342036129
0.11288247271101041
-0.0394227366673579
-0.9671515790806018
2.0914807145157663
-2.7050263677742703
-0.8160684514741858
-0.8843888754348679
0.6279992474941166
0.41285759323659
-0.21559313858278786
-0.21629075310605725
-0.28863293790176386
0.18982233506146268
1.5892042388830792
-0.04017735699352183
1.4597208455374902
-1.2498304762784402
-1.008001854540213
-0.4575432409431684
5.094255728544127
-19.106616622408737
0.7040341028525574
-16.124021077658522
-2.33060807281813
0.6499818835822335
24.340070196002227
0.04001578728238095
8.217168751338452
-0.12108511680894919
1.1958168653270702
0.4732527026360843
-0.2490320848227889
-1.9525146143740193
-0.15940598054445185
-0.7403410637475598
-1.9443360707876869
21.217176080575886
0.6234023886387137
10.164399859463105
0.0030006206930059355
1.4161977280634968
-9.468964852291819
-10.544372983193574
0.3053212327995703
-4.386233294032012
2.1462459366964315
-1.0440090015130161
0.0017130589924949176
0.012169567540325886
0.07083921993012929
0.07160513789379479
-0.014473984163710842
-0.013485058380348814
-0.04160680616346933
0.03636569615072605
0.04454940624512416
0.032366638245859
-0.024134112685480963
0.026693600801727124
0.020253791520323167
0.015028666688657278
0.020148211857701173
0.044469744640513224
-0.012108451311504679
0.014783632876542344
-0.038802534879124564
-3.711694757938523E-4
-0.029408399528958053
0.040933753620816464
0.007179116852286493
0.04457560516164415
-0.04008205784190447
0.009416718616997518
-0.29299534603727034
0.06119106787858911
0.04166209121981228
-0.02966543709664155
0.033531369096785106
0.058687128145163046
0.0414270088469587
0.13677626186393987
-0.028079230821999045
-0.05076077832814556
-0.022371788210086143
-0.62231134224106
0.029148819211574646
0.0023387426174363533
-0.1853120670032382
0.0034508949909554704
-0.13439812357136835
-0.12405221024022668
-0.152309286466126
-0.18382389587038278
-0.3549910225685636
-0.436897853900585
0.35589387454480564
0.5673683325714841
-0.16634702930008663
-0.5644750163014773
-1.0306144235203392
0.36661286159216616
-0.43326938733775566
-0.26445490542700484
1.4974270028928567
0.28137750940683703
-0.016403943052399363
0.7604134604456138
0.29535430461668893
0.022574055097610055
0.02504045693409181
0.01791961341862895
0.10894428731384055
-0.503709612556684
0.006805924478457673
0.021362872871940226
-0.047686503545665906
-0.005349977781260925
0.018023441121880805
0.007707718819162989
0.7191811971894775
0.2690762051956063
0.015537140331759215
0.006135054796650761
-0.028512931555113658
-0.6354355013023818
0.07799243060960837
-0.043602762567733225
0.1018292982602013
0.06393995606761413
0.023070045801344592
-0.001397425533909695
0.008519976109882692
-0.05061112946436076
0.029775481812650682
0.025150080442367242
0.02146675533216244
-0.006044178271912267
0.01929624603653175
0.17931825997111356
0.09833909507944062
8.222316396474676
12.633005475014713
5.006612330991535
0.4588783578879631
-2.0714468093634384
1.0520495389022633
-0.2955960690193179
-0.017422553525755155
-0.04525483061105353
0.019215170803968645
0.010870539014978114
0.020488895702645633
0.02497651021184449
0.020948386191305082
-1.0038433459100746
0.24039788535072945
0.041476886576615635
0.029761221948328198
0.023983025045455894
0.01703677917623151
2.025395908487582
0.01959077328935565
0.03645904398107543
0.028707127170786422
0.02960952548108875
1.5021734514211738
-2.143754330416278
0.09180347370886217
0.0247056951248074
0.03012396095960614
0.017752189364566278
0.013574892174377523
0.021333547732164837
-0.010981505880414816
0.006977578827223007
0.027329274145871323
0.04112205848572305
-0.13325282779357242
0.019151255479858336
-0.055613396451377764
2.3149025858911596
0.3543653975877508
0.02189075011133556
0.023522444061118038
0.01552393820142196
4.442095862649014E-4
-0.020490320122821135
-0.08981750707058887
0.1246960575285341
-0.09448597126580058
0.04205593719987165
-0.01430907194141876
-0.20488383915009517
-0.0681595913382036
-0.033411475727842636
-0.014586632457254516
0.010465358891988717
0.02804888841764754
0.515575683838809
2.755858843712719
-1.2246211221632317
0.2784857556054396
0.02489285322231902
-4.278443095741627
-21.41837988226638
7.615342853949005
-3.0893436176180935
-0.350932135536652
0.6957507916225529
-0.19271179562939916
1.0573703074219216
-5.956730329479712
-1.9888559997248463
-6.704727325202421
-0.921957788059272
-0.667407480041734
6.796121114649012
4.079175139403513
-3.847880717223227
-0.12685793291520522
0.4303587851376796
0.3061762092858146
12.195011701525491
0.031793488184464765
-0.08758141501276015
-6.2048660275206
0.21458563881900283
0.03199952042841539
-0.008323668819488808
0.017179320769483933
0.012469996665322813
0.02837321828965173
-0.0019438591070379332
0.0434823671751265
3.937121577077293E-4
0.5373485636716965
0.037564670092674
-0.0040654899469179905
-0.011727142011474156
-0.15689896140316473
0.20212717899825694
0.04515681687020728
-0.018044054830912242
-0.03222540386059689
0.006442025995674942
0.03645696716627271
0.02563943434457346
0.021977791297435847
0.032301768999543866
0.321633542444366
2.8314852494771947
0.005355057415449903
0.02729439965447766
0.025199095402884855
0.025220994647424458
0.02131662920758722
-0.025320244369437857
0.02339702374803071
0.0320683844933938
0.03206833842422311
0.18581389560457504
0.024197357375192113
0.011158615564520663
0.020425547382425174
0.012701250645507879
2.079268000243792
0.024961781098220788
0.013514562849629007
0.009225283444236424
0.03174407543539287
0.028674349965905132
0.016133535950785927
0.02606600341455031
0.018628309268076168
0.01875921677056987
1.8653543845173481E-4
0.021257070160726158
0.028825453837913198
0.024356687489118515
0.003695449146392591
0.017179093822350337
0.018265012056544506
0.06211190192996783
0.02210459125539534
0.029010517432134574
0.005456793853079985
0.03142804927814317
0.0064017653446375175
1.1372644396099403
3.2076921028679553
1.5051007424724712
1.7375061815922772
33.14439670542122
-3.219869351207126
2.254385555370293
-0.8553813132517943
0.5348557916618379
0.3961989283502573
-0.3658804680653313
0.14600549005486438
3.0659207283249015
29.886369071054652
-0.13143601908925398
-0.4961448618863694
-0.8000917072717939
0.4048986619675216
0.08525465510816331
0.11064521862050775
2.244757496884834
0.02346425601401325
-0.17536890099563812
-0.04354331020322982
-0.040835962669414604
0.06818924202629617
0.21114085335663904
1.3262404946025919
-0.03399592319106154
-0.21484756441328068
0.04355907610452615
-0.17730099599664836
0.04110039672674662
0.09314555170041237
0.0649860128078329
-0.016359895800435214
0.4197195616603405
0.055134272113728414
-0.1410531052991914
0.06951789117789844
-1.4021254262343308
0.04976859325455661
0.0816214868880685
0.049126398389147875
-0.023541723372401003
0.5200182309528042
0.01816893239591493
0.007889482809942545
0.10819291807546484
0.14122459893160644
0.011811057400143673
0.23067536786128878
-0.09000099054755933
0.05204303619026791
-0.12323501202308464
-0.24565394469607355
0.2465229498607533
0.12876206475698154
0.010554877296622097
-0.12343201207135328
-1.2880395854047553
0.4192353406650434
0.024700320005076156
0.462860743338167
0.02438263244667462
0.0763938416581388
-2.693594559539315E-4
0.0185896984141997
-0.1674139341792504
0.06760787839559451
0.004895011096590096
0.22294750718585435
0.4159779008087346
0.024919130485436647
-0.37797299832116704
0.02342027576300309
0.13037030504707298
-0.08310304692957343
-0.38773998866946663
-0.08537735402336892
0.0015687925151240114
0.2640355747813642
0.13356070273900225
-0.036227634926515984
-0.36518134906264377
-0.3029007448983487
-0.03697003768894646
-2.0906622191786997
-0.10054176630464731
-0.005466028766573477
0.0126811321045131
0.028189169233435774
0.02289339624627281
0.01167178188060834
0.02545565887367537
-0.008776458649445254
0.02581117392132886
0.031129879765179995
0.012877726216803734
-0.009952386572320957
-0.008921260231868811
0.029161316311800595
0.009102947938665779
0.007638285834746166
0.02035630629196769
0.014985752327315976
0.01976851848934264
0.019858959287117284
0.005012523255005219
0.012851570767761788
0.024311973676520077
0.02467842678265148
0.016372752271705787
0.15142602371521466
0.021717610765354962
0.015604057310039795
0.023567981376233154
0.028548754791320213
0.027224575364577026
0.019962081305826645
0.19224764937110106
-0.18738401264763618
-0.4112444499627069
-0.07140038781494877
0.9196523005435743
-0.07566928528152306
-0.05016054994025384
0.041364513571479536
0.44316002393419457
-0.29615307098876564
0.026499279791576708
0.0029474828858634568
-0.0061346807196460225
-0.00601037240632556
0.15253725761750767
-0.05242595807667143
0.26008394635249843
-0.0718865740206453
-0.0495597786721087
-0.00573930849067309
0.041424831962131675
0.06298820142853451
-0.09394239389151011
-0.17757336996670564
-0.013299910776567659
0.10016980176308063
0.12199350236443439
0.009228056926773278
-0.03717726422372572
0.018413919205763872
-0.02172874303587963
0.04394486228936562
-0.004316939100074582
-0.003040684083772903
0.050897000812742337
-0.009762428953695008
-0.08423505899717282
-0.0339495165230018
0.07804936009473246
-0.014784563204719952
0.09824367454221863
-0.009249689884181986
-0.02750349558372376
0.024071667763966235
-0.016165814945236768
-0.15231900939885304
7.256730100329671E-4
0.14119305184075004
0.03948193892929705
-0.005728400567955561
0.10708146133729157
-0.12165242547152436
0.17508386613014618
-0.1433887600060653
-0.04103251058841021
-0.125480297863405
-0.009871094091441398
-0.04688555180782282
0.0029645707062461823
0.035209279200609934
-12.038339331186823
0.026513511664916944
0.03754327494800573
-0.4551713652372497
-1.544748147216858
0.055121080966127396
0.07709705526911535
0.14668374957022606
-0.1987834496374898
0.21316171547757026
-1.346429364808081
-1.458523618479752
-0.3531230448677369
0.02233429854501866
0.564670638858097
1.5693293027168007
-0.10518396688183095
-0.03484321048103427
0.362235391665063
-1.4203276598002588
-0.14628831066811637
-1.1720708497671222
0.030088322401960625
0.03200979122317699
-0.20406842082278534
-0.16638797875228337
1.489600695557085
0.009195381993286999
-0.060397743041445816
0.20561820474692505
0.48086619069907144
0.004812159366199813
0.02194371238866719
0.029039044752993876
0.21039480091323892
0.23687409222804687
-1.1292176867583918
0.9842896345226387
0.5591564857952324
0.5815942772333195
0.018883938187804983
-0.0052998233758265465
0.11528565412431961
-0.07309991020049879
0.046078114766692706
-0.007956879160908937
0.018540576940499567
0.017143237459680317
0.026095600691541102
7.516118045675789E-5
0.01377825604856454
0.026238985293001706
-0.14171786173612552
0.02781508790288308
0.03206767857523202
-0.02288557714108897
0.07846239160803167
0.0031545147946782314
0.013161590336389263
2.7012385011718584E-4
-0.055283498117031815
0.07005309284886972
0.14002997257299366
0.3152041749571481
1.349851672347522
-0.28856411757325673
-2.122340344100956
7.994648578257807
0.17153985654886844
-0.004162664665139584
0.03187462504217801
-0.5198395602943945
0.19068432454583728
-0.04472018062206464
-0.5163160557408093
0.048644797841914195
1.4968338409646225
0.0293480540097933
0.47277851083525896
0.06252852493256737
-0.27782653348178743
0.3587029559541933
0.004623439688881371
0.03497629804192455
0.019733347427402372
-0.0745678392625476
0.054834853651717114
-0.0444712557775917
0.03648700675775489
0.031248797787991497
0.014398766951614924
0.9101625082837763
-0.21072925275163693
0.16572090886525023
-0.10332497652584027
-0.12572074770995526
0.19676728780157107
-0.36143030705836593
-0.07737777783061671
0.03007289502897205
-0.26614911504692584
0.03454744859159105
0.30154459402367323
-1.394916978811327
-0.41525160278111817
-0.011266407461874128
1.7078803458765508
-0.6909856366250109
0.019834578692702474
0.022895834149321708
-0.015155284734854974
0.014237180892911
0.05810349906735536
-0.04546088642946161
0.00937556920379462
-0.23595160761887546
0.020612513567199474
0.023978712870411364
0.0673443462288145
0.03794327307050938
0.10120880968546939
0.03119876827126107
10.410928808277303
0.16702120457447836
0.9307488183057119
0.12628293019467665
0.19089282727159065
-0.16109323161747094
0.0375815401787981
0.017349277382316928
-0.12084197954740102
-0.061546162622943504
0.05644270903623194
-0.07442750618946929
-0.005358180806286769
0.08551970996757205
0.027048958556307928
0.04758899970374629
0.03137098633384021
-1.0221865556305416
0.03563845182526675
0.09268485360785794
-0.09766482717108171
0.11429268396926681
-0.012461112149886218
0.04795559530582288
0.05173344068211437
-0.0735623241909586
0.18655751419816488
-0.4255030686014096
0.02865761160044157
-0.993718188022271
2.00447492117673
2.3468290575096695
11.16127223768013
-14.92256952182568
-0.4001557038104844
-1.6021343809059168
1.3172102256065847
0.3558913911795775
-0.5335316013383629
1.4304024991786664
-12.427798957705484
20.998142796240014
-0.7568449972744734
2.61070590000703
-5.582751188003724
0.25311326805158074
-0.22734610054578047
0.08950878922876115
2.111550167680144
-0.06935795042641019
1.3280104196232467
-0.04249330188200356
-0.9650590901784258
0.3543631335198709
0.03550556025513449
1.6289604323622242
-0.38126316816684813
-0.6717017317944778
7.344568719307462
-4.04591351143891
6.630351910225295
10.681947894660652
10.82243428824062
8.676953208274854
-0.8197973869313321
0.41965128694475506
2.8329715334393977
3.391336314907316
22.38549340426627
1.8481281862225376
2.8887569222189775
11.059622298673634
5.731742933447124
40.50384481689618
30.05344344841883
-3.7558959733989794
3.3348802611937898
-2.6549430712186415
4.506676177647272
1.9679312587212539
1.0698762517247415
9.514441843262334
16.26234690320998
1.4180836062745399
1.818672943106898
4.7018747288357154
1.4782474577708404
1.1683486884425256
0.014867843994949654
0.03376280732753351
-0.012893954233266721
0.032068384493393755
0.005137363820598466
0.01971524460509373
0.6820078813477318
0.008207669099140415
0.021880963844991858
-1.3738993938442898
0.05435874471881707
0.0208722802877382
0.017273130461106588
0.09628653458072742
-0.014544933406582744
0.011728704489153358
0.024754672461088676
-0.06095670320795685
0.0066438204764519265
-0.030865286313898184
0.02130991356497488
0.0074497249726130504
0.11927709692119541
0.017804641983001607
-0.0039108311991197285
0.18666779268760236
0.026777654467921158
-0.00932730398554418
0.020320275891238027
3.813631498215042
-0.649669938986635
0.10940258261319134
0.18648911408259752
0.029891251589811485
0.0327844729265148
-3.006733291927684
0.03646527789303598
0.10117116632164323
0.00875624215674885
0.26960930719635245
-0.22855970145294727
0.03204088886545636
0.03206620522020973
0.03206569653243195
0.0069439396819829515
0.6018469693273742
0.15656274057570058
0.8784197479406701
1.2899988692001016
0.03175082353728939
-0.37800751939570365
-0.8224842472206847
0.028302616502344443
0.7080905843302052
0.36767728628152174
-0.09584450619060819
2.275318987933424
0.9998703402751229
-0.582187640055645
-0.12654965664370899
0.1547500631183483
2.800491656825509
-0.32983256445646414
-1.002710631722338
-1.0622074781841824
0.8520825935717682
2.8048271218321346
0.887981274638105
9.804331529076126
1.535326951245979
0.06361623122395366
0.7783246158526765
0.2402289689131225
-0.12515962159373367
-1.198618992540091
1.6952166164664237
-0.04208718641983872
-0.05472378346346427
-0.24128200977700753
-0.2235859223684894
0.652904434353007
-0.07705486206959382
0.005933722665284347
0.07316755703544722
0.06017927345740392
0.0057120716239248606
0.09776440425122114
-0.47404642630903887
-0.06233523495196022
0.13596634259096396
11.359021014216989
-0.3128194358541283
0.24622887533500037
0.011345338458487803
0.01730530514284854
-0.9874690559722223
-0.12161818748703594
0.019746821546739117
-0.02631026843893559
-0.6475299649463431
-0.0673617850333819
-0.03919426300040686
0.012977987540728155
0.025339705030363504
-0.2869812031859913
0.339001495801279
1.743187332683583
2.7116510351230616
0.5064347442937029
0.061414402424120426
0.22329552748360784
0.12424170877260253
-1.010054444415069
0.7746906104028312
-0.1987325063923305
0.32520631293249747
-0.35002261767614484
-1.9738874069391346
-0.06558584195740237
-0.2614569963696973
-0.9679312494145242
