-3.3952064378401225E14
-4.308885606002714E14
-1.8534808726599248E15
-3.592090173206723E14
9.544861919469056E14
3.2940829008074816E13
1.6454425326774375E15
-1.381419735043145E15
1.1584271037080688E15
3.356085469701707E14
-3.54196180034074E14
-1.7555153201515697E14
8.816376686409551E14
1.5064394947121185E15
-4.287431089593054E14
-1.6165499306344462E15
2.1958654337488408E15
-3.922324453730158E14
-4.531978902563145E14
-2.082643429239751E14
-5.260505172061121E14
2.1482661810342866E14
1.207245018269789E15
1.2061700221384705E15
4.350361809312441E14
-5.888798922040999E14
-8.335769586039052E13
-1.577601811985511E15
8.890854800495699E14
-1.2253016448479525E15
7.122156274115378E14
-8.28269724731333E14
-2.6141028891598116E14
-1.0327819387697682E15
2.147582575316275E15
-1.6805495661356358E15
-5.117334293380561E14
2.1210380811066575E15
4.229195223225572E13
-2.4538656407518344E14
4.475567115502944E14
-1.0781049974332875E15
6.600882874395156E14
-5.119361284690305E14
-7.147510870870125E13
-3.835826670134125E14
4.659880193986538E13
5.1697998727776656E14
-1.469695073637006E14
-3.9687870256243805E13
-1.493661029830118E15
1.335907282056779E15
-1.3616147069306008E15
1.641975606832656E15
-1.1288443861689652E15
-3.8181649651246806E14
-4.0593048390272975E14
-1.1798770793871812E15
3.112281896470798E14
1.3058791819771044E14
5.882499107473595E14
5.2013966776065875E14
-1.3599547456610839E14
1.838551311662004E14
3.98910161026694E14
-8.155487687997217E13
-1.9844040914483574E13
-5.948523230175289E14
5.2084245039321275E14
1.8440415649795634E14
-1.7282083162506318E15
-7.588338586718512E14
4.4098059599535456E14
-2.867815715938828E14
-7.056147611146756E14
1.0640739869147059E13
1.3302744850545302E15
-5.855098486272848E14
-4.3337213002401805E13
-4.209428214792374E14
2.6684132064417088E14
-3.4364852717159742E13
1.4376637326033425E15
-5.3448287926299075E14
-3.522264338367948E14
1.322583203847742E14
-2.5962308733226344E13
-6.60758456234753E14
5.140809659722616E14
2.840593903937617E14
-1.41203321004488E14
-5.019858077177606E14
7.135887620094384E13
-2.3593910761848816E14
-4.560449223046531E14
-7.481875580074724E12
-2.1114569357624072E14
3.561823441949933E13
-1.6175601858068862E14
1.5797862304527447E14
1.9890348356918588E14
5.993011176213982E14
-2.0809948636770938E14
1.6624989235186347E14
-4.2077859352144575E14
1.8991905551844153E14
-1.5021820944196138E14
-7.227108343421568E14
3.32654752983593E14
-4.062790196063723E14
-1.5355899566930256E14
6.616096934997935E14
4.2654266887450325E14
-3.2341285765028125E14
4.028255491312506E14
-3.582887038804091E14
4.9373340533629294E14
-3.519359373371288E14
-7.164947632152924E14
3.9667189530556956E14
-2.591994146951994E14
1.2163900048683103E14
-1.155049755604882E15
-1.3459989249935522E15
-4.426706131338127E13
-2.6242753674542273E13
4.535876567927273E14
-5.53944532080133E14
-5.566471066572501E13
5.437765011491551E14
-6.3161704538752695E13
-8.740894315082761E14
-8.352114938933975E13
4.6649522060718106E14
5.0333037211966994E14
-6.602533736877922E14
5.498777688105581E14
-1.7099038122318703E14
3.529911048992254E14
-5.7143946395148086E13
-1.1040787488227048E14
-3.9712255326359894E14
5.048019746983522E14
-5.82699550861471E14
7.716836365033775E12
5.139356579806127E14
-3.912871621259536E14
-7.240889048396512E14
8.651968184218902E13
5.658006528428829E14
-9.008072397923451E14
5.325991311773076E14
2.3860020837454566E14
-1.2374406493963972E14
5.792939946084312E14
-3.715354547106551E14
-6.985980597479972E14
-5.0668370681458725E14
3.4900854967312074E13
-1.2196759141111531E14
-2.612769616883282E14
-6.984701851024131E14
3.372926200242047E14
-3.286098860923923E14
5.2959018835643106E14
-9.817372438489718E14
9.42087563004873E13
7.144363838873864E14
-5.650400397464218E14
3.4993794031177164E13
-4.913363048393191E13
2.4497511272513472E14
4.022465069901826E14
2.114069831478179E14
-6.299644886650469E14
3.2346520467577625E14
-3.2792746312624556E14
8.12968787456179E14
-2.6318146903162285E13
6.275845606723758E14
-2.376681145313134E14
2.696672950991287E14
1.3192812083204656E14
-3.22072580551047E14
4.298624932887612E14
-1.6795875447101328E14
5.476823435977264E14
-1.302381624990052E14
-2.1133728101928134E14
2.1300146605798756E14
-4.043316468267126E14
-3.747492187365083E14
-3.288804176810047E14
4.725345118709766E14
6.449966135202062E14
3.6844183325061056E14
3.686046960590496E14
2.819638960408513E14
2.6461848994985528E14
-4.8410890017131525E14
-1.8011242266687156E14
5.3318111712971E14
-6.246114253694349E14
3.374791943236153E14
-2.5457081252593428E14
5.355896023557649E14
-2.676080774477639E14
-1.0651947143173628E14
4.072464810473072E14
2.5616944567440422E14
-3.044576572095807E14
-1.6503278013086172E14
-1.821784234409164E14
4.6252283564405675E14
1.3219409114234531E14
-1.3470603333827477E14
-3.6145861871431984E13
1.05221426789027E15
-7.885377497271396E14
-6.96556673610762E13
-2.3536719180630653E14
-2.6527921998609766E13
-8.24911925611313E14
-4.1365831592329325E14
1.934857799168081E14
-2.381994847549883E14
-5.832662923962795E14
2.2510582530086662E14
1.9311373298439572E14
-4.258883350959013E14
-7.506238796162106E13
4.2912951405594075E14
6.515042913235311E14
4.069022385035486E13
-3.31873691426843E14
-4.5511437480468E14
-2.240515904827751E14
5.051139447312534E14
-5.5545401429130734E13
1.6376902849656206E14
-9.165646622789752E14
4.901002802222143E14
-1.6129747557681925E14
1.4461120234730912E14
-3.137416168760644E14
5.837197984125721E13
-5.38298000025696E14
3.929585190446071E14
7.548093314302159E14
-7.5646461775032E13
4.891634867385501E14
-1.2120608059732162E14
2.7545910472682056E14
-1.8868350970331753E14
4.9470751212070494E14
4.2346334827759394E14
7.992948263858483E12
-4.952676720238682E14
2.7390075306662275E14
3.2705964831099406E14
3.0551031756679016E13
-3.1916423901554965E13
5.6455058481975945E13
1.2107218745423582E15
2.2625626177420388E14
-6.111980632640651E14
-7.176031308944195E13
4.544003846476182E14
1.3455277810602223E14
4.789811899065318E13
2.1662957331692784E14
-1.992981472511276E14
6.137852773605073E13
2.2632692223957706E14
2.3218758363505484E14
-1.0892339467814995E15
5.2290343725715456E14
-9.267787253277739E13
-7.902292637451369E14
5.69716456782354E14
8.117344884190254E14
3.5965230883909194E14
7.089589719739628E14
2.3710773764950488E14
5.1706097245580925E14
-7.195886054218006E14
5.997438517736055E14
-1.1409678174619966E14
2.290214345840161E14
-1.9165429951354285E13
-5.4058329927963445E13
-4.600130605944488E14
6.720963866430276E14
1.474140084164381E14
2.840821723878956E14
1.3184623357754864E14
-2.6071267021000228E14
-4.165214349207153E14
-2.5703972183508444E14
1.019618046797381E14
6.014391155823995E14
-2.913120929590097E14
3.5116778725661525E14
9.508669038362761E13
-2.1000486847249988E14
-1.3045427910836412E14
6.891000576741259E13
-3.639985960739399E14
1.4237684655559172E13
-2.7929557485857544E14
-1.401845347583614E14
5.410399251038872E14
-2.2795591945678694E14
1.0519835112387319E14
2.4503849667948966E14
8.059059771060284E13
-1.7123113595230075E14
-6.594592112846397E13
2.4834530401120906E13
2.5910937723857188E14
6.9343214853730875E13
9.036378814693381E13
-1.3523709511973653E14
-3.5787602865368956E14
5.854247025050828E14
-2.358957697828333E14
-1.211434341585247E14
3.867550338855143E14
-2.3456331784239603E14
-6.253781393824359E13
5.035738610782493E10
-3.224437067457582E11
-3.8591822416973535E12
-6.898123123650634E8
-5.752538450393698E8
1.607837746373128E12
-1.4691379787443803E14
-1.2830836928277853E10
3.0005832628789996E13
1.8214634670081872E14
2.0467757770072258E13
2.2256815678177887E13
1.114511166295339E14
2.5585170742309128E14
-1.5609184826797973E13
-9.182116630966772E13
8.703387253516287E9
-5.139653320458182E13
-1.2358942073158647E14
-2.630051505279302E13
5.838409137445034E12
-1.4153718026966003E14
-6.119304466646413E13
1.420113290291497E14
1.9372164176257113E13
1.7754269345557678E14
1.5914367780691988E13
-6.1292174478167555E13
-2.1353226976286727E13
-7.603244528367776E12
2.2828353471454853E14
2.1517598696571853E14
-6.272942991746104E13
5.138713826915961E13
-3.092039015482425E14
-1.1578789269470083E14
2.749272810480518E13
-6.832111110564486E14
-6.629396943007565E14
4.011046119352504E14
-3.478084964576626E14
1.85490172031014E14
1.5914362548554044E14
1.9617213523007397E14
-3.387543542191248E14
-5.047873563101697E14
5.621894965786319E14
-3.8875591472998325E14
-5.952137844009243E13
-1.1117883293017423E14
-3.2772278499167044E14
3.5188266115650744E14
3.0437387666740056E14
2.975663344535698E14
-1.5529054984233516E14
-3.028430216637172E14
1.691654963213433E14
1.0383890183710917E14
2.5133205934449207E13
4.024384812213102E14
-5.665368852204732E13
-7.557960585821392E11
-2.2460136740914088E14
1.2361012287379756E14
1.32063261149758E14
-2.397729850085731E13
2.787537478870899E14
-3.769649509062385E14
3.540774844382226E13
1.1331960914014563E12
6.846852238225272E11
-2.383323690956748E14
-7.876703716039234E13
1.294514243569047E14
8.852755765974211E13
7.312486217482258E13
-5.342954539167325E13
2.3701345710524336E13
3.1546830375118565E10
5.338433906842045E13
-1.2286344662698447E12
-2.3592607718997472E14
-9.462765152175902E13
2.403991300082049E12
4.254923494072123E9
-3.9602856325509564E11
-2.6035247282567275E12
3.4805972531304085E10
4.894801047464927E14
-2.0836854031703306E14
636930.9051660714
1453296.177362198
1.403541938938248E14
-2.1022109482101402E8
3.6691298892716644E11
4.4542376437103146E8
-5.555944711099951E9
4.554740472760522E12
-1.8231636092450055E8
3.186841441348385E10
-2.5063319067707758E11
9.429957143238238E7
-1.9178839411539603E11
-5.038951281384515E9
1.7904236566646128E12
-8.488711048252819E8
-3.750767316718917E10
2.0469806177081747E11
-1.9981214290602162E8
1198087.8755754598
-3.138761143389336E10
-4.406336829118344E10
-2.0647480115841896E10
-1.441017448075644E10
-5.917049978929546E12
4.737395025186804E8
1257270.667065729
-1.4623854699145403E9
-361761.9422881014
9.63710184712627E8
-8.468048356455464E13
-1.2782536198546488E14
1.3796027204485022E14
2.837979229269321E14
-3.7778065070694944E14
-2.3824225982741803E14
1.6693671388097756E13
-2.7459496735099775E14
4.8998830474709225E14
-1.982696450197905E14
-2.84314574557843E14
7.703757014303364E14
1.3833122115449292E14
-2.7209662696407547E14
-1.0625239469520495E14
6.317538907117115E14
-2.5698860145106588E14
2.532692291245361E14
1.3680162277733973E13
-5.782044800666436E13
8.098463076723262E13
1.3743169963834014E12
-1.7082180202376225E14
-6.71760571886181E13
1.4145421351368516E13
-1.440528529812588E14
-1.774165239214621E14
-1.4063238636046936E14
1.1496349879990888E14
1.9229360176652562E14
3.188261212039267E14
-1.6620033355991156E14
-1.1893376439837508E14
7.368782197532872E13
-1.5515903614796903E14
-1.9231693273925016E14
2.399740044292667E14
-4.081933166955352E14
-1.0072204883340216E14
-3.238184575887033E14
-7.948205748784144E13
-3.2632416677418215E13
-3.924155473075743E14
3.3879002805052348E13
1.3567268866165325E14
-2.18610217895707E14
1.0141165987821819E14
1.991471609097539E14
7.95570621412973E13
6.201005643787977E13
-2.5477095068932103E14
2.0086732017025988E14
-4.572571729870898E12
-6.739867490817529E12
-6.233433355599456E14
-1.1466446303026517E14
6.713733234529064E14
1.8145795216275406E13
7.18312147756986E14
9.365318746103138E13
7.822119865588991E14
2.2600171984851178E14
5.475903582358212E14
-4.8794558027925175E14
-1.8288144292064394E14
-2.322445244800237E14
4.791827092103391E14
2.458946577924699E14
-4.676964860175156E14
2.3577499774778716E14
-8.211019228802494E13
-6.032886987937068E14
2.533069046560421E14
2.749084307997458E14
-1.4876764215033778E14
1.2026070166436808E14
4.0436227633163725E14
2.2399786400074622E14
1.3272890011184514E14
-1.663754750211141E14
-8.611721270684664E13
3.9412353315135956E14
-6.637411722939774E14
-7.68403247229293E13
-2.7091024404678125E14
-4.654134077002215E13
2.7056612057133362E14
-2.834545253297026E14
4.604561890890847E14
9.482519792722633E13
-8.55574216251331E14
-7.152001715744788E13
-5.7950244853221586E13
-2.606138378922901E14
1.374980927493838E13
8.019185023211273E13
-2.7770281096324912E14
6.19344609851629E14
-2.4941878297853128E14
4.450357691102013E14
-3.053738224684231E14
1.664233950779361E14
-1.3514084932367902E14
3.7001927621879016E13
-1.3283469420461111E14
2.7392410804710125E14
-4.151920129292349E13
-1.5658734852874695E13
-5.064059182815848E13
2.4299077964652238E14
-2.6081937430598394E12
-1.1659817617626036E14
1.4534543600572503E14
1.7292847293311996E13
5.3122088454184956E14
-5.530882276908448E13
1.6666087553759075E14
-6.070333576735843E13
3.292598082151047E14
-2.8050379495782728E14
5.689536184243191E14
3.560331572227685E14
-1.505352795777721E14
-1.6650519294895922E14
1.6456161938709147E14
1.899414090792916E14
5.244286567921268E13
-3.12333816317917E14
4.7770439966931906E14
-3.592416980049604E14
-1.85353258773952E14
-3.609511166752367E14
-5.457358513173369E14
2.321189747936628E14
5.0760872476491525E14
-6.054825481971879E12
-2.0994457111103672E14
1.8225339797354512E14
1.3292520942254647E14
-4.604606912572165E13
1.5547160153501866E14
4.9595078658305556E14
-3.2710662571247125E14
8.992428424456577E13
2.1211271848924297E14
2.662484287832561E14
3.742405850556108E14
-7.862512486223072E13
-1.2349970840479145E14
1.012986192050566E14
-5.3490785447270425E14
-5.4524333368184144E14
1.7232449401958062E13
-2.3874126270047822E14
5.942908933708206E12
-1.934626641243821E14
4.376169847207211E13
3.647157021122276E14
3.310760069522326E14
-2.525269273765563E14
-3.9804074640392456E14
-1.7409885255671838E14
3.385274479640668E14
1.859737129823544E14
3.78621053826033E14
-2.163943797843847E14
-5.691051725199965E14
4.378061787158435E14
6.704618607936323E13
-3.1944694327888444E14
-3.334908399353468E14
9.953926628001628E13
-1.4099412575160266E14
4.71252538533067E14
-4.2553734489596706E14
9.717148968374875E13
-8.32121657909755E13
3.4804578665079575E14
1.618122952356563E14
3.549314995669281E14
2.1826059349740156E14
-2.2272086354645644E14
2.2757232969809055E13
-1.3724364947157734E14
-1.4186512997913566E13
-4.1379783334724725E14
-5.074467741595158E13
1.6012575126512472E14
4.1907783903589275E14
-1.3084028774256422E14
-8.628706088521314E13
-4.263342812255651E13
-1.5542746940805262E14
5.1146436631967894E14
-2.2090705990142156E13
5.94468928687954E13
5.165787410887117E14
-6.50878001929912E12
2.3599258157651628E14
-3.374955256352265E14
5.1971679804859795E12
4.757833723973998E13
4.12493657864518E13
-2.5705933500434347E14
-1.0017481133749867E14
-1.4827692897024855E13
1.8256837768010766E14
-9.327745906854415E11
-4.188638337545527E13
7.93755127316494E13
2.0616307197926322E14
-2.1064351088953822E14
-1.8334148393881762E14
9.560992637550764E12
-1.1559486055411701E13
1.6059881837453716E14
2.97412601500125E14
-2.0734684102760175E14
-5.3437749363901394E14
1.3331529176116283E14
4.519811105926763E14
-2.1985646503067312E14
7.634026089719297E13
2.9108122981140675E14
2.3644482045277676E13
-4.5238904527460425E14
-1.940063378019563E14
5.2571381120692694E14
1.2431565557721425E14
-2.9256079172641906E14
-5.5409039332910356E14
-3.43393550306052E14
4.913494857662187E13
-1.3840467822132583E14
1.8924149297119234E14
1.272554689790328E14
8.294648167851118E12
5.534119238868458E13
2.004693483113899E14
4.193340717959524E14
2.983055810240777E14
4.773800145248434E14
1.967623842765007E14
-1.3856027714986095E14
-3.078154193530055E14
-1.6451090246472444E14
4.077128257793034E14
-5.2618661202075805E13
-2.1017291723051228E14
-1.1694840451017853E14
-2.9601326445899504E13
1.1175627885944392E14
1.562470635025001E14
2.1071042107945766E14
-5.498051052032557E14
4.585013084320201E13
5.355365974733103E12
1.8360185641356106E14
-3.2522984600205625E14
-2.889431263347862E14
2.7811519851975534E14
5.0911170101626506E14
-1.414188174799503E14
-5.72226877700248E14
-1.0607333448946186E14
-1.6763478221772016E14
-2.3345002900348534E14
5.388161618934203E14
3.213379537970966E14
-4.637264378756691E13
-6.00068898601422E13
4.947927290447377E14
2.2834970342555847E14
3.546713379044227E12
-2.7401940533765344E14
-1.174303692615453E14
-2.3535487366360628E14
2.5153508379436397E14
2.534872030939656E14
4.177759631697833E13
-3.9949692710933175E14
-1.7546648633212203E14
1.3031780054166797E14
7.106271083816196E11
3.4338574314406356E14
-3.2143004600084194E14
-1.6612610337060316E14
2.921026497021932E14
5.2814404465455194E14
-2.4934727259735753E14
2.0515393370066206E14
2.3190974679768793E13
-1.451820759163783E14
-1.4173623087408213E13
8.668339995729702E13
-4.8566494451120556E14
-3.8911465231981973E12
6.135123926326316E11
3.914254021129724E13
-6.697400347666213E13
-5.4201766576792144E14
-1.961033221780874E14
-9.279679361874698E13
2.313164836841119E14
9.617191279879781E13
-1.0617610078121812E14
-1.9645534734006338E14
1.3596808002211445E14
9.104704283304656E13
4.337610384130514E13
1.0804685134436652E14
2.7478009622153847E14
4.926672979440183E13
-2.450600844532353E14
-3.1330841996464785E12
-6.263055149440881E13
4.667205878632983E12
2.6994040348313053E14
4.268632810819308E12
-6.031507025503401E13
2.4468292340381216E12
-7.701983712477942E13
-2.3271939566536522E14
1.63224165534668E14
-1.0574096641098662E14
1.4940822839332522E14
3.278575864845036E14
1.8952259139929356E14
-3.886336715899387E14
-6.5108686926404414E13
2.316586480654745E13
-2.6587746859303434E14
2.1305742063901225E14
-4.6404108041019894E14
2.4361003620314453E14
-3.6056208151081025E14
7.563843447042741E14
4.639838569156642E14
-5.871263520542562E12
-1.0316759447473128E14
-1.9290603843974838E14
-3.902637436838651E14
-1.031317504578468E14
-2.897801692145292E14
-4.220776734474824E14
-3.486681394075468E14
-1.4015806636560595E14
1.1974614648261669E14
1.9183091519524338E14
-5.816811385913338E13
1.0590145504156769E14
1.901224383561633E14
9.144185452587425E13
-5.139836059432061E13
3.3235828353263115E12
-1.1821629038407911E14
2.2552102240695728E14
5.958837245482966E14
-3.1521727786583332E13
1.2515216241912384E14
-6.309582692500018E14
-2.05563488541074E14
2.603131309263994E14
-8.894517527613453E13
1.906579954004037E14
-2.499685261465322E14
2.0538601075281225E14
-2.08512371625824E13
1.465022529982773E14
-6.452058020081988E13
1.8341813087707003E14
3.186228768146689E14
-3.0426110979816986E11
-2.1753277784134638E14
1.4835267193603188E14
3.7966820622937625E14
-3.331627867319544E14
1.0837773110025606E14
-4.4242204459345544E14
-1.3733291519320956E14
-8.12238341498074E13
6.8901681106378734E13
2.2912586987622324E12
2.2210836524560075E14
3.5988303259245225E14
-4.94728991986628E14
1.7976459019832486E11
-6.764745241660836E13
1.6641419790156325E14
1.959808800342274E13
1.2453593083078815E11
-1.6551011942921758E12
4.798068648198499E11
636930.9051755234
-5.697189506914457E9
-5.692317093083384E11
1.795567103149476E13
8.269656966236011E9
-2.983640188086072E10
1.2813079372096878E14
-8.225311417664595E12
5.15641151172336E11
1.2760303016596346E10
1.5391327497767288E14
-1.5030852867552676E12
4.0840203286146054E9
5.01536327726095E9
-4.495733286516125E13
-2.0407151608793237E11
3.797554736384895E12
-2.701838645777454E7
3.365750476072084E10
3.4977594131560415E12
1.754574259006304E10
-1.3670306318595385E10
-3.8790470663837805E13
-9.389802667083285E11
1.1662058134513714E9
-9.83846003501186E8
-3.8815939168374606E14
-6.135248280363621E13
-7.39112391468702E13
1.0943548451948254E13
2.518903922970693E10
3.916478332475901E13
-5.963746625654951E14
5.271341715754091E12
6.400416449604065E13
-3.678249383702843E13
-3.340223314958034E14
-1.2409396965177661E14
-1.607039817901109E12
4.442480503839932E12
-7.458811857541978E11
2.2015503564913793E13
8.015909239142988E13
-1.5091296658236803E13
-3.3229383471919E14
-5.717033973584338E14
-8.249565456284844E13
1.2978568528699678E14
3.3624436821419508E13
2.095462360254639E13
1.2808349405402216E14
-8.871622866978317E13
-1.1029483731529505E14
2.444607385967659E14
3.928296543419219E14
6.159461454211854E13
2.6303625655483816E14
3.643325023880781E12
-5.832993233760746E14
2.0777962404230616E14
-3.0093045757271144E14
-2.353341371853278E14
5.575866776641894E13
-2.5254357171760888E14
1.9889204033724634E14
1.7567900876784225E14
-4.7788271473692575E14
2.72966094398161E13
4.547257154746142E13
-2.545274811054374E14
1.9529560442553025E14
1.9665306761683194E14
1.0188715194311108E14
7.482078811050854E11
-9.481115916955486E13
4.318311782028861E12
2.0838087149515488E14
-3.5632766285355844E14
-1.546303470435179E14
1.7315892922295975E14
1.084671112785115E14
-9.943383625910331E13
-3.8958162660592056E14
-4.856371319565801E14
3.787081849504077E14
6.4601437448350414E13
6.990531985844344E13
3.7725463693140984E13
1.7089029075459984E14
6.016700862085812E13
1.0704654485846407E11
-1.63358324929779E11
-3.756028676180423E14
3.8839068801512806E14
6.149750611130793E13
-1.984551642524044E14
7.791200236823781E13
-4.1537868612513625E13
2.2558246786827744E12
7.596428382999668E12
5.251667333657264E13
9.48041259276474E13
-2.4754570675783766E14
3.5678044184276656E14
2.5716881463911212E14
3.639602333268523E14
1.0684130597052725E13
-1.5321529778460294E14
5.5602766610870734E13
-1.1363596182594834E14
2.403160572394502E14
4.713861808225225E13
3.744373021179353E14
1.0361825393950755E14
1.1212932005016295E13
3.7755526299036E13
-2.6897433618874207E13
1256443.8289673023
