6.786572813241785E14
-1.7163841140607722E15
4.667872872816325E15
-2.971904099470372E15
9.31265152119496E14
-6.236748164965746E13
-3.487247480162188E15
1.0303644968929834E16
-7.039351736095517E15
-2.772407820248824E15
-4.777803271579234E15
-1.0065108880948746E15
-4.336291140542351E14
-1.0316449827620838E16
3.960841897499338E15
5.767242060888243E15
1.463855564189198E14
2.3744994542937375E15
6.763888782187075E15
-3.243074828232271E15
2.8378144261343345E15
-5.175362790936268E14
-5.350230666090029E15
-6.174803783633426E15
-4.7611404800474194E14
1.852795693869584E15
-1.0178732949524968E15
4.419973365370581E15
-4.766296560047129E15
-2.0938341901445197E14
-6.690868355611812E14
-1.210822501111326E15
3.9825863446514725E15
2.42196094768511E15
-1.181583872448541E16
6.763214804823088E15
1.2486421561353881E14
-7.179329337666104E15
1.611005947282607E15
-7.812101694088426E14
-4.821381969357717E14
4.525041660946712E15
-5.507563604793614E14
1.1897547429204418E15
1.8687080101361082E15
1.9066164015337782E15
1.2136978276974803E14
-1.7424117758286138E15
-2.3895553470184535E15
5.197264792667791E14
1.2945514720500692E15
1.3807496002323285E15
2.375834225531474E15
1.601141674026207E15
4.739214670686102E15
1.887994588684741E15
7.177790412419858E14
3.6961193224610625E14
-2.8715382975478525E15
2.6127213431371778E14
-1.3712705121890555E15
1.220811751413653E15
1.0177211402478716E15
7.280665166682914E14
6.547312208217708E14
-1.3821439916172598E15
1.9744399047650335E15
-1.674620005719181E15
2.0551022340217288E15
-4.348501048881907E14
-2.1512465255957008E15
-3.5741310017601135E15
1.882208780458148E14
2.4875831643866497E14
-6.838215169275065E14
-1.3673430840395125E14
3.296913000791758E15
-3.016506075355444E14
1.1767239455228427E14
-3.5620094719845865E15
3.7031455627678555E15
-6.021387877366591E14
1.994586178705951E15
-1.3408633061370272E15
3.000441812313637E15
-3.274122689404971E15
2.0217874823144032E15
-2.1493667732959738E15
2.387864808318691E15
1.3676469477862975E15
-2.2682953359913425E15
2.0194784583893655E15
3.801324590186119E14
1.0991509510223605E15
1.1980881372852064E14
8.394072641275089E14
6.14724366472261E13
-5.0447216435622325E14
7.44727697395703E14
-3.728050342607464E13
3.2170830387552215E13
-8.798935080739194E14
-3.121283037278993E14
4.939335252629627E14
2.185706352134354E15
-1.9413917863330252E15
1.847971376041933E15
6.584383147354351E14
-1.360845254867941E15
1.6558658960780985E15
-2.6019565676932745E15
-6.434585861534206E14
-3.4469271095461394E14
3.1789140321600994E14
1.9659216657883725E15
5.457302804484141E14
1.3485364407090752E15
-1.9058660999471892E15
-1.471103713759673E14
-1.9206793927375555E15
-9.505088870429861E14
-9.677420394913874E14
-1.460764932690471E15
8.510659339372655E14
1.8874572746916652E15
7.106595739995395E14
5.1785360540998025E14
7.212590492755561E14
1.0123088673967858E15
-2.1252029208138935E15
-7.001550705033776E13
2.974887828438692E15
1.3257719699511238E15
-2.621897139097226E14
-9.35440714886657E14
5.668873746093165E14
1.4454044191476098E15
-2.554066763238299E13
-3.0640724617039525E15
4.820014132757771E14
7.016334409324435E13
-6.881026240575736E14
4.325577549319496E14
2.561000158523429E15
2.2347262378634972E14
-1.8809366320079978E15
1.1375557271680382E15
1.9187141422667542E15
1.7509907137218272E15
-3.742623921458929E15
1.5676029642116162E15
-2.886282053330963E15
-3.2319487844992095E15
1.1472431595027622E15
1.4827744279391712E15
1.6094689739688968E15
-3.648645300693182E14
1.532058035638131E15
2.8616301703123606E14
-2.365916419000052E14
-1.4385832747691515E15
3.052719486689876E15
1.6414344690247792E15
2.398943690080211E15
1.867216626438368E14
4.3108451490547555E15
2.5686326280896628E14
-1.3963432318396825E15
1.107264198163244E15
-4.9952697897970094E14
2.7061469011878222E14
-7.866481855100931E14
-1.826770848696157E15
-3.2825878468031675E14
4.902218891192109E13
-1.4390807671293645E15
2.0442853737845062E14
-3.5711799186673156E14
-8.901887517204608E14
9.034711971242786E14
1.2491442901272332E15
-7.346750247216561E14
-2.874125644032448E14
-2.90668502443246E15
6.023298325414641E14
1.143639276131335E15
-2.0614093611913565E15
1.0892197977899381E14
1.6778419005819135E15
1.5930146651843972E15
-1.031828719106073E15
9.048067342640429E14
-9.133077898732461E14
-1.7505206065306378E15
-2.094357353924249E15
-2.8358226559773125E15
-1.768778768349211E15
-2.0581775635806653E14
-2.3013530310684385E15
8.078520725111445E14
9.128433442578814E13
-7.430407893003114E14
1.507931997380081E15
1.1856663089463202E15
1.8657631766774342E15
7.5881202529472E14
1.4434918589712902E15
-3.2151015145978025E14
-1.0750820459478902E15
-2.512378810162415E14
2.669324993546808E14
-1.4107490456440715E15
-4.7569701694950484E13
-8.361602244728025E14
2.835919845911882E14
-2.5175410127195766E14
-1.628714652107256E14
-2.2730168936709525E15
6.148066654665829E14
1.2076814897298528E15
-6.255219740242359E14
6.92882906650757E14
1.8413171839430672E15
1.0872094709606236E15
8.771110967795218E14
9.1364648146868E14
8.342394339104874E14
-1.0994187159503932E15
-9.82222543967588E14
3.3023511838338206E14
4.989778825835539E14
-2.075216399034406E15
-9.15931195996906E14
-1.1077576781867981E15
1.716874459945531E15
-1.6713327974014922E15
-1.2920184771326462E15
1.1646386787146028E15
-2.9756807600403664E13
-1.1602000925824416E14
4.157718538720228E14
-6.96817792823614E14
-5.037019328310664E14
8.074971773757949E14
2.5235940613724322E14
-4.3072674477298544E14
2.265168070543531E15
-1.3375932789016268E15
3.8844196891769894E14
7.262869632558712E14
3.8660753641566525E14
1.3473521959530462E14
1.8659165935397028E14
-1.0092636952500505E14
4.7579924771042195E13
-1.7015198370273988E15
2.653534579805574E14
1.1693770104141466E14
-4.0169147876554094E14
1.0305229780175595E14
8.82413035498487E13
3.422290295117436E14
1.1697881719901278E15
-5.0294614080426725E14
-7.923395227189688E14
2.6070572219149853E14
-1.0777862327296418E15
-1.2660156956274268E15
1.4719597023100955E15
-1.0446095661088066E14
-5.807728287155024E14
1.4518075534971055E15
3.835495042351092E14
1.1651172561726172E14
-9.097965556183641E14
1.6006597296051978E15
-1.4453760802677375E15
4.280837910617729E14
1.4935374665503198E15
-8.33903415070866E14
-1.9710833359791392E15
-9.799171254685662E13
-1.653333129262701E15
1.3246783838491205E15
-1.6341023934522428E15
1.2344056201013125E15
6.947761092013559E14
1.0775910622905199E15
7.884532270793516E13
-1.0619094748702801E15
-4.338591344145534E14
4.450732814031781E14
-1.543632160291393E15
-1.0193499953153251E15
8.352804998203364E14
3.0432812384483098E13
8.027492660569638E14
6.4168055654057766E13
-1.8414823863754234E14
-4.269912450615189E13
-7.399319965202608E14
1.588471712458631E15
-9.616175326934102E13
-7.852759324983555E14
2.5108061780100494E14
2.1831715058330358E15
1.0230888421822645E15
-5.4053283308600006E14
2.2703756562785997E14
5.709557625735518E14
-4.348879569794415E14
-1.5036844798470842E15
6.220790285363671E14
-1.2734804653386039E14
-2.8032947296846344E14
5.5264859950721044E14
6.901325007283084E14
7.129961746965394E14
-6.587038683802676E14
3.788633636143536E14
-4.22910336484035E13
-3.813316419401072E14
-8.1804339181771E14
4.0425320432975445E13
-6.690227603233269E14
-3.8834326859565156E14
5.917522928626826E14
-5.942568210301154E14
-1.1397915266568562E15
-3.564189666937055E14
-1.1620748556868726E11
-1.1109254903900896E12
5.350402863389884E12
-1.762627308270018E10
1.0313612699572666E8
-2.1281479684629744E12
2.304827276598394E14
2.566526657950779E10
8.548377756812112E13
-1.090093392071002E15
-2.0190122537493457E13
5.6914803621457625E13
2.8886660243359375E14
-6.721303728822504E14
1.581966397740313E13
2.0259108279024496E13
4.00593801123458E10
2.293307843861614E13
-2.8460687595801294E14
1.2962489849453108E14
-1.345404842285743E14
4.50011819013004E14
-2.8240019681649406E14
-2.937512828672308E14
1.0405661952107505E14
-1.4622004033416415E15
4.7234556218006225E14
-1.7115251533886216E14
1.5802791253496736E13
5.094441423400847E12
-2.0298035783779152E15
-1.1358655075471212E15
-2.1935078419282302E15
9.36816715961109E14
1.1649306311513535E15
-1.8976206675527245E15
1.334801790290155E15
1.7182073598911018E15
7.670066481967672E14
-9.694757800953121E14
-9.630957633622219E14
1.3400982562501292E15
-1.985828066016888E15
-1.8005193537780365E15
1.5324835400749188E15
3.360842982821277E14
-1.1993069797109005E15
9.433537632999481E14
4.3726883280851944E14
1.3795263317241602E15
-3.609852209700929E14
-4.5006955520728475E14
-3.5602369923299556E12
-4.595696840192149E14
1.2583342843399978E15
-1.0098448581424326E15
2.1423374823464356E14
-2.8213156717922244E14
-2.0251093307206278E14
1.5341996430534905E15
-3.7885797294432554E12
4.2003509198828125E14
7.787327171790328E14
-2.3660980790032785E13
-5.198951764457535E13
9.460980094707177E13
-3.5696328786928825E14
1.461589688114106E15
-1.9924326111520756E14
1.6764131163594004E12
-2.8396593629409527E13
2.8965357784017044E14
-9.849399342710479E14
-3.440810931520207E14
1.295333275221324E13
2.1419237528871106E14
4.0889775351740875E13
-9.426223481983482E12
1.7284779551591667E10
-3.3522798717958996E13
-3.8996181132157485E12
7.99843894333377E14
-2.91027693558887E14
-9.66213812862167E12
-1.2895870952265856E10
3.082237448228394E11
-1.6081118665201987E11
-2.0549404030235977E11
-7.642986945088284E14
6.693174259094832E14
-1791396.6560796457
-2514550.032274806
-9.388942973440569E14
4.337960700441271E9
-1.9539769849826145E12
-1.1722405843755682E8
-5.728888317026267E9
1.0653030779463629E15
-5.1218888132201916E8
1.90120761703531E10
1.9423984509130596E12
-2.260377065037268E9
-2.6436571071998525E12
-1.772593327953856E10
1.0952835975539388E12
2.6704297914395185E9
-1.8009217067515927E11
-4.4728687253550446E11
1.6546803592068539E9
-3410316.8109077844
1.2690664412676071E11
2.599098061737415E9
-7.971597668585922E10
6.64762877498975E9
2.7403214971724266E13
-6502089.941728758
-3700391.6369676124
8.648718792291698E8
1159302.3886759602
-3.9135408677707243E9
-7.58168029709825E13
1.808877936299188E15
-1.9274072424492142E15
-4.829099937236768E14
1.3544162081764732E15
2.230532338929347E14
-2.5892822963467262E14
3.957715156375612E14
-3.2465350956528694E14
6.224403362194744E14
-5.648049927073111E14
-1.2080586057092468E15
-1.798990240317916E15
7.426463316217258E13
-3.04328101641454E14
-8.684554037728088E14
3.280083681986649E14
-2.075262298653784E15
5.0001596101938125E14
-7.397412211878738E14
9.279149207985561E13
-4.103513573008981E11
1.0165369646791779E15
3.6877566530691594E14
8.457622176891284E13
3.414329721917982E14
-4.7607691126490506E14
5.55109157899906E14
8.370492712343521E14
-7.312172197192381E14
-1.1027342513016796E15
2.1514709282595383E13
1.16518364541724E15
3.5757998917953025E14
-1.504409699244253E14
-4.1338972957281775E14
-8.497375932277948E14
1.7682197086524862E15
-1.149733807661182E14
3.808979239830824E13
1.746323383226698E15
3.202527167689855E14
5.3385983875526725E14
-3.271462270260569E14
-1.0950715387529902E15
-7.258581073188192E14
7.707704368738928E13
-1.2697290901532208E15
-5.94790782541906E14
1.1322566952946868E15
-4.124643471590103E14
-1.0053713990539209E15
3.785879168066148E14
-7.423314971700338E14
5.3769845377574344E14
-2.189552605759868E14
-6.673577576957814E14
8.29766707575862E14
6.318452703462944E14
4.773270244235356E14
-8.302251200709569E14
7.355069505330326E14
-7.344289421246155E14
1.2616235234998762E15
4.370988448846669E14
-9.796214535035142E14
-1.3521583309330245E15
-1.8953395434024403E14
9.413691089333909E14
6.796930608142737E13
7.894717541735752E14
1.8189540076893462E15
5.855597876260825E14
-5.576594508241951E14
2.4550847981629945E13
-4.844381855239366E12
-1.501832043932123E15
-2.8394067800581694E14
1.181026868239094E15
-3.840066916123817E14
3.130506791759499E14
-1.1432868796913065E15
3.3606430441632725E14
4.3563515748636744E14
9.513404058080368E14
1.70166210400086E15
-5.4614471961634E14
-2.557745216449435E14
-5.662572430758076E14
2.772437489289041E14
1.391704281570577E15
1.1812827837577973E14
3.231552948521263E14
1.0921048446139231E15
-1.7270758980011847E14
-7.495671363059199E14
5.373239172746783E14
-2.1766830583166142E15
1.4485523278498148E15
-1.2850784292165522E15
1.475971883947793E14
-2.716819378617448E14
-6.84947765386626E13
1.1489033280626638E15
-1.0255622118907195E15
-5.896166846189501E14
-1.990924658363416E14
3.1820275078873215E13
3.981148921441205E14
2.442108700508569E14
-1.3048594213370317E14
1.1679053652574788E15
-2.0790471412948175E14
-3.7467946384497794E14
-1.162598243220875E15
-4.5933917078202206E14
2.529361055690015E14
-2.5196247222929647E14
-1.2132534927433858E14
1.220434503283233E15
-8.9025612855384E14
-1.466688884829193E14
-2.7024521003483597E14
1.4023691973451692E15
-5.524519208243285E14
-1.7658041703088594E14
4.0128301198026406E14
8.369380099295852E14
1.6280912096630256E14
1.1060709007588531E15
1.1530706921122583E14
1.8488415226404218E15
1.6468773685784318E15
1.1597960973162825E14
-1.8232677156958642E15
4.405433032814608E14
7.145477695056505E14
-4.452630195423001E14
1.27580115453509E14
-4.4013652817118344E14
-5.753517919511091E14
-8.152974590327985E14
-3.578885186484907E13
-7.75251486920803E14
1.4809382368944979E13
-1.484927398408215E15
7.6883223945384E14
8.587928267819148E14
-1.1286929649201162E15
-3.455722860691369E14
1.115630376965976E15
1.0693755520142488E15
-6.779874032886108E14
-4.8178914153696256E14
-5.2861535059451256E14
1.8867982121668856E14
2.6010357236557712E14
-1.5811589462290466E14
7.467261975088106E14
6.695238844874286E14
2.2916029303785955E15
3.114133591586968E13
-1.6236184962513582E15
6.370830972302864E14
4.804673355704557E12
-2.3669568741891047E14
6.68367688062878E14
-6.20468628617789E14
-1.231519330872109E15
9.508251861545974E14
9.341346368495074E14
1.1572499361862878E15
1.922484925765998E14
-1.2046563221280962E15
4.264651296503853E14
3.7516539545764544E14
6.213230953804492E14
-1.1626292798209388E15
-1.0058487399066358E15
-6.812495065927581E13
-1.3001830054691E15
1.002655107833493E15
-9.89564230158279E13
6.874395303753449E14
1.502062837818064E15
5.777465303767941E14
-6.541905934841234E14
-3.280047589098247E14
-7.089946167458476E14
-1.1954592383895077E14
1.749218919886847E15
-4.344290914303022E14
-5.322226803561499E14
-1.305686117254003E15
-3.9231763021443247E12
-1.38371552614641E15
1.4078506213865922E15
2.244270282765696E14
1.3961652411235255E15
9.47967623108091E14
6.932547000957218E14
-1.697335909789831E13
-6.025905343603838E13
-1.352801080091726E13
9.510274621840594E13
-1.3958663927056898E14
2.005795806054558E14
5.3896882563850266E13
8.521069009117119E13
-1.0534407626580139E13
-3.435065763192126E14
1.3252558771498642E14
2.4340560226557347E14
3.176338151156713E14
-5.289710314680566E14
-8.607953269565444E14
2.6537083465246303E14
3.7469240634844766E13
4.50052538375137E14
3.985481253389092E13
-2.256871471391978E15
1.2882607485141708E15
-1.0503070614628896E15
-6.353243679948466E14
-2.313395142115667E14
1.952225065994483E14
2.2455364490416775E14
-1.862212246443273E15
2.4158908408983447E14
-1.0185815294107766E14
1.8502434953483935E15
1.256379386221995E15
7.409885002137567E13
1.316735986541768E15
-7.324341860251442E14
3.828607509029935E14
-1.0176888009834348E14
-5.374091936519664E14
-8.414470295964133E13
-1.2440257195968945E14
-4.221000343563285E14
-9.783682089510566E13
5.2341909234027475E14
7.689480997361436E12
-1.9190587746232506E14
2.5963151259905875E14
-2.180801956430964E14
-5.761321953766138E14
-1.209169030124201E13
3.670126172643543E13
1.0645641111173158E14
-9.988572865827714E14
-8.437038991535382E14
8.015270418729728E14
1.496305762745053E15
-7.394881978146535E14
-8.061780522426886E14
-1.9625456095167388E15
9.004583990382145E14
1.18200791835539E15
-3.9951694358671906E14
-6.073511758487495E14
1.2711399160734998E15
9.802177909524389E14
-6.66237632253062E14
-7.218896458147902E14
1.2669322242959165E15
-2.6818364536594553E14
-8.557757164468974E14
-4.757224727613316E14
-2.707881006294488E14
-2.6815931015311744E14
8.766467656458965E14
-1.707837948982957E14
2.3198501153972938E14
-3.076055353077187E14
1.0100957005141315E15
6.18050135213136E14
1.1320062270408472E15
-5.4168004464280766E13
1.4931333918542325E15
-2.306221406092351E14
-5.5092055500565194E14
7.665935223419481E13
-4.8525119491372094E14
-4.0124971005286944E14
-5.124885114826603E14
-1.678788813116794E15
-9.348785434076344E14
2.460844534051009E14
-1.6586348737636162E15
-2.6115460030570456E14
1.4326716011721398E15
1.957992421886682E13
3.697898496863443E14
9.309649782879574E14
2.063419134883852E14
-3.433617540746425E13
7.220589436761489E13
1.5372119838456955E15
4.4489736118997775E14
4.472211676114153E14
-9.250212138689291E14
-7.219449928576749E14
4.1150289723454794E14
-6.824019527672397E13
1.0322968184826766E15
-5.951902441524211E14
6.364774090891808E14
-1.4884870775208988E14
-2.1456845676698538E14
-1.0546432202125695E15
-2.874002158338934E14
4.7297642789908325E14
5.563154074555575E12
2.197147109168529E14
2.2555863567950147E14
-9.245434658632531E14
-5.651340420710755E12
-1.4049570989667692E15
1.3799310895950903E14
5.523309825808604E14
8.683641289222212E13
-5.057446073359081E14
4.306691556063129E14
-5.5175964161146506E14
-1.0749568455127065E15
-1.0291013975546891E15
1.4721621189478058E15
3.292005849680308E14
-5.506049302706839E14
1.448919051482748E14
1.593890907529793E14
1.1015138652270255E14
-6.265571852542861E14
-5.6237872556965944E14
-1.0637720182522073E14
-2.079262157565769E14
-2.4584962347525275E14
-2.2278809482042838E14
-1.5486680959649555E15
5.2431587775291994E14
1.2752644562447455E14
2.311867737403279E13
-1.5030136560826575E15
4.7097091474811945E13
-3.951484813469698E14
8.303948102213129E14
-2.2306750189604225E14
4.375665664273862E14
-3.798626831651244E14
1.3184899024439245E15
-7.374862606561542E14
6.392118366413549E13
1.736660571403422E15
-5.668620286645661E14
-2.3180390376877838E14
1.0574229057161055E15
8.578039290120574E14
-1.0456483014223454E15
1.6717876057328448E15
5.4231893139243244E14
-1.1095042651413565E15
3.34093624488644E14
3.8342857801688706E14
-5.453371042053855E14
-1.0805886322199582E15
-9.46816861705924E13
-6.902308521368198E14
-1.0194640421889182E15
8.318202383760779E14
9.930336348808381E14
-1.130771731675782E14
1.4267555655826698E15
6.866667774389539E13
1.299575959868467E15
1.6579246541930788E15
6.618720280422801E14
1.245388963362127E15
3.508079307103648E14
5.4344002874444625E14
-8.412580027788271E12
-4.0947089755693906E14
9.880357399930625E13
-2.0511566633179028E15
1.3843373562878532E15
6.591800740576209E12
9.210630529855844E14
3.528249695080835E13
-6.149785747186535E14
3.7336646987020325E11
-8.089727628536263E12
-1.1807174649791677E12
-1791396.656106548
5.321594199960221E11
2.3755978464933345E12
-1.4248172772537553E14
1.4979726729131477E10
1.7395556627649268E11
1.4505154917450486E13
3.4264308985470575E14
2.319765322352042E12
-2.7454664141214455E10
2.056775056892597E14
-1.499105154433079E12
-6.639897591089032E9
-6.533812351674106E8
-6.1565581657333734E13
1.2772419279547208E11
1.4839508033118787E13
-2.0544153921189953E7
-4.668247412505561E11
-4.106448147819275E12
2.7384182633908836E10
-6.119232266069761E9
-5.244510398327832E13
-2.858767013130436E12
-2.0603854784268982E9
2.55206133698031E9
-9.43581475142216E14
-7.418223371816311E13
3.5300950689232025E14
-6.952047799648975E14
5.072107026108018E10
-6.551068447588048E14
5.563671518659147E14
-9.720257412718714E13
-4.612515399537893E14
5.8924343714835E13
-3.6074003690273375E14
-1.1343542363898484E14
7.844351655472748E10
-1.7305624243363955E13
1.495362727824814E12
-1.3174208441030467E14
-2.6382680306839962E14
-5.881791134463645E14
1.4238134220876515E15
-1.481872984578084E14
4.844903742317401E13
2.903759164998423E14
-2.5075208394994766E13
5.6997776371026516E13
-3.030749581020469E14
-5.716278092508884E13
1.1355426712751434E14
-2.1132972088924922E14
-5.1593753571098256E14
2.3110139986536853E14
-1.0582743242121182E15
-3.069077533624792E14
-1.682276447001753E14
-3.5955460151673344E14
2.5565403831334747E14
-2.5992755304372984E14
-1.7029802497200766E14
4.573631079445647E14
3.1297835347113644E14
-1.8885197158896703E14
3.379993624866232E14
1.1966283517893144E14
-2.074192172220144E14
2.420200472786782E13
-1.0237601784801652E15
-9.113995556698516E14
-6.800811705580022E14
-6.610509363057511E14
-2.2459687380809922E14
3.376872234819674E14
-3.3622865993051756E14
9.414134186885592E14
-6.422675971757167E13
-2.5140860635773588E14
-5.654996401490594E14
-2.6085631381037797E13
1.1198245457742376E15
1.8610859318851565E15
-4.7946577312657744E14
4.399360955449548E14
6.75131158634988E13
-6.717765280603089E14
9.734587690305062E12
2.447175760512059E13
1.3666892560752553E11
2.685466691043891E10
4.759995263799099E14
8.037365144636939E13
-2.738134699191539E13
-8.504984908344921E14
4.0674318359781306E14
8.572560062951488E13
-4.606463380934262E13
-6.761870954888477E12
-7.935119736548888E13
-1.352647942200251E14
-1.0058159665464292E14
9.649830304539275E14
2.2556768997482706E14
-1.6621909678527938E15
2.2816425085085977E13
3.858667337588248E14
3.3883781897639598E13
7.612547323783997E13
6.007964540001672E14
-4.91335160946218E14
-9.263361374416304E14
-4.152266465710111E14
-1.4918557184390328E14
5.42381495568096E14
5.994033984450918E13
-3533808.273135766
