-8.077731895251601E14
9.972155841133118E14
-2.628125820597795E15
2.9239854040533885E15
2.5072950627469334E14
-7.493614866370514E12
4.0791209093993065E15
-3.7218522301796495E15
2.8947855614199725E15
1.9561415245689142E15
4.0683771308286925E14
6.249967300335941E14
2.6468058571701875E14
4.0198206674706655E15
-1.9262231580932942E15
-2.7728959301760865E15
8.92567738728607E12
-1.2722660631398918E15
-4.964227772822163E15
-6.817945706546995E14
-1.0617133671714748E15
8.922694868504197E13
1.397068509333105E15
3.705513858371112E15
8.800280178894621E14
-1.4180818153504878E15
1.2871984809046812E15
-3.0319519226204495E15
3.035043144203995E15
-1.4017111810296598E15
-4.345879348953616E14
3.6829442803745706E14
-1.721309735758212E15
-1.3672676293686132E15
5.500253442737122E15
-4.2483437682402335E15
-5.864835337761445E13
2.921295381787588E15
-9.033066269046635E14
-2.3057201245764078E14
-6.478783245315094E13
-1.532160635496633E15
1.2379987471461575E14
-1.2134834571864597E14
-1.2584005177026688E15
-8.053685043684995E14
-9.609860168026999E14
7.91907283050992E14
1.4079407106894012E15
-8.97343294927157E14
3.3203966222019775E14
-4.905103100598492E14
-1.2061027708064335E15
-4.842845221285298E14
-2.2284218241098862E15
-6.833713982945364E14
-4.4733224888557175E14
-2.2555858989233797E14
7.666239430885759E14
3.40694259596725E14
7.453364608793308E14
1.1116714020493961E15
3.315255681010495E14
1.2106602211470832E15
-5.465856479781813E14
-5.652807266068636E14
2.3252095053803615E15
-2.008163526327471E15
1.0367341570382772E15
-2.7807951916834445E15
-1.5577610226332862E15
-1.5461475486230362E15
1.5783366547346438E13
-5.655765465927532E14
2.1676776403757125E15
-6.468884924909011E13
1.5911781689970352E15
-6.831004475575074E14
2.189474122154672E13
-1.7649798201146068E15
2.2371955312603102E15
7.859064079113097E13
1.2162719393234902E15
-6.30272240918599E14
9.908800317799056E14
-9.481352165895054E14
1.1059102803959038E14
-8.519794577520619E14
1.022240286124618E15
2.9871852889298725E14
1.2301090871876055E15
3.671863250221328E14
-5.094243115016477E14
6.151596078222912E14
2.3485328945839293E13
7.835682339997045E14
-1.5792708398530397E14
-2.1617124228570734E14
3.337983530649202E14
-1.3207517512168543E13
3.1069355090357456E14
-4.02654617645977E14
-2.786847316844744E13
-6.574641342760268E13
7.293646875176266E14
-1.0588516399869954E15
1.3816019815113642E15
5.73902577917654E14
-5.871053810718038E14
9.538076807028338E14
-6.170254557952246E14
-4.820574880127504E14
-7.532358432956533E13
-7.481639401465435E14
1.5635246401658262E15
4.3393247588311225E14
1.571174038848423E15
-7.806116955869346E14
2.109187458206632E13
-9.644139780872439E14
1.3922580587157386E14
2.339056924415677E14
9.29407186473218E14
-2.0113304232852878E14
-1.255387056877612E15
-3.3673478070506305E13
-2.488296452894797E14
-3.109248007299329E14
-5.4480868302413925E14
9.897977062355476E14
-1.483497060193636E14
-1.311564553546671E15
-9.235125999316029E14
-1.6615394653029866E14
7.976471957151782E14
-4.118766192311347E14
-8.324635407326748E14
-1.8729956226097366E14
1.1133307927529084E15
-3.701719124875437E14
-1.0354134881450212E15
5.964136424470101E14
-7.181564014093236E14
-1.8637689591426788E15
4.700589921504267E13
1.3653307850699188E15
-1.1233307849008456E15
-1.4156122057911728E14
4.0806080481380484E13
1.2179636411651308E15
-8.676959154048458E14
1.6210276008141498E15
1.4558181867345235E15
-7.414352130195469E14
-2.5908305593839712E14
-9.854195926875858E14
-1.021391481857309E15
-8.839817133985532E14
-3.7213208658335106E14
2.4744420651052984E14
6.59984381432177E14
-7.423828837947265E14
-3.579658902907715E14
-1.0220754362396156E15
3.047909426862262E14
-2.356108887645572E15
-8.063365764128102E12
5.393614348118457E14
-5.4091544578521256E14
1.6765519135065416E14
-5.771219333818526E14
3.8219214846009525E14
4.871352101766564E14
1.4221219027222575E14
2.507202193428176E14
5.626468075080275E14
3.097322120776966E14
-1.3582676741224061E14
7.431287929608138E14
-4.34340626921478E14
-7.545724236579438E14
4.376323691991875E14
-1.662213213119898E14
1.1388898758809558E15
-1.928373073806842E14
-6.137214910290091E14
7.5456279724977E14
4.0621717566690425E14
-1.3611497335621847E14
-8.897933090800794E14
1.2541240983720058E15
-1.9727683286710475E14
1.0103062470057012E13
5.843605067945916E14
3.5774355827767656E14
1.3760902344119542E15
1.2364113720469008E15
-5.914626804924578E14
1.923137112142629E15
-4.674765154466488E14
-1.1953647373441884E14
1.0064297368005416E15
-2.3580272840922234E14
-3.353424133505522E14
-1.2373888440483138E15
-5.2240266943349825E14
-6.368571068642556E14
2.046534806260386E14
7.000364544616774E14
4.2597733639364225E14
3.882170304030516E14
4.9533067206824906E14
-6.748401300188118E14
5.5040784055669006E14
-7.510981674558417E13
-4.6729603914209425E14
-1.1055753408758612E14
1.6686434732599538E15
-9.116214361481428E14
-6.948006037294824E14
3.4812170846872556E14
-5.386930767821802E14
-8.589339681727881E14
-4.3415374443398706E14
-1.7932386297536662E14
8.587401650303481E13
-7.710983232540882E14
2.8322732247007164E13
1.9778887956729723E13
1.8337425350003622E14
-5.6183146081559725E14
8.314494192208271E14
5.839388362791298E14
4.385573484970108E14
-4.2109352496656694E14
9.488339279569296E14
6.627198848675241E14
-4.5109990888313294E14
3.6008652259095406E14
-1.4438752562974962E14
-5.684809127251511E14
5.85705499857744E14
-3.941402257395932E14
-2.7229419746756075E14
-6.419349746452582E13
4.134008630832409E14
-1.3021391216196908E15
7.194934423437912E14
5.260296834907563E14
-2.617552101211038E14
-2.558149743930683E14
-9.344903268029528E13
-3.114119158695014E14
-1.958527582856036E14
1.1996777603919648E14
5.5482788168367775E14
-5.917794860379895E14
1.4694492311250428E13
2.5366128968404266E14
2.8026305375145262E14
2.910380614366811E14
-2.948857475620622E14
-8.361164101865331E14
2.4500218391492938E14
1.1407249368469218E15
-6.4270166845138766E13
6.807957468891429E14
7.199176800326231E14
-3.845589329886468E14
2.1775607215734978E14
3.9534663987224125E13
-6.777619038026366E14
-5.3056546220918414E13
4.840649657845081E14
5.4810943949467906E14
-1.1741951891679255E15
6.10390322659415E14
6.9446777273290234E13
-7.189726910892562E14
5.695523755861159E14
1.292762288179306E15
-3.048536824081911E12
1.0498462182474741E15
-2.663241748200603E14
1.6176247128711488E15
-4.362683065602635E14
3.011749046973609E14
1.0189151034704723E14
1.0759102293004848E14
3.6749033077545044E14
4.213532128246847E14
-4.362702499891493E14
1.3138181212030472E15
4.180055526157542E14
-3.5036340602720668E13
-1.852075435933213E13
-1.0747209982294019E15
-3.4310692180601075E14
8.178948027220255E13
1.5162089838170988E14
3.530705665369977E14
-5.3440100282730294E14
3.9874934308120144E14
5.048788707965759E13
-1.0014158684670131E14
-2.24352803160185E14
-4.910520163191583E14
-1.9792561828838047E14
-4.4641440179938656E14
2.7118618941014706E14
-2.740511725005203E14
5.892974268780502E14
-2.7913943354766162E14
5.677143034980669E13
4.1733610717782656E14
-4.576406192860719E13
-6.108174267793761E14
-1.3321086057018772E14
9.081487205746838E12
-1.0238949353484178E14
-8.861842417143668E11
2.4194829535565644E14
4.25936863244737E14
-1.2680393213082644E14
4.5440097792927575E14
1.2158272389352789E14
-3.800565543641985E14
5.671326528607149E14
7.529388549534439E14
1.6930868100644162E14
6.047752409310656E10
1.1095618526283186E12
-5.794648078958317E12
-3.684757522388323E9
4.267914179941277E7
2.374952406550894E12
-3.0993700621976106E14
-9.521148720371752E9
-3.945479907382041E13
1.1326466140543415E15
2.640672546568664E13
9.499239890001345E13
-8.041628216770335E14
1.0643278585234728E15
-2.504319021853002E13
-9.469057010566308E13
1.766214540862961E10
-5.779266825429098E13
1.467554133955357E14
3.117324346011462E13
1.1080490430415042E14
-4.040601554421288E14
4.087800574576336E13
3.783964410001684E14
-1.324328026051063E14
8.808855700629695E14
9.767928995981098E13
5.8825920304776625E13
-3.76317855496982E13
-9.87314240127061E12
9.330127049779926E14
4.529411156995347E14
1.163228944762463E15
-3.3024125456430006E14
-4.994079845977377E14
-1.022666442057016E14
-1.043179691394626E15
-1.340385924114954E15
-3.05528539423648E14
8.704054807245331E14
8.925157917778999E14
-5.77378637893038E14
1.6130573763068055E15
9.044502520673018E14
-6.705920964654738E14
-3.620600075824424E14
6.000087966179714E14
-3.6040768386610175E14
-1.94048002290584E14
-1.232605710119003E15
1.245349415179489E14
-1.5463561800782228E14
4.547261375063865E14
7.5154746338712E14
-5.1015544853212994E14
3.3228320184627556E14
1.3242362484880345E14
6.4716519159011055E13
-9.134447877955381E13
-8.55781662683527E14
-1.15895137914109E14
-5.902900933902301E14
-7.332486097575314E14
1.335818011731446E14
1.533901695400672E14
2.6459198352804992E13
8.55920318513841E14
-9.231638032419001E14
6.088630090755131E13
1.880781825816342E12
2.0381078627026602E12
-5.183269996702353E14
5.1521221977572156E14
4.0356875526077725E14
1.9882997155176117E13
-2.0018407783053064E12
-7.221420274392534E13
3.2093797747284066E13
5.1784306344450485E10
8.491207223256831E13
2.0984655767696957E11
-9.374950651777985E14
9.345672115492954E14
3.5368261780128164E12
1.3977444729703526E10
-3.9548659570918256E11
-1.9139669368024775E12
5.512267862485084E11
8.432227275473956E14
-2.84601300489016E14
1448426.8688981142
2952036.3073950047
1.688814504932958E14
-2.0737612125241282E9
-5.4401239739391705E11
5.182687107492068E8
-5.2701970026129675E9
-2.953353480552172E14
-2.801600569929274E8
6.817499022338606E10
-1.3404753366274236E12
1.0441007001128687E9
1.1569537565914082E12
-9.669980278184603E9
1.6418922754263306E12
-1.3822857010184948E9
2.4855841488092247E10
1.7290524492827505E11
-8.676891371673021E8
2733688.586034352
-9.72997991942401E10
-9.397479989753961E10
-5.13368145692088E10
-2.3041595665831314E10
-1.6654972687189982E13
8.171789598097383E8
2896093.846729167
-2.488089639047147E9
-854600.6934128538
1.4302154849338266E8
1.479166823044662E14
-4.293170087087105E14
5.200883203616761E14
3.139667518723987E14
-7.353876921773111E14
-1.927400981517259E13
1.4363592156121625E14
8.685567999976139E13
4.162011432378991E14
-3.865223609147002E14
-4.458237446118234E14
6.839800570188826E14
4.9189798490600456E14
9.864200047613858E13
6.304610039194091E14
5.5500132365290394E14
-3.4926119035236175E14
7.265575707994215E14
-8.728718256395755E13
-3.689247838704924E13
-5.305236615775338E13
1.4727561729841355E12
-3.745717477127958E14
-2.621311296365846E14
-1.431140641222091E12
-1.6180636775708438E14
-2.5248482676770025E14
-1.8588418025136055E13
1.812445897204652E14
6.428116472060855E14
4.6969340459083206E14
-8.862319462599716E13
-3.639244418831817E14
8.276850396951902E13
1.3224088886646456E14
3.3962254085437675E14
-1.0936085478716304E12
-9.983440031048905E14
-2.8684204073278375E14
4.445914058660424E13
-9.781128451689044E14
-1.1426126020424183E14
-5.1399485774407644E14
6.105134719520407E13
4.6085473706660675E14
2.859065643141613E14
-1.56807418477181E13
1.0379193515243911E15
3.747346727389294E14
-4.828997138419948E14
3.969874311449836E14
4.235476110580822E14
-2.6153250991447206E14
7.72035583837426E14
-3.7870744651361744E14
-3.3739150727905457E13
5.124953944679601E14
-8.465681957752922E14
-5.137188271177921E13
-2.0726365783722944E14
4.3104473864362744E14
2.0745041931135066E13
2.356324080581648E14
-5.02597925473148E14
-2.5894591007008706E14
3.8085820218056994E14
7.438696587854E14
-3.836699843801177E14
-8.358408197467679E14
3.196481501420175E14
-6.990578402840704E14
-1.0654852010864222E15
3.891383014332522E14
3.402400456915137E14
-5.2330881614753555E13
1.8251098748409528E14
3.671451149649609E14
1.0498948032946589E14
-4.924019652085404E14
3.5529692377883756E14
1.7828566153471203E14
3.756835442091086E14
2.6766830033822347E14
-2.008128609658586E14
-4.230810847769272E14
-7.370671247235752E14
3.0758393720764625E14
3.6904936691554927E12
2.4011559199071338E14
-8.776421983799898E13
-1.4216425343366622E15
-3.794092202102911E13
-4.312057559936755E13
-2.5736745857207038E14
2.5161458543592725E14
-1.0544875725606377E13
-3.765120978743629E14
9.387264374909786E14
-6.302205154235144E14
4.3553440267569594E14
-1.212565997994385E14
1.2274066213081469E14
8.518948386770494E13
-6.76167093371169E14
5.799132598280888E14
9.315353929889033E13
-4.11619151957942E13
-1.313819279593594E13
-1.888092699956609E14
9.499537845450339E14
-5.453432197331151E12
-2.3629116657642756E14
-4.2147034156426666E11
-2.2183416593975484E14
5.479185735252232E14
1.2951410952356034E14
-1.1110352539553144E14
1.1697003250012569E14
-3.108176250571052E13
-5.78893262120131E14
5.993524423434044E14
5.743837218285319E14
-1.712506560560784E14
-7.636068514499075E14
3.2851239438038744E14
3.078663564497778E14
-1.030183613000345E14
-5.374399777772366E14
-3.1259836149202508E13
-5.952897672886301E14
-1.1348037613139403E14
-7.898496522218672E14
-9.20788607927113E14
4.695102291452389E14
8.222258171414579E14
-3.833186796071544E14
-3.62621958897127E14
2.7896036776326103E14
6.970526106937433E13
1.9981703303053094E14
4.9840202293984206E14
1.1541619490777682E15
1.3312023359746104E13
6.55932693108394E14
-5.125140062693244E12
8.99991364089744E14
-7.295676275546338E13
-1.4286587303221193E13
1.5056472629500425E14
5.3617789512542075E14
-8.683111713469491E14
-7.515689448671574E14
-3.356598479541237E13
-3.0514834375851758E13
4.7040954091205794E14
1.7211977777162984E14
-2.9580119773603475E14
2.783351349588735E14
-4.221737168123381E14
-1.4466933897585566E14
-1.269181474947644E15
-4.005562339973382E14
5.5569903907055244E14
-8.795881904098589E13
6.07685820135087E13
2.263655097536836E14
-3.516043428000014E14
5.096235262763451E14
2.6302887940409716E14
-5.675647240401159E14
-8.247910906966835E14
-2.693172413277507E14
-4.7528456257988055E13
8.98740155055011E14
-6.255020736607775E14
9.376820830440838E13
4.645250651576934E14
7.024388865652076E14
8.633236921555178E14
1.2396013876205758E14
6.896954284959054E14
5.851022428193201E13
6.61746112705962E13
-3.721995885291806E14
-8.728842291136711E14
-6.882689154062448E14
1.4100290993484372E14
8.293108662190012E13
5.1962917844121775E14
1.3311595296936195E14
-8.673294946798331E14
6.529178210877271E13
1.1686904592660789E14
5.346617442721004E14
-5.69079454691213E12
4.2782704982083194E14
-7.441133094019629E14
-9.807190440319831E13
-5.063817343456204E14
-3.5956322751865375E14
-2.1128584244170572E14
5.1324960658968016E13
1.0056293176249652E14
-1.4526325209701612E14
-1.1908351584253167E14
4.706167923428932E13
2.4052986635849972E14
-2.523849685441227E13
-7.995447878376539E13
8.148875669951839E13
2.59785579143053E14
-1.3834376254985934E14
3.5913320376200914E13
-1.0134038993283555E14
2.6632528134913084E14
3.170349403561572E14
2.6734353495816094E14
8.19192541803458E13
-3.50932018798497E14
-1.4240497915236928E14
1.5236175047478558E15
-6.337223012530945E14
9.386522661780094E13
3.133535259733292E14
2.2422639750397222E14
-6.611536119068398E13
-4.1488715138334194E14
1.0017048031109898E15
3.263580224345231E14
-3.8671924599377894E14
-9.863461601170882E14
-3.386442855804877E14
-2.3609238143381797E13
-3.1328009393654475E14
2.3075279209076947E14
-4.295351498604067E14
3.883676198399719E14
3.586682518599118E14
-6.098234122776892E14
1.0511674158942617E14
2.976137619327694E14
2.7203119532034325E14
-2.90403037693862E14
2.3492554271154197E14
-2.1125388044976543E13
-3.8166762470012606E14
4.776680245440137E14
7.316323020237211E13
6.327666864470819E13
-1.0463323041487236E14
8.265578007483478E13
4.5223114557371844E14
3.602521307240946E14
-6.112725376807307E13
-9.754413713827929E14
2.8998626803943006E14
4.808171487961357E14
6.403891020181074E14
-5.716794398924847E13
-5.255185551659247E14
4.572270293224293E14
4.452383309067998E14
-6.891756407611522E14
-2.761447533484944E14
-1.8580463074778965E12
5.293821617374192E14
-4.9329118430068725E14
1.291365189779495E14
5.937139798056376E14
3.7385412369804625E14
4.811188196975083E14
6.634950719624008E14
-3.578471447763291E14
-3.0242493385672844E14
-3.46479173695998E14
-4.158649801419747E14
1.765809409682795E13
-3.011005195608627E14
-4.334606545948154E14
4.398390058102753E13
-7.124440803473144E14
4.80520673862054E13
-1.636414473135402E14
-3.169886047185645E14
8.467154154643356E13
5.765708998445422E13
4.9561213674956075E14
9.952093664000075E14
1.0652279230604322E14
-3.412892295612876E14
5.1633779529931256E14
3.806907924768238E14
-5.258474933671956E14
-3.994151441610429E13
-6.68553096270421E13
1.8996675275947516E13
-1.6290876247488075E14
1.7573957989873508E13
2.70998633273655E13
-1.099014314178274E15
-8.975410994114373E11
-3.6728949848805275E14
2.9052555101271756E14
1.780185838351402E14
-3.0405654241243106E14
9.32680727318991E13
-4.644116127164613E14
-1.1193390769186333E12
-6.2499486849888414E13
4.876406439462275E13
4.298393983954701E13
4.40742688211776E14
-4.704536197683352E13
-2.784104908220932E14
-5.103425464579162E12
-1.301991742190487E13
-2.2612371499306406E14
5.668677007409272E14
6.561998746135359E12
4.0222045065162606E14
-1.5386541278523084E14
-3.787167314132501E14
-8.773699135852344E13
3.3619495771442594E14
-3.6230888351463475E14
2.754070148641171E14
8.498522282387702E14
4.4246025571069944E14
-6.988075048876508E14
-1.2600915214886205E14
7.98644687402325E13
1.6452016434086842E13
-3.309600560969944E14
1.5373825536994606E14
9.51772695159757E13
2.7524274924016644E14
-1.2639363003805303E14
1.7108306169227094E14
3.612775412222911E14
6.747085979540566E13
9.319407643463518E14
4.7069680979351305E13
-2.848966365751681E14
7.672301596313673E13
5.2514186106141725E14
4.520242394492388E14
2.1896567773063172E14
-5.367434515290455E14
-1.8681571600066706E14
-1.6769194181511771E13
-4.4825365007417125E14
-9.237260060438064E14
4.2222806445538006E14
2.00116905588349E14
-6.72760462800654E14
5.058524395299786E14
-1.3307761631332998E14
-8.993001358034369E14
-4.3259014354307806E14
8.070746006288869E13
-1.2111634998275215E15
-3.515259057290777E14
3.573771122255021E14
-1.757284253803084E14
1.2754627066399039E14
4.1525316064842925E14
6.281411405739805E14
6.795524691437977E13
3.4300385136366756E14
4.0261577669978775E14
-7.432579057220572E14
1.342553209823785E14
-5.090323502276217E13
-8.662744497510912E14
3.607608906990232E14
-4.659745153384455E14
-8.021568439345062E14
-2.9082091468239806E14
-1.3819182030267963E13
-1.6041974511230844E14
-2.4569810497852925E14
7.433613866268804E12
2.0575773097970428E14
1.2292923345699129E13
8.026395289479224E14
-8.034141973899871E14
2.072206598308401E13
-5.0267036634818256E14
-2.7824122389650145E13
2.9031354320231206E14
-1.5763999711929315E11
7.376638865239755E12
1.6947660136710955E12
1448426.868919677
1.4870865735771814E11
-1.1648955031646663E12
-6.410116753892525E13
1.0179396402742895E10
-6.293641566005075E10
2.5513177708419212E14
-9.442663932631354E12
-4.650500842711134E10
3.725669159423472E10
1.0437239616872089E14
-2.203033388742892E12
6.829936205991182E9
2.0082927295064237E9
-7.083227498742731E13
7.672566779809025E11
-9.233165614429969E12
-4.260027797981854E7
8.257646852756833E10
1.2672086600583229E13
3.2149281645131023E10
-1.5580455174324003E10
2.451726730723853E13
-8.045096949539902E11
2.735643471457389E9
-2.6935321554948373E9
-6.947327286366195E14
-2.2055829748080992E13
-1.7342593047153566E14
1.1942103085712702E14
-2.5908551439731836E9
2.037216780164862E14
-5.397128151641887E14
1.2477395221875617E13
2.979941886163785E14
-8.78692564771872E13
4.46173695529439E14
-2.3473555678137712E14
-1.8121794345817075E12
1.7203164428962592E13
-2.1136047457363E12
1.4295719024933606E14
1.4677868148890612E14
6.609207251730871E14
-7.020727472661212E14
1.0433970605857252E14
7.133530003869623E12
-3.127550922980209E14
-1.1523057771002842E13
-5.12209975256931E13
2.506194710345512E14
1.51143766372997E14
-1.8077384464318144E14
-1.0270500751563634E14
3.2820791682007875E14
-2.950880380887523E14
7.598355291376588E14
1.745710488836712E14
-2.3231347010182156E14
1.7425561416236538E14
-1.3232815020229912E14
1.0997566966452691E13
9.206394936721127E13
-4.7189463689089806E14
-2.957082496719102E14
8.108972444720745E13
-2.019682762561454E14
-4.294617579198412E13
-5.14927826081615E13
-3.5595303262067406E14
4.640800678513591E14
4.851381878221129E14
4.9141023508788244E14
-3.7639105657693945E13
7.043675439578048E13
-2.6921153815926784E14
-7.969843825382471E12
-2.5899717053478616E14
-2.384974590991202E14
3.425398756183013E14
7.433688788834605E13
-1.5107795180670806E14
-4.585439384937317E14
-9.381950709521785E14
5.933281724450858E14
-4.435724119516203E13
-4.5094827161877725E14
6.504424432376016E14
8.400160913025364E13
-1.9286475249105447E14
1.428982324973073E11
-2.4292337110586185E11
-7.43109378785842E14
7.957678226166041E14
3.0433491714199225E14
-1.9561384806483285E13
-1.0542026849046161E14
-2.3245570782145862E14
9.860341014835008E12
1.1820242337698049E13
8.748421077672962E13
3.6475775924387575E14
-1.8646216203433103E14
2.86477118574898E14
2.258688964991618E14
1.0328201526305199E15
2.1903478756346387E12
-4.231349939565643E14
2.095525797287811E13
-2.5452618533424416E14
-3.884685663803715E14
3.804950505520389E14
1.136485758130642E15
2.055495277300825E14
-2.5439620361296805E13
-2.4037131184794088E14
-5.852170051293306E13
2857245.264553417
