5.678933327080494
-0.3648883397343038
-1.494037472769473
-5.56175105074465
2.438197441249072
0.9644282827153537
-8.635876517855031
9.329360363949249
-2.9451574197678907
-4.654358572130421
-3.4199567184828443
-0.6480540748768668
-2.8385870258835317
-14.494486689966926
8.908665059226513
10.084537490769275
-8.505741649675352
4.746147867070682
13.064560349626912
0.03650352964798191
-0.6743521006240438
-6.562735990759692
2.920435688027741
-7.6509602607569365
-0.6112486647078261
1.9084592541354002
-1.6395263477846855
11.348228712283925
-9.30625904686084
6.8899350091435405
-0.5941045213136722
1.7157590853316589
7.488992703729879
12.182799342709416
-17.39538058977106
6.610783160880193
3.787904570627377
-11.946370207633441
-1.308925500589831
1.7349298456603355
-1.2096425058914775
3.2155242293727713
-4.924964001503731
-1.4221965841571909
3.706309242973217
3.2758232232677793
1.389363107923462
-3.2074556857509644
-4.030683419593147
2.471423171099329
1.4676155066477805
-4.343852272570243
9.341854038746895
0.13545255447463508
5.147989244288564
0.9501931701575325
-0.5798299748963915
7.496763890758386
-2.656461135685764
-2.1620396698567714
-4.2336809145983585
-3.0126923035113746
-0.2675918431650475
0.8097112305071846
-1.1943969173523403
5.064462712454875
-3.946250404313152
2.6577873890258235
-2.7796322683389647
4.0755450953458645
10.442604443654373
1.3686732620072386
3.0690502120013834
5.144802108031393
0.5892002045168409
0.033335191083652814
-5.156357178418296
4.896189246781492
0.012511246609320103
1.760372493968956
-3.1945201050953695
4.981802344177633
-9.689828770543434
2.705949075002367
1.181866362000023
0.133358918162759
0.32311616192999404
5.437075362860553
-5.389982695449023
-2.0343535119590666
1.6790769530052705
-0.2775024027651171
-0.9369380252623294
-0.027297439006746877
3.359257133496186
-0.1279194209593109
-0.9436111673354637
1.3477138778414732
1.3778052882022402
4.5526950325442215
-1.0680539423599045
-3.884423461776034
2.3606636414820827
0.11448325822185246
-0.7779856041342947
-1.6945666013716958
2.8045149558226625
3.159209398186682
-2.3798530955032158
3.7957007187621024
-0.004368369148687387
-2.9528117486489878
-0.48034775950356323
0.32736081013335927
2.864331500985525
0.17938526326809712
0.3409289085999427
-1.1742813586557324
1.7889646796665999
-1.2145218507133186
2.2081014186457155
2.362705839130331
2.4852496855649586
3.7343999254242326
4.393458890500542
0.42541042927673256
0.634017785525875
2.4263676237485017
1.1257916525225304
-5.3419515780576186
-1.7725587519489663
5.449055108538044
1.0795599157976479
-3.7475034636000686
-4.383375112453334
0.9636235957853516
2.106985079913895
-1.0169270343129335
-5.5675368378643935
-1.5961714872262496
2.761916152000846
-1.0951336001041143
1.6112706743991725
5.6711049889776355
-1.5196086437395075
-4.7861668904864585
4.7479502088109955
1.4605987378107685
1.8717089719361477
-3.9485451742037987
7.001991395173103
-8.968727914805443
-5.017422627002064
2.6314920949444685
-0.14971085959555921
4.802596507101951
1.699048403602108
2.1240716944457354
0.8813593350997613
1.1355629833037697
1.5921423006632847
2.1015520361607827
2.779171916871121
5.181830781282176
-0.3385113071260595
3.7554973252246318
-0.7002547041718757
-5.3329127501054145
2.4654943435301626
2.4069757071820126
-0.109551330714382
1.1335166382498387
-4.048953415556975
1.2381849285009585
-0.7673829758378442
-0.7852962143068456
-0.6458654367973125
-0.08840299758996416
-0.08190393013808124
-0.8217839812813726
3.398406249942947
-4.582375616155057
-2.2248866321871343
-3.1721186497089677
-0.218347252490594
-0.11038894212383546
-5.747298580982981
1.3019460844136206
-0.7652009201634702
-0.2974100483299616
0.047449526939258246
0.20365906903977912
-1.5904548386914574
-3.400900880036593
-0.7872906486059752
-1.2338193722827948
1.0789678119747839
0.8785026138353551
-6.771481705985635
1.4256088076934428
2.159055268533491
-3.6974689378961045
1.0609549182787905
-1.189596110187306
5.249794034073688
0.7165385805738773
2.5749740324166486
0.7897402138669604
-2.956531585451119
-2.1903260295670415
0.9436747422089885
-1.5972238319797438
2.353442490326367
-1.4517456171597158
-1.9564814749259307
0.48204702228062285
1.8669416345630039
-4.603086560716142
4.457206742627946
1.2065873749818612
-0.8336005807092355
0.08058103753416537
6.321468357219937
2.3830453306773505
0.1985675530075647
-1.0877642288889302
3.195907518868127
0.31062835212567685
0.28606338649438057
0.7755089016655364
1.2374590497748303
-2.3934086303490822
-2.5032338912504786
-1.886368336903831
3.810687066013554
-1.8212119412093037
2.5671970975422655
-1.197930653533391
0.09059195574230075
0.943125709511977
2.7469770822277724
-2.8564494859307543
0.7651565065589415
-3.4869333135625613
4.232922566065056
-1.481779075863047
3.6403420020957653
-4.978308097935887
-3.3538914301035017
0.1836440040039223
-2.2368271903932717
0.5896490023160788
-0.1758649445582705
2.5094296089695396
-1.8801432822210578
-2.2965654067861765
1.8314483978901828
2.112280857045508
-1.0268830603453971
-1.815901755193854
-0.9388564922657334
0.007099292133468305
1.237738400894738
-5.127178416547435
-1.0773956721531555
0.15498869156940034
-2.8814435647794627
-2.6060085397587893
0.25335574248422815
0.13279924495661155
-0.06210405086681492
2.830653053928484
-2.531861771049992
-1.9013262115980767
-0.8569850942003014
5.557603128873433
-3.7694115657905076
0.46184839970717356
3.943620432323089
-4.333668068939528
-5.091252614525855
0.4160094923900926
-3.2999387446334394
1.2884518647352883
-5.2241860128137265
1.3234121329852495
-3.316074475316877
-0.4889083716762204
-1.2900719355208121
-0.288863117160634
-3.1650265963817894
2.591332985385741
-4.81185639000243
-1.1918088134139175
-0.8676905384461978
-0.26946426994492284
2.399034028504328
3.2428748963415774
2.073225642815658
-1.0702531372859931
-2.915006087866849
2.3050686650936307
-1.4109418728858225
-0.027357338136339823
2.0941345980621833
0.15502368507751613
0.23898723665523708
1.9840958894132383
1.8528305049320832
0.730931034040588
1.309551128984436
-3.0452677640142607
0.7640561808628157
-0.378221801382568
-2.637356635003568
-0.06992065231508049
3.0167784302619616
0.7615005236411803
0.7783983296506005
-0.7374429526147894
0.1388332461938351
-0.9705924196527929
-1.3343867983324735
0.5125381868165341
-2.633530717087269
0.25172144572105887
1.4427430981205231
-1.375427793898186
-2.2363470725887287
-0.6659929760218454
-1.6540356987726265E-4
-0.001621048325993113
0.02071490406839787
1.8025873518902608E-5
-1.1427802246178253E-6
-0.009093865090836328
1.4161999421628533
5.554054118817318E-5
0.057166830717442094
-2.618528218029841
-0.09594487269990447
-0.263310224527839
3.0170834423319692
-4.24165246043558
0.21286910483137242
0.37160005130760865
-7.848483200691026E-5
0.23830940713770368
-0.10352393759664945
-0.4284177149840301
-0.5206789359462269
2.417692143338203
-0.6328855893053024
-1.6530074426673795
0.3093752096353019
-4.1928174279088575
0.5881325786723443
-0.06668816781345284
0.16180291165328692
0.03368362329704172
-1.5958132900250128
-0.07045693866383758
-1.8041879405081989
0.05245692214739262
1.358397997322782
0.18177026148098688
1.2777867164585566
5.908957495679231
-0.42281808639477386
-2.625655464511017
-0.7783031780819754
0.14875722933332344
-4.524203263571308
-1.6949360300031262
0.21718705836330254
1.4629855723457523
-5.090453367525636
2.7313166661843944
0.12649608841628185
2.3639938229098627
-2.2532162264492523
-0.8785434901701394
-0.8180235850152511
-2.625129386621158
2.1462414979717357
0.5047936121754916
-1.1519750360055618
0.022677871508692014
2.432975692118712
0.7432541940224503
0.42337216611125295
1.8552088197840069
2.579707824906732
-0.5385454209400741
-1.09297773880076
-0.027775816990996228
-2.981429733498471
3.303602520554293
0.11861039652126842
-0.008213930798142751
-0.020095773821710836
1.8437775209651326
-1.0447526916976573
-1.3436220816344702
-0.13060573193343125
-0.24775337110034373
0.33943904812095266
-0.20045663432638952
-2.2739699578502723E-4
-0.4462678139122931
-0.005311427303211606
2.8874513416824663
-1.283084820684594
-0.006467989309818729
-6.186485646133722E-5
0.0015927382011142921
0.007808524957122815
-0.002457814020844825
-2.489882419722729
1.4202287459736798
-7.152923818402325E-9
-1.5761940993178258E-8
-1.1102246332637713
1.1924188631450754E-5
0.0032081840924996752
-2.7494738485823247E-6
4.3745481424615256E-5
0.2828703578280911
2.861636214406785E-6
-3.3500930799917216E-4
0.005297926612226081
-2.6087017343672462E-6
-0.0030783493589349913
3.2211700668018336E-5
-0.00610939214870108
1.755436769045723E-6
1.3659345071990146E-5
-6.472772553993093E-4
-1.5418976046110211E-7
-1.346929248202286E-8
3.7793798694307393E-4
4.76173601501618E-4
2.0952588200259976E-4
8.509587592383173E-5
0.05830931554632668
-4.2530679530173516E-6
-1.4177778196182252E-8
1.1110363977287705E-5
4.112989395166705E-9
8.163950495702068E-6
-0.5244278215316678
0.8875886339121494
-2.2881148479829636
-0.6385839636062299
1.4229790561975406
1.4299879115503544
-0.6496152253250989
-2.0902177024746
-2.7931776245424675
3.312212973294386
2.8621878074290157
-4.868273675450882
-0.32025787946124895
-0.09246226994783521
-1.3356018628596469
-4.31772993679834
2.0324746024784752
-1.3174922851137287
-0.38101319912182785
2.4786016229786147
-0.22800507761382904
-0.005681308522735771
0.29711663529834115
0.46277374313536407
-0.09012226762127726
-0.08902028162686194
-0.36522321647505207
-0.17847617154431875
-1.5696737788029373
-1.6651980310464627
-1.5274986193164357
0.3508194493313532
-1.0607764938671824
-0.022135462182502876
-0.13294205856172156
0.41003105925005784
-0.4652320361031224
4.54161731540432
1.0215862610692916
0.24728818758901233
3.204880198368675
0.21279711347921212
3.4770955508519124
-0.715753024356289
-1.4258312115628717
-0.12850366621603115
0.03736068502863631
-3.7115517993595137
-0.20581694842160342
1.436898411738946
0.5267581764306507
-1.8266289760944774
-0.5963279866753424
-0.6827160643519179
1.5484985833346885
1.2534573678260468
-4.594246482724839
2.846296281976658
-2.559327152311593
-0.07332809086036263
-4.792084580420109
-0.1775106492189776
-1.4402498389924798
2.8819888091636066
0.5193951607550839
2.1821914837675243
-2.6556090121470173
0.15627899999507636
1.8966889656614367
-1.4464614655135308
0.6063754679003103
3.2560729357627665
-0.9444844406896379
-2.446707233989854
-1.1891429698957932
0.7664691107375643
-0.6293331195522982
-1.1716393245575119
0.7400902217003651
1.1602327918497253
-0.7952896327761858
-2.9843373974328817
0.7306692419677933
0.2959472121564702
-0.2560369469604772
0.16053639336356343
-1.8102767399839585
1.6407093685759429
-1.9283547413306759
0.802675803533786
3.7364017632116875
-0.0046042366486935766
0.04657313686595144
0.6881969138988281
-1.3436234111344698
-0.15678497052158896
1.737761546193292
-3.0009246538573704
1.8584974349510168
-1.9643446464209369
1.125849515031032
-0.8438333361478998
-0.37064315995947417
0.9988860271338303
-1.3051747523881565
0.5055696590052375
0.9708782794483015
0.147242433028915
0.26429035553050595
-2.270161420660833
-0.1942466716042741
1.6607041468539872
-0.7143346949871516
-0.7640401656271848
-0.8528129320956833
1.198222576691654
-0.2571909983733589
-0.4270456944853724
-1.9406861234039918
2.742703445158226
-2.225751517547716
-2.1382026770812126
-0.10219730252513785
0.7779674315677655
1.2102510511114644
0.24173113230909266
-1.8007243753460311
1.5543590987499907
-2.1492529809376943
3.9462104768867308
0.8111019293312448
3.1762262407665482
4.941970996983864
-0.48821788255834697
-2.629621877621069
2.65990963551109
0.32830819482594065
-0.6345640301577085
-1.1297927478364063
0.18805696416826623
-0.3582397202105385
-2.1500876172506
1.380089285257387
-1.097296596146516
-1.9625234639809734
-2.161077177542954
-0.664207420796387
2.204497829641133
1.306741021830196
-3.17764446645087
2.987873389924986
3.265743613826977
0.9718593068947051
1.6425001456018715
-1.6049387741985635
0.07830717197882034
1.157140976332239
-1.4535254264755464
-0.27563899694346694
1.3255496293584834
2.3920958729284347
2.0580545496828306
-2.2618314561729496
-0.49562329694295254
-1.2618687635374157
-0.20066717243419097
3.0535378740559547
-0.6255428125619868
-2.466850116965215
2.369594843584742
1.2586642024505188
0.6620423558944617
0.5258232882503225
-4.02393206563331
0.43823966563867506
-1.20033365884138
0.887830848433713
-2.9993535205066646
-0.5377868414444256
-1.6060011873031081
-1.8251932348268296
-1.3579296718760094
-0.16309066096473895
-0.33863581471798354
-0.017234698662015453
4.264508977313559
-0.3946963729433507
1.645967411172844
-1.9688381613452781
-0.010336612042242921
0.6313760395408793
0.41429339565780027
-0.3864036543220926
-2.8880144834053305
-0.39839798648834535
0.17017981454028674
-0.027274360993584885
0.40489503508234
0.25932909102342633
2.0933386382915393
-0.11103798845281745
-0.84612627310776
-0.6800281685114075
0.8051539044346906
0.550362443444163
0.269618476237827
-0.16593863890335261
-0.26762431150982396
-0.05007535031977753
-0.22521322864738338
-1.2114595179186545
1.5379399923289325
0.24476306288740782
-0.4746637366374208
-1.0359717165300075
-0.4880228071577076
-1.483755360237599
0.9350672470779869
2.301343951120549
-0.14475246436262834
-5.455958867615692
2.0779040255811223
-1.1599256808203202
-1.435317693823584
-0.9349338624339846
2.7486340860011587
2.2160098117945615
-3.381762554637801
-2.5673595292008056
1.4740196539664099
3.861829019366318
2.712655210436523
-0.3572811910520406
1.0531785310467223
-1.4271308846724122
1.1181775927676996
-1.755970222972757
-1.1615860357654735
0.9694202019484905
-2.0538938340003057
-2.0193811501117716
-2.3548711035690166
-0.09318780845994946
-0.919189720903654
0.19858111495575792
0.940661949088806
-2.0225120013236637
1.113985364922693
0.4054689287937271
0.40239808919169606
-0.7865327831347771
-1.4080300726147936
-0.39139456303135367
-0.7123780816994248
3.001511539428392
-0.878087132709489
-0.5522483937975446
-1.801138309420574
1.602810537445832
2.7990786068047058
-1.6632301935883802
-6.180151089059528
1.1654416789829403
2.245146426464817
-0.6595966218150376
-1.4382527874772446
1.1674527362484728
-1.745196709650629
-0.8576478549100144
-1.2509676175729731
-2.717438756641947
-3.919818568766017
-0.9615369193861381
0.5912968952462061
0.04839293577001932
0.20677678318954365
1.3698734935298915
-0.6113159754737969
1.6509115933797178
-0.3645776541861325
2.103901323469559
1.0518817081467133
-0.17124507579207252
1.792138918915755
0.7056236089549784
-0.5666072847203384
-2.5455928614474193
-2.8416824122585123
-0.7896649896434823
2.533113994121258
-1.7211696029965111
-0.29037050811246395
1.534009535654098
0.9239902623614541
-0.9739556615180129
0.6305480773920543
0.5924504909771416
-0.06583934413323647
-0.3288788576688561
3.9574130460986257
0.6228978829855271
2.1722968584215194
-0.6343730267467548
-2.175781578408194
-0.5709081936482582
0.9863898157482156
0.9717488013671459
-0.5319806823988291
-0.8761061114348028
1.0514822294456823
1.6197660669498344
-1.587992752818964
0.7051692240735902
0.9371280510811436
0.015743771704423738
0.128165050560281
0.9600565890268186
-1.152407924294525
-0.02251578600492476
-0.06401196559632288
0.4177248067366664
0.08879259745921002
1.3031117904342688
-1.4179327197390748
1.350416341964869
-1.342642746263338
-2.678739258333038
-1.1107599394723098
1.8264085300254778
1.0059116241961235
2.102159842728162
-0.18495977579346298
1.5576679653742074
-3.6952132382168865
-0.6591674510520511
-1.7680779530790045
2.003007195423932
2.404629894834099
0.680842413705232
0.5666049773074314
-3.267800442101123
-0.21277427651863487
-1.1727614130654431
-1.9701137397052582
-3.242020601336864
-3.2178671787130817
0.3318107516994041
0.920664720576584
2.180848034868577
-0.6268144129141283
2.6703705880290953
4.434850412855759
-0.20841639376201693
-0.3556249292575432
0.5168820680560015
-2.2017785896775033
0.5389682506552108
3.3070511377073455
0.6999994652149386
0.23109803402012588
5.545423757698167
2.1794872856805414
-1.7066251942648327
-0.7982340504135585
-0.7197772191469728
-0.15123056012148178
-1.196877722555003
-0.5060680278633274
-1.5012874319833842
-0.4321011790873225
2.169074000357988
-1.2663494044808592
0.3264209702614594
2.7986263792189976
-1.103413924120234
-0.9294617287585625
1.661178555537565
0.6937035541779328
2.1424333139517904
0.11629558910622802
1.4890204485219607
-0.594165347702352
-0.2368822773552288
-0.15539984216795416
-3.4505880153386594
3.465485438420042
-0.31481135438521834
0.8169935981835882
-1.3219416978771839
0.10345788585504855
3.4569604859416303E-4
-0.026002255455442623
-0.005468722595578259
-7.152921420632021E-9
-8.422275147525163E-4
8.780100217893738E-4
-0.06834411442179225
-8.954650524254213E-5
1.7865231449587854E-4
-0.9260229833469894
-0.10921619955093206
-4.6348738417663056E-4
-1.8560124156375256E-4
-0.7190778741705814
0.009597172723313604
-4.3754111630774606E-5
-1.1601856743686748E-5
0.3062111059432218
-0.004086960093322112
-0.0023375295122092872
2.588438018449336E-7
-5.047334364076886E-5
-0.026609621535236865
-1.5442326879817702E-4
1.1002498387335361E-4
0.25413176465739556
0.005543163501038862
-8.772195448504928E-6
1.7972378911183317E-5
2.960806829832978
0.2819680546225716
0.6048823259701358
1.1303018510676026
-7.762341374119208E-7
0.21729841078967232
2.5499631802959235
0.025108530785336144
-0.1496784291462983
0.2959359749445107
1.9822178712473837
0.9424441069676877
0.006298421779317657
-0.04529766531044566
0.006364316183803483
-0.13627564369949216
-1.0474554214326042
-1.256547124927717
3.2216629808816992
1.6592313334588276
0.6101455623783187
-0.4620539853853819
1.3768416251356368
-0.57887337224208
-1.252953584823971
-0.004115731692865319
1.6632422252056596
1.2211381625506663
-3.07318550991749
-1.4952874640235714
-2.194842937682897
-0.23380485879580104
1.430219607827249
-2.8472975771270925
1.4836866420991934
0.20242077334882172
-2.215068460252237
2.3148724250634
0.9509069117597271
0.7803336898562807
2.1855953409376623
-0.35153701887565636
-0.9377839992597392
2.5972175638458377
-1.0702980380593425
-1.4792558492234014
0.7318438723827143
-0.308763968255213
0.7606855986156732
0.400681768688127
-0.9568448108098008
1.288311330951034
0.7568710015392893
-0.42283979961885926
-1.8931898691526734
1.0459188810633038
2.5273457355222826
3.3951261940367616
-2.408621773209528
0.1480287131098507
-0.06189435850164476
-0.5386959158994722
-0.7276407448651133
-1.5955828306576019
-7.687329081706878E-4
0.0010920745787090643
2.5091477453887334
-4.591075841349052
-1.1102134140601265
0.5895300071851818
0.2886080760811063
0.5631369982408647
0.019417494569509072
-0.05359742857135265
-0.36207789397531853
-1.1253768531550155
0.45557889162184617
-2.035887453233968
-0.06880064394770224
-7.153793723228313
-0.012345410857831012
1.5215315478134233
-0.2225684837529047
1.2921077208826957
1.4036803901108077
-0.839007410445837
-4.000401856094124
-0.19926994303753082
0.666572641458141
0.3757723888382058
0.21672808622915526
-1.0000000141102474
