-2.217280804358933E13
1.0939950494481797E14
-3.048498748459184E14
-9.541267284133221E14
3.523303651034703E14
1.2981247990720914E13
8.777129867240352E14
6.727055532134545E14
-1.9492186305415612E14
-4.0870334649944914E13
-5.3011930872060856E14
5.775651546212588E14
-1.9161076905882297E14
-1.2126866424172134E14
-1.8410110787645688E13
-5.69461261694216E14
3.236992408177951E14
1.09077468526973E14
6.809032325060041E13
-1.0990745229042778E14
-4.325708702971194E13
3.2187263912705975E14
-4.4115585383243344E14
2.3582659957143805E13
-3.362674204579761E14
8.861157661438912E13
-1.0960383101487353E14
-2.9332259371281324E13
-1.8699288730951288E14
9.406164310797712E13
-4.240278516581572E13
-9.078791283251822E13
-3.0978982960684117E13
-3.764473280606171E14
-3.033459229873567E14
2.950823802463167E14
-1.2949790889235744E14
1.991232703153094E14
-5.911749802807048E13
-1.0537491768966908E14
-4.092788087958874E13
-4.083822847567605E14
-1.0070094705772727E14
4.180955833282171E13
-1.7281633906068897E14
5.6599226861888625E13
-3.1614598795359688E13
1.0199417398248302E14
-6.625770208674365E13
2.6261685052264125E14
-1.0870807419480256E14
3.7398210989325594E14
7.587999885987134E13
9.654897888305903E13
-1.052372675347094E14
-3.567395486023933E13
-6.0782977487201414E13
-1.843436478700391E14
-1.7424680989124297E14
1.1084868675726534E14
3.248557190708124E13
2.5690418692435238E14
-2.719523246588581E14
8.695664938237388E13
-1.550818747148651E14
-2.8582245899418706E14
-6.203397013172883E13
8.697433459675798E13
1.5758714676798803E14
6.1923464913402305E13
1.6284212038452022E14
-1.0376165940116836E14
4.7134968448068195E13
-1.2557574933189812E14
-2.9855900483908475E14
2.235761617291931E13
4.439250998295061E12
-1.1963920143752169E14
1.4712404010652758E13
1.770413750263741E14
2.6103454021225406E13
1.3479169086606738E13
2.909670319370777E14
-1.59222773212231E14
-2.1430778642297078E14
-1.992003136566989E13
-1.6263159835748481E12
1.0189148541526808E14
1.2830904758769212E14
2.5500428352037594E14
-1.9691517187284453E14
8.900535125248353E13
1.2399489768374688E14
2.760479281468707E14
-1.1061449773519628E14
4.067493583228796E13
1.0056175787490225E14
1.7033252615655434E14
-7.372760159230164E13
-1.788022994167075E14
1.2448035388095134E14
9.099716588747802E13
-4.192540945247594E13
1.3321242830630233E14
-1.980296762251401E13
-2.48386763911903E14
-7.866562946098844E13
2.3013154907155397E14
1.2106317940007945E14
1.5354705594857662E14
-1.9724117863493306E14
9.320316836353578E13
-3.128303610316198E13
6.002192709069406E13
3.660966598405303E13
-2.046026561615018E14
5.275527007392867E13
-2.1487663175519258E13
3.684570878348598E13
-1.6617968041984338E14
-7.22381266853727E13
-2.6029350804526965E13
-2.6605881682951584E14
-1.2077970612086208E14
1.4211397222793406E14
-9.175524310869077E13
-6.7831025051088875E13
7.394075787019556E13
2.0115822147091488E14
1.7862452814607066E14
-3.2205471595395105E13
-1.7879810190801684E14
2.6614678204647472E14
4.079576727996138E13
-7.0123990993753125E13
-2.173335380999584E14
-2.888583322358774E13
-2.775583033057871E13
6.8748937940301984E13
-1.1020049805309572E14
-2.4558837537123297E14
7.933578784467197E13
-3.0564003093034562E13
-2.2332160520532895E13
4.989378400959754E12
8.445294627745747E13
-1.1008815416198906E14
6.335045205570271E12
-2.4680652448965438E13
-9.390027136143303E13
9.653572300141281E12
-6.2217982422200914E13
-1.0460888761517938E13
-1.4928956233488497E14
2.018584119596108E14
1.0570494832305252E13
-1.43350876924007E14
-8.707999873213716E12
-4.18145442466655E13
-2.0876177602142695E13
9.22256469631518E13
2.0152370601810856E14
7.263420674633786E13
-1.4911275446532117E13
-3.3826514760984746E12
1.2533638950078502E13
1.4866669940667238E14
-4.5247814772057984E13
-8.899257651066725E13
-2.4739182071433844E13
1.331490829759995E14
7.844120556132597E12
2.711168189843448E13
-1.0956086660904795E14
8.979005588474489E11
4.062406214305744E13
-1.1257002407050066E14
4.599584408943988E13
-7.721982522776598E13
7.214416763116239E13
-1.1806208528327522E14
5.3957012736701016E13
-1.0732563997459862E14
-1.1061517891442264E14
1.2547198132134213E13
-1.0562144211648964E14
2.3788318255148975E14
9.104286280015106E13
1.0407942245621764E14
1.3247150924270848E14
-4.6563416071650055E13
4.091312660547408E13
-8.432070963503673E13
7.322433191510489E13
-8.470061768902292E13
1.0307634075129775E14
8.675973950534097E13
5.285386677963021E13
-1.090963319477432E14
-2.8843196283817273E13
-1.847611985010871E14
6.875156669701975E13
-1.6379548462943723E13
1.5227002722103234E14
1.6197951770511E14
6.578517123991064E13
2.117045956191449E13
9.86165667042946E13
2.3121688514114793E13
6.8166999111152E13
7.49317625162397E13
-6.688332351491174E13
-2.0883321444269375E14
4.047131545289275E13
4.70995312946968E13
-9.726708967814469E13
-1.3520039883311875E14
6.683300255576926E13
-5.410677210348025E13
5.5082757407036875E13
-1.0224790786317581E14
-1.0220547643666362E14
-7.97885637234686E13
6.2899686509256E13
1.1975884424249734E14
1.1508923596183135E13
5.9074563731231234E13
-7.57354684065704E13
-7.843840855454589E11
-8.963332872203788E13
2.384987218091517E13
3.062641121336088E13
2.8429093705922406E13
1.043029025902492E14
1.4470087395078E14
5.814532231534477E13
3.8863658534144305E13
5.6442609444996664E13
-8.520805821312855E12
-7.004256524844541E13
-1.3126629830813962E14
3.87905136192139E13
-1.7176032145772387E13
2.5854059916702516E13
4.7608421886033516E13
-4.694071531307723E13
5.584126363588775E13
-2.122776191922957E13
1.921864398538789E14
-7.877994608114388E13
5.796670792428308E13
-3.6753777271619575E12
1.9881692542701062E13
1.2213353255139389E13
2.3390438850543096E12
-8.15898679552119E13
-1.6661031025631844E14
-2.622382952206517E13
-1.1486500412265239E14
6.1939499563429555E13
6.5164684806602625E13
-2.478904965715669E13
5.480952014914802E13
1.470770764855485E14
-8.504104690180736E13
4.667172351423155E13
-6.649179853235461E13
-5.137160725827106E13
-2.6896840382608473E13
9.463698984543789E13
6.173322820003207E13
-2.3444476974748188E13
1.2007445018677769E14
-3.772663045059754E13
6.044251510511504E13
-7.43200493987943E13
5.136433168589155E13
-3.570781685846305E13
-2.9524546902860785E13
5.058543820895432E12
3.0054430353321625E13
1.5440938275117428E14
-1.1229183788888734E13
4.04879975370741E13
7.330938004389764E13
1.7122048733563559E13
5.17227963131762E13
-7.152024380423133E13
4.5212611326920266E13
-1.0081257772402412E13
5.34201393892501E13
-4.118505299165504E13
5.5514454290666836E13
-9.391947995708312E13
5.694273112169182E13
-2.8957404190269355E13
-1.2456234281296715E13
-2.708030081240588E13
-6.607152321669723E13
1.8751435780591733E11
8.267752030477847E13
4.062865230602936E13
6.709446697581464E13
-1.030426288067253E13
-1.6036787921957113E13
1.430554729058532E14
8.370163033545527E12
-4.251372308877634E13
-1.7056169780967857E13
8.629368287390864E13
-4.388274110567303E13
-3.9158718704058766E13
-1.5033506053605783E13
-2.1954163425943866E11
7.224161872441061E13
-6.941418976137599E12
-5.330393148241878E13
1.0228394494947473E13
1.833136477840774E13
-1.3181360664050918E13
1.4976665097166451E13
6.273769662273491E13
-1.3981407922260896E13
-1.0248626022773748E13
1.800269679129277E14
-8.992860187413256E13
-7.315494812633314E13
-5.47709648608378E11
-2.2425540240953742E13
-3.653751358402492E13
1.6678312153201214E10
-7.481493295180637E10
-8.355102273429481E11
1.781869588760217E8
1.941137267280595E8
3.401057467868314E11
2.628220923276642E12
3.1976010518047414E9
5.742793275999532E12
7.728305807547032E12
1.7683833216616313E12
9.460115906723248E11
2.514211766478449E13
3.0042616068794234E13
-5.083582471053133E10
-1.3768284495690111E13
-2.1541139224066973E8
-8.466628184942323E12
-2.9715694259323164E13
-2.081061704237426E12
-1.221361294121367E12
-3.373577123372391E13
-5.073148615249162E12
-5.978361768898591E12
1.1869093503546545E13
7.707549582465228E13
3.119743810024925E13
-8.764599409686378E12
-2.4267030460907793E12
4.100603137072269E11
-1.64055329168062E12
-1.734513428604701E13
9.33089256779116E12
-3.617966654906194E13
-4.5518684093714766E13
-4.327890182933344E13
-7.149540090212575E13
5.1657947935831E13
-2.391021241963381E13
3.1221254369976555E13
-3.4917474211698867E13
1.5100634705871756E14
-6.12700385826191E13
3.1514044535328543E13
-6.981733023755032E12
-1.1716480653302106E14
8.884521313711745E13
6.361770017686277E13
2.6729653682000887E13
-6.873225170810572E13
1.1313082920270957E13
-2.4072280829075598E13
-3.3761243046065777E13
-2.291522282644839E13
9.932431203782336E12
1.6666196262222404E13
1.0225833364326986E13
-4.5489564957831625E13
4.025371969428585E13
-6.512700000026841E13
-2.0256661635894E13
9.495076279011338E12
-1.5735978464760318E13
2.645646290640775E13
4.957133289277042E13
1.5589833528378354E13
-1.5232667292329377E13
9.114198041700795E13
-1.9260521564769355E13
1.8364929744982785E11
-3.1919612701333335E12
-2.9230769619315406E13
-3.520008230375718E13
-2.216350647751843E13
2.0965377838421746E12
4.765516616682107E13
-3.3303798652065054E12
-5.975232567221734E12
1.4366017638793447E9
-6.246499101942774E12
-1.228694135176349E12
3.504502177715822E13
-6.30659260245926E13
1.0168475654211926E12
1.125684314652999E9
-2.720785719698691E10
-3.252631787008003E11
2.879082871243275E10
-8.756619573175484E13
-3.309562843412476E13
11130.849025352436
53061.00319119829
-2.6631276371049387E13
1.506752909692894E8
-4.449558478754315E10
7209303.0259377705
3.954115176365515E8
8.953972546184768E12
4914720.2504172465
6.144490512115982E9
-9.869846122834818E10
1.4478443409494898E8
-2.7762502040334143E11
-2.2365801506411004E9
1.0415181207746484E11
-1.261496903181302E8
-2.7600168114372635E9
6.834013248190576E10
-1.9138462890189558E8
20166.98690222472
-1.3702979215357084E10
-7.152054736879982E9
-6.548825212203296E9
3.234041831654218E9
1.0099221915501149E12
6.995472693058264E7
19054.75538299866
-2.170117378175817E8
-3847.265183994963
-4.4752254237910144E7
-5.5011510780751336E13
-5.572214795757078E12
-1.2758817400327483E14
1.9302918855184E14
3.1278873262587492E13
-1.3040656976075802E14
5.104658674264744E12
-5.300500243105554E12
-5.132725609698832E13
2.3447756635715375E13
-3.320908858553013E12
-4.567041440899636E13
-3.929975809593003E13
-1.0664452142287828E13
3.9551306103975776E12
-4.228424351685688E13
-1.0295171715123645E14
-1.4568887339114186E13
1.5342701393354684E13
8.595691992818078E13
-2.6653576279153496E12
2.8231884327470776E11
7.674304568146722E13
1.2807802962025916E13
1.6356114682464742E13
-6.746917602147538E13
-9.352167556131244E12
1.714945391950771E13
-2.0604351815760305E13
1.2377659276078055E14
-7.581906276357547E13
-6.606355184288966E13
2.7315145654599555E13
9.592302715350461E13
1.2193563616045164E12
-3.039471486310607E13
-9.862874610783281E13
2.5001560763357824E13
-3.7611411185490695E13
-4.952156584220919E13
1.0433030007339426E13
-1.9164577380260374E12
-2.005700236809356E13
-4.389380599534217E13
1.5462890900635633E13
8.191211003555144E13
3.217577159309744E13
3.6711353181028484E13
-5.471538385398552E13
1.6982168929611826E13
-2.512297584599165E13
6.428419808193446E13
-2.0568898206852582E13
-1.5285252331814147E14
5.937889543663088E13
-3.09155981680453E13
8.891417646066084E13
8.007917576084129E12
1.1981110567673845E14
1.7854294784626523E13
9.140086509521842E13
9.716108181257725E13
4.376339047060247E13
-3.1202994647478223E13
8.310740815879175E11
-1.2247050582840498E14
-7.35418847140811E13
-1.1063084210493367E13
1.6193317566543682E13
7.031481961459507E13
7.641239315109925E13
-7.159984212240572E13
9.858112530250658E13
9.481025130759197E12
-7.846546294670205E13
3.9160892929965266E13
5.721756346211546E12
-8.142306167457738E13
-6.422734831283194E13
7.471471421080775E13
2.0512187343334008E13
6.673910085368683E13
-1.8945515588440134E14
2.7049920111194668E13
7.596252479812295E13
6.626930740548135E13
7.132472254954111E13
-1.1207892460098222E14
1.0993824761747076E13
4.220668456950957E13
-9.761561011806938E13
-1.6239678596874514E13
3.5378868856953734E13
1.812024882769613E12
3.1800499912978914E13
3.231273179748879E12
-5.2401954991734875E13
-2.304014263321962E13
8.803280794518947E12
-3.4390373789877023E13
-8.97447196675951E13
3.303209151047345E12
3.6398489429829086E13
5.3109698582392195E13
-1.2286589865670072E14
-3.1766350743917164E13
-2.3047221732790918E13
4.526927377591127E12
4.677430029895963E13
9.487421859199928E13
-3.1811558564048833E12
1.0136028760323644E14
-2.0745815749005127E11
-7.90730270106989E13
1.1589479200509923E14
3.1422718401997217E12
8.252042386644936E13
-3.997115172538543E13
-1.5017521704708826E13
8.028853220321737E12
1.1675674318521598E14
7.83524956867003E13
-9.529944971251473E13
1.9450984767606667E12
-3.90296342398871E13
6.806220534257644E12
-2.4871147984683145E13
9.55670842007499E12
9.576264521934536E13
3.5179687084235777E13
-8.168816660050661E13
5.851432977664864E13
5.467499916593394E13
5.2656074005683664E13
4.6313287357005375E13
1.0883237636767336E14
2.4258059420357855E13
6.631293433999544E12
-1.5982751385186342E13
-1.413662844386586E14
-3.4857824737550184E13
4.456063186773196E13
-7.472689516959269E12
9.735430892389018E12
-3.2347326052711043E13
2.3748751000215348E13
8.858865547412067E13
-2.753726012071035E13
-1.5467202831707922E12
-6.547946251510459E13
-6.392644148473408E13
5.2417196990689516E13
-1.2912396634715495E14
-1.9664440072083344E14
3.620984337602963E13
5.306610755656045E13
8.37984770659225E13
-5.295805611156496E13
8.393053437999614E13
4.021622387609511E13
-7.781111317110313E12
-7.355336953824916E13
8.266359112314211E13
7.792403954411052E13
1.5929066152298227E13
-8.381233692428917E13
-8.503408879899202E13
5.947564679195926E13
-1.4977170835599575E14
1.495218692414429E14
-1.0376742013749408E14
-9.728949090818166E12
3.1664902847690793E13
-2.0679493320464207E13
-1.564645403270071E14
6.122727405432947E13
2.0348807755079247E14
-1.0278619240211572E14
1.6328855217085701E13
8.380555038995303E13
3.4360260521674953E13
2.0650514135435867E13
-1.553027119085641E13
1.4658185475805262E14
1.0633925400425175E14
-7.649678070618484E13
-1.0969278039653962E14
7.812913934904562E11
-5.056798663373207E13
-6.192529049819631E13
6.281857012502717E13
1.8946153444874E13
-4.572792237653251E13
1.2723046054974181E14
2.1199732287599996E13
-8.519591044046488E13
9.285091753455033E13
-9.709951448121547E12
4.074427893272476E13
-1.2149346603406768E13
2.4652890153521254E13
3.539321014846736E13
9.641384315309277E12
4.879768336930119E13
2.1063319630974617E13
-2.364382034431649E13
2.896623174256989E13
2.56865108347624E13
2.098541263869555E13
-3.1991524520516094E13
1.955599163651858E12
-1.2384981862968352E13
-4.6454137310649516E13
2.7866935565534797E13
-2.072211845101833E13
5.715967113040528E12
-1.1617641331912761E14
-1.1615452221082352E13
5.2083612593477414E13
2.157603462295075E13
1.144939843483377E13
5.927766985063578E13
-1.0804736319070666E14
-3.6200646848250484E13
4.134144562061655E13
-4.164386611434528E13
-8.706600340400794E13
6.502466383263829E12
5.263082398095916E13
9.922163079337988E12
-2.484826518584855E13
-6.053242401031113E13
6.00023935562616E13
2.4039322980519215E13
1.7433557289062873E13
2.7172664691459016E13
7.658778694695534E13
-2.297079136278331E13
7.437537402450227E13
-3.577424133998533E12
-4.7342379522145164E13
7.388822763107555E13
2.416117976279544E13
-8.159450138678022E13
-1.2395972121153943E13
-7.081412588847245E13
7.673600355460292E13
-2.1096320680102797E13
-7.353653705549198E13
-1.224440708101713E13
-1.9077425120341863E13
4.638923951374796E13
-5.085195323265834E13
4.670953038678381E12
7.770269717649996E12
-3.1532670494195387E13
-4.8143719986488516E13
-1.2164030403021755E14
-6.2789390143237516E13
-8.023233737985053E13
8.556581918198733E13
3.428947401499911E12
5.834670370269204E13
-8.316172914314706E13
5.065501147092512E13
3.967407938138163E13
-1.5164871628272148E12
4.1970773745565484E13
9.456175206274271E12
-2.9930605122703758E13
7.299861348434948E13
1.7827397767496625E14
9.762237053644425E13
-9.843302731267289E13
1.0502698323600808E12
4.771488622403949E13
-6.95255843114082E13
9.81035353887214E13
7.630528284210411E13
7.928228127571117E12
9.194909162636234E12
-7.296093363417081E13
6.69145702203217E13
5.976742907191609E13
-3.441929752201615E13
-5.7814361200922336E13
6.121359027060987E13
-4.4171849051201664E13
-1.3284052131671395E14
-7.83218037310558E13
-2.728331692673561E13
3.000577769597552E13
-9.852362660966477E12
-3.411915752285211E13
3.0603851718043152E13
-1.6245385175113012E14
4.768105553436849E12
-2.575899280873549E12
1.896635405608958E13
-7.019492997337264E13
9.220978883448722E13
-1.6242268867128078E13
-1.1457599703320886E14
6.678290185591492E13
1.5638461256229803E14
-5.735382109142491E13
-3.0780010444962383E13
2.024494129590206E13
2.0312344760509496E13
3.7325029430879164E13
-5.4019595097592266E13
5.060561686892945E13
4.2637301091735303E12
-1.857370898476556E13
-7.707242373731173E11
5.941660240309218E12
1.3508600165256892E11
2.595209505939466E13
8.968294733388345E11
1.652498196864272E13
1.681976025247527E12
-7.810108843825781E13
5.0505533219716836E13
5.432519087039632E12
-4.258580773706634E12
7.711226160810973E11
6.042404103197006E13
3.6048579966939097E12
-5.251699419238913E12
1.1364786192423035E13
-1.1385791012156681E14
4.3174652772466945E13
1.6961977692615536E11
1.2804235105035456E14
-3.850110914854575E13
-5.404974982844187E13
4.755907389594809E13
-8.92749072664368E13
2.1489167613011184E13
6.621935642222117E13
2.3545408901091832E13
5.645959734030525E13
4.6092857496545766E13
1.1018425561393192E14
-6.881062625620521E13
1.0721753833616355E14
-2.4303782701246594E13
8.661261188039644E13
-1.0771814834813184E14
3.746666038497085E13
-5.670936725003245E13
3.68982105284138E12
8.270707328268225E13
-6.807061459133308E12
5.435584558912459E12
5.590481601589347E13
-5.520951574984431E13
-5.243673337397455E13
-2.2910793841496938E13
-1.4349291742479379E13
3.8802289565196695E13
2.009266893782277E13
1.2625992750756568E13
-1.0022591747838003E14
-2.8026171610813695E13
-9.72248952865422E12
-1.4763868916134064E13
1.9747075718113863E13
-3.4962976839226586E13
-1.036302669230513E14
2.6771338430387348E13
7.177260877290138E13
-2.0618006420799992E13
1.416281179459264E14
-3.269393924976399E13
2.329197319276443E14
-2.966204327593044E13
1.0324211823804742E13
4.910751119940935E13
2.5707139385535258E13
-1.8090797850703004E13
4.904407310266706E13
-3.267411248327385E13
6.416391948078096E13
-1.1206910877373023E13
-5.309074593019976E12
3.061917607382501E12
5.967603374172731E13
2.0737548484299914E13
-7.247211047002152E13
-1.1160047322411866E9
1.1949561142351606E12
-3.2216238327881335E11
-11057.709956065955
1.9227841100679066E10
3.4458455967431366E11
-7.779214586553322E12
3.9149151484175265E8
7.424793478193545E9
-3.994987802249974E13
-5.473978857410487E12
-1.0623258617081471E11
-3.373298783588592E9
-4.040184449314425E13
2.3572728156328168E11
5.0508270170613587E8
9.755392619766984E8
2.164977911763331E13
-2.873778413186454E10
-1.9384099919459353E12
3666077.1561769433
-1.4706517062498028E10
-7.943206537348888E11
-3.374453229132675E9
-1.0733170712758601E9
1.649890029296049E13
7.618227456545442E10
-3.6130317793636477E8
-5.19903376353986E7
1.410617968975417E14
3.317036934607809E13
5.244827918349362E12
4.510640418261801E13
4.365198093577182E9
-2.4178301430417227E13
-3.722462029197511E13
-1.673800602160935E13
-1.346894675329113E13
3.1577422388479375E12
-3.810044106556978E13
-5.227534072341636E12
-2.0590596480385147E11
-7.691439083544734E11
-7.890270021593095E10
7.773235064036874E11
8.731085808103699E12
-3.84046040833129E13
7.496197908743742E13
-4.8920845969256125E13
-1.8467989923899156E13
-2.308212528213743E13
7.400118516086406E13
1.956666460269616E13
3.830424374292379E13
7.227000272173147E13
3.503171617319579E13
-1.2765051410317338E14
5.732426765115533E13
-7.294814179325103E13
1.8394884172089305E13
-2.028721351066303E13
-8.78004872557045E13
2.4931973897172944E12
-6.299931209255656E13
-1.593459586954509E14
4.823796785745595E13
3.9914061898055586E13
5.045366717539152E13
-3.822415860579071E13
-1.2207990071824512E13
1.2911403905600377E13
-4.72829781594245E13
-7.936118624328505E13
-9.003090908407502E13
-4.606179586396427E13
-5.934425302460684E13
-2.8208017760979855E13
-8.508024111336154E12
-4.95631900622843E12
-4.8014349503122234E13
5.515776497134433E13
-2.011495151405683E13
-2.5450346212878406E13
-4.438491746377284E13
7.224349978157586E13
2.7794552069006246E13
-5.571817886870864E13
-6.162929100267753E12
3.2852369616991043E13
1.750660758544533E13
1.3486223940029443E13
3.656229412632016E13
1.1724233144539675E14
3.0218441127924778E10
-5.411930176218069E10
1.3831589282365875E13
7.978609802291122E13
5.504871854016573E13
-1.6023351811683285E13
3.21687879690359E13
1.9371353706742305E13
-3.566188593080078E12
3.5997902075288525E12
3.639044618941314E12
-8.847981675385799E12
-8.029465085571897E13
8.487547740322365E12
3.0873839447706223E13
6.080001431234068E13
3.323648274447025E12
4.430222533518544E13
2.504384927841194E13
1.0768762311354004E13
1.9536848441335742E13
-6.042588266291471E13
5.260464430242861E13
-1.7302080995870674E13
-4.1731538311919836E13
-1.847301278059588E13
-7.565708250740505E12
21885.1840663647
