-1.3417951340402555E15
2.3194189990374445E15
-3.330144996804266E15
7.636234326842488E15
-6.881577609426108E14
3.976951775177665E13
4.376175726305058E15
-1.2195403174993838E16
7.481311074151025E15
3.1108199003342715E15
6.46784936666342E15
-2.688404864325928E15
1.9169383730562875E15
1.0715735947974098E16
-4.4052824312812035E15
-4.571211680761195E15
-4.020831784855241E14
-3.814946762157255E15
-8.705888407160168E15
1.808794725626442E15
-1.9976170643177278E15
-5.958843375358085E14
6.39496088344413E15
6.302205280387508E15
4.4263193568920806E14
-2.9020733170345635E15
1.8932352100435798E15
-6.19357645183722E15
7.526545363137787E15
-2.6581402510714575E15
4.338308468407854E13
1.5329133808759458E15
-4.583413182104556E15
-1.4209481627048212E15
1.4912388853099152E16
-9.537264570926352E15
3.4094389903530394E14
7.1104534800903E15
-1.304862483055927E15
1.7217312829013262E14
3.6400873759258406E14
-2.515102175229301E15
9.923607937559945E14
-1.7734892871382403E14
-2.0191881845600872E15
-1.9076836687218092E15
-2.661683113668394E14
2.536866724336111E15
3.214244670521627E15
-3.0607291448695805E15
-7.817478846732869E13
-1.6302542617226108E15
-4.3734482726292725E15
-1.7594232893213318E15
-3.670459500744269E15
-1.8917086209516768E15
-1.1226112305015228E15
-1.5072455894907608E15
3.0430809317935655E15
-7.592982741649682E14
2.038425641567769E15
5.5209010524399056E14
1.4877754792650542E15
1.0431816488993149E15
1.6087626311441152E15
-1.1232673829268234E15
3.937357465012617E15
-3.548471770722761E15
1.8803988600062955E15
-2.0219819815564758E15
-5.547117916153107E15
-2.739620468530065E15
-2.98068113702139E14
-8.919278221038217E13
1.3477742901513558E15
-2.2887447144165472E14
3.829362456827486E15
-5.3063310339922056E14
1.748259870452362E13
-5.327912357191194E15
3.9419896225039225E15
-2.290171945228927E14
2.6499926396052285E15
-4.189356346799633E14
3.049136158361644E15
-2.090868377574351E15
1.35342206730917E15
-3.66699561463146E15
1.6158751503116622E15
-9.199725946544462E13
-1.5682675937291178E15
-2.1342580747381412E15
-1.5271378389815403E14
-2.919132348666258E15
-2.0832024115560103E14
-1.5538683501052328E15
-3.8084526343435075E14
-1.553917226545721E14
-3.1194530601323894E14
7.513161940438372E12
-1.4353418047966528E15
1.0467136837447649E15
1.0921726793884645E14
-7.260098180099276E14
-2.250990445132289E15
2.6221582360277095E15
-2.09171709863557E15
-2.613689085473764E15
1.1280311204500695E15
-2.63332897020435E15
2.7353774725782715E15
6.665249301424308E14
2.6455876324652038E14
4.126408400751493E14
-2.0623712764552592E15
1.7861593777872403E14
-1.6211860647737715E15
2.1802830283619638E15
-1.2384109231297902E14
2.2948865343855115E15
4.1802371399057494E14
6.132415519966352E14
3.2826058339870135E15
-5.337203463675634E14
-3.3859910207060655E15
8.156525495999355E14
-5.725790593810801E14
-1.54356597708058E15
-1.432896187058559E15
2.1536301927290165E15
1.4759026400513675E14
-2.1844595502205235E15
-2.7506846294365015E15
4.613649862691195E14
1.7736970660788742E15
-1.1439961925200541E13
-4.7546135484616244E14
8.019989131982524E14
3.3411740423125595E15
5.10083547801867E13
-8.375727622891535E14
4.4998385390949306E14
-5.93820206728832E14
-3.8404925836879645E15
-2.97229299992504E14
2.1935873686197545E15
-8.940300871217714E14
-1.1193755179865292E15
-9.900116888508596E14
4.25042913006373E15
-2.755875069733536E15
3.466559559324517E15
3.3213754421831255E15
-7.342021962710198E14
-2.2576564264062975E15
-2.836939076036527E15
5.806563180525664E13
-1.6666914768080358E15
-7.468322188840352E13
5.94131389760927E14
7.791274994183338E14
-3.5769262293264765E15
-1.89699809025984E15
-2.553490996162234E15
8.60543470644633E14
-5.381939633615777E15
-1.0400738060992836E15
2.2348394771135855E15
-9.286925683453566E14
2.9858463236788194E14
-8.950869703325328E14
6.862929410960744E14
1.3020857541681075E15
6.877621441192881E14
-1.585471892387959E14
1.1911339478194782E15
3.1722683423528266E13
-6.439130501788939E14
1.7124387708924812E15
-1.6222114559640762E15
-1.112910094027972E15
1.1650339010565922E15
3.2824241347192444E14
3.573957627736537E15
-3.626105484937063E14
-1.7782983709504812E14
9.903858008443959E14
-3.633579158254278E14
-1.3438144261242778E15
-1.7959213700440335E15
1.3245946408705618E15
-5.542043640563248E14
9.044581982371736E14
1.3919490940108822E15
1.8437105103473192E15
2.1307470959252055E15
1.5195722814272995E15
-1.0738866538582708E15
4.376255771938047E15
-1.0108672120319351E15
4.5346164411628294E14
1.5414378306538765E15
-1.2432268689912085E15
-1.5882358835751135E15
-3.552589781710565E15
-1.7551564872014752E15
-1.6626581788794125E15
2.7162602619649506E14
1.2794466352959422E15
8.384335474495864E14
-7.605498122609925E13
1.5475148992383955E15
4.630705563689062E14
9.727616617182856E14
-1.4008452603613314E14
2.4311391046884712E14
-6.8179032777559664E13
3.14261200141633E15
-1.4438400216611758E15
-1.216951377578889E15
1.3524532367908285E15
-6.297803562284256E14
-1.8708732746217998E15
-1.4489473588420302E15
-1.2774211314038942E15
-6.4384512709801E14
-1.9724500588990645E15
1.2163273255923172E15
6.556709922579782E14
5.739115610367741E14
-1.6926148632515272E15
2.702528077501764E15
1.0811381903717115E15
5.5941855096094394E14
-2.3843633119881885E15
1.7638918289168295E15
1.0166143768206108E14
-8.618622377758079E14
7.125509418331042E14
7.063166684412719E14
-4.8508951454267144E14
8.255803076426058E14
-2.599639452936457E14
-4.193981480616944E14
-1.0224498119122904E15
9.867401505120194E14
-3.1684168503366125E15
1.7499112193499955E15
-7.98551377849806E13
-4.775239926829565E12
-3.668132074191557E14
-1.2424962109723166E14
-4.1943740104352394E14
-3.027899034776497E14
1.3567489038318461E14
2.4106846160224515E15
6.764656185502262E13
-2.7304470373144438E14
5.823742251458331E14
4.050812698082854E14
-5.353759599625106E13
-2.3234815159566703E14
-1.3977019562898095E15
-4.503550017148438E14
1.9020402411942708E15
-7.514084474963192E14
1.993524349752717E15
1.580792997009569E15
-6.378656621811469E14
-1.7411289230937066E14
-1.1257986152818523E14
-1.655260577279882E15
-5.695004372050342E14
7.020748661400024E14
8.504168472790941E14
-2.0871857253362015E15
1.756144553079864E15
6.288634744791934E13
-1.6779727139230358E15
9.947176645175646E14
2.756598907741416E15
-5.536290351883042E14
2.694675130122703E15
-1.4571046957645042E15
2.6374579264673375E15
-1.2522031491840725E15
-3.589518489418802E14
-1.0608186038149852E14
-4.286291412112796E14
6.245358368639005E14
5.4270002036579825E14
-6.843855385635812E14
1.6355291644339342E15
1.7979543623869378E15
-3.552599719596006E14
-1.746434661140645E11
-1.48528407859325E15
-1.8937978466391312E14
3.791323772102544E14
2.5281744331926275E14
6.907913645626636E14
-2.1613051111292998E15
2.4186520311902025E14
8.144622080348064E14
-6.285534134880119E14
-2.020276474074644E15
-8.771260943697022E14
8.995189111470806E13
-7.013180814395699E14
-3.06098734465012E14
3.841655551273664E13
2.4050291742614205E15
-8.042121374928566E14
1.7546727352974006E14
4.0539444900446425E14
-3.163878010830787E14
-8.831630457179684E14
-6.794653805972601E14
1.3983644762031327E14
1.0340701018833561E14
-9.215546595669361E13
3.418298439846903E14
1.0015536689904316E15
-3.559156543704549E14
2.467429651999905E14
7.78183566577502E14
-5.962451238591538E14
6.56264833518357E14
2.1672912007819435E15
6.423491002231738E14
7.226143810450151E10
2.349525464020661E12
-7.719537448341723E12
-4.099658033587484E8
-5.085669430125012E8
3.1207395267158335E12
-5.189037161698443E14
-2.9091863481250896E10
-1.2292674175163788E14
2.215484394318357E15
3.858157971094739E13
7.905500715930381E13
-1.1336212508230352E15
1.8771882683770512E15
-3.2074781195991676E13
-8.895993040626077E13
1.3557889705659744E10
-6.423345130301261E13
3.06396199358837E14
1.0253668930104557E13
2.254468388362377E14
-6.944361159282566E14
4.030030894864268E14
6.524960478591795E14
-2.539352614817592E14
2.0100902054931E15
-2.1572684378624234E14
2.21771932423087E14
-4.640144604931146E13
-2.137812882153092E13
2.1005696750829572E15
1.2827851579393078E15
2.3778893341806185E15
-5.108429348139011E14
-1.1113924582006236E15
1.4317008251210635E15
-1.3491191575325988E15
-2.872584431819968E15
-6.45645406384437E14
1.129063783280632E15
1.4362391715697675E15
-2.086873054448217E15
3.2332735454914855E15
2.0217064334596762E15
-1.570878088268304E15
1.2928326955802895E14
1.3890171558969955E15
-1.5251851787260818E15
-4.366469053628521E14
-1.962087309256981E15
3.178939583352216E14
2.5776335216966738E14
1.7759480487615716E14
1.184527858474944E15
-1.4574021666952392E15
6.434810635932471E14
-1.3846239031870604E13
4.859974691725345E14
1.0583109420016061E14
-1.165732650155647E15
-9.299003277834028E13
-9.539614056864452E14
-1.55113064616294E15
1.235249153325894E14
-2.1627637156166225E14
-3.2040348714789848E13
1.0319081112447461E15
-2.5613496159494305E15
2.2617699194848684E14
6.686006359531091E11
2.1683212451959457E13
-8.902086229128274E14
1.4277850746856785E15
8.301299895649864E14
-1.5656982683257627E13
-2.3544596007440628E14
-8.213152383490284E13
3.4321413002644184E13
6.295853466693802E10
1.4976282842000628E14
3.3073708967793354E12
-1.3833682181399155E15
1.0211995624934948E15
8.723978338537965E12
2.1118839878875053E10
-2.802445316495985E11
2.8798549927335156E11
6.414960381003646E11
1.8621376022058262E15
-5.08168692306464E14
3368007.9421533826
6118552.592801984
8.896585707873699E14
-5.132944098405415E9
-1.2273085102363002E11
7.562170093235525E8
-4.926709501360585E9
-9.548135002731772E14
-2.6963539318605906E8
7.163001196709846E10
-2.0225073713275156E12
2.2808901602079287E9
3.9646537321082476E12
-1.475738491088662E9
5.554952314530117E11
-2.677953237133009E9
1.4188794474645547E11
2.0507323658647028E11
-1.2927345649686615E9
6375767.742356403
-1.4969067734964053E11
-1.0996504802074553E11
-3.0495502570600243E10
-4.624041086748528E10
-3.831100061519878E13
9.761034229465442E8
6811725.048544446
-3.2542307593258867E9
-2054065.3868263636
1.5441915587303617E9
2.457086353529771E14
-1.9479433561959582E15
2.4627234716205955E15
-5.3654711126111756E14
-1.608864264703024E15
2.358003854642232E14
4.3335689647439506E14
-3.338724378877713E14
1.186219312534198E15
-1.342014418302817E15
-2.1793606490640395E13
2.0435861372246695E15
1.5995437184292882E15
2.1571894204102348E13
7.064928312138942E14
1.9946160803371482E15
-1.9830426413928625E13
2.266368381373793E15
-4.659022383637903E14
-2.11390363366548E14
-4.696737715203027E14
9.229910131885403E11
-1.4405852079879335E15
-4.828418026863479E14
-8.30361317222631E13
-1.920260368356583E14
2.8485477130877725E14
-5.98078093059474E14
-2.4044630196560256E14
7.182878515854004E14
1.4269897165202535E15
5.018271746797807E13
-1.2078528005687102E15
-3.918470237692699E14
3.191368412904678E14
6.701929302180776E14
1.0152865379676646E15
-2.1922742663799398E15
-3.988948180904028E14
4.472836278011531E14
-1.7232234114465168E15
-2.5884263732676238E14
-8.326960895201574E14
-1.849642241487922E14
1.093770214160341E15
2.1884728303329553E14
4.43854933630543E13
2.2530735051873355E15
1.0842116818790988E15
-2.0819458539515232E15
6.74182718620431E14
8.131469298109084E14
-2.826434006571257E14
1.8004453996857762E15
-9.641173405279278E14
-4.3964951092655305E13
8.236258465098054E14
-1.0882338265124188E15
-1.0722635386043354E15
-6.127502723236085E14
1.0150798459455118E15
-3.122957006164349E14
4.69607427706715E14
-1.7116761216881525E15
-3.801346061953535E14
9.776998846524555E14
2.141183682535263E15
-1.4977685153987944E14
-1.4155353310477055E15
-2.6641238785230926E13
-1.163963544337701E15
-1.9714585197289625E15
-3.065352884663484E14
1.1853659474475528E15
3.1870639797905044E14
7.538445100483981E13
1.1654990529908752E15
7.774001862251124E14
-8.302953996941692E14
-3.180717885447429E14
-1.2711983727604627E14
7.285577779632476E14
5.709497650384112E14
-3.1630207772908325E14
-1.0669292348177715E15
-1.6051742599225172E15
-1.5979798499719588E14
4.696696718985197E14
7.136283316416544E14
-3.469149778829902E14
-1.6921946293992042E15
3.581196071161292E12
-3.783186101453493E14
-8.20457027609984E14
1.9993757002173962E14
4.6275474453649194E14
-3.704129710397678E14
2.241917522398899E15
-1.3771748470324128E15
1.5391139358175098E15
3.010998907798602E14
2.2747982246741162E14
-3.940538751250485E13
-1.8913771683185398E15
1.6904566395672022E15
5.01591437544078E14
-3.0249766888277023E13
-6.698426912813942E13
-6.794154345046111E14
9.023757800017184E14
1.849933264720167E14
-1.6617690445779338E15
-2.1276223765653288E14
5.0820747994387556E14
4.5443386466692906E14
2.7385985201030547E14
-2.723205123218451E14
4.010568292995316E14
4.5236030720875756E14
-1.295870801763144E15
8.970328146896375E14
4.0741067977984725E14
3.5750021011921244E14
-1.6465650945869702E15
7.004621343257652E14
5.910707179180299E14
1.1834839186368066E13
-1.0925936690744378E15
-8.541707218386642E13
-1.8805959962751008E15
1.0460809302460723E14
-2.1396123838933848E15
-2.2524570213417665E15
5.868754620895292E13
1.762580399406472E15
-1.5485655703371575E15
-7.959009947434805E14
3.151508333810353E14
4.901577760845178E14
6.828451969228701E14
7.173356549577318E14
1.8117803050570862E15
-4.108811985130164E14
1.4797339246326815E15
4.160512882907753E14
1.638535949209866E15
-6.239312295226104E14
-5.416494015205932E14
1.2415782420943625E15
1.0816759276516482E15
-1.5721955116894948E15
-1.5605564205717442E15
1.226398794349055E15
8.516355426792226E14
2.5212030445882084E14
-1.3833798697324338E14
-9.392965436786734E14
5.927695813437284E14
-1.3789640684799632E15
-9.092885329315818E14
-2.436220805149134E15
-5.123314845415423E14
1.307074662493027E15
-8.054834414899556E14
2.952390861131408E14
8.237436692054174E14
-2.71015530331809E14
8.311390677853695E14
1.5828257671051088E15
-1.9618737780901342E15
-7.886426489449885E14
-7.385333625962868E14
-1.672106150775576E14
2.0737544884569282E15
-3.242080647012492E14
-3.200265801264056E14
-1.1710025616754355E15
2.1738287087151325E15
1.0441532837886384E15
-5.58918380628689E13
1.2053175919482E15
-6.608585876252511E14
1.7041967514925025E14
-1.0074658592580795E15
-1.8747776732848838E15
-1.0749678371151515E15
8.81377314442649E14
1.1542702130862798E14
9.626131649115475E14
4.161428045309733E14
-1.6572830484422748E15
-1.0219734289962252E14
7.344150294069709E14
1.1399739490770298E15
-9.845817161218542E13
1.7913811298276855E15
-1.9351608551080738E15
-1.8288898761403372E14
-1.5788453545828565E15
-1.2363571868154522E15
-6.309463769177411E14
-2.5355591421593617E13
4.9841895055177445E13
-6.234785301068614E14
-3.3986423727549894E14
2.2039581748112116E14
7.43477824913468E13
-1.6533586250652812E14
-2.4576867817292028E14
2.956833923593957E14
5.109481558661247E14
-2.6774701347138247E14
-2.8939713623624306E14
-3.2742318400257175E14
7.719953061648474E14
8.54005716533838E14
9.735569237524611E14
2.4925495102051462E14
-1.4351293614740608E15
-2.071196531674231E14
2.7075168397124535E15
-1.2644669407863952E15
1.4328524346367988E15
9.316440755376035E14
3.47290620973526E14
-4.919537326041274E14
-7.19478626240429E13
1.8913453773756305E15
2.0504479136021312E14
-4.3770359428788556E14
-1.8613749399698725E15
-9.609005360695698E14
-1.431141859812188E14
-1.0991826697744799E15
7.090231290432801E14
-1.2035420091655735E15
3.681427377302674E14
7.123393007871929E14
-1.1234085962034772E15
2.1048930934588902E13
1.2154977941175042E15
-5.668241346852612E14
7.753470539128834E14
-4.044029398820412E14
-1.7309744396757234E14
-3.655360844684185E13
-1.9230996287183384E14
-6.37828218092895E14
-3.7994798888957694E14
4.7921870313919744E14
-3.763551304202153E14
-9.810765312582154E14
-1.246032548949601E15
6.118884161522598E14
2.0282836800744172E15
-1.0598059774862355E15
-9.609419065681105E14
-2.635987185544079E15
4.192947249707556E14
9.233574564976601E14
-1.5541964837353275E14
-1.555901758709265E15
2.1388740269167875E15
7.053116746811835E14
1.2189372814706238E13
-7.348063239328536E14
1.2535459991781198E15
2.874092383959501E14
-9.10429628122531E14
-1.2911479653007342E15
-5.655771001556712E14
1.916822340661645E14
-1.6556098057791055E15
1.2241158876907877E14
-6.888718709280465E14
-5.847181953031431E14
-3.196040361286319E14
-9.313789794599799E14
-1.5115429695841448E15
3.2017786845994316E13
-1.3256443013588405E15
4.001986230741072E14
-3.7986126549778156E14
-4.736861376266011E14
6.061971463311851E14
5.174933746335867E14
7.967191032506174E14
2.1740006510471498E15
8.943714573784695E14
-4.2423154864243225E14
1.6758450537503708E15
4.4072115838272206E14
-1.5501793418997612E15
8.066372689842702E13
-1.712579594140163E14
4.313960465271806E13
-3.5400594929801506E14
5.329282574457447E13
-4.369895803308839E13
-2.386067023432795E15
-7.715271992040422E14
-7.119126589129139E14
1.3683567223940588E15
5.953045048568828E14
-1.3177355896722268E15
2.2400755239318044E14
-7.538604541389992E14
2.5209663084640912E14
-4.6202459949377425E14
-4.695020819018722E13
1.4999279427040356E14
9.88287458648045E14
5.3680659725373336E13
-6.143297502805516E14
-7.877239429107318E12
-2.2805927682895047E14
-4.487003143640727E14
8.624699478121385E14
8.82544046497241E12
1.0866242056304172E15
-2.6531391273923694E14
-2.8573450434423894E14
-2.7789517256163184E14
7.236866733662651E14
-6.786585132290131E14
6.492955166763051E14
1.120028926192753E15
1.1577478036538868E15
-1.696535483523049E15
-4.382397553032751E14
8.812957745219212E14
-5.252356944251567E14
-3.8698316712909756E14
3.6174275753518475E14
9.563116118341886E14
1.0529054184691862E15
-3.6031843659025925E14
3.2650348306791844E14
4.581547260519757E14
-2.859098645950119E14
2.346420743950762E15
-3.4413861253838794E14
-3.973995166164194E14
1.0327494339178707E13
1.6659878173262058E15
1.8397880284220438E14
1.0512187146079789E14
-1.2344151681629118E15
3.898502929978925E14
-4.2883067342490006E14
-2.3900086918292984E14
-2.1505056846135862E15
5.203968116684534E14
2.8410617046096875E14
-1.746792955360318E15
2.65508351177744E14
1.055274432526918E14
-1.3508890851694922E15
-3.7492621785918556E14
5.636661900218129E14
-2.604916572629553E15
-6.841746902773149E14
6.859289868880105E14
7.430679247478733E13
-3.4310212797286775E14
7.25431350532412E14
1.3384222697393765E15
2.3252843734702305E13
9.999558625314414E14
1.4694278149975938E15
-9.447222823362991E14
-5.127159928532618E14
2.8887557998184344E13
-2.488504490157549E15
6.472747196995865E14
-1.9368941179135252E15
-1.5009477721732902E15
-9.508427870540181E14
-1.307186217067338E15
-3.8603354791588875E14
-6.826684610064324E14
-2.4083264572101112E14
6.948420704985821E14
-3.990522384718912E14
2.3813829368330145E15
-1.8987553156235E15
7.338776121438025E13
-1.3670901749817485E15
3.832488249484065E14
1.0160625266517226E15
-4.6011465239738654E11
1.7805263045577984E13
2.416170345515155E12
3368007.9422036726
-3.1246437608930893E10
-2.263179780727983E12
4.7035901391839484E13
7.777122477102696E9
-1.592512296940635E11
2.115327492356618E14
-1.8494657841351894E14
-1.3957269596086248E12
5.162814208873975E10
-1.2080665858608181E14
-1.0857569713605828E12
1.2842649149128546E10
4.559592920846819E9
-5.360753663208006E12
9.360696892433081E11
-2.7621480271065008E13
-4.153028842950954E7
3.4956361757102167E11
1.796760336122995E13
2.522066883306055E10
-1.9410657821456856E10
9.118303448498423E13
7.770850486814127E11
3.6856140505052915E9
-5.100925749472597E9
2.6222507543566895E13
8.623023793769938E13
-4.613512822740124E14
7.932857089157111E13
-4.445435961719484E10
7.123441220330204E14
-1.0005344273614631E15
1.0897076871030075E14
5.363105475979451E14
-1.490354703691374E14
3.3599139982467525E14
-1.3496942830000836E14
-1.5312684859338533E12
3.2442780717029793E13
-3.318333085832232E12
3.6431146936769056E14
1.730304842365303E14
9.472969883955979E14
-1.9383249107469765E15
1.849088736615063E14
5.248942440021473E13
-3.277021155827514E14
-2.249517064445169E14
-2.495328699087373E14
4.0886468922171244E14
-1.9892616130674097E14
-9.875776512964335E14
3.059059536115389E14
8.343311069072592E14
1.3175705493867212E14
1.631710572580096E15
4.20761608448259E14
-4.7565095163704225E14
7.429855916885008E14
-6.478187930196442E13
1.0806290468979911E15
2.6071924588913425E14
-8.290872338388972E14
-9.580022194011865E14
1.5737938380552116E14
-2.7901423351177094E14
-5.911074954215292E13
3.2759582510236256E14
-3.4774532616310156E14
1.6869886004852655E15
1.2888112204323252E15
1.0848582353791626E15
2.611764145518414E14
3.826623622390369E14
-5.232072525809789E14
3.1845542972237775E14
-1.2965502189785662E15
-1.3438407753113827E14
9.298481285722936E14
1.139331752245561E15
-8.044688187583862E14
-1.428640599328284E15
-1.6957601647864375E15
9.548054148449458E14
-4.9860185352362075E14
-9.37388065779892E14
1.4060319561514958E15
7.056676554660823E13
-3.9703651809676675E14
6.640973963460626E10
-1.692748451136755E11
-1.3050406838343888E15
9.684483934247351E14
4.206432564922684E13
5.473671144964407E14
-4.748529430398961E14
-4.3697281090722225E14
5.211193929205019E13
1.0860701342988518E13
1.3479991512377223E14
6.358667884452095E14
-7.248588870450102E13
-8.139257213960436E13
-2.7653242516280695E13
1.815321043930673E15
-2.2010748677007562E13
-1.0026171645257459E15
-6.007678702316027E13
-7.69291121845976E13
-8.464336726332616E14
1.0134691858815536E15
1.9238140669710465E15
5.156389798647305E14
2.2421765673261303E14
-5.952635835431536E14
-9.665934854590556E13
6643916.147867514
