-6.133299760361654E15
5.749875689503904E15
2.7089201778378472E16
-7.471585614574481E15
-1.5002966138678592E16
-6.372545621433102E14
-1.0185671764714442E16
-1.2969219192365556E16
4.0194457865003606E14
3.7689020930142536E16
-2.6605701319089208E16
2.1709694664808572E15
-6.111094343036913E15
9.438112949000242E15
1.4145256184883532E16
1.2610846437907776E16
2.766201465544068E15
-7.284349559196934E15
-5.925209152180754E15
-1.103021669232486E16
-2.19064065470324E15
-4.505293733022265E15
1.1932893715248644E16
-7.848402121160954E15
8.984243107600865E15
-9.215356838374302E15
-7.591413108450758E15
4.950398902983075E15
-8.550021098178008E15
4.275855124230146E15
-2.1284361654927572E16
6.575488816243536E15
-4.1758848406078008E16
-2.5246329856541876E16
-2.9824175286044552E16
1.8986792506262772E16
2.219333507056178E16
6.023103642728335E15
7.182239302626322E15
-1.695393335359285E16
-1.098938827864218E16
-1.1219167478252628E16
6.182381052526162E15
6.969855162892833E15
7.394481923607308E15
2.8495923111005715E15
-4.4099712876677425E15
7.643219316972126E15
-1.221376027204674E16
5.988720724557506E14
8.402271269334857E15
2.5013648067984172E16
8.750786627154315E14
1.086815167071005E16
1.0588946959639176E16
-3.6493731159742025E15
-1.8408291391223216E16
-1.447925800496129E16
4.771569324671305E15
-4.3171794157213225E15
5.206909146239829E13
2.2595116241437768E16
-1.4995562676872528E16
4.0038947567647215E15
-2.6727591238337505E15
-6.830927057996342E15
-7.320706242397693E15
7.183722386682166E15
-1.1541542257918305E15
-2.780311543827878E15
8.239225551155256E15
-2.8012391175472795E15
-7.833729211971705E15
-2.2523429427835065E15
4.299417512561503E15
1.4044109628896985E15
4.478711007869192E15
-7.680669158405026E15
2.1597143494185332E16
-3.0062565950563345E15
-5.071192240077497E15
7.370841079932976E15
1.8544622105907064E16
2.6370602150263675E15
1.3876588951037685E15
-3.0123237526692815E15
-1.2885383451938822E16
9.62203905538538E15
-5.721772654390119E15
-9.846351216137152E15
-3.8659346296166955E15
2.748035777972496E15
-3.970888698805567E15
1.4020544004655246E16
-5.12490369133525E15
-9.234037893117972E15
-5.563409528875182E15
1.0415934355623822E16
-9.766717885360816E15
6.259861648825442E15
5.043647663101791E14
2.0620810134524432E16
2.079289188561641E15
-2.921349961881017E15
1.3972166531114032E16
9.415906697670221E14
-4.3838019121555255E15
-1.732128727632013E14
-2.7043119248641015E15
-1.0747141874260716E16
2.6402922816019005E15
1.799561597898253E13
2.701587372084672E15
-3.0736371564353345E15
-1.85658488460563E16
7.945094578721333E15
-5.552435559847374E15
3.610089177894432E15
-4.786651354442738E15
-5.391590680270539E15
-1.0047001317542326E16
1.0057267998687838E16
-3.05384549668392E14
-2.27202925732114E15
-1.624609724841241E16
1.6260838641467586E16
-2.0039817060939715E15
-1.487122024189173E15
-9.245877014065996E15
-1.3811494072086252E15
5.2008431450982756E14
2.3779328375421544E16
-8.584988738292102E14
3.655812586836557E15
1.267203740350234E16
5.496786490481677E15
-3.2496250796544395E15
-2.4454867467099375E14
-1.6625766176113152E15
-5.562137335469574E15
-7.044938973819278E14
1.6896607292562325E15
-9.37264492582008E15
3.163378062200092E15
-2.6257414034612208E16
7.624814950769861E14
-2.927279560489482E15
7.135553107989621E15
7.409737541101222E15
2.980445660586646E15
-1.0563869363905694E16
1.1447760502044668E16
1.2875144046297712E16
-4.238244820165274E15
-1.159472190335229E16
1.577595631712982E15
-2.475172109032771E15
6.948340356607671E15
3.5469218510396655E15
-5.52542117705271E15
-6.960322454417938E14
1.4328307827223922E15
4.189972600427417E15
1.6859128897210254E16
2.0957822214137358E15
-4.1757821266368275E15
5.900176707303376E15
3.450352268602298E15
-4.830690480480868E15
-2.30560884108681E16
4.42219475499218E15
-5.456646577594051E15
1.777246841975824E15
-2.9332670795781205E15
-2.5162415973734875E15
6.433306729000358E14
-3.7264943888203265E15
-2.7001790837802435E15
-3.1005271218162725E15
5.820328776351891E15
2.8615767631260915E15
-1.0117870069125418E16
-3.6453663024564995E15
-6.721043279669507E15
6.506288223681799E15
1.2779637299553494E14
-9.100838329608712E15
-3.355841872118952E15
4.3618123229091685E15
-1.4208689967341812E15
4.524612488473027E15
2.640716069257506E15
-1.2378528100955842E16
1.1355921979812088E16
9.724984514776194E15
3.803687660474267E15
-3.348733123359306E15
-1.8714223882545062E15
1.8672421604275102E15
-1.5182472474500816E14
-4.619496079784552E15
-8.539472080092796E15
1.1952091549434576E16
1.0965795757027362E16
-3.9992697334357035E15
-6.029848805132323E15
1.941388384528719E15
1.0320964421054526E16
-4.4664226063687105E15
5.4867454215275756E14
-1.4800725547148512E16
-1.4116960748160478E15
-4.075443393410621E15
-1.2996644843402964E16
8.695622027738635E15
-6.98800084205135E15
5.613233060649884E15
-8.317210423974153E15
2.0669209308768795E15
-7.795703641019013E15
-6.002057055830284E15
8.236835133111639E15
-9.424503173618888E15
-1.555541061891426E16
-7.286723558371542E15
2.926600492661154E15
1.9901457148098545E15
-1.889577751038822E14
4.00111011154968E14
6.319413157107228E15
1.8703210223128616E16
5.505181963082996E15
4.527519465217308E15
-3.090087095820994E15
1.181215355479981E16
1.2035714341407258E16
-1.0305478864120306E16
-2.7330336415292085E15
-1.2470799357592435E15
-7.146557590688798E15
-7.867760604886026E15
-5.072061901242063E15
-3.991834748161075E15
-9.36330404874812E15
-2.1221431344393465E15
3.7155874285426725E14
-3.1727177769344365E15
-2.2897045315834125E15
-4.544139984325981E14
9.070472536445639E14
3.3889155622082915E15
-5.5763949686825E15
3.3027367837316045E15
1.4393127257173258E16
3.377903361877664E15
-1.8311907436865382E15
1.22297916971196E15
1.2215084855531575E15
-5.648704801615821E15
-3.9010287004865165E15
-7.156465898409169E15
-2.1598952137043588E16
-5.799926821796104E15
-9.790814251460546E15
1.5756398474901488E16
2.5903170129553964E16
5.907105006367833E15
-2.330783021786913E15
-9.31730542558647E14
5.08373498192876E14
6.063813554105102E15
4.971208115952658E15
1.3367886954455808E16
1.972767261339037E15
-4.784702029766262E15
-1.6012706261275115E15
-6.129625125761364E14
-1.2308820069869322E16
-7.773756686588241E15
6.601177591885068E15
1.113274844916264E16
-3.2349788502510545E15
6.101124712478218E15
1.1672842334347354E16
9.430220617674959E14
-1.8037925224702962E15
1.4677753919809E16
-8.483852887813478E15
4.595715941609047E15
2.6658483960841185E15
1.0206116031865004E15
1.975109275005035E15
4.807241101782055E15
1.6434082630630718E15
-3.627043010370507E14
-5.829288410418061E15
-1.4306905235562394E14
6.217800504494582E15
-7.117669731658657E15
1.942539547956529E15
5.069378584095518E15
7.592239725316417E15
3.00887846423771E15
-3.522861439910643E15
-1.720406259110953E13
-2.926286480395665E15
-1.049930587431616E15
-5.778957870644685E15
7.658451127483572E15
-3.947635826010979E15
-9.541544271903498E15
8.533736817317486E15
-2.0062115798303048E15
-1.5944361256542795E15
6.625046777196686E15
-2.2175689326207455E15
8.44710805345776E15
-2.4943574750376938E14
6.289715138320687E15
1.3030893359813128E15
-5.742730255227895E15
2.7957687961695316E14
-7.234821367779889E15
-3.92891645599869E14
-4.470328817981167E14
9.109703467001988E14
9.029107630535146E15
-3.7315986614460205E15
-4.293905438750011E15
4.0713212657691145E15
-2.0239555709913708E15
-7.693523933941966E14
5.124274291137718E15
-6.57351060715466E14
1.5374335754785882E15
3.87537295730735E13
5.826704588499506E15
-8.466369567099951E14
1.3212929760861398E15
2.1203289526272458E15
7.210173177737431E12
6.040076706110944E15
-6.17756251635369E15
-7.26011198330666E15
2.8980332237163135E15
3.512801289300282E15
-7.016554419358842E15
3.5750250068095255E15
1.1249850053980204E16
-8.273313120295631E15
-3.831334951653655E14
-1.4715292988377052E15
5.06417527248616E15
4.978695549867972E15
-4.407643704970969E15
2.53220761631003E15
-2.2852703935801835E15
4.465520060151531E15
2.0166365520721432E15
-6.835941487449395E14
-2.674624825909857E15
-1.0422672943973602E15
8.285235472816621E15
2.2842325579133995E15
-1.39495539627793E15
4.0023450716124385E15
6.81757239763597E15
-7.423933884794394E15
1.1837457786430608E16
-1.7373990779660155E15
-3.1199906407596255E15
-7.631040839784181E14
6.844893114069525E15
1.9488540253478865E15
-3.55983773047964E15
1.4088924158571502E15
4.016041218928765E15
3.695957925926311E14
1.0118366161908578E15
-3.82672609425825E12
3.269842554470019E15
5.664298271108793E15
-3.634142335147722E15
4.340075411488161E14
9.027284207936784E15
3.195904084778473E15
-1.7828057881915175E15
-4.930823856029728E15
-2.509676718088741E15
-2.6736290763357512E14
-1.768648203309254E15
5.747970497647955E15
7.869319690741804E15
-5.977785419874428E15
-1.0633645120853788E16
6.281248167159767E15
-2.4811195097378595E15
4.954159954535433E15
2.377999074857301E15
3.995486860250805E15
-4.89879221341206E15
1.9634274222841165E15
1.16304503973171E15
7.895046791935642E14
-1.2719580405564395E15
5.9943416170509234E13
2.528097197755703E15
-4.9575646234371306E14
6.737185033583646E15
-1.7895203899860375E15
3.4086132483914365E15
-3.685045713422561E15
-2.3983469433386265E15
-6.242697406015619E15
3.55720498143246E15
2.622264065092436E14
4.446243480266304E15
-7.580198647686618E15
6.130695421742994E15
8.174092421956225E15
-6.783612460003513E15
-1.4513682528259308E15
4.281246806710747E15
-8.513272885857454E14
-4.0208519761848845E15
1.5553455383349778E15
9.046478273905314E14
5.422605496197841E15
2.6492915199532395E15
-3.3254749794513806E14
9.513745742367724E14
-9.141614514197478E15
4.49727335597443E15
1.176507047624056E16
4.587404004391123E15
3.562827652943901E13
1.3507289550108965E15
6.655758603618711E15
6.330491324145833E15
3.236440102176907E15
-6.91047770445855E14
-4.2519294055987645E15
-2.9135209676279235E15
-7.643981701094374E15
5.93386511129268E15
-2.9281251087482615E15
-3.4717956377937125E15
1.1326651422128174E16
-3.768263439164429E15
-1.2496471853557112E15
8.191206400226607E15
5.785007189435564E15
-3.870350447432887E15
-4.644873169769571E15
-2.2392576051711635E15
2.724926238405192E15
3.282474474428226E14
4.3061711535720775E15
-1.1405910202358868E16
-3.964944095297301E15
-7.59694585991064E15
-1.4702824178926028E15
-1.651544373663633E15
-6.723252846103273E15
1.3786816800867114E16
8.140347371046704E15
3.808714919936254E15
9.989129237273094E15
-5.381739680505051E15
1.3828140070312788E15
1.6750720389459588E15
-9.96451825821451E14
9.279289503426536E15
-3.506172463177757E14
4.336259248915525E15
-5.159319552212482E15
-4.4791394759062415E15
-3.4622671343557325E15
5.519957884524916E15
-4.4368224357124035E15
-5.051684291323424E13
-2.1725250758148616E14
1.1465364256156045E14
-1.6431599152775934E14
-1.071509264113201E14
-1.471786820640876E14
-1.9114847550303472E14
-3.643938640963709E13
5.4912922272921836E13
-4.364416289134597E13
5.015527047397494E14
7.353630648367092E13
3.6465948043283394E14
-3.2498682720604594E14
1.0597885847628255E14
4.372878979474271E13
2.8654557621871918E13
-1.3501451189251143E13
-1.0921040193732574E11
-7.191393803679345E13
-5.544534330581093E13
1.4864740773716135E13
2.889455865732805E13
7.909745928602144E13
-4.5682124394644516E13
-6.371459124465688E13
1.3586998425847441E13
1.3721264035133123E13
4.784680878227852E13
4.5260567855821984E13
3.017596442290955E14
4.841330527047072E15
-1.5325288197931844E14
2.1435342808660145E15
5.055672989477251E15
-6.938860754726379E15
-7.126862614051941E15
2.770074551765311E15
2.642111323994023E15
-6.691605248390227E15
3.548380807943313E14
-4.707384524800779E15
-9.190719138464322E14
1.9037499682521325E15
1.0668686850389879E15
2.819804094378962E14
-2.8037315426840745E15
-1.867510969372006E15
-7.42735063036748E15
6.531447504911251E15
7.420047057851035E15
8.785447806236794E15
7.328445103019119E15
-2.731678487445789E15
-8.770453266321845E14
-8.294716388139636E15
2.7611299926186365E15
2.8447190907284335E15
-2.6954503580737355E15
-1.32825061456255E15
3.8660685186936865E15
-5.220658436905142E15
-1.424493337726265E15
-3.6420153226759794E14
3.2743653073920775E15
-8.585496472231265E14
-7.589534981374034E14
-3.875740025078393E15
-3.89458365240349E15
-1.7693776342148782E15
-5.478124690487745E13
2.392447093023857E15
1.6817364388537418E15
5.776364368010455E15
9.276778492225018E15
1.230993623320846E14
6.838466541709182E15
8.880053105704769E14
-2.664890892447526E15
-5.870449255467519E15
-1.2826950319198728E15
-9.358877609338072E14
-4.109965285426459E15
1.125571460814152E16
-4.705624170517618E15
-3.5791301299250235E15
-5.836122917192576E14
4.664641933571135E15
4.2708295391800885E15
1.0091518347995208E15
6.122109728175956E15
1.431800258114057E15
8.247668341702621E15
2.4686663239470655E15
-7.234886056802081E15
-6.125415966410597E15
-1.666929349390641E15
-5.931946886937545E15
-3.137600486989562E15
-1.7026356605070575E15
1.353855179960184E15
-3.646217602795077E15
4.957967121008572E15
-1.7578772017159452E15
-4.944133650164766E15
4.4943667583551975E15
-6.943735258741484E15
-2.6934248292113153E14
6.850748791408392E15
5.442104962902666E15
6.329575005509268E15
1.0823589855728465E15
-7.893189740441571E15
1.9040136167809428E15
3.110844624270528E14
3.576915463674183E14
-1.2496458166416762E16
-5.700770272380912E15
9.800275335261686E15
-4.1656248341661835E15
6.402440410121995E15
6.570230617873884E14
1.011701718989675E16
-5.788345527816155E14
-2.1352574872297165E15
-2.0099903000787878E15
5.323454119346346E15
4.881475953540001E15
3.3945258311619075E15
3.0312724078701705E15
5.330149819786379E15
-4.788954324789088E15
5.194381208546711E15
-1.604382299817743E14
-4.777479787323614E15
-6.376667496983112E15
1.606559714302372E15
-4.1177971889381775E14
-1.4894805077789192E15
8.299325689176872E14
-1.1029277029127996E16
-3.1992583373088085E15
-1.0211147398088352E16
-1.0040019529129526E15
1.3738318996644062E15
2.839404194603349E15
-1.3218927053174808E15
-1.148342373383399E15
-4.35340245570027E15
3.077334754135529E15
3.9144348494942355E15
6.341137347827826E15
1.5332812564011968E15
-3.2377873090823395E15
-1.0075771874648234E16
5.637102466465116E14
-5.180756699182686E15
-1.9368569543162758E15
1.4025640121154968E15
2.15419830644706E15
-9.806114674162441E14
-3.8822149848743695E15
-7.128769214053502E15
5.896776200901761E15
5.499599158033739E14
6.435797239354784E15
1.7706115923256238E15
8.748836898974979E14
1.0242550567303152E15
5.813571931964996E15
6.632472234478996E15
-1.0988339216114586E15
-1.6473899787336175E15
-8.678593721940801E14
-3.681601569009484E15
-1.7570815899605768E15
-1.920139522493553E15
-5.976059125771877E15
-9.873270529672399E14
-2.882655275174216E15
-1.504692160846551E14
4.710317916989857E15
-2.39743454959059E15
7.050965911983044E15
-3.3439505579966015E15
5.618508691325666E15
6.677889171098323E15
-6.527836338822398E15
-6.239306967839198E15
2.1236743749521678E15
8.698847256379845E15
-4.144383096564736E15
2.6782232790124455E15
3.182545415707981E15
5.355497127328626E15
-5.097522765004739E15
-3.3185541805628475E14
-4.378121183698224E15
5.440343212827229E15
-7.520657082677952E15
-4.276390084127501E15
-3.9410836660463795E15
-1.5659807966785925E15
1.5781685884410458E15
-2.641547672766608E15
5.35500729469603E15
-6.156995648114121E15
-4.960898115415362E15
3.602417467777276E15
-1.8734132531267062E15
-3.4150037981769265E15
1.0020953324042114E16
-2.1340908610131025E15
-1.489016968403168E14
-3.755474177175632E15
-9.350930541027908E14
-7.770904520498675E15
1.0515050403846736E15
-3.6052570143604435E15
1.2952410504566298E16
-8.952200700457325E14
2.8921791238862875E15
6.213183570844698E15
-5.028479300615807E15
6.438774015600079E15
-2.647809642187105E15
-4.3240783714944055E15
-3.3237631102323605E15
3.285408421481442E15
-8.693161832442243E15
9.214155916573685E14
-5.670391552091508E15
-9.652502863682126E14
4.464802355473458E14
5.49369178505588E15
-3.926530352394018E15
-3.0633245502760795E15
8.647284784152926E14
1.495285138341501E15
1.8098970060596748E15
9.08083830324901E15
7.260731836901957E15
-4.762761923089588E15
-8.71222110787469E14
-9.524878797786921E14
-9.629446957377086E15
9.219822149220974E15
-1.5280496858855688E15
-7.258860212861253E15
-2.326721539161771E15
6.937853221589685E15
8.379279857293821E14
-8.923797871996482E15
6.609905213128807E15
4.66952523672235E15
1.1144376796189294E16
1.489704493974657E15
7.406074491466525E14
3.1379083523503535E15
-3.587805874124851E15
-3.7086131976851E15
-1.3299882823578748E15
3.5340099837946765E15
1.490943245788588E15
7.70620355308809E14
-6.04291170514099E15
-4.992491771034768E15
-3.6564839856406345E15
-5.801430733770931E14
-4.702170310714751E15
-6.667601920200445E14
1.0192964559606798E16
4.782100686932218E15
-3.1770931786182805E15
-4.891609691849325E15
5.486595862207512E15
-5.4769303158226744E14
-4.385507469012771E14
2.8077708110692935E15
1.3889387558117085E15
-3.618306587431458E14
5.776017684554613E15
-2.962308926133914E15
3.7941031160528135E15
6.960657330907819E14
-1.5518294396971732E15
-8.992867494817342E14
4.6295821681897625E14
-1.3077592455732184E14
-4.749636436651181E15
-3.4077818864161065E15
1.6106238553792572E15
-5.11563257332043E15
-2.862535180841532E15
7.614022241310884E15
3.943084221644643E15
1.9058338678402382E15
5.679225270965802E15
-1.7171062170181897E14
-4.072549368526537E15
3.7347879318437925E15
7.469558738294302E14
-8.105376602076742E15
-4.791608357881059E15
-2.5116105642656855E15
5.831979812782621E15
4.3440409749869445E15
4.4357422776949695E15
-1.493173477033096E15
5.648159501185892E14
-9.951664298434524E15
2.136843074753816E15
5.621742194405025E14
1.484623849140297E15
5.972039430511275E14
2.8166610792034894E14
-1.3031232107665238E15
-1.9788862363557332E15
4.4277827293670206E14
3.1455217806479316E13
-7.642547775352694E14
3.53261855293619E13
-1.8920347531696518E15
-4.0347504900273575E15
2.2171384738751802E15
-3.639122010201383E15
-2.6837874194113203E14
1.3397544650013112E15
3.88519938309469E14
3.5179063461145115E15
-2.0823432815899365E15
-1.3586980711376302E15
1.1395708035494885E15
-7.974017239521472E15
-3.907160879301738E15
-1.2184104947385278E15
1.9856296199845458E15
1.8307260333359795E15
-4.0339808222141305E15
1.2609641583575928E15
2.6807485022584805E15
-1.475445170823157E15
-5.659897504223593E15
-9.78982020249588E15
3.295063974569069E13
-3.879101211232137E15
2.4747143842560094E14
1.7070169587142095E15
1.855101513834237E15
2.1144674323315048E15
2.6153697159396305E15
-7.098928729925442E15
1.9286137841031545E15
-3.8218061635691285E15
-7.252595981328338E15
-3.828230884071289E14
-2.309313979279877E15
-1.0050152637885132E16
-4.2723019410149175E15
1.0124945025399505E15
-2.562333798875959E15
-1.4146625294684202E15
1.530484011222946E15
9.8483484497173E11
-1.9750179351250172E14
1.08617230177687E15
-6.633934102176289E15
-1.3738944944736225E15
-3.7613252340319215E15
2.587907058404103E15
-5.496668445731467E14
-3.3067975751882945E15
-2.750184985950012E15
1.2728241134660988E15
3.4943370065388806E14
7.833531413048523E13
1.6845109633372646E13
-3.9881476821237794E14
1.9496978603957028E15
1.2016933884968188E16
-5.061325320618708E15
-3.620258516941454E15
1.298970848461969E15
-6.156757111766199E14
1.768647986522802E15
1.551820314883363E15
2.0422389013087265E15
3.456840404185703E15
1.427231800870261E15
-3.757595153382148E14
-2.235013704052939E15
1.126518502699021E16
-1.1994863579246368E15
-2.008670378880936E15
2.259805127986809E15
6.327640422475147E15
-7.444687199670816E15
1.0828565046029164E16
-3.4256056904660395E15
1.0779410191418405E15
5.2976167173123325E14
-2.023277466599843E15
-2.137116983962849E15
1.5872165234607942E15
-2.301858922197827E15
-2.161300189267189E15
3.017516636719601E15
4.1259548862823955E15
-6.030493551763926E15
2.341150223508474E15
3.6771926439879795E15
7.841277816936714E15
-4.493318197580551E13
-5.330823029069524E15
-5.966906012089234E14
-1.07097259929301E16
6.882594396860988E15
6.376925264852634E15
2.25753452261773E15
-2.0048796303747108E15
3.368159170081027E15
2.476609540485605E15
8.331762033858696E15
-1.62336522550346E15
-9.212817680195774E14
-2.882467598250154E15
3.489616750943865E15
-4.842159599606957E15
-6.696781166209781E15
2.1899376451413945E15
2.4845019643295835E15
-1.0063398128437047E14
-3.772264698360159E15
1.0421639386768618E15
-3.399691501841089E15
-8.281050124977738E14
2.3082680793232685E15
6.906224412628329E15
1.0396687583025752E15
-2.2182405760180738E15
4.95683652213374E15
3.3426321808847475E15
8.964877759164911E14
-1.9131610460133968E15
3.707343619856869E14
-8.582453124139898E15
-6.071398946152332E15
1.5088671679993495E15
-4.933134482218439E13
6.298476668907038E15
4.1250109973891455E15
-2.295644751831516E15
-2.1340698229186568E15
8.089703013188983E15
3.087081112899583E15
-1.6006141862828478E15
-1.390205038392182E15
-1.7102860416492028E15
-6.325927645727339E15
2.289456348073094E15
1.3466424697140575E15
-3.32176892764518E15
2.7096419597411405E15
-2.8207554807096215E15
3.9953685035931325E15
-4.0656436576728455E15
9.945054744998452E15
8.026651990620614E15
6.206115957846044E15
1.6305380444202782E15
-1.32804483859656E15
4.3941536903133055E15
-6.875301894064915E15
-4.642597809633423E15
3.173838385326941E15
-1.045679168384548E16
1.0952770902777014E15
1.76078881913036E15
-7.822565103865934E15
-1.7885710177701545E15
6.4051578163961045E7
