2.4975484639233875E14
-4.011320183968659E14
-2.9755691686959685E15
1.034192044227977E15
6.028738330432748E14
1.2390584667643135E13
-4.653297067211139E14
1.204521909771026E15
-1.600706651967275E14
-3.966565070061716E14
5.618999437269617E14
-9.602752870802256E13
2.0329628486023534E14
-4.136267614899406E14
5.692131267039408E14
-5.578799139887917E13
1.7470182727328055E13
-7.496304305234601E14
3.2769141028599325E14
-1.5705694329402262E15
4.97287378871139E14
2.2300044110168022E14
-6.118148176606951E14
1.1319103769436062E15
1.1618277659206342E14
8.454834093568417E13
4.1197848180562125E14
2.146572909298244E14
4.9690425361694044E14
1.3652339048312868E15
1.2250527382661468E15
-4.700064427246217E12
2.209576166191814E15
2.105784840092975E15
1.881721847726455E15
-9.280182566837334E14
-2.1635229147452708E15
-5.802969364448149E14
7.516605335267118E14
1.5643735842158988E15
3.0304006807153844E14
5.773910077980114E13
-2.7965023251143838E14
4.627985919028947E13
-5.539052359469826E14
-1.3617902338474035E15
3.1550908525520325E14
-7.811350982236032E14
1.6089463024305805E15
7.31148472986757E14
-8.160609771221592E14
-1.10242899724551E15
3.6225900745498975E14
-1.8032104048034422E14
-4.974803931969277E14
4.8926522560550475E14
1.9038536740491312E14
5.5560613700264656E14
3.0765349397531906E14
-9.960869679455346E12
1.2577292790617922E15
8.384107922643096E14
-1.4462533455294398E15
8.098265394305206E12
3.70850106740924E14
-1.462133981247055E15
4.248197082512927E13
1.5226199230291222E15
-9.075023776525314E13
-5.821350126519271E14
7.61260292802584E14
4.0578349894913594E14
-1.1427541975302832E15
2.330765386608697E14
2.8198258403920425E14
4.2126760929401394E14
9.739959513595069E14
-7.623561060181456E14
6.348409210857812E14
1.629677799722107E14
1.3323328396433956E14
6.929360546097491E14
1.2971715468151438E15
-2.2224428331206116E14
-6.251524788819508E13
-5.519425500655796E14
-1.9637072520421008E15
7.917890597997264E14
-5.0802174098605794E14
-7.251915461855381E14
1.1229368352001642E14
-1.1989482108311938E14
3.753606873959256E14
-8.679394275727632E14
-3.302258390861393E14
1.4363490877232875E15
2.862562283610267E14
-5.813057748266061E14
1.0204154372398746E15
-6.701244121097968E14
5.523050856970253E14
-1.058035464748369E15
-8.469745109520817E13
2.7958909295334914E13
-1.1869930826820725E15
-4.5538959093043975E14
-2.428681644114763E13
-2.740230583757706E14
4.7312959754796506E14
7.888808862851185E14
2.0534654432185938E14
-1.66453561389214E14
1.478341976967671E14
6.916447727200488E13
9.412455469443515E14
1.011888682379248E14
-7.0337266479711336E13
-9.648146490227755E13
1.5968275853838953E14
-2.3655040007698234E14
5.2430267607482794E14
-6.227692369376799E13
1.0979325902087912E13
4.3327374663726556E14
1.0286783603720056E15
-6.198507069610689E14
-1.5129216768367153E14
-7.483407773748412E14
8.07810277074878E14
1.5621246853456528E14
5.051648139496885E13
-8.576646538020111E14
2.2410468713313418E13
-3.609887235829514E14
-5.7647481880084E14
-1.7046801344903578E14
3.386515142437999E14
4.111571398228971E13
8.960112684511217E13
1.677043972939486E14
4.550213757815669E13
-1.2252528652654052E14
4.0373543776206644E14
-1.2831743275708283E13
1.3707404375645845E15
-5.2362413941875394E14
1.4433315382415772E14
-3.9563323235201256E14
-6.661344056798426E14
-3.025327625101399E14
9.304536150368674E14
-4.2363111866219734E13
-3.343615433834199E14
7.030245466372594E14
5.216377788287662E14
-1.2867345198426669E14
-1.714126131908206E14
-4.000321617458794E14
-1.0365320171418E13
4.2279417947702844E14
-1.9492570929050947E14
1.0839110131831516E14
-4.651608152765773E14
-1.234714872204922E15
-1.6860654970747834E14
5.276288797054582E13
-6.98151157013316E14
-6.8776658729114836E13
-9.947758038273378E13
1.3547219671379618E15
-1.737503297701352E14
2.3174516755829023E13
-2.1805070984002512E14
4.896005999849539E14
9.840106681039994E13
2.9633177440624444E14
3.6240279455793494E14
-2.7192714555976784E14
8.041192094731872E14
-1.749626411556617E14
-2.776347916499318E14
4.7068960364300506E14
9.709393531491006E14
6.401009413554724E14
3.5853479942959306E14
1.7452175108363594E14
3.812020247473458E13
-5.247187143402346E14
-2.892003439609984E14
-3.179675934529708E14
2.7600539755892688E14
-1.061171101737799E14
-5.118405065314584E13
-3.7030525823543156E14
-7.758503548486545E14
1.15480272917991E14
2.6809006048983055E13
1.998778914188586E14
-2.488705544200405E14
-2.8626799896961856E14
3.912186178017755E13
1.8329722652297997E14
-5.952731849236216E14
-4.8446101636909094E14
3.4121160893249075E14
7.720403586624138E13
-5.787604354256468E14
-6.445230716969564E14
7.534511197675202E14
2.3570243901931394E14
7.952986828918816E14
-1.5168900527926862E14
4.6421189385279675E14
1.1948057950506808E15
-5.433713484815843E14
4.743174559731902E13
-4.4787751223756144E14
3.8240595455179744E14
-2.0754416148370988E14
2.867931192323267E14
8.091927556332445E13
-1.4807503094171162E14
3.051865049551305E13
9.654859802967256E14
9.265163357163546E14
-9.589367201736134E14
-2.951980192478448E14
-3.4011717915302256E14
2.1729661121133547E14
-3.0727828845354006E14
-1.1217050083258248E15
-5.649381963882671E14
1.0435503793978347E14
7.5355915958484E13
-4.520566383021544E14
-6.55332059631362E14
5.876177563200734E14
-1.8673584485127586E13
3.102133534177575E14
7.077872903540598E14
2.0806885345147325E14
7.966230598212345E14
1.8849256424804603E14
1.3831268814499142E15
2.858580408945504E14
5.376379649137452E13
-3.873122318573269E14
-1.7398557609156934E14
8.289726733431098E13
8.649046914916498E13
-5.0527743103893394E14
-2.562454794512773E14
-3.03336861052004E14
-7.67742552509231E14
-3.1257128279029794E14
-3.813190475364022E14
-3.900263997661548E14
-3.1371827690433944E14
2.3362590635879656E14
4.7253072660519675E14
5.517562979775137E14
1.0929735262872698E15
7.946668147532425E14
7.58004433951498E14
-1.6405471150062908E15
-1.4321544700535105E15
-5.550316257873347E14
3.941200800894637E14
2.8888880237190606E14
2.441181709570457E14
1.980908374809328E14
-2.4412369776032172E14
-1.1122549930882871E15
-2.26797383182785E12
1.1934275088675847E14
1.4703775333126044E14
-1.751013822074258E14
5.2686971371698006E14
5.58018946594514E14
-4.7891618188125984E13
7.26883009913932E13
2.6257472586723778E14
-5.0330285600682325E14
-8.416465504086996E14
-5.841853467882728E14
-9.223925135718047E13
-8.556013759668376E14
1.0444368572207553E14
6.5199907022308734E13
-2.4606180677512328E14
-4.494092419728582E13
8.629918938112019E13
-6.331333609568549E14
-2.1696842283362775E14
5.4726423356111625E14
6.743578930892001E14
4.175028073629628E13
-4.1790814834005344E14
3.7709069868599195E13
-3.619174642703621E14
-6.177638002460412E14
4.266037877965792E14
8.213180921724578E13
-3.106149282676126E14
-2.752218686116232E14
-6.202393693289229E14
-5.520276355001321E13
-3.5150126095247606E14
1.1378067417796669E14
2.906757233976684E14
8.667265086613522E12
4.2993374106189594E14
2.147856387010745E14
-2.5461048909847634E14
3.949665167634871E14
-5.0056132417796516E13
3.3469699527089725E14
-1.0217573902084003E14
1.4717352937670247E14
-1.5428005869024212E14
-5.4670951646630825E14
7.168971750225114E13
-5.436254903579467E14
-2.939115296338744E14
1.0719050814904439E14
-1.8792117081880715E13
3.403221581903965E14
-1.2467458185102005E14
-6.721292847525908E14
2.6874720270445688E14
-6.691600922900411E13
-1.5303478046525025E14
-3.289462266610502E14
-3.693841368476096E14
-4.855381110874723E13
4.546025757868934E13
-2.7792670894542816E13
-2.4165061221690773E13
-2.5381940114979547E14
-1.9289170400804106E14
4.459504798633256E12
-5.520000246325935E14
4.150926476360285E14
5.960451824111502E14
-3.2473012989865356E14
-2.85515725218929E14
3.041579877709926E14
1.7624636856064434E13
-3.506918342638678E14
2.9533279978903944E14
1.1983109859457164E14
2.748487061166199E14
1.5009117313510153E14
-1.4094962312113716E14
4.034300874087465E14
-2.319749927754716E14
5.972089308813254E13
-2.6469482950320566E14
-7.478645041985481E13
6.161164534175559E13
1.439573307629226E14
-4.348067496892994E14
-5.550965231407401E14
2.032618936110567E14
3.922124897128466E14
-5.215312914390075E14
1.1492670205596416E14
-5.3309415693496164E13
-7.696938133587052E14
1.1847350349946297E14
-1.2691831049244127E14
-1.4051771947831545E14
-3.634075136813401E14
-4.179367014702295E14
-1.3933221516497395E14
1.7660658366721097E14
-1.9943475840207428E14
-4.741205328797987E13
-4.1580665394636544E14
-2.7725448246002278E14
-1.8961988629832962E14
-6.164047809562305E14
2.7794199979780838E14
-3.937299007491562E14
-6.260695026649589E14
-3.9833353730279475E14
-1.2751014652780878E14
2.0529341064902144E14
1.2931043203265652E14
2.3565132228560656E14
2.152140782245012E14
-6.344249352699022E14
-4.815090881014079E14
1.4774174001913347E14
6.328583118552692E14
-5.4383776275716644E14
1.672197070360359E14
-3.2083881223131113E13
-3.8302062103921756E14
-3.778975892541526E14
4.3462874093665875E13
7.242079743525108E13
2.296653890741284E13
4.352540959434142E14
2.387196352902969E14
2.997669044226941E14
-2.82296947721448E14
7.211187739733005E13
-6.968957781615646E14
2.508326734671061E14
2.13262521233494E14
7.189085819901951E14
-1.4637368162888706E12
5.028570896736536E14
-1.0261175577651256E14
1.3102491059064516E14
-1.3236058810456152E14
7.64555254334173E13
-1.3217808837093577E14
2.009926853131725E14
8.655699025216669E13
-9.743486345592658E13
-4.504455432021112E13
-2.8742949345674195E13
2.7040774581439662E14
-8.556212088898553E13
-2.3664988132607862E14
-6.655489172857136E14
3.953456474713874E14
1.5012732876180725E14
2.270302985077378E14
3.2960447652895375E14
-7.224910526326612E14
-6.803904490202275E14
-1.917585527635255E14
-2.3176714638669956E14
1.2368373296406461E14
-5.637263067196618E14
-4.2263375980146875E14
-1.4380036795755277E13
-4.889587961319746E14
1.077328339515579E14
-3.826514822749985E13
5.517312490476806E14
-6.2997643846342484E13
3.405482505339316E14
1.2796084512807158E14
-2.2548606654963738E14
8.787499118067822E13
1.1460544193348945E14
-7.084671502970219E14
-6.352733845559865E14
4.996067811254296E14
2.2556230535939175E14
5.2347670346991675E14
-4.7999095922333456E14
4.066207225050453E13
-2.1201303665351988E14
3.1840333807768556E14
4.217177066819407E14
1.687343794603723E14
5.047802581990161E14
-3.7070758461050794E14
5.552936621518645E14
-1.2050628505008588E15
-5.192759974467822E14
7.940126866374859E12
-5.2925117003710075E14
2.8671019790122656E14
2.6346093726365945E13
-3.5685565886723044E14
-2.0457900138835472E14
-4.308381528083015E14
-2.5443065751415938E13
3.117615499430725E14
4.9466087673252475E14
3.0803892261718656E14
1.35501766043423E14
-3.387950511912234E14
2.1461649791584194E14
1.1387265467719494E13
4.195329609818519E12
-3.1147936869469746E12
-2.8500225008025967E12
5.731768167438621E12
-3.4279233417621104E12
2.6264322495952355E13
6.994352261754919E12
-5.169782886733127E12
-9.412653887684208E11
-8.418627748780176E12
-6.009095869417648E12
-2.1238938612684906E13
6.805839383077287E12
-1.6212797634671816E13
1.446327618620098E12
1.7739585483386204E12
-4.346237040050521E11
-4.9967570277471075E9
5.141790672223344E12
1.1662058807300537E11
5.006274488725522E11
-1.454185061904709E12
-2.5565451361272954E12
3.6016676539413223E12
2.924531312191991E12
-2.1653874303830093E12
-4.3042976211988635E11
2.0612003405168298E12
-4.834008858549041E12
2.505727972825753E13
-9.53907932240783E13
2.4369627238145835E12
-1.528144135788692E14
-4.106916903281309E14
2.0624373946167778E14
3.9169570195218E14
3.261831133955433E14
-2.0443551957597147E14
3.968487466502161E14
-3.499594792702257E14
1.8378664700149712E14
-2.7269003663401207E13
3.593947068507355E14
-1.8657286833981184E14
2.897307478506874E13
-2.038132767305435E14
-1.77219164839596E12
6.407852148171662E14
-2.3411376184968897E14
-3.271029422711081E14
-3.703038397571347E14
-2.3972363924246756E14
1.5919538644096547E14
3.7157168476811206E14
1.2111055018276202E14
-8.172521233146105E14
1.498398125153396E14
-1.1987750550002395E14
3.292091644918825E14
1.259880911704E14
-1.2537003274473503E14
5.467760387922242E13
1.140423454877276E14
2.0895542624334147E14
7.65837438999753E13
2.784750277550465E14
3.223907884311488E14
1.0723343176175461E14
1.0637724230029577E14
-2.600938386920183E14
-5.770674453569208E14
-5.737084676495261E14
-1.4387684155722772E14
-8.591424965869181E14
2.2185032059050178E14
-4.651552698638065E13
-2.968690321662358E14
2.314164826051155E14
3.517857330380892E14
6.986602065686769E13
-9.780671190325642E13
7.548605825226525E13
-4.418405741653013E14
5.52821467220321E13
3.34344895192827E14
-1.2275393943058547E14
-2.2166163688263766E14
-1.5942591262172628E14
3.5731048864366494E14
9.622157131099102E13
-4.139347189592118E13
-7.032978596828066E14
-1.1658915197008289E14
1.5356991808944106E14
3.8519222177663675E14
1.512813876101341E14
3.947906690438249E14
1.2266144950011152E14
3.1229802117917444E14
3.244266622592092E14
-3.4452311567499425E14
-4.069468827036137E14
-2.0671514465753028E14
4.427764238274231E14
-5.909603734984306E14
3.6235396854682575E14
7.705237925205122E12
-2.6765176636103156E14
-1.079933220250027E14
-4.671651021813941E14
2.784372667031493E14
5.793241240667832E14
-1.8206872579512328E14
-1.0027445222992892E14
1.8063324082394078E14
6.060949019518638E14
4.3391873355823806E14
-7.154899288496381E14
2.4732134501838228E14
-1.0820426824651844E14
-2.3090360709277028E14
-5.71185805912778E14
-3.382773908657606E12
-3.440923220374711E14
-2.3295249636552797E14
4.853101686400226E14
-2.6756955241068238E14
-1.1250836445133683E14
2.420694575516394E13
-1.5506894175833403E14
9.09539112943235E13
-4.067711514893537E14
-1.759830097400593E14
1.509287020111906E14
4.327694909113138E14
-6.8259024198003E14
2.13393841997533E14
1.4590767221994544E14
2.0900978824226072E14
5.715460713004019E14
1.92464351888575E14
5.166765588534837E14
-1.926146232006891E13
-4.430792743952161E14
-1.2034135212553988E14
6.148629731991098E13
1.2094245835263728E14
2.4600909749553022E14
-1.4996120152717862E14
-5.429619988606243E13
3.94612511033819E13
-2.4196250323443338E14
-1.1025976076530934E14
5.474654795743763E14
1.1816597139961926E12
2.0913875903399103E14
2.878541584162599E14
-3.3776941067904363E13
-3.913761513504531E14
-2.63810639277912E14
4.9916758674685256E14
3.331789663739217E14
-5.933356371629588E14
2.7260301555573288E14
-5.022601163319275E14
1.7386724065001277E13
5.360320867332518E13
-2.87720440020386E14
-3.745246635630394E14
-5.585347271241146E14
-6.5786681122487195E13
2.793838644220387E14
-1.652943270901081E14
6.5832888168644484E13
4.14482538424424E14
9.031395074688334E13
2.77652943785208E14
4.3654147577396275E14
-1.072914480741127E14
-3.760529281108381E14
-3.790148321200308E14
-5.226933649717954E13
-1.3774457882184103E14
-1.715152355196335E14
1.9948700292245225E14
-4.2868455145981394E14
6.431326888691682E14
7.641317520355612E14
4.7159087396047675E14
-4.207747156352442E14
6.097292542022412E13
-1.9168841996174856E14
-9.029775720861305E13
-1.48921066503009E14
4.525391752923281E14
5.094054796489479E13
2.1938343420969694E14
-3.023833803974736E13
1.9479705639045828E14
4.867788270728452E12
6.121384706300048E13
2.3208558503861338E14
-5.111743124841224E14
8.93160894072384E13
-3.19091571519665E14
-2.425825081375854E13
-1.6076275797221656E14
-1.5611439660794288E14
-8.968515118233833E13
3.838352528001348E14
-3.5550185999779275E14
5.181058536189929E14
-3.813454407763949E14
3.493024947515124E14
-7.862537304037303E13
-1.5773349193944037E13
6.2354694530190266E13
3.556009577502839E14
-6.487805080242544E14
-5.893206702246388E13
-5.196938000824317E13
-1.2463205115902294E14
1.9253018448911242E13
-2.177070141231307E14
8.126017991911666E13
8.935501803779114E13
2.105723267685046E14
1.823291220214016E14
3.4063659309709056E14
9.584365165430879E12
3.978445168549188E14
1.3177696234185942E14
1.6885485250395475E14
3.4239527823774746E13
1.959614067494676E14
-1.872247823437953E14
-1.778613330757145E14
1.2804129728796886E14
-3.375301930166949E13
-4.688515870559469E14
-5.667864319585872E14
2.6031095700416406E14
1.2970192745108053E14
2.1388287847170332E13
6.655594836544111E14
-3.357598022795091E14
2.623161193725866E14
2.5512260656222078E14
-1.0080198068181969E14
-2.7513255715689672E14
-1.2455181519834328E14
5.866735977142842E14
-3.9462998672484056E14
-5.602697335249691E14
-2.160894066479017E14
-1.4044135086965075E14
-1.776673063502809E14
2.969514176928537E14
1.8296461756464684E14
2.3015388619319972E14
6.866512571409379E13
-3.130623975061062E14
-4.624157770722982E14
-8.732493250388998E13
3.028524882776172E14
6.0623138504331695E13
3.094914258045281E14
9.02021458920558E13
3.2695074431278775E14
3.714565565648725E14
-5.47443708748316E14
-3.699575481943675E14
2.912319443108426E14
-1.6136516577847422E14
-4.714692262981707E14
1.9568725577201416E14
-7.969436312662869E13
-3.206529906636691E14
5.099103049484567E13
-2.26056442220933E14
-6.463083461637508E14
5.174289814566574E13
-4.610496015315719E14
-4.69288067775037E13
-7.954481636393995E13
1.50998642117123E14
5.078490412971259E13
7.044929002689641E12
-3.099313496386919E13
3.231656440355859E14
-2.0304282668144072E14
3.598947771102719E14
2.5506262526431625E14
-8.766871495645309E14
-1.1713518132130064E14
2.184006306474242E14
-5.71374199923547E14
-1.4221415127654903E14
2.3433461852915594E14
-1.8276085617946806E14
-7.827997862834469E13
5.398810514273135E14
3.4632931953968194E14
3.3533881333615825E14
-3.675108529188672E14
-3.33497240059391E14
2.8568310611755794E14
-1.9192659557624222E14
3.666774916318253E13
3.5985678752204044E14
-1.0427821744227116E14
-8.9107162863328E13
-1.4675570227848556E14
-1.7167555468645979E13
1.9600730421216872E14
2.059698381512303E14
1.7170888376148475E14
2.4499457931066862E14
1.2502444068234394E14
1.0860839598703834E14
-2.3527575378513657E12
-1.1488517224922539E14
1.25516348477269E14
-1.5255596367816997E14
3.204988076007757E14
-2.9546168113248975E14
2.337112493684739E14
-5.2067069586502425E14
-1.2820624741012261E14
2.5620764369623712E14
5.032720643671372E14
2.965263326254121E14
1.2179704343057897E14
1.0230721956213647E14
1.316991792534143E14
-4.844812395024631E14
-3.163453842669602E14
3.023097026769913E14
2.2095490074095775E14
2.3387502857269507E12
1.8165573639854162E14
-1.3714488218690709E13
6.911572075342149E14
2.6786493681506272E14
6.837140357584092E14
-4.4446882652849856E14
-1.0521558604948764E14
9.259807294991825E13
-1.7029387172282853E14
-2.873825946927448E14
7.356648944032155E13
-1.6341693794737766E14
1.7893120656912753E14
-8.023944465903216E13
1.3846287352012547E14
5.152413949761357E13
7.798038564982818E14
8.777633080487472E13
-2.1767773033402953E14
-2.283058686046508E13
-3.0788669789182418E13
2.382485565795873E13
-3.2923455975130405E10
7.665212877819902E13
-2.499026042278186E12
6.47788754778101E14
-9.651697289405577E13
8.905639993464325E13
-1.481723713712717E14
-6.073269839231689E14
1.5925749416449244E14
-5.473119676804151E12
4.1454447823211555E13
2.569431502809733E14
9.348373587443418E12
-3.9952335270377983E12
2.3529899680990238E14
-1.4595762470461878E14
-3.7452690601965875E14
3.252540095339838E14
1.2217878564797117E14
-2.147186195358432E14
-6.981806116739229E13
-1.8092048783597362E14
-2.4515764819967178E14
-8.712251107143747E13
-2.382822344137849E14
-1.1184250632701214E14
9.2906922161895E12
2.815917805309595E14
-6.399400426746761E14
1.3610954417948463E13
3.311538776717175E13
4.82890503775977E13
-3.7843752802376344E14
5.743718973080696E14
-5.827676364680456E14
4.26299474921953E14
-3.334131560617061E14
-2.079925448680144E14
-3.2502878354186938E13
9.399425504332333E13
1.5859758419695494E14
2.894338061829109E14
-6.264440602414231E13
-1.2348510146702092E13
-2.0892334183816234E14
3.873863664043972E14
-2.5124240788039422E14
-4.243256261937937E14
-6.798052650370374E14
3.234308844982387E13
2.8534366309120856E14
3.3634635503675425E14
6.292508166302492E14
-2.432292177676197E14
-4.8986123882573525E14
-2.313935197725372E14
5.865693195176621E14
5.68753264381388E13
2.753059100604702E13
-3.722592766888873E14
3.692385573443696E13
-8.44635110928751E12
1.0400828278814027E12
-1.4945840303394106E14
2.8861031576320875E14
1.7493173846221478E14
-9.115500516277784E13
-2.952408034652247E14
5.142793747986592E13
2.1076900237369988E14
1.2542421982257695E13
1.0892030379210127E14
-4.540868096012908E14
1.2184822118943058E14
-6.732894716359346E14
-9.362512184030908E13
-2.5124653934146516E14
-2.185765770816712E14
-6.161894328759294E14
1.9819417355059697E14
8.141819345519875E14
-3.128362438529716E13
4.760513679629074E14
9.319417087049266E13
1.756684765584889E14
-1.3307953503583089E14
-8.449623977140386E14
-4.342903886685605E13
4.148445570275221E14
-1.0817880289420117E14
-6.5609698333095766E13
2.1959751339629478E14
1.954588169419462E14
1.661722825808576E14
6.051339143039735E14
7.412216211103242E14
-1.449850611953519E14
-1.5305989744003684E14
-7.267524304540573E13
8.130343264878255E13
-3.488158682124457E13
-2.4027963057131406E14
-8.527222327310447E11
-3.486487409057031E14
-2.548863180589192E14
-5.199413043754155E14
-2.306298058966415E14
-9.91535070555555E13
-1.3060779389952333E14
1.4462534967184397E14
3.439979848725473E14
9.832493890501753E13
4.672755592080517E14
-3.857766786290595E14
-2.3577555260401216E14
2.49373949987493E14
-3.8668445358646664E13
-2405165.9102062276
