-7.271434386635209E15
8.126011739387687E15
3.084826665999566E16
-8.620770591586654E15
-1.6834239932612706E16
-1.0650338209617732E15
-1.4457258907688186E16
-1.6163200467770394E16
3.45392344068088E14
4.3716230275009696E16
-3.2889492510145024E16
2.7367435284043965E15
-7.734585503295209E15
1.181947342161288E16
1.9721838850464968E16
1.490517224207274E16
3.805034263097627E15
-1.0733439830369168E16
-7.431504134479217E15
-1.3141116281043432E16
-1.7634716330190735E15
-5.699269403663374E15
1.466403722579217E16
-8.74982449375039E15
1.107857851767488E16
-1.0092977486322908E16
-8.903736153890015E15
5.928282262664831E15
-1.093167071325518E16
5.709501888480704E15
-2.4216638782126124E16
7.699882679473937E15
-5.1581280959395744E16
-3.0084771582320444E16
-3.4422463953231516E16
2.2708908392034288E16
2.584242639460562E16
7.230353709056857E15
9.390499387529872E15
-1.9888241531428496E16
-1.333596835849525E16
-1.1818228265542114E16
8.704703241437534E15
8.917427353988379E15
8.717639343984625E15
3.1471062248671915E15
-5.799437576542458E15
8.262482075410154E15
-1.3454015663093028E16
1.0768039310051647E14
1.0253140556728636E16
2.9163248003103052E16
4.574958339451834E14
1.3722557168337986E16
1.2223242578075114E16
-3.714481891649178E15
-2.2177252928758204E16
-1.8004213392831358E16
5.911098976308627E15
-5.906069949683518E15
1.0229968830072614E15
-2.7304448433028096E16
1.8377267259160576E16
-4.533441635837222E15
4.34601224543507E15
7.775232940220329E15
8.101096496020102E15
-8.624583178731654E15
1.5018370475391568E15
3.4676560048108005E15
-9.920365498560648E15
4.779694961164716E15
9.007196718039974E15
3.7074949184021765E15
-5.119617470606668E15
-1.5702454430915932E15
-4.848222838809989E15
8.799044313824957E15
-2.5574539528064412E16
3.9063357205483075E15
5.350207348613325E15
-7.804384250625418E15
-2.1445149519917088E16
-3.5778291631268805E15
-2.9023126812258755E15
2.9931087412805775E15
1.3363571175202678E16
-1.0865256724418572E16
6.571861777410222E15
1.18069311555798E16
-5.148202958244148E15
2.8606276261175575E15
-4.4583191590386765E15
1.656833375674155E16
-6.229856052594964E15
-1.0624576142520848E16
-7.264045619792688E15
1.1672383917965612E16
-1.1194608441315242E16
6.772256063390565E15
8.947809276772892E14
2.5014878400264132E16
2.8799658188771115E15
-3.3894653031823825E15
1.5352932434083758E16
1.1447187865150975E15
-4.873028385978753E15
-1.7668366676541396E12
-4.099358309319889E15
-1.2820002582760658E16
4.427382498563328E15
-3.432610517566011E14
3.643562345537924E15
-3.0853721741078145E15
-2.2462268345933572E16
1.0379711028559364E16
-7.510532571384306E15
5.064589931241432E15
-5.819939696704476E15
-7.236994916650952E15
-1.2018580904732188E16
1.259253386332845E16
-5.209341052670349E14
-2.5035503297190645E15
-1.882872454232458E16
1.950995583469074E16
-2.8402063801143535E15
-2.7054431597838415E15
-1.0556224204453878E16
-1.7648516381533975E15
6.94368853493171E14
2.8090083128230572E16
-1.1278050057263172E15
4.0612906606526985E15
1.5086016764779292E16
6.646573084284196E15
-3.7343885005474455E15
-3.6208972209383894E14
-9.79527707875135E14
-6.545416430897498E15
-1.135221097530958E15
2.075605464144914E15
-1.0871621978868114E16
3.6307415773186905E15
-3.0769009593728292E16
2.649252398864487E14
-3.870757276304821E15
8.722955894892232E15
8.618611372299804E15
3.327122675129191E15
-1.1360593748098146E16
1.4257106276174522E16
1.6012874934071444E16
-5.138566974080976E15
-1.3727827188887374E16
2.2115786691080785E15
-3.031406608380238E15
7.833128560055763E15
5.253499025176995E15
-6.41717440188828E15
-1.1639948241443092E15
1.7308535413484718E15
4.772641741789544E15
1.9862250143657E16
2.282082822561459E15
-5.410187183732956E15
6.560497795896811E15
3.985073074061894E15
-6.325148748852068E15
-2.6972763445844228E16
5.72771975894373E15
-7.554374791994785E15
2.25212660778682E15
-3.797172342009397E15
-3.3407014726457555E15
3.656444040418236E14
-3.2251766319995575E15
-3.3976369538217145E15
-4.0372406497898705E15
6.688158696978375E15
2.887209565933528E15
-1.2475632591520302E16
-4.0131875896899095E15
-7.410054056647093E15
8.19581924634411E15
1.8054474355680672E14
-1.0690646803621822E16
-4.4238721039874575E15
5.09629346354153E15
-2.790041290212981E15
6.119242850457688E15
3.404805865762842E15
-1.4670854016128414E16
1.382169745108525E16
1.1427341445393184E16
5.636647262074682E15
-3.7588879378323645E15
-2.42509605425587E15
1.8274935801836742E15
-4.814066827674536E14
-5.846985155467093E15
-1.0442488031185618E16
1.3358209115465924E16
1.294539476409012E16
-5.203583403598227E15
-6.935092219056471E15
2.0206091033210145E15
1.2393998250397628E16
-5.808039534075687E15
8.394144600679552E14
-1.7473731419491734E16
-2.1942702942425922E15
-4.411114073500403E15
-1.539524216261854E16
1.047614496418352E16
-8.914487762136449E15
6.348741476145841E15
-1.0167872668163608E16
3.038554182570169E15
-9.558659057146878E15
-6.953321019472538E15
1.010895325310669E16
-1.059379557145878E16
-1.8679730147379204E16
-8.089920515979987E15
2.964519968174243E15
2.4265772292081315E15
1.086837461227559E14
3.6103719778083494E14
7.464935877339473E15
2.1688462770938896E16
6.570263554375766E15
6.223296507603332E15
-3.4847058609569175E15
1.4461889662493422E16
1.3970276710709598E16
-1.2483906833527306E16
-2.9003046634744105E15
-9.064122424095259E14
-8.545297133969506E15
-8.57248689666445E15
-5.857408873962723E15
-4.821453636968263E15
-1.0161463140606224E16
-2.8325740882741205E15
1.6508681398436547E14
-4.356990446364192E15
-3.6784901496031625E15
-3.8045165498431344E14
1.3809211432752615E15
3.7072809573917105E15
-6.886569716699506E15
4.546246356646274E15
1.68769859619859E16
3.6200207899620865E15
-2.625782487855243E15
1.1135336129748561E15
5.5203481837644094E14
-6.609400107782191E15
-4.4076702623438125E15
-8.689081255278149E15
-2.6209119890798956E16
-5.907629422242047E15
-1.1147783453458974E16
1.8466871989630956E16
3.0816503000724476E16
6.837626484904838E15
-2.7677989005660335E15
-7.74941728790864E14
5.914919560670528E14
6.899644718013353E15
5.991804902245076E15
1.6071774551662638E16
2.6025756487864055E15
-6.230923281493674E15
-1.5673492637006182E15
-8.358764126936231E14
-1.4493094634555936E16
-9.641505046864388E15
7.627415975158741E15
1.325646346359521E16
-3.408249851595974E15
7.268728031715168E15
1.463196906245473E16
1.1113319592661974E15
-2.2823202286457095E15
1.7298801084298878E16
-1.0430493855788908E16
4.997904786258635E15
3.5325260663275355E15
9.439432764340911E14
2.4494858694953495E15
5.679502435140749E15
1.96651800274877E15
1.8329566723863822E14
-6.167168443249106E15
2.5229913364909775E14
7.684445206896417E15
-8.980325998459464E15
1.8376291830699062E15
5.778634013750694E15
8.527029627277875E15
3.500850568118856E15
-4.038868485256744E15
-1.809289282932548E14
-3.417698458384111E15
-1.127485123055874E15
-6.782832652553046E15
8.579439930880237E15
-4.68297918059647E15
-1.127078492230874E16
9.353545767837404E15
-2.6310640788065505E15
-2.1938035938520412E15
7.989314864312234E15
-3.645975762573318E15
9.791819014938598E15
1.4568268648048E14
8.633856101318714E15
1.8394866918375822E15
-6.52430940380097E15
7.51181684810804E14
-8.476582742134924E15
-6.096928193768028E14
-9.097211300856898E14
1.0421633416951035E15
1.1497725875770476E16
-4.1632507506584055E15
-4.4317233832229575E15
5.186743165341729E15
-2.4977225959370045E15
-2.140117783087207E15
6.60226876832907E15
-9.182482103271921E14
1.6388602703465902E15
-3.229543790831003E14
6.920961118037486E15
-6.812777649346376E14
1.8668780589347518E15
3.3412298963859485E15
4.0243861097449575E12
6.87551952109561E15
-6.942144252119402E15
-8.364919934632387E15
3.16575619139826E15
4.144629196306243E15
-8.352808868174461E15
4.0530524807396535E15
1.2691290954786776E16
-1.028633324478337E16
-4.318040255195186E14
-1.836958552974302E15
6.5571656130294E15
6.216632253069415E15
-4.810662948107395E15
2.985219880779554E15
-2.223085436147182E15
5.616034015099736E15
2.4945663570480385E15
-1.1118714723156351E15
-3.478531576553191E15
-9.787979149335412E14
9.450881633015112E15
2.314078896473254E15
-1.5941063180743945E15
4.864595637227317E15
7.48233138525476E15
-9.550103847771618E15
1.3730320363741376E16
-2.1972950573266255E15
-4.1026298548950375E15
-6.038954507403626E14
8.39720486532861E15
2.2054092264712825E15
-4.054216358990586E15
1.523691493974809E15
4.526093801619529E15
3.1929083853527944E14
1.0745720713939182E15
-7.613563354007788E14
3.524909673469051E15
6.573421758167386E15
-4.566251081440629E15
5.580595796807567E11
1.0494408991911612E16
3.8093309658278205E15
-2.522391298480561E15
-5.360066132320679E15
-3.003098248779434E15
1.6695001732670162E14
-1.9883521612291142E15
6.516071682248385E15
9.91936230433202E15
-6.66342058934769E15
-1.223117158857061E16
7.167169663713006E15
-3.0899173989131115E15
5.945492923360491E15
2.868696197595845E15
4.276977264926547E15
-5.784093724643566E15
2.732234797758575E15
1.8250923530497948E15
1.1817660352622208E15
-1.8429094249473098E15
6.814929779833494E14
2.5620985902982785E15
-9.021557862181219E14
7.261430386782495E15
-2.1571954043708972E15
4.628257029526635E15
-4.301832638718258E15
-3.077708876058319E15
-7.294321084326323E15
4.1232424347587885E15
4.6261952592468494E14
5.362525882216437E15
-9.212305038059996E15
7.754887766666199E15
9.757498292909242E15
8.649642497119563E15
2.3106820479354755E15
-5.013678785188318E15
1.1292662939143325E15
5.025538899399271E15
-2.270268090594223E15
-1.3021462680575188E15
-6.25448414985043E15
-2.893647175120158E15
5.14002618744545E14
-1.4197838091772618E15
1.1041961566962634E16
-5.891251767132957E15
-1.4170748230259766E16
-5.596047734794155E15
4.4852960123051806E14
-1.2671564089293185E15
-7.691823538413988E15
-7.71809171469164E15
-3.8403996891536475E15
1.0882190628406861E15
5.359995698485673E15
3.5072597101333715E15
9.364052102352468E15
-7.399713016573028E15
3.562006443591403E15
4.690686705181547E15
-1.3505116813357282E16
4.4928210677379375E15
1.152389497918567E15
9.564801118411372E15
6.367798301296709E15
-4.2175721103817305E15
-5.482051095102136E15
-2.453859876840119E15
3.149340321134707E15
5.2697376658420275E14
5.171977477354416E15
-1.3913092664986272E16
-4.4709886608757725E15
-9.550924218654536E15
-1.4242852477033998E15
-2.313133341376103E15
-7.770934157965894E15
1.5806320189476134E16
9.685703465121922E15
4.85493151682031E15
1.2070966893852674E16
-6.600375716254481E15
1.6026248109006102E15
2.4733427926283915E15
-1.1364285384754572E15
1.0895301852206712E16
-7.790898312835378E14
5.500143624227325E15
-6.043149179951751E15
-5.082136582214763E15
-3.9136955629884795E15
6.840259682550153E15
-5.081036460741973E15
-2.919717473484766E13
-2.6701044639200338E14
1.344913541521354E14
-1.8980584957414112E14
-1.4157599878524528E14
-2.0714297936860284E14
-2.2040013134455378E14
-1.8844981194562914E13
7.539173552611814E13
-5.670128117955776E13
6.4319739302625E14
7.693652241593714E13
4.566326294573351E14
-4.1188497685652394E14
1.0140680156711214E14
6.326328721443426E13
4.133925759429452E13
-1.6552262667271602E13
-1.2731751942867358E11
-7.435188948000573E13
-6.818357756735306E13
1.7891199968042246E13
3.4666392349660207E13
9.5502200250418E13
-4.670514686602958E13
-8.200910478701656E13
1.9185374245303168E13
1.6357400991525398E13
5.3590499686288375E13
-2.083252055135222E12
4.666703787137665E14
5.516496508023354E15
-1.839174837247074E14
2.38945138207147E15
5.678289460892969E15
-8.02852052512659E15
-8.295524654614852E15
3.891680039454214E15
2.975211163183227E15
-8.011810812910448E15
4.6965282853869664E13
-5.790505524222442E15
-3.270441694380257E14
2.348136399836745E15
1.0199542562462742E15
6.783037158650224E14
-3.4664522958595195E15
-2.623037982573717E15
-8.624136065761144E15
7.759298178061791E15
8.689947361246483E15
1.0451263642956154E16
8.847980254957453E15
-3.218524384282668E15
-6.488573036435778E14
-1.0545055434204828E16
2.9153666642931365E15
3.606787299589655E15
-3.408717266306278E15
-1.8184779493234108E15
4.995542403482221E15
-6.588559011844136E15
-1.5800760622812088E15
-4.633422944438999E14
4.0791447559199055E15
-9.864555694848018E14
-7.813550101045636E14
-4.576750510019157E15
-4.861363608138244E15
-1.7171184030625668E15
-1.968497796175142E14
2.904705998572122E15
1.503137131146031E15
7.260202283602964E15
1.0731864661736614E16
-2.1122975289190622E14
8.453951063606546E15
7.050457275961784E14
-2.945659576810157E15
-6.812270947286958E15
-1.5773726302471368E15
-8.104400683775879E14
-5.021913299490238E15
1.3536778651477826E16
-5.911049100350475E15
-4.089260412619441E15
-6.978807304483368E14
6.087997899171279E15
5.046995027791719E15
1.3619922924577935E15
7.450173083327089E15
1.7739553003759582E15
9.901969880903902E15
2.9639434349467825E15
-8.690163169979055E15
-7.398860174853044E15
-2.2844374785271215E15
-7.159568740529324E15
-3.2773595728174755E15
-1.9468993727460285E15
1.4684403091726395E15
-4.791970433235427E15
5.707220961146491E15
-2.2152493646702825E15
-5.672462976154034E15
5.529096290179359E15
-8.431758303453889E15
-6.158670506218586E14
8.159257734091776E15
6.796928252090038E15
7.469873445235932E15
1.6022804319576048E15
-9.257950727969652E15
1.9585622428255755E15
8.613914134880181E13
8.995854047254191E14
-1.4473547615062376E16
-6.683905850987419E15
1.144479808592325E16
-4.954477726157685E15
7.643548098727707E15
7.377240190005651E14
1.2103229763687882E16
-1.0973767463429228E15
-2.9823599724701415E15
-3.0708965270282775E15
6.631310519314239E15
6.174411197538742E15
4.077378375129304E15
3.708638646809875E15
6.437217527538719E15
-5.696697169485511E15
5.674170795211777E15
8.889780533669348E13
-5.749190384795414E15
-7.480943119110908E15
1.713966214423738E15
-1.1630870964535394E14
-1.1627901693873268E15
1.1426624260718848E15
-1.2963557837528676E16
-3.69770706682339E15
-1.2038628844994434E16
-1.0224028205662734E15
1.308293449313664E15
2.8302879313968595E15
-1.9397077310273068E15
-1.1033811129187905E15
-5.339835800000538E15
3.3757773839993855E15
4.572764875485197E15
7.631223042569117E15
1.2458744233418015E15
-3.5352222144109155E15
-1.2208376449743096E16
6.037484312187086E14
-6.240708671604519E15
-2.1064403364932918E15
1.6852510162923992E15
1.9015663261235142E15
-1.2762035689593798E15
-4.117553154866344E15
-8.339641212287183E15
6.458868496942041E15
9.458417005034215E14
7.900076037191143E15
1.9214166266827828E15
8.014734225714696E14
1.3461587916192308E15
6.485040522286284E15
7.512774382494E15
-1.1238072935406126E15
-2.033250514723729E15
-1.0181712285869864E15
-4.463617972626611E15
-1.994241029093116E15
-2.1011014056443268E15
-6.571058888305725E15
-6.554381461923049E14
-3.9552618535499645E15
-7.817837889281965E14
5.218780865060488E15
-3.111589605968918E15
8.023147499930325E15
-4.226580015164648E15
7.148026430881474E15
8.001272510288487E15
-7.478274183176587E15
-7.096418214414894E15
2.9762498106985355E15
1.0360015628983434E16
-4.689672953340914E15
3.0402559379829975E15
3.6795611770951185E15
6.504564121104242E15
-5.851756812994779E15
-5.451300076220641E14
-4.599796882411703E15
6.548397151284269E15
-8.521037598958097E15
-5.945459654388899E15
-4.4315914346243445E15
-2.261266245958401E15
2.19519261523982E15
-2.93187306997089E15
6.162945509044827E15
-7.504985671255096E15
-6.116283021376587E15
4.625842525710566E15
-2.486714753464234E15
-4.2920745356387925E15
1.1919873004647064E16
-2.350252031834089E15
-9.204868481986676E14
-4.0438759850974455E15
-1.077358540591957E15
-9.696453421990538E15
1.4024782653817038E15
-4.3700044430158945E15
1.5229968900982662E16
-8.470774103974482E14
3.337055183484372E15
7.708967963574295E15
-6.028293220558707E15
7.797988883116735E15
-3.2117664460961695E15
-5.135051436611937E15
-3.718346221355054E15
3.869451413947663E15
-1.0077872245480934E16
8.81326140424429E14
-6.796596981588106E15
-5.4047577855976E14
6.386297116325822E14
6.616757213002658E15
-4.787751928875229E15
-3.505038773403721E15
8.87739278940759E14
2.181473937130723E15
2.1418074994974208E15
1.0630549712984366E16
8.420516285104705E15
-6.473887898061386E15
-9.372414362727035E14
-1.1122966722185574E15
-1.1030648222252006E16
1.0573848577490272E16
-2.1561477839606552E15
-8.534404822778482E15
-2.719839436814623E15
8.950031732043619E15
9.191662570666641E14
-1.009877969932526E16
8.21217193078175E15
5.288174453193453E15
1.315045709731733E16
1.4679989887404402E15
4.407242819047488E14
3.719148114631216E15
-4.2875406447084265E15
-4.397565291998853E15
-1.3096075789820762E15
3.964478845140809E15
1.4488882155501592E15
9.475483856754741E14
-6.938142446856202E15
-6.13723263545294E15
-4.4109721991701745E15
-6.857162077248954E14
-5.383646955057195E15
-5.322137714290631E14
1.2267857208689916E16
5.996185002454605E15
-3.982070465601217E15
-6.079919698972148E15
6.141170427623851E15
-3.328876905553688E14
-8.12166373280268E14
2.8419097390255365E15
2.0012164816819598E15
-4.650269862686204E14
6.568992481646722E15
-3.193838115538278E15
4.330534978224406E15
7.94177563198492E14
-2.1127268273359178E15
-9.559713743748746E14
4.117521014698022E14
-1.5558107363767503E14
-5.532421556633181E15
-4.059663126638992E15
1.9108972330270695E15
-6.108115309526386E15
-3.45950649383535E15
8.48070452346567E15
5.083054652195932E15
2.919954363121484E15
6.882382518818957E15
-4.9249336823589706E14
-5.309141732731596E15
4.4954907550485645E15
6.547449671130364E14
-9.344093498629452E15
-5.668394970456831E15
-2.2969052676996495E15
7.347803633923828E15
5.391651674976555E15
5.542547436474522E15
-2.0290638457001502E15
5.330960099151605E14
-1.2151266021449768E16
2.466447692808802E15
6.41552776887394E14
1.174995566188603E15
1.1291543068173275E15
5.312395425798291E14
-1.1946673902239032E15
-2.10893261751438E15
8.887494280484748E14
7.562151417718916E13
-8.131218538443541E14
2.8253987505458707E13
-2.4672774615888225E15
-5.114837536113714E15
2.870155810217921E15
-4.058290804762592E15
-4.548076991568041E14
1.7390401633962685E15
3.2280589548952394E14
4.058954599956005E15
-2.1388177652841378E15
-1.569425406440588E15
1.8982555751551932E15
-9.3629495390898E15
-4.767995125067111E15
-1.4232988221557815E15
2.480805324093443E15
1.900060086715786E15
-4.711369289624127E15
1.5511963181168838E15
3.2008471243315545E15
-1.782840254843838E15
-7.243726731985709E15
-1.2083367127078326E16
3.1522170742558027E13
-4.445005658039913E15
2.7828529870921784E14
2.068231626324913E15
2.1474276752684188E15
1.9932794996989645E15
2.7526251672082215E15
-8.20469019784526E15
2.1857627573861212E15
-3.952519958139818E15
-9.26253745664351E15
-5.84195283638824E14
-2.485948431641492E15
-1.1803572007994156E16
-5.147609358329432E15
1.5485882399177265E15
-2.872325218994113E15
-1.6567260006248322E15
1.8020671543223858E15
1.158238788888212E12
-1.5288349637479378E14
1.3997957864128178E15
-7.743214803851389E15
-1.5109826481410608E15
-4.497247209664758E15
3.050740734567845E15
-9.985718863386462E14
-3.8063527695682155E15
-3.599377936423577E15
1.6670821916328662E15
8.235381577122861E14
1.46855857473814E14
3.766815877967016E13
-1.1217301538447812E14
2.3119602415480875E15
1.4715616223417076E16
-6.124862303941038E15
-4.455833089557968E15
1.822444894560369E15
-8.055027421754618E14
2.156924668518364E15
1.7940173272204918E15
2.3103873996097955E15
3.852821246435E15
1.83570689180613E15
-4.552766027093713E14
-2.298261570600673E15
1.3525961218409072E16
-2.037169539070358E15
-2.4786015794572945E15
2.8110259281275525E15
7.832722919747727E15
-8.768427746779483E15
1.2328780093467588E16
-4.136530421251245E15
1.3725290718466918E15
5.566883375596763E14
-2.414845803321875E15
-2.378450993302178E15
2.0385143262641935E15
-2.96682276205609E15
-2.6165096934298685E15
3.805145947028347E15
5.226268078988652E15
-7.218274516725743E15
2.8688390811022945E15
3.8505826304175775E15
9.393269516677998E15
-2.0273885599011575E14
-6.353629213285671E15
-5.569194446055112E14
-1.2903252564119908E16
8.256578650762258E15
7.494855582624281E15
3.015447478261998E15
-2.136157528174449E15
4.240266280769659E15
3.063463161362034E15
9.452031262749768E15
-1.911080880309222E15
-1.1353174465458078E15
-3.823838630404102E15
4.164089121989297E15
-5.541305416165476E15
-8.339757628776953E15
2.7260011270124275E15
2.867816389348622E15
-9.323715690086978E13
-4.273878033434587E15
1.2972192216746902E15
-4.0776782602038235E15
-1.4532082353520912E15
2.953701708251254E15
7.87966642592141E15
1.254164651928643E15
-2.5471878290319635E15
5.700950142126237E15
3.8295848437824865E15
1.3796095917214802E15
-1.7065709930719008E15
6.900793291825434E14
-1.0197268575934382E16
-7.589435554715061E15
2.2424689513803035E15
-2.7147656995413772E14
7.293381872237703E15
5.196245053653758E15
-2.348319897471631E15
-2.6791889119401505E15
9.925108835577628E15
4.424013417850767E15
-1.922158132085988E15
-1.5306774138405645E15
-1.9575353931711765E15
-6.900436973075571E15
2.59549017152517E15
1.851966429138219E15
-4.081961770904032E15
3.3228838186848015E15
-3.419395965305441E15
4.407692597409999E15
-5.166127056436423E15
1.2232666450527528E16
9.510467487161896E15
7.689084467422672E15
1.8286398136532465E15
-1.8542514187910908E15
5.016518765929499E15
-8.023197010067095E15
-5.599164057824619E15
3.3419785825698235E15
-1.2401671256898924E16
1.2603661757676475E15
2.062933592821136E15
-9.276255173693416E15
-1.8761791736861342E15
8.088566329778698E7
