-2.783075026928791E15
1.4462670204678742E15
1.2101597062466378E16
-3.645479881818539E15
-6.567562005041974E15
5.842239885706552E14
-2.971503772040986E15
-5.454243292643048E15
6.939789583310627E13
1.5033158438996368E16
-1.0852880160762912E16
8.915049904698831E14
-2.3938402426527245E15
4.139472130873864E15
4.656371199264397E15
5.444355744052505E15
1.3409829519175022E15
-3.039564297885704E15
-2.5955861196655045E15
-3.8468345811573415E15
-6.084382969856176E14
-1.6820521086144568E15
4.93176005506807E15
-3.536805818731091E15
3.132925010840139E15
-5.031953797755846E15
-3.719023234080545E15
2.3554403758778795E15
-3.149312590899555E15
2.295870319121684E15
-7.929543802564813E15
1.5920887813021212E15
-1.829515153853972E16
-9.909948553891354E15
-1.3592722449344038E16
7.456661645724257E15
9.518791967437176E15
2.6085403386585025E15
1.6038341769966252E15
-7.552106006928748E15
-5.104683557584275E15
-4.77955601706636E15
3.3811236604459685E15
2.9905855280521455E15
2.532667847317701E15
1.5201971939228788E15
-1.11881241757011E15
3.831935994356338E15
-5.432723168945776E15
3.8892046590557656E14
3.736450538771238E15
1.0121413794462784E16
1.6079475708249612E14
3.8138202865733605E15
5.342745933139358E15
-1.9586380549594515E15
-7.00241590396414E15
-5.872130561900051E15
1.7147773108003982E15
-1.3886093498015042E15
-7.855305598867476E14
-9.01918005618128E15
6.242547326988291E15
-2.0053516620960912E15
3.83005516658954E14
3.1473986195926835E15
3.313697059619294E15
-2.6127139086860385E15
4.716033903093561E14
1.2102789159694088E15
-3.259977910504899E15
2.6560064958398466E14
3.442021210636152E15
4.770941928546138E14
-1.6748750345148712E15
-3.351990342798308E14
-1.808388639900868E15
3.6891036371822415E15
-8.381516043908096E15
1.362901101971901E15
2.2502327269572045E15
-3.0531887050196535E15
-8.266928060407747E15
-9.246123892234944E14
-5.032369099457034E14
1.5280382218694788E15
6.036090495673188E15
-4.179015900147109E15
1.9474306738700162E15
3.4568086088473975E15
-1.7298645937068758E15
1.242627192113077E15
-1.7313163651193882E15
5.781290054777339E15
-1.6092964177399545E15
-4.883058260252045E15
-1.9977053872539942E15
5.055352101505588E15
-4.707517891351432E15
2.734932888990485E15
2.535101246490684E13
7.703609155049665E15
7.797234354535782E14
-1.0583306981009765E15
6.022773675687585E15
6.962155508754564E14
-2.211930086407112E15
1.1179574804168961E14
-8.727588628606212E14
-4.206086414695895E15
5.5068089417616844E14
1.7777426951188578E14
1.2401153030457865E15
-1.0879576653849331E15
-6.706268551483771E15
3.223678072327411E15
-2.349500887055497E15
1.0221346397307486E15
-1.7928106568825232E15
-2.0798422787659468E15
-4.1923423631849025E15
4.212332628668794E15
-8.495034006073112E13
-1.2779762063678508E15
-6.843914610367235E15
6.822336946689706E15
-8.298613548479432E14
-3.855525895740205E14
-3.8634622919707875E15
-3.7459472454827256E14
3.7045460022063194E14
9.854967135243258E15
-1.692269821885956E14
9.602163084059454E14
5.769807527609135E15
2.4991707693663835E15
-1.2860995413730295E15
-6.9698484604447586E13
-1.68495537522283E15
-2.5079575102064315E15
-9.848339939473025E13
6.867138795930922E14
-4.3116465230819995E15
1.424971759506148E15
-1.0747296628991864E16
2.1287366869001306E14
-1.5556850500012535E15
3.226249210629492E15
3.1175118870716395E15
1.8265878307222948E15
-4.951693599527933E15
4.4220835669223695E15
5.336286985595078E15
-1.874274513853488E15
-4.855697719645829E15
7.775176900960101E14
-8.54144965147031E14
2.363613181036659E15
1.2647086172681075E15
-2.0038309675334065E15
-9.307207936096847E13
9.141521939995695E14
1.4816543794541402E15
7.63287526812303E15
6.289417902914849E14
-1.5761099787833592E15
2.7105441827247385E15
1.495378201594873E15
-2.0738722764869548E15
-9.645597240955548E15
1.29446692377333E15
-2.045290399104807E15
4.79927058767713E14
-1.5288021852051828E15
-1.1635824661672588E15
2.115026120483853E14
-1.8062337879665212E15
-7.273835617978576E14
-1.2039861026167762E15
2.346748613885524E15
1.0786955657827735E15
-4.3583886978776845E15
-1.3725303936618795E15
-3.120661585951493E15
2.556779617799678E15
-3.3910050505057523E13
-3.5424611661277935E15
-1.1095956234243349E15
2.0266323450990722E15
-3.520931212889907E14
1.8353225859808105E15
7.3327156629736E14
-4.913305840162728E15
5.037254486189579E15
4.245065038412988E15
1.4136264213056718E15
-1.149565832500337E15
-5.027223965957417E14
6.32127156685341E14
2.6013012533316288E14
-1.7971068261154475E15
-3.291102479828112E15
4.943716593238821E15
4.1848336455344225E15
-1.772788454108443E15
-2.7191695303723345E15
5.293423077765964E14
4.0962834747871905E15
-1.59714634046329E15
5.712787441288562E14
-5.998330080800924E15
-8.151148144563925E14
-2.2534920860974215E15
-5.625767814737074E15
3.839280485908302E15
-2.6532327224394775E15
2.7510111867702045E15
-3.3685143517775075E15
9.939457397035969E14
-2.978890259294251E15
-2.3958131389405455E15
3.3079928689824575E15
-4.2848720134606205E15
-6.215732604000188E15
-3.275393441862024E15
1.0127017887759734E15
5.896650987724199E14
-1.529730649558041E14
6.839472900426435E14
2.9138527096025775E15
7.949175502414993E15
2.219987966914684E15
2.1490117696964398E15
-1.0578314919464901E15
5.143833363005415E15
5.590218012893523E15
-4.3635288142867005E15
-1.4535866929114788E15
-8.340355545100341E14
-3.0265560729719225E15
-3.5136905661823525E15
-2.4377429065999465E15
-1.4382845808534675E15
-3.8554919942929305E15
-8.734624376368519E14
1.9388515955212462E14
-1.4254841647457988E15
-7.710879362969124E14
-4.8846547957276456E14
2.4511081331306822E14
1.95898544441938E15
-1.6291695188331965E15
1.2157196088212868E15
6.243965780058113E15
1.5119507786291712E15
-8.712704632341824E14
6.007106157808925E14
6.763686544113184E14
-2.1875644663114002E15
-1.4591942301822652E15
-2.7296412576990235E15
-8.553547386745944E15
-2.2370362772546308E15
-3.9815023736399545E15
6.558062792486469E15
1.0636336556389392E16
2.263574760314172E15
-9.77670375806655E14
-4.6057539382161894E14
4.889800006209224E14
2.478851879883377E15
2.460959868682462E15
5.364758569160349E15
6.473984105968309E14
-2.1813209219948012E15
-1.1065425768575808E15
2.152870263899099E14
-5.258059402710073E15
-3.4161112210646395E15
3.0070872673434885E15
4.716728924374985E15
-1.461584364032435E15
2.8893881180265005E15
4.646098417657233E15
5.365438935886354E14
-6.065063597616791E14
6.116529250044692E15
-3.572424822915008E15
2.0066735357426952E15
7.209885999090646E14
5.79703178981193E14
7.419455215293361E14
2.258505370493993E15
7.244380935602852E14
-7.759716301322698E14
-2.5334808629929095E15
-2.271539848634559E14
2.607646002957813E15
-3.0100266918168235E15
1.1416118350488932E15
2.1952750074227152E15
3.303348208754924E15
1.455582610477548E15
-1.6982365278383428E15
3.53983444621873E13
-1.6172194988587068E15
-6.657393555262325E14
-2.329578234869523E15
2.870033152535916E15
-8.333056049686089E14
-4.25183348886456E15
3.824005238017183E15
-9.475485716832042E14
-5.385537009800689E14
2.797990897173353E15
-9.342087883143319E14
3.482781545432782E15
-2.006894716754281E14
2.3257279425298955E15
4.314313380672521E14
-2.3060301394045975E15
5.395476940439563E13
-3.1438676785279795E15
-1.3194176985421231E14
-1.1000299830598203E14
3.1727686058015244E14
3.362830529764858E15
-1.8382342391863708E15
-2.031502534901822E15
1.8895061073725562E15
-8.345125290889578E14
1.2039487117022942E14
1.9663787453590528E15
-3.200492075139823E14
5.459138133230789E14
-3.611537290356674E13
2.4749049966667515E15
-4.315211483688463E14
3.711929226406199E14
4.915253956706703E14
1.9948637550368313E12
2.464212422226611E15
-2.8432683922107705E15
-3.0972755698078425E15
1.2197390757376255E15
1.3085714900764225E15
-2.5978253258798475E15
1.8059679661998438E15
4.741528329500638E15
-3.1751980646185475E15
-1.755208712883877E14
-3.8551335650835444E14
1.5679665112618622E15
1.977891551787852E15
-2.0506515089280128E15
1.2093743154028705E15
-1.045662124670553E15
1.867635111254657E15
9.780989085226914E14
3.049361918467609E13
-1.201241854423698E15
-6.583388653082725E14
3.646789327155479E15
1.0939170825887501E15
-6.41212580344431E14
1.802134436483311E15
2.674934577462541E15
-2.677308202343875E15
5.261928208676912E15
-7.276883524410278E14
-8.164579832612221E14
-3.311702144599997E14
2.703315283840711E15
8.002922186109839E14
-1.7147223638860868E15
4.3909740492590606E14
1.6850871298656982E15
9.297305114079605E13
4.719969382980433E14
7.595060243681016E13
1.3188415750770802E15
2.6240062365991525E15
-1.3470749984451565E15
8.160906055678281E13
3.9065152573768455E15
1.3133890854247562E15
-5.104680757012024E14
-1.953221242800888E15
-1.1462093602327982E15
-4.49846191385746E14
-6.042193289409214E14
-2.4065051941089495E15
-3.2048668311540595E15
2.335595998037384E15
4.610388999200713E15
-2.8249080980823365E15
1.0816041606793951E15
-2.2188032872506585E15
-1.0740111196081495E15
-1.6298097708697802E15
2.247205684000485E15
-7.258076549161756E14
-3.2953084198487494E14
-9.451368978545478E13
4.68597039035879E14
-2.6065465927765272E14
-1.2636095930873815E15
2.387500472391228E14
-3.037461724775269E15
1.0810884639666401E15
-1.2468424005329725E15
1.1738895934763012E15
1.0956165400912719E15
2.7653925898978305E15
-1.61862411419654E15
-2.1506970389291538E14
-1.481109944570095E15
3.301162946348765E15
-2.485687867239671E15
-3.375460770140373E15
2.578962932692436E15
-6.051373058492981E14
1.8853782269895565E15
-8.07797045239181E14
-1.7316493915296322E15
9.171334924309106E14
1.9226715872592928E14
2.4300514091912485E15
1.260227675890908E15
-1.904907839063948E14
7.841859298927195E13
-3.9471881492758755E15
1.2141728765550542E15
4.557716848103595E15
2.2125431957168775E15
3.319750064588296E14
3.6268659739429475E14
2.799707050322845E15
2.4583588378797455E15
1.5014068400133992E15
-5.163899695478225E14
-1.4330285457989962E15
-1.2911375488305992E15
-3.036829392595376E15
2.284477388000239E15
-1.2684472392790792E15
-1.132258183772134E15
4.863184910646677E15
-1.0331093887844448E15
-6.389006017886266E14
3.3266606406908815E15
2.715022882437668E15
-1.5733953874232888E15
-1.991697292494499E15
-8.72225811705414E14
1.1021584251334738E15
1.939741866869819E14
1.8341881800239755E15
-4.488611724041148E15
-1.8497894125977915E15
-3.0124463279242985E15
-6.620005409335451E14
-8.613436232621928E14
-3.236888613810411E15
5.894572751621747E15
3.6190390778586775E15
1.7300294598885715E15
4.220281597559321E15
-2.0571366044623558E15
4.692523229668339E14
5.642968216604782E14
-3.996750426368739E14
3.740062539230645E15
3.232197063820012E14
1.7573699816247295E15
-2.161033869696331E15
-1.995981843532603E15
-1.3045874644769032E15
2.1220343452566802E15
-1.7294609153968562E15
-3.579825490890687E13
-7.009652936501658E13
3.9097308560523734E13
-6.399120851538286E13
-3.849785665928204E13
-3.766158224867966E13
-9.065468139180067E13
-2.4957829052408312E13
1.9149958002847113E13
-1.470082366448157E13
1.6402146585102525E14
3.5360062452992766E13
1.369891894014367E14
-1.0897499920366483E14
5.926195051529482E13
9.03847196485904E12
2.532633121660676E12
-3.894346134498454E12
-4.3738856412942795E10
-3.277988285508045E13
-1.8798928600239824E13
4.75859331544542E12
1.0916830522469938E13
2.970000188192391E13
-1.807477195306495E13
-2.002701997848054E13
5.385512885363368E12
5.760473476335035E12
1.5330942359855596E13
4.100958222480416E13
7.936430435791897E13
1.6105644663376698E15
-6.8012616418543055E13
1.0310616112178906E15
2.3074080120050075E15
-2.878795367730675E15
-2.9688533452301895E15
1.0852548224889468E15
1.0675322023848696E15
-3.0293886642487525E15
1.9384701042257928E14
-1.642075730463232E15
-6.645733169028206E14
7.428163527671584E14
6.93254469035837E14
-7.932101328699082E12
-1.248812605289172E15
-1.0354333219229474E15
-3.1892776209582165E15
2.882729631794807E15
3.2886304442588825E15
3.6881458700842185E15
3.188497879646378E15
-9.970442908420455E14
-3.2183925006918575E14
-3.2310525019875995E15
1.282706466189535E15
1.0395756593398348E15
-1.0741442006061701E15
-4.7342148588478944E14
1.3326167701324282E15
-2.156694962640437E15
-5.324304742357551E14
1.0015722964031862E14
1.2518376465147372E15
-6.363373424877104E14
-8.064722409775621E14
-1.4220342418961565E15
-1.4979208939601058E15
-9.816138454160979E14
8.088409686128231E12
1.2937909458163135E15
1.082062608505779E15
2.320309949063425E15
4.188418399398997E15
2.2735631778369638E14
2.6045943733705085E15
3.110921639474806E14
-1.2602084677990765E15
-2.3840362261693195E15
-6.520538773817665E14
-2.7665260494863397E14
-1.819100597078297E15
4.63012865285856E15
-2.0593308574799972E15
-1.357310690033606E15
-4.436242948704163E14
2.1401789689941215E15
1.9290573811716772E15
3.9062936046217225E14
2.33116879117812E15
6.167527288387309E14
3.4882050869882725E15
1.0310447183432635E15
-2.934687894159934E15
-2.1827947270733738E15
-6.190383742781915E14
-2.3963951864113825E15
-1.2598708275519175E15
-7.91761683291588E14
7.387381092895755E14
-1.3024576054193955E15
2.2152620511712195E15
-5.152510553470066E14
-2.26535050454154E15
1.8868050245629028E15
-2.85608327091877E15
1.0600471012807402E13
2.884528397058604E15
2.6168106202965555E15
2.460865770659695E15
2.2046543863314992E13
-3.1519405058885605E15
8.302098203565086E14
2.3084423488372016E14
-1.621615768773662E14
-5.457737254067704E15
-1.9850606775934685E15
4.383169396934699E15
-1.8319008410306515E15
2.555914981461712E15
9.72609728841765E13
4.2277098370755205E15
7.388221967440949E12
-7.782992622847162E14
-2.438263328067057E14
2.281976646783389E15
1.8939938807153628E15
1.2988191115936708E15
8.864596233533566E14
2.3473734573367125E15
-1.6511280435964412E15
2.2603713285796195E15
-1.705620145193553E14
-2.0670037608582542E15
-2.5623662943150805E15
6.62887447266106E14
-6.154339269390505E14
-1.175528429760251E15
4.3479882106534606E14
-4.308530632479416E15
-1.1168590936534801E15
-4.2908433569280305E15
-2.748766274061766E14
7.714302179725465E14
9.578843077353844E14
-4.617807066873023E14
-7.394975572401052E14
-1.5958991774918032E15
1.2302381266721758E15
1.6147049350617772E15
2.724305796738109E15
7.183554492051716E14
-1.3754372462054012E15
-4.208126065472083E15
1.501377657697299E14
-2.170593542533037E15
-9.191148885190951E14
7.527159139428256E14
7.396076133014732E14
-3.9541059851848506E14
-1.7655984811977622E15
-2.8102738028823335E15
2.5946046385380165E15
4.72328455441394E13
2.831945254924309E15
5.775150664957944E14
2.2697973593694128E14
6.945979418011252E14
2.5930264713510165E15
2.7367459651897485E15
-8.117414082750051E14
-3.625816681732673E14
-5.459537641225417E14
-1.377587613566328E15
-8.928010690592459E14
-5.37069361867301E14
-2.610817936782689E15
-7.907399822051108E14
-1.2470833840305625E15
1.9533188295534606E14
2.273812570720171E15
-1.164871682161684E15
2.992303659413143E15
-1.3325076152838832E15
2.2090614773445835E15
2.828670586959273E15
-2.977250897759106E15
-3.065704289377913E15
7.89654360042296E14
3.400717810646217E15
-1.7059872446346792E15
1.0883750532170152E15
1.6077372316566375E15
1.9996398379565342E15
-1.9335494601772388E15
-4.994456473759795E14
-1.9848633111588018E15
2.2335715604209855E15
-3.17363776554425E15
-1.512087151026162E15
-1.5693643355652455E15
-6.419325083252121E14
3.540682617795934E14
-8.898514031297145E14
2.0682992848841115E15
-2.44112895970451E15
-1.7631503902057122E15
1.3283110830516458E15
-6.320880477783662E14
-1.5607296569858768E15
4.3889639488547575E15
-8.665730259813158E14
8.997128375423566E13
-1.617034286005027E15
-4.213145338657899E14
-3.0407839526251375E15
2.4815859661575128E14
-1.5624358941463528E15
5.337322917810563E15
-2.9682675779899056E14
1.2547484691850418E15
2.5100928856253445E15
-1.9700194240562822E15
2.6930634681887015E15
-1.0410172209430811E15
-1.7117716042060415E15
-1.6572266044658612E15
1.4279441140232945E15
-3.635484891893914E15
3.1985459906403906E14
-2.4769962249915185E15
-4.3945686124682756E14
-2.454103486214338E14
2.304365810652512E15
-1.487143399746788E15
-1.3011811002744782E15
2.961878877232378E14
4.0309751249126825E14
8.666731136919075E14
3.776169585428094E15
3.206895029392607E15
-2.0483490424402068E15
-2.636291794875312E14
-3.5109117338503756E14
-3.94939914442907E15
4.005056408938065E15
-2.884513409716492E14
-3.000795042270483E15
-8.476707913612598E14
2.627864902725869E15
6.122843554543976E14
-3.5617401739184465E15
2.7858486771716295E15
1.73731096707983E15
4.800098819684307E15
6.275742106849268E14
6.014483372594619E14
1.188350974437256E15
-1.1133028269039364E15
-1.430306238169925E15
-8.657430122243798E14
1.457043119828358E15
6.274185215399824E14
4.2139979240083594E14
-2.574606652154337E15
-1.6793035625647038E15
-1.5942700372254208E15
-6.393132637050261E14
-2.081584044074683E15
-4.58154963693948E14
4.170681368194119E15
1.9384495637168705E15
-1.212048501239454E15
-1.9500680585924998E15
2.3237658546129495E15
-3.7732787792976694E14
4.847511251131396E13
1.0753169961678936E15
2.182961049007999E14
7.1210666185744E13
2.570546819032276E15
-1.1029241730099185E15
1.485156875251187E15
3.020028112742553E14
-6.683113658633138E14
-6.648971051309632E14
2.0134006447684266E13
-5.495331773913861E13
-2.0179940436854282E15
-1.3330195205157555E15
7.570730315989495E14
-1.9334616652470488E15
-1.2312350555127622E15
3.3440558619364505E15
1.3718081956557385E15
5.4369069071589575E14
2.2254733209171038E15
-7.047220104864884E13
-1.768644969941733E15
1.5437432880476468E15
9.407239269113533E13
-3.6609797066057945E15
-1.6754941164466238E15
-1.1655995984828078E15
2.177071627212528E15
1.9317259834883802E15
1.553250289979097E15
-8.747006935314439E14
-5.689431178143765E13
-4.318328546960826E15
8.430099255816788E14
1.890407294586238E14
7.346243001890314E14
1.6785100876704388E14
4.153804224736456E13
-3.7784039173658325E14
-9.39725119423356E14
6.683290634935902E13
1.4041524040407016E14
-3.004363643429253E14
-1.5123110203423885E13
-1.3383352291078242E14
-1.7497103997571155E15
8.888098321912674E14
-1.270571379138672E15
-4.5923176557871086E13
4.365909520495878E14
2.3758706474424075E14
1.5601094778079908E15
-8.964477660957669E14
-6.036802588253442E14
4.0619444286793325E14
-3.1602736174303775E15
-1.8736225904369312E15
-4.3554030931430706E14
9.016675729608226E14
8.925570691992054E14
-1.792074568864333E15
6.36544368144338E14
1.1150040864164186E15
-4.956729146019044E14
-2.0842080464174422E15
-4.0018290980909145E15
-5.352339756213702E14
-1.934882851640394E15
2.8730082096431306E14
5.254031865845941E14
7.339679184203775E14
1.038499535381139E15
1.1927502077901392E15
-2.782009081332808E15
6.549176410617114E14
-1.5906451447444482E15
-2.700616903541501E15
-3.093013556066888E13
-1.1516699150916092E15
-4.227453916016205E15
-1.5903815361940425E15
4.864097970869869E14
-1.209848561697956E15
-8.037122277262019E14
6.470959462609886E14
4.544098904473951E11
-1.533248251685662E14
2.5165356698205578E14
-2.74348323285762E15
-5.942145798915936E14
-1.6725915853693692E15
1.3251505136489595E15
2.9972217350728175E14
-1.6535113547336762E15
-1.12864268441811E15
5.2967710830759394E14
-2.2709604836087788E14
4.600221122097787E13
-2.6092748716121387E12
-3.930094066907275E14
8.700817692146354E14
4.865531252106702E15
-1.8626865751097112E15
-1.3834848912469788E15
1.0216413469350934E15
-1.3123266506847684E13
5.3572320097835325E14
8.227164003027248E14
1.0345882199391122E15
1.5543865303053692E15
4.9959776009103756E14
-1.7337274676799556E14
-1.0360769513374632E15
4.539747811512418E15
-2.1545603362166534E14
-8.254148607377039E14
8.786699719135221E14
2.6658859796062265E15
-3.3168290755358345E15
4.705938569811132E15
-1.5132534175091318E15
5.923419476453924E14
3.113305371047888E14
-8.978375788416102E14
-6.841416774410204E14
5.664326968930405E14
-1.0932192593006725E15
-8.269771798004164E14
1.1064430043287469E15
1.480226823127881E15
-2.3778442728235465E15
9.902735001752902E14
1.1448615000272968E15
3.1785427871678805E15
-4.591256887619765E14
-2.0009007127442132E15
-1.5031376380645584E14
-4.634797520566425E15
2.933515054541148E15
3.031416098360134E15
7.78794165260122E14
-1.0965185505404666E15
1.3067153288572048E15
1.1489325626273118E15
3.6798630890096695E15
-8.561549941962282E14
-2.998272685903284E14
-9.688864252110434E14
1.1969464756892102E15
-2.0450315054762135E15
-2.586382320512647E15
8.880809099309594E14
1.2664217329444108E15
-7.231323764708545E13
-1.5934853085461002E15
4.7959455658944106E14
-1.5303253169098548E15
-8.376025616138977E13
8.220256732444648E14
3.071222412770561E15
3.4023579951994906E14
-1.0027379173588718E15
1.9698112003030905E15
1.4530676333355075E15
2.796908368389917E14
-9.230015089787924E14
4.639283406232245E14
-3.4373892550782085E15
-2.4947430790802165E15
3.4548709631511644E14
-8.141360738251567E13
2.3573822591890325E15
1.558920904283864E15
-1.0918669370418249E15
-7.20296316458033E14
3.326968105877315E15
8.637261575492969E14
-5.3330766735155444E14
-7.797058409183314E14
-7.273538822716855E14
-2.7026924662589335E15
1.0814056360665511E15
4.389251787943214E14
-1.251774493326705E15
1.1101716415138849E15
-1.1275505456927882E15
1.7325871160611242E15
-1.874838029160355E15
4.1984489499833175E15
2.9768642361666125E15
2.562929587869299E15
5.1727891392823056E14
-3.6668119060409406E14
1.926366286604417E15
-2.844690481151817E15
-1.8916917444787525E15
1.1934674565977102E15
-4.335796772175623E15
8.083368410278195E14
6.7919936867777E14
-3.3309597781143105E15
-6.477178433136585E14
2.7225383716881137E7
