-4.4688986102644825E14
8.115371875901755E14
-4.6276437813216394E14
1.1033855430486424E15
-8.005372093430129E14
3.514461909297397E13
-1.551246311399083E15
-1.0593179050560102E15
-1.6275340179267556E14
2.397260840970841E15
-1.806901748879727E15
2.9826760014792644E14
-9.869789563969731E14
1.1953545939817608E15
1.595810539048749E15
1.9564773646947318E15
-1.6788065235779612E14
2.8520014568723394E14
-4.635091198460999E14
-8.50241912584634E14
-6.327990853151628E14
-6.345785299589551E14
1.1988678772341692E15
4.11026088346123E14
8.075961319537658E14
-1.2652121103374022E15
-1.1929803614973788E15
9.88284376598395E13
-4.903019931616127E14
2.015047864334025E14
-4.1232921464152625E14
-2.199543845123718E14
-1.3675151034424565E15
-4.740961360145267E14
-9.22914006013947E14
5.5977249392928E14
3.555872360935008E14
-4.0165237388579956E14
-1.4704834750832012E14
-1.9575638155037618E15
-1.161818714670122E15
-1.1006883158800062E15
-2.8702556157836844E14
7.801489255025608E14
8.764255569179414E14
6.500619722972806E14
-7.286834574018222E14
-2.0072254816999178E14
-1.813278747359031E14
1.059884799194704E15
2.8094532457627362E14
1.498845318830859E15
-5.778604088311804E14
5.708486642164278E14
-1.4722642460242594E14
1.4767746379898068E15
-5.6027884371149325E14
-7.193553896032592E14
-6.104795643327756E14
-6.886726143940682E13
4.075945225042949E14
-1.5685071282591575E15
7.618266022230226E14
-1.1490793400729125E15
7.768559318419398E14
7.987495210534776E14
9.547644666569162E14
8.78407204853344E14
1.5823781579440203E14
-1.9691073968280534E14
-2.0114648282674262E14
2.6022476357017275E14
1.2255776698795542E14
4.372291798237522E13
-3.9806808236325875E14
-3.8235538614090094E14
2.9037447213302445E13
5.2534014577461894E14
-8.820595569279182E14
5.991627883661148E14
2.5060996296012453E14
-9.557352233907469E13
-7.664456821402962E14
1.2892067249916675E14
-4.5871077385569575E14
-1.663332740529682E14
5.3864520455616E14
6.375226022455611E14
-7.190706090413154E14
-9.288977511749896E12
-1.425787328903959E14
-3.739215372260311E14
2.5265274918278744E14
-1.5577480520061328E14
8.298021163878795E13
-4.6613762925907306E14
-1.7714513049290006E14
-7.376369412439056E13
-1.7094930763152853E14
3.721744648052741E14
2.5423190923403775E14
7.580562096659116E14
5.884170359882332E13
-2.198969643042292E14
8.931025436150166E14
5.091456000616376E14
-8.479404209298455E14
-5.822490828360841E14
2.0180141522951004E13
-4.788556618698879E14
5.023971372786285E13
2.4388788135221816E13
7.685612525768866E14
2.0293301229942047E14
-1.4079374406365978E15
9.962013113104911E14
-5.161444377667964E14
-8.367561259945864E14
4.021391074327148E14
-5.2610133029425094E14
-1.4628073057339606E14
6.025224090595552E14
-1.3487424555819426E13
1.3187561462285023E14
7.715166575164725E13
6.621863144873828E14
-4.284878644912671E14
-6.414834606621941E14
-5.24443041063213E14
-6.23255428507531E14
-4.230476111078306E13
8.566851965391094E14
-4.447785935601058E12
3.98135192480277E14
3.411988768852411E14
-1.6459346616844197E14
6.391450125182964E13
3.089776146159474E13
5.0556530724528494E14
-2.0200244544405016E14
7.036499508788168E13
9.781183954898958E13
5.544184119917375E12
-2.2330078167299305E13
-1.1724344944658005E15
-5.6008104556514594E14
3.003666437933845E14
-2.0372849470210478E14
8.67455320496946E14
-2.2153156603395523E11
-4.673291800503964E14
6.642638833377378E14
1.2424529448704752E14
4.9403459330799344E14
-2.5159991267326744E14
3.326205427364887E14
-1.5396061264005316E14
4.134531720404263E14
5.497610113172062E14
3.6540863007238175E14
4.3566283357720756E14
2.3336270943124284E14
8.39957782158879E13
7.687295315452664E14
-2.4492478465076203E14
-7.101707709672408E14
-1.1839431942332697E14
1.0411171836108723E14
7.09478836503648E14
-1.999082181424645E15
2.000009263029795E14
-6.6188932074603336E13
2.214573178195194E14
-2.9014071869541444E14
3.679219700508227E13
3.059359606870225E14
1.0190114131877944E14
1.2252639380233308E14
-1.2991038815564166E14
1.170190225674228E14
2.7120058468255547E14
-8.270885792075561E13
-2.485980799555492E14
-5.541838904281854E12
6.055302908755718E14
-1.3735249763745444E14
-5.829045694015224E14
6.31763870863831E14
-1.1178898082556653E14
-5.584778524910478E14
-4.678309783019508E14
-8.322345278357244E13
-5.905758464579526E14
5.807843909168108E14
1.9444141515182866E14
6.09997849501881E14
1.970949665784477E14
-6.199622476554194E13
-7.918712635522014E13
-2.7551816173080978E14
-4.5868313877209244E14
-2.7086879113751397E14
5.5035533146268556E14
1.4229381101887253E14
-6.147593346040292E14
-3.438847925017079E14
1.4360945115607803E14
3.488420839520073E14
2.2335628771879094E14
1.2309683998288428E14
-2.447887313196274E14
8.84312561982238E14
-6.406816517266526E14
-4.7014847177798794E14
7.071487869238138E13
-8.608418925053556E14
-1.0020030746121803E14
-4.574604024511569E14
1.9599790101229184E14
8.862110884878336E13
3.654157962019335E14
-4.9418650530442164E13
-8.058135555816575E14
-2.023086491894132E14
-5.435192034183974E14
-2.547916045143711E14
-2.5599761356615953E14
-3.1714165097658775E14
-3.574107883781591E14
-2.1803597598998262E12
1.0706820973823819E15
-2.864710240263561E14
8.968764746152978E13
-4.722228549798384E14
3.057967233038399E14
5.676489772485954E14
-5.535712121066469E14
3.3753476008363206E14
-2.0463525209367853E14
1.92641565661519E14
4.34651418005075E14
-6.514831491437567E13
-3.08583562196991E14
7.587031100869912E13
2.2103109985675638E14
-8.216518152328502E13
-9.94097746507053E13
1.2709915255868478E14
-4.131515434414218E14
-5.959066473394673E13
2.292069683320712E14
4.448504926987277E13
4.241867510177323E14
-8.513345518648852E14
-2.4762749123746822E14
1.2518636368828925E14
1.498054804560905E14
4.598028741598735E14
3.492245198418158E13
-3.420693555957816E14
9.475345664046479E14
1.665135604832916E14
-1.1336922719365575E14
2.9846336926827675E14
-4.4169478909607075E14
-9.964313300524115E14
-3.5769545108460994E14
-8.185539786460727E13
3.6548460454153625E14
-7.006721623316286E14
4.6575456970947484E13
4.0229063497521706E14
-1.1928976184654852E14
-3.354426826543924E14
-1.9231293209053066E14
-6.415077559350731E12
3.7445067290123844E14
-5.243200297122101E14
-1.420608159705007E14
-1.4761257999467144E14
7.28971975985127E14
-1.8645157235381794E14
2.62974570855809E14
7.058467898209026E14
2.6089772922255072E11
3.645823099169307E14
6.966706274739231E14
-3.902616205687722E14
3.28988440545853E14
7.873371814795914E13
-2.1063278285656512E14
7.398002250405914E13
-7.02787289332808E13
-3.6605369367138294E14
4.770094542847791E14
3.6413776990215656E14
4.750539181949059E13
2.2499847078619965E13
-1.971570138234728E14
-1.3327238901472266E13
2.116608217550438E14
4.8929842595679794E14
2.211650802864659E14
-4.727073502833516E14
-1.975762439174947E14
-5.594456207770672E14
3.5931411192613175E14
-1.9383457824440478E14
-2.923131844619091E14
-6.823233196090346E14
-5.810224363860328E14
2.210436513722424E14
-1.430457838059878E14
-4.805013788236717E14
4.260266784261301E14
1.2896136321409956E14
3.018841433299953E14
3.6074003051587725E14
1.547783747621166E14
3.5001291514059456E14
-4.72294760838118E14
1.231802670689533E14
-1.007929522132759E14
-3.975099395401557E14
-2.1836557442802097E14
-1.3753704331912016E14
4.6462508446083375E14
-2.7577898641002475E14
-2.642549792966711E14
3.251338695960625E14
-5.144557663292134E14
2.5086783636676425E14
-5.763771316273912E14
-2.5754951003543605E13
1.2713478707903669E14
8.510370602276489E13
5.3628813649603225E14
2.0353577935610238E14
-3.359655042886052E14
3.8848960631177555E13
1.5133078683338345E12
2.1582761087154547E14
-5.700113892749239E14
-6.9901712522392516E13
1.9019320267839506E14
6.450747576623862E14
-4.7650712883561144E14
7.057503024714012E13
5.3558774890261266E13
4.166602906510445E13
-5.114259403308041E14
8.504603564368788E13
2.059348295555691E14
5.448700699179359E14
2.251986928803267E14
-2.7168057188672778E14
-2.6374395187477025E14
3.62802224198577E14
4.085975019307729E14
-2.736670412332723E13
2.7021220900282822E14
-4.771867000211971E13
3.817961528917495E14
3.1899382170840075E14
-3.76903703391648E14
6.426732575965369E14
4.541233564498428E14
-8.903875108490206E13
4.6178131358892975E14
1.5469223913741872E14
-4.9050034304054406E14
5.2779445630836164E13
2.1959998754764888E14
-1.6839218566966884E14
1.6887163934328703E13
1.9248175859520522E14
-2.5603724555625713E12
2.081493419781426E14
-8.23960939870497E13
-3.72419239276091E14
4.250022132593588E14
3.938875866840731E14
2.1995614176865462E14
-4.958293698204602E12
2.848262505185571E14
-2.0579707691933195E13
1.5387739865608045E13
-3.6085862666330106E14
-3.350486131287761E14
-3.887894612526259E13
-2.824888102262609E14
4.2756901348705275E14
3.608930974004252E14
-3.367669855201361E14
-1.010559012136156E15
4.1726739418384406E14
-2.6874672712710088E14
5.099410923115846E14
3.6226226782206704E12
1.7950603165434672E14
2.195230447609721E14
7.186431921404859E14
-1.3609073978793066E14
2.139992357221647E13
3.7423442397893175E14
-1.8212278918362225E14
-1.4125493432001E14
-4.42735045666712E14
5.922037302170524E14
1.7761739239593644E14
7.152301712780601E14
-3.980890370528939E14
-2.5653618471343906E14
-3.6929188393314506E14
5.612182910756074E14
-3.098482692209053E14
7.321241834502612E13
-5.820090452246516E14
5.9767024025104E14
4.019784634031959E14
-1.5162672736215753E14
2.1010697718098238E14
-1.6555964488693012E14
-3.0839319765493944E14
-2.547215307465516E14
-9.343386369271612E13
2.1606468074584324E13
6.62445400979293E13
6.363061776202451E14
-3.208928620694279E14
3.670403542494862E14
-4.5684769480387575E14
1.0085557499470781E14
5.310888853238071E14
2.6951789921709078E14
3.113365300231325E14
8.154698401667519E13
1.2907221366583934E14
-2.9851457838882438E13
5.2172056729587766E13
-2.0347541188896022E14
-1.932456319315549E13
-9.24954095841739E13
-5.775473264821758E14
5.5526363429707625E14
1.500417914887964E14
-2.60070986393414E14
3.84045002376786E14
-6.042378309158193E13
-1.073959694648718E14
8.972121434570405E13
4.2893602492576944E14
4.2690911240924906E14
-2.1294530584286288E14
-4.897624603008188E14
1.8188554703487822E14
-2.7557418164265744E14
6.031551773535494E14
-5.705191171295615E14
-8.577320386558152E13
-2.429796127425264E14
1.5219001381297066E14
1.194941220380099E14
-1.9303398344258703E14
2.229943230453859E14
-3.5849912702130694E14
2.6234929396110822E14
8.175445623174208E14
-2.2799981660378488E14
3.545924413599804E14
-3.5199944564764206E14
1.6780845291004121E13
4.536881832143487E14
3.511411804772307E14
2.9068144121652725E14
-8.357776621020302E13
-5.1389808433338875E14
-2.289508983259841E14
-3.828688573314536E13
-2.1239993789396556E14
1.0214841151632324E13
-3.1997024681455902E13
1.0164205068039379E13
-1.6794663701904111E13
-1.4288057979676785E13
-2.9816422407508242E13
8.030974915034431E12
1.202055833923735E13
6.785219039608346E12
-1.1218447534237996E13
6.795985750658013E13
-2.1662236314262683E12
2.6549212702653273E13
-3.876271998040178E13
-1.233148521699468E13
1.0646107039634604E13
7.07222650927128E12
-2.128544681499297E12
-1.9191745349827827E10
-1.3434965186721843E12
-7.871813776851838E12
2.592483453911904E12
3.0971118524493013E12
1.1880045822621014E13
4.566013839341156E12
-9.916316396537375E12
-8.398958600154384E11
1.1539291269258455E12
1.1029456626240074E13
-1.5114698118042414E13
2.0860446261579637E13
4.640645932024797E14
-3.5535888225709727E12
1.0187910080714172E14
2.912366190843459E14
-3.5754643062738275E14
-1.1212361046522156E14
2.441073530745463E14
8.851331065984989E13
-3.0635868661620175E14
8.900997630517161E13
-2.318042246994408E13
-4.551466864234222E13
4.2696860590300975E14
-1.8265893022455278E14
-4.7039699381193E13
-2.7432751175794612E14
8.900861495897117E13
-1.0544657669136531E13
2.292251609191145E14
8.828964159254569E13
4.2008428734392694E14
3.463209680100571E14
-4.7570704413560756E14
5.948445388741675E13
-4.750645132440443E14
-7.530708043509675E13
-1.3144373008723584E14
-1.0143832300617016E14
-9.901965316193516E12
1.2553607863104545E14
-3.8628740145345394E14
-1.3963772262763666E14
1.3307348570891336E14
3.772082352520677E13
1.1481799234344094E13
-2.7052824226835678E14
-2.0066645501588906E13
2.419303819187689E14
-4.1675880062173106E14
-2.5419243956589125E14
5.452515617390327E14
-9.237615086520288E13
-1.5707953964052606E14
6.711083583498489E14
-8.403339767124598E13
2.3736546411163538E14
-7.004764741940812E13
1.4219537061230334E14
-2.0908580624157906E14
3.173577221121009E14
-1.4958649359226266E14
1.764007826816902E13
7.055394615736116E14
-3.673966700240022E13
-3.206888260633209E14
-1.1644233890778575E14
2.9601558086213956E14
4.9868857121207075E14
3.0090130394662325E14
1.859402600471777E14
7.907921657948095E13
5.690815630587108E14
9.980433878271911E13
-6.413493045710878E13
1.2636044448522764E14
8.258524260115955E13
-2.5673800287148306E14
-2.9464205533257306E14
-8.469150671789878E13
-1.7965290179190688E14
6.304884343259955E13
1.410229737622855E13
-7.068371556989471E14
-8.294360392780673E13
3.468741004983852E14
-3.010099453720289E14
-3.4742792050650344E14
3.5916400047335025E14
2.9553046989954994E14
2.323183974315445E14
1.855383780258594E14
-3.179670496235695E14
-2.7915418060966447E14
1.3270527849715344E13
1.3785484446984867E14
-5.635826682893161E14
-1.608422155537457E14
6.206092370996885E14
-1.868757523112874E14
2.847034961348535E14
-6.243763694347377E12
2.5870250583792316E14
-8.541779971500412E13
2.6147707722299614E12
-2.191197648626577E14
3.997060042804241E14
4.78585705549545E14
-2.4077068055554574E13
-7.22605424116023E13
2.288802418277215E14
-2.2879257128280712E14
5.213244312843381E12
-1.0532034706146998E14
-3.2712065437052094E14
-9.904686786698327E13
1.6077179548175062E14
-1.247779646116355E14
-1.133264226845857E14
-1.0455640866972488E14
-8.184809173263538E13
7.067616916802581E13
-6.184486537675942E14
-1.531815231369732E14
-4.848761923047595E13
-2.950380969243844E14
1.4708619705855378E14
3.7586800298348925E14
7.353301095994447E13
2.0330088148531616E14
3.195207531564522E13
2.549466348425858E14
-1.550488769524164E14
-1.0327886946762905E14
-3.689397172077074E14
2.565023433183669E14
3.0478826484344516E13
-1.500168896198624E14
-2.9112474094395156E13
1.1014043890760495E14
1.2383802787880553E13
1.5142060382839388E14
-1.994901940234246E12
-1.4358883573494956E14
-1.0138091915508088E13
4.722574390458279E14
1.1492235843025055E14
5.691680041185144E14
8.376344634329805E13
-1.1324505726444511E14
4.969860480234803E13
-3.147467532958911E13
-4.036642041247699E14
8.868291871622275E13
-1.284579190433511E14
5.822860620795899E13
-6.705723774754521E14
-2.8134753650583625E14
-2.4441047896797134E14
-1.7148437614179097E14
5.4975998179762445E13
4.711528549854239E14
-5.187978078222713E12
4.479404831887143E14
1.483761483975294E14
-1.0104795796822225E14
1.765800798665589E13
-2.8977687921694444E14
-2.6182683991624838E14
1.613191789620561E14
4.6856322953985756E14
1.2089058789587256E14
3.449082485484382E14
-7.959045731692156E13
-1.7918037196234253E14
-6.6056987058324805E13
2.2190387494832184E14
-9.421776391449844E13
1.172527862009733E14
-3.422165827624389E14
-2.42643492360779E13
-1.7886332003413975E14
-1.1395649930013483E14
-4.0291896536457766E13
-8.43719384693255E13
3.262898742683636E14
-5.674321581133092E14
-3.855646865798785E14
2.4909430751304303E14
-5.579477336302923E13
1.523722220487741E14
6.53517915163006E14
-6.710374016199216E13
-4.5752704685341894E14
-3.1129595721942644E14
-5.27553935155018E13
-5.923293869058971E14
4.10077252096968E13
-2.1118561186249508E13
6.008250362212796E14
-2.385363752333881E13
-1.3302516286186528E14
3.412636780597148E14
-3.917594011376741E14
1.7786729894453716E14
-1.9307208831757706E14
5.378634787251913E13
-3.220454454301859E14
2.8152436566703184E13
-3.7358071632398394E14
5.064308542984059E13
-2.4734218338506497E14
7.421197508361916E13
4.128211131108449E14
1.3410930669160102E14
1.1876907608357545E13
-1.1748299327007412E14
3.4772129844550494E14
1.7226999618634572E14
-1.0645703102183392E14
8.18776222524376E14
2.965506841652833E14
-1.2647217845662097E14
-5.31361556391709E13
4.133019097937388E14
-8.050652803431495E14
6.926460396345061E14
-2.7438474599756962E14
-5.1496428324263944E14
3.0670023563795344E13
2.7391660934392176E13
1.294057071026362E14
-4.2468609325332706E14
2.6617369354238856E14
-1.0265999254057419E14
4.663532876945544E14
2.01335053614437E14
4.7750352742299086E13
4.169017413153352E14
-5.5053909539745456E14
-2.6008932878275566E14
-4.126142499228921E14
2.2742496359560744E14
-2.1512826105046934E13
6.577032504859256E13
-6.252988029795375E14
-3.6586110018074425E14
-3.844670495934827E14
6.815419361547707E13
-3.853074397991088E14
1.5707777163092534E14
4.0073799361868756E14
4.723460162839638E13
-2.730645360682853E14
-2.344175515061821E14
4.435777767662662E14
1.3077335344680711E14
6.217742474505193E13
2.2515093767016575E14
-5.0313063324144E14
3.913328099419184E13
4.827403675763651E14
8.069279300139524E14
5.536937030954228E14
1.474470198266932E13
-9.866705427912014E12
-4.0885998760529575E14
-2.4645019535415075E14
-5.802655689633539E12
1.5393131194553134E14
9.150680561677608E13
1.7207563187400215E12
-2.0300862931364316E14
-3.523663647970885E13
-7.585422045784297E13
3.9967836081837175E14
-2.6517964245169156E14
-4.52053279916092E13
-3.2057571432443016E13
1.3518112262051555E14
4.96002399842656E13
-2.0628482284597562E14
-3.4224260352854275E14
5.242323436536851E13
2.2194381898080916E14
3.8272373470184306E14
3.7441986376295056E14
1.4895160125667722E14
-3.603758394940148E14
-6.7270378924068195E13
-3.267290777224129E14
1.8487031672832766E14
9.423099064745198E13
4.763489101808732E13
1.2373816250767806E14
1.016023214335499E14
-6.154707101877031E13
-1.9483476694370228E14
2.3979435380262362E14
-1.1512916359137197E14
-9.11989164708822E13
4.994209146045501E13
-1.8495164248506547E14
-4.0858869439509325E14
4.744122239893632E13
1.7160222688062153E14
1.4295275651651597E14
1.535408176859621E14
-5.9553180947186695E13
-1.0387897316986397E14
-3.664142047214038E14
6.965149227252752E14
7.435077891955251E12
-8.674860579588538E14
-3.6323406037689456E14
1.0667171748540417E14
1.351772147399108E14
1.999330036602924E14
-6.426963393093375E14
3.406503179077096E14
1.3887779858905003E14
1.6022594646091138E14
-3.4501425480975116E11
-1.0417391890328191E15
3.349601670876692E14
-1.1184748006523261E14
-6.867693737144293E13
2.2778872778312025E14
1.8119671139551678E14
6.833219610965339E14
-1.3589469273813928E14
-5.4745090441902844E14
-7.487558889371205E13
-1.7345538680669822E14
-4.324002430948589E14
1.3298749152652098E13
-1.8594367520139694E14
-4.3376404214096706E14
-1.0261017229028392E14
5.4158366653752414E13
5.7253701210408055E13
4.561421332154259E12
1.442659908614432E14
-2.295352058501958E10
1.3285249154841061E14
-1.0532114978003562E14
-6.975290026803561E13
-1.0727592241129367E14
-3.417417879118845E13
-1.0097548252993556E14
-7.991129104028173E13
2.5129721214224075E14
-4.304676285697043E14
1.4497919557784988E14
4.949457886846962E14
2.2791274778300215E13
8.019257383456153E12
-2.0401926008189566E14
-1.880199607281539E14
-4.425679742417358E13
-2.4653629221522134E14
-1.2637661971026031E14
1.4684122760536428E14
1.41223624603284E14
-3.609536588300428E13
-8.13319745851411E13
2.023766880149348E14
1.0002674637467477E14
-7.324296551841219E13
-4.21562744362525E13
-1.604458722803694E14
5.010462139523319E14
-2.0444578160718925E14
-1.1589248303891588E13
2.459345820212633E14
1.320786663989396E14
-7.185675653580506E14
3.598066242610513E14
-2.234712282020517E14
2.819226922938177E14
3.54971861747527E14
-3.549693203287263E14
2.2651190862577125E14
-3.9626037710795305E13
-4.0527063424528394E14
-4.2510982199307794E14
1.0318750785210352E14
6.876804447144361E12
9.333541499647556E13
1.8212470065759753E14
2.944931720685113E14
3.379165397128702E14
7.662975138266628E13
-4.817875896414453E14
-4.124262278939187E13
-1.9728199036286778E14
1.1473635925841952E14
5.3517443231671925E14
4.748748306966025E14
3.056239472359725E14
3.2013782214541475E14
-3.726239634928239E14
8.717323367266725E14
7.548939873179016E13
3.04157923953649E14
-2.407055234186481E14
-1.7047469187022662E14
-1.292032502298171E14
9.311523130315756E13
1.0595382999304258E14
1.309567478903353E14
-3.618600443525865E14
-3.371773501631174E14
5.758159066320329E14
-9.873527797011546E14
-1.8962112145994928E14
-4.95514718550632E13
7.209187252827825E13
-3.164854893958194E14
3.0905273188995977E13
1.1397191656581077E14
6.28621824062113E14
-3.714738430519407E14
1.5462883186717712E14
2.6823027253141516E14
-5.055796502735116E14
-3.617588621657658E14
7.844429344995279E12
-4.432149912994232E14
2.9335411923630812E13
-1.6432529813761425E14
2.5624298807044477E13
2.3705449630835856E14
8.409230102159123E13
1.4724894179784816E14
2.4591740596455075E14
1.597036619866275E14
1.4282611992899848E13
-3.3709105008253725E14
1.0070863836308806E14
-1.3511546692730394E14
-2.8061277995802328E14
-2.7421228165082553E14
-3.4370516269650675E14
4.2047612583730994E14
-2.9114951986579175E14
4.2327444869049794E14
1.879318655386073E14
1.0242333922627925E14
4.016160873287664E14
2.8695402564443394E14
-2.847371357279439E14
-4.027073728582459E14
-1.5716147001039553E13
6.977533692996186E13
-6.47396547473558E14
-1.6960322703128744E14
-4.975233312297294E13
-5.890934072448646E14
-7.168895158891473E13
7152155.077971162
