-1.1296929513229218E16
1.1508139816301764E16
4.9297345450439832E16
-1.4061118133516276E16
-2.6952809067243948E16
-1.6220116510908465E15
-2.0603961172882788E16
-2.4320524880592396E16
1.2592200672522108E15
6.8422981831299984E16
-5.0496417292234816E16
4.053296696251012E15
-1.1442416723732104E16
1.8211920934441124E16
2.7142936677061056E16
2.3211339956359008E16
5.485365432296059E15
-1.4861657852141158E16
-1.0906729549057788E16
-1.965564641977932E16
-3.589338759474175E15
-8.506874558103776E15
2.2816437471319012E16
-1.4271121026665508E16
1.614660730165313E16
-1.6271392553611906E16
-1.3511893844976168E16
9.037562140916906E15
-1.5900853688747994E16
9.09997319675829E15
-3.8632414891057336E16
1.2171271727228046E16
-7.801130775486224E16
-4.5910886024813288E16
-5.4139943093458696E16
3.489663859029744E16
4.0569388865079776E16
1.1702890757984644E16
1.4280019663852546E16
-2.9849179982907432E16
-2.0156313836077844E16
-1.9165478306979004E16
1.1179571019629376E16
1.3259953047855356E16
1.2982678815211062E16
3.694587376369916E15
-8.276830790482125E15
1.477164709498336E16
-2.1019152491655132E16
7.104962148139323E13
1.5877309527906694E16
4.3896589053714848E16
1.8885170667024965E15
1.981349181861722E16
2.0314789268532036E16
-8.390633946864012E15
-3.4465444997442244E16
-2.643640361730828E16
9.055218309358756E15
-8.458963992894688E15
3.7289933340687325E14
-4.0917210980490696E16
2.8085720729868904E16
-7.18104938742707E15
4.3819382856612295E15
1.2059804278090386E16
1.2201208894725144E16
-1.3985562988040848E16
1.777202730192741E15
5.763844120271736E15
-1.484784330428341E16
5.665371247403905E15
1.3691394636309768E16
4.955125112170951E15
-7.745455572634808E15
-1.938913498534813E15
-7.978985462881847E15
1.4309921629142096E16
-3.9024204180770632E16
5.356899564650848E15
9.224720375096318E15
-1.3442578427455614E16
-3.3437072567431464E16
-5.390808087078355E15
-2.8279123235254595E15
5.160063185436897E15
2.3122105951184896E16
-1.7957066772861728E16
1.085661012774979E16
1.8163303464041828E16
-7.620238944228743E15
5.312961691936657E15
-7.127087284112778E15
2.6096571546440016E16
-1.0134445167895318E16
-1.6239283290277798E16
-1.0075115423070312E16
1.9186377991048604E16
-1.731160973060977E16
1.0738484133687316E16
1.248471766037987E15
3.6944944031028488E16
3.450591451190585E15
-5.047016710292643E15
2.43990084246716E16
2.1194901682540902E15
-7.162075028869338E15
9.350898453217023E13
-5.476796040587281E15
-1.9324734834331396E16
5.226271497426686E15
1.5828135817529697E14
4.694988940887928E15
-5.941786660559944E15
-3.383459930489012E16
1.4294222134244332E16
-1.0283533937628458E16
8.044573231639759E15
-9.333625908053596E15
-1.0188997532614208E16
-1.88953572978351E16
1.8610223157304024E16
-5.347595206574704E14
-3.8142879669516215E15
-3.0238255297594804E16
2.99940499389721E16
-3.7293995542605865E15
-2.580160725814023E15
-1.6719365214805114E16
-2.0253896476157465E15
8.165718343581486E14
4.387516130849264E16
-1.4697016240390198E15
6.535513010152931E15
2.3108921452326916E16
1.0143098746407888E16
-6.235772214477504E15
-5.033756192681409E14
-2.7806773765691385E15
-1.0004505672496512E16
-1.527961547345297E15
3.094898773108894E15
-1.694661579774131E16
6.016747276627836E15
-4.8097094682671592E16
1.1898644982509755E15
-5.81148611253485E15
1.351802867131102E16
1.2740353396962326E16
5.522914017276691E15
-1.8941571186771384E16
2.0774966790315148E16
2.428142844616202E16
-8.259368327458616E15
-2.1217067999985452E16
2.88309400391647E15
-4.515074710962784E15
1.2432931350037224E16
6.53846296234705E15
-1.0190528773425528E16
-1.700067781795822E15
2.2219982018310822E15
8.144206772067055E15
3.1074631982591384E16
3.992824828052697E15
-7.515745433005603E15
1.065321492153845E16
6.635661947965154E15
-1.0059716422033088E16
-4.1657761094186816E16
8.376746972758342E15
-1.0645007779316614E16
3.493892476942308E15
-5.564582929802282E15
-5.278616860745649E15
1.2418355124509112E15
-6.464525096792566E15
-4.993279294994868E15
-5.782637126103738E15
1.0499407239343504E16
5.034471387170808E15
-1.8487777768543072E16
-6.194590346776601E15
-1.2270995984350126E16
1.1949757058311964E16
6.077888805953786E14
-1.6431920554505398E16
-6.871358717693369E15
8.357779436416729E15
-2.77096305883279E15
8.738282572011496E15
5.175129421418237E15
-2.2883334448100968E16
2.1253517295304896E16
1.7448994121623234E16
6.975338100688617E15
-6.030867605618219E15
-3.4402719430694835E15
3.5710549454680875E15
-5.664249830469381E14
-8.23648469867008E15
-1.5916621093497998E16
2.1520971318335916E16
2.0185587987386468E16
-6.910131325397996E15
-1.0515075961340406E16
3.2693771175731575E15
1.9006672688646692E16
-8.926808894517785E15
9.212384476388738E14
-2.7182671766056348E16
-3.24303982974383E15
-6.929550943850958E15
-2.3741523375082584E16
1.6302950253017734E16
-1.2797616254001648E16
1.0364367618010428E16
-1.4978678404136188E16
4.12514319284423E15
-1.4518235005582912E16
-1.1344519708540334E16
1.5404689910613356E16
-1.6401801044305444E16
-2.8988357898859808E16
-1.2472256937727884E16
5.39254793975603E15
4.11351625040205E15
9.317848068684619E13
9.893506774527118E14
1.139774600047313E16
3.379524971083326E16
1.1033876956146722E16
8.61613376627247E15
-5.415607847185038E15
2.2087350909582752E16
2.1847098271874884E16
-1.9068669059641316E16
-5.279975074208023E15
-1.811304327666118E15
-1.3711024641637886E16
-1.3775448946157594E16
-9.327668650092534E15
-7.465660557127386E15
-1.6844813210559328E16
-3.749489513437282E15
6.479745188315004E14
-6.424055678623339E15
-4.285895530519175E15
-6.912627247591268E14
2.0655833866622642E15
6.355383772297823E15
-1.0224724834513296E16
6.467730958799191E15
2.5920229946874428E16
6.10028780805201E15
-3.7570968006825865E15
2.0339113625011215E15
2.1937338622585762E15
-1.0141680831893674E16
-6.960910396412663E15
-1.3235175495377444E16
-4.0481630973175488E16
-1.0521153565173514E16
-1.7482920116963394E16
2.8683244041854692E16
4.7447579829845656E16
1.017861202224003E16
-4.327242886154024E15
-1.2861433289043765E15
4.814678169525696E14
1.1110745629631716E16
8.607172371450886E15
2.477410931103586E16
3.613096951868106E15
-8.864569433738272E15
-2.6315928165720645E15
-1.6631389485005232E15
-2.2033151666950972E16
-1.4392667422318226E16
1.2082028371792798E16
1.9818270560591084E16
-5.464203233560104E15
1.0847655898902462E16
2.161732472656008E16
2.096005325565094E15
-3.935008480703786E15
2.6763883530973636E16
-1.563292707450095E16
8.433159395453805E15
5.486063399269361E15
2.3230132555011595E15
3.4549864156980025E15
8.951113902909636E15
3.1348550550291365E15
-7.28061458665424E14
-1.0852313696112122E16
1.2555834965172595E14
1.1555625594420998E16
-1.285865634794782E16
3.0918998789416835E15
9.240248273675476E15
1.3524432839246804E16
5.458460905413209E15
-6.347399906126157E15
-4.9290530888173975E14
-5.167611193561849E15
-2.1581733353385192E15
-1.0431301214562076E16
1.4106177755075374E16
-6.480823685665371E15
-1.7558322055532144E16
1.5254294700489074E16
-3.507396564952131E15
-2.3987780402661165E15
1.1631815495432684E16
-4.991956646174661E15
1.5297541147446208E16
-6.189359167670806E14
1.1991563711285872E16
2.4879020098266425E15
-1.0266064405960676E16
1.0505224156906074E15
-1.2950782933439164E16
-6.029853861245466E14
-1.3541088874421248E15
1.8042350515618005E15
1.629733098668092E16
-6.506514346295949E15
-7.468625742235288E15
7.814009839955643E15
-3.2675532213168395E15
-2.0266053233815155E15
1.0102569269897386E16
-1.5190972134455595E15
2.756677684103206E15
-1.193985155566128E14
1.0485724836524248E16
-1.403903599935203E15
3.1468944745639135E15
3.8292277462219805E15
1.0990648494417443E13
1.1180670634685314E16
-1.1214864413928406E16
-1.348514413285527E16
5.102856070135259E15
6.343152394588252E15
-1.2715761062002572E16
6.615621328009811E15
2.0669201430831464E16
-1.5607694774924982E16
-5.4485409592150706E14
-2.6633255820202705E15
9.562468530336536E15
9.106585058120628E15
-8.550563618884843E15
4.798709958258785E15
-4.105496874246691E15
8.239658201342663E15
3.706511535130485E15
-1.692185806264148E15
-5.184754090352881E15
-1.7033677895861185E15
1.4931078123624172E16
4.054920264654222E15
-2.4578726135890385E15
7.141745785866139E15
1.231433595474753E16
-1.4166135643535174E16
2.1172932420781104E16
-3.3323343355508895E15
-5.695419191625125E15
-1.519213459805316E15
1.2346656160245864E16
3.463846736989448E15
-6.53341149828129E15
2.3797742919743455E15
7.402657079579683E15
2.5840228304867928E14
2.391604654535649E15
-1.9246656818539038E14
5.792864836671217E15
1.012403367962503E16
-7.046284317608166E15
5.4221926962593775E14
1.6411741769163712E16
5.815136498664035E15
-3.5796373205819305E15
-8.852517818808249E15
-4.4919017100323425E15
-1.6589515854354016E14
-3.393305094475461E15
1.011825220165819E16
1.4465019695583446E16
-1.0544248761792622E16
-1.8859806185672284E16
1.116891819116564E16
-4.69743094800299E15
9.155591534789146E15
4.101719136966541E15
7.001381671954009E15
-9.290585316695054E15
3.426089577722787E15
2.8253948593728535E15
1.7242579316573395E15
-2.929825611242636E15
5.721244760440695E14
4.708044970940102E15
-7.16963734169464E14
1.1676430392995874E16
-3.549829890817301E15
6.131721554182693E15
-6.796510043938775E15
-4.2757466781000665E15
-1.1019362066967082E16
6.111067569742983E15
6.944681451197081E14
8.572622289221752E15
-1.3875791335310182E16
1.1124268868241178E16
1.4383538589819342E16
-1.255620487449414E16
-3.3340477091750655E15
7.97479404554508E15
-1.2368004080717148E15
-7.41248542291306E15
2.8022961327303075E15
1.7452357959205848E15
9.859366181301878E15
4.437859924486346E15
-5.705027508139685E14
1.9663795552350472E15
-1.6730871120204136E16
8.46619120380925E15
2.1113602424983836E16
8.31639114159617E15
-4.5715663130405575E14
2.081530457751983E15
1.2334667005173852E16
1.1875986914258806E16
6.165891382778494E15
-1.280092029540378E15
-8.349321388142136E15
-5.025399909243809E15
-1.3433668113652544E16
1.035978474262588E16
-5.199281685291465E15
-6.272461195002409E15
2.0966950247916144E16
-6.779179057330078E15
-1.9096373109866498E15
1.4918371112835084E16
1.0269427340873906E16
-7.338438047081191E15
-8.41317139509522E15
-3.250874083429331E15
5.220921751182247E15
6.572292341026509E14
7.697966586842206E15
-2.1161497437865312E16
-7.28191255111611E15
-1.4316329744845684E16
-2.521802972924997E15
-3.1488210495028515E15
-1.2549902293172648E16
2.5209334253354716E16
1.5534593204973972E16
7.423850852272488E15
1.8172576496021704E16
-9.918739715488686E15
2.0222079651241408E15
3.737331149191265E15
-1.682453852055788E15
1.7119564803644284E16
-1.1037921326539526E15
7.839591636985684E15
-9.358625228946216E15
-7.815710229405066E15
-6.216862649804693E15
1.067461640939008E16
-7.716407886725616E15
-8.089820510938395E13
-3.921081396864032E14
2.127645655270597E14
-2.8902268512978194E14
-1.963825352956989E14
-2.7074924556627353E14
-3.576181674260331E14
-5.990424706740536E13
1.030672853764669E14
-7.841955980393047E13
9.164025342015028E14
1.3186923420476055E14
6.72753418183331E14
-5.959330704486254E14
1.9268557275886775E14
8.169008043377884E13
5.5784392917354086E13
-2.396490130561021E13
-1.8948904751672925E11
-1.2770374426972256E14
-1.0049318892481112E14
2.6247625714278863E13
5.175210925669475E13
1.4225242100022478E14
-8.849288306801678E13
-1.198517378747983E14
2.8516607795934207E13
2.5029955904089324E13
7.898802907661316E13
5.834289279286271E13
6.218616718008205E14
8.840211276278764E15
-2.87252957994832E14
3.7692306999831145E15
9.157219481193214E15
-1.2335211954386496E16
-1.3025375724620762E16
5.633423446007938E15
4.808784397599807E15
-1.2120153970937604E16
4.858030188569316E14
-8.815694749932418E15
-1.232141242262692E15
3.2894083721441825E15
1.8030882978145572E15
4.672202479287717E14
-5.092905325581468E15
-3.7429819833395035E15
-1.3750816281694414E16
1.1522559883304534E16
1.3804309665278368E16
1.5679720029600046E16
1.3912640819825518E16
-4.921345860453062E15
-1.642632755253184E15
-1.5750968930280366E16
4.725148755887662E15
5.870768765002733E15
-4.950312167295654E15
-2.7395101214764755E15
7.029488547960015E15
-9.487741172943214E15
-2.554309995952026E15
-8.410410563452895E14
6.256433591352259E15
-1.7881901899647662E15
-1.1670404606350462E15
-7.198589845644506E15
-7.42951970520103E15
-2.9091875902679245E15
-3.017894341447077E14
4.1425669257809325E15
3.1353343240471345E15
1.1004819665683734E16
1.6939678846505478E16
1.6864468791281246E13
1.2576064425577232E16
1.7099111347131465E15
-4.967549953686946E15
-1.0648329094649036E16
-2.72588892232283E15
-1.321768533371303E15
-7.68475462729841E15
2.0193872377057788E16
-8.92085646120172E15
-6.427393058411957E15
-8.840593028426331E14
8.755295311601069E15
7.407809783719211E15
1.753463155574641E15
-1.1497849229224664E16
-2.596701539831662E15
-1.4848551913459E16
-4.834196207013139E15
1.3580228303516072E16
1.1631991106135862E16
3.194230913287148E15
1.0717536930212574E16
5.366102400098378E15
3.250296904783161E15
-2.7465230092241145E15
7.132322249969855E15
-9.14953810164128E15
2.761581280956288E15
9.1236201275395E15
-8.154871852477612E15
1.2611992874862874E16
7.633026227657384E14
-1.2650536241986422E16
-9.764191565618846E15
-1.1258176452735066E16
-2.2302320184939118E15
1.4506857955960812E16
-3.868020194995078E15
-1.9932722727678666E14
-4.9333429462491756E14
2.2747248873576036E16
1.0326887773654914E16
-1.7523487838956686E16
7.651489097621945E15
1.1696558097503508E16
1.3937890646052958E15
1.8453376965113192E16
-1.3997046093520088E15
-4.117596944420729E15
-4.1921141965087185E15
9.909491280050376E15
9.349694576121086E15
6.296370899920193E15
5.540419169816149E15
9.76923459793164E15
-8.68234059290024E15
9.38966797150873E15
-3.138944090544628E13
-9.024658750827484E15
-1.1629290021458874E16
2.5973064710419115E15
-1.985514623064448E14
-2.313576900463391E15
1.2882158871934402E15
-2.0313803254382496E16
-5.835333150060563E15
-1.8524569552333436E16
-1.832028415470936E15
2.466878914777501E15
5.593474269596028E15
-2.728062414255987E15
-2.1544797952626375E15
-8.235895261154782E15
5.272433129578322E15
6.964114872719495E15
1.1586507353401312E16
2.7964647854283445E15
-5.817724169135521E15
-1.8456274932858888E16
9.250704127048008E14
-9.758380992689176E15
-3.2817704122932355E15
2.501513378977513E15
4.021888045911896E15
-1.559251812564713E15
-6.666482514193543E15
-1.3331047666277008E16
1.0511780118590828E16
9.925221382834401E14
1.1444985947820378E16
2.9692392588873805E15
9.400783596485469E14
1.7879039216600848E15
1.0978535970601014E16
1.2070541154071554E16
-1.9431525194488995E15
-2.741711229651167E15
-1.9273855666991382E15
-6.596922860779586E15
-3.0306036009971435E15
-3.3735485481551905E15
-1.056654463925606E16
-1.3575994167888522E15
-5.133039147292753E15
-4.007217871928252E14
8.198078093116974E15
-4.4362580181553645E15
1.2678379648539168E16
-6.38537777496118E15
1.027854900956163E16
1.2312276872628954E16
-1.1961136487033572E16
-1.1160565382057326E16
3.963741435475042E15
1.586475846948961E16
-7.668384202901062E15
4.88766615062354E15
6.140896408826283E15
1.0157055515228434E16
-9.34943245733109E15
-7.873840235221309E14
-7.746713124789099E15
1.022591535239897E16
-1.377181904208755E16
-8.065582566075788E15
-7.094568678494119E15
-2.832635943043831E15
2.84751333507219E15
-4.930246402918229E15
9.647489689171566E15
-1.1308479050131896E16
-9.324987485198704E15
6.757233228093142E15
-4.0101667153794625E15
-6.41769427216375E15
1.7996880434781784E16
-3.9823842681706005E15
-5.4089202430457E14
-6.481576399212068E15
-1.5096946317542212E15
-1.4062066381000344E16
1.8830869735268098E15
-6.716131460720405E15
2.3613025569037128E16
-1.4975448228001378E15
5.329077393762392E15
1.1508373601362598E16
-9.013058129565496E15
1.1661185500040102E16
-4.793320897879088E15
-8.012303499444875E15
-5.769990021927624E15
5.981516357149875E15
-1.5932106367434276E16
1.7148592211834028E15
-1.036147361994117E16
-1.3857287102176895E15
6.810904046113059E14
9.971471346126606E15
-7.340919420127637E15
-5.448381638231742E15
9.307120754137985E14
2.7367941892022935E15
3.3653542047217965E15
1.641132955585684E16
1.2985692263299776E16
-9.161843592881222E15
-1.488741793405741E15
-2.5131988011620455E15
-1.7328508986707356E16
1.6704176522916676E16
-2.8960609406692355E15
-1.2802810994580202E16
-4.4642547218056085E15
1.3162653342016402E16
1.3423173384614082E15
-1.6019453579955556E16
1.2242454740886346E16
8.721968910913755E15
2.0127877071964532E16
2.57563179957415E15
1.3589721188651412E15
5.651277522218537E15
-6.435287409990983E15
-6.57415823403486E15
-1.899704414886701E15
6.452487173887778E15
2.407279481978732E15
1.4360869413797925E15
-1.083752446139274E16
-8.993462045714172E15
-6.502766901662827E15
-1.1392238950758918E15
-8.599355102017766E15
-1.0809036710770151E15
1.8947048760224736E16
9.181861928384954E15
-5.691862516046541E15
-8.797744396669524E15
9.83475448859652E15
-6.300312210698431E14
-9.53164211927247E14
4.821725268034843E15
3.093963001510553E15
-9.61128217553E14
1.0124845470572582E16
-6.022132277787527E15
6.466537138821974E15
1.2903071550512448E15
-3.203582469325443E15
-1.1253185081552814E15
1.4571519445326355E15
-2.4130585311876806E14
-8.74759385956192E15
-6.664928402329715E15
3.00958226967574E15
-9.459409665978724E15
-5.185548696985317E15
1.3752863927509636E16
7.197319104923953E15
3.863181826598493E15
1.0683246300170594E16
-5.620583900440504E14
-7.94798086185648E15
6.731695682385888E15
1.5346192838602622E15
-1.500516410644068E16
-8.83402048634147E15
-4.580606997525937E15
1.0622552384730952E16
7.874398246516917E15
8.296757547076435E15
-2.5721747955485685E15
9.548809614390981E14
-1.8617532006622628E16
4.0372077069809495E15
1.3417159302857372E15
2.717887318454637E15
1.2618189556660772E15
4.685819161076911E14
-2.1929781554058632E15
-3.197580897019238E15
8.395639964226629E14
2.3017937854755303E14
-1.645879880156612E15
1.7935728646496836E13
-3.5819617039677305E15
-7.459110249775397E15
3.95050147651004E15
-6.575392722641488E15
-5.764333593326658E14
2.5367335545749765E15
7.064062509411098E14
6.404228086326255E15
-3.365468273605624E15
-2.947047269170337E15
2.45879489635151E15
-1.413207084526474E16
-6.970679011318707E15
-2.329104861323971E15
3.684342807063976E15
3.1132379564103195E15
-7.234074163095496E15
2.2112188226682145E15
4.902316390151884E15
-2.9410664339095455E15
-1.0829270866146334E16
-1.7587240229091902E16
3.72247543547608E13
-7.025643230986328E15
3.020927883111086E14
2.915065787757739E15
3.329136191652793E15
3.3532101234803015E15
4.911029920798335E15
-1.2719804616266046E16
3.813611530357037E15
-6.497225089440811E15
-1.3265609312963558E16
-8.670281915727465E14
-4.06983333067307E15
-1.8336767341904092E16
-8.197074520896129E15
2.2702536848038235E15
-4.683612704286165E15
-2.6905860596602525E15
2.67981489377196E15
1.7069039956199895E12
-2.3403915136261528E14
1.9682936903022688E15
-1.2165550120539074E16
-2.4716855169586995E15
-7.132095741482784E15
4.885049997041766E15
-1.456062158307312E15
-6.039626732791314E15
-5.449038246885139E15
2.411680982824526E15
4.2550252058800606E14
1.4158548370345122E14
3.980777532982353E13
-6.9141892879382805E13
3.7636441369186755E15
2.2404000557256528E16
-9.202752894650958E15
-6.720624617802397E15
2.2915121270537995E15
-1.3116699524171825E15
3.2499983591296905E15
2.914803143380562E15
3.3504634406587405E15
6.227440128011964E15
2.7692034475100895E15
-6.67324620534015E14
-3.494268141255232E15
2.0390202375303332E16
-2.3321320108299945E15
-3.993437759165652E15
4.1683083698367505E15
1.1478190370513314E16
-1.3237210700638732E16
1.964236157128514E16
-6.057847333320689E15
1.6987043627048435E15
4.925527688896079E14
-3.6070994236538075E15
-3.74067775362485E15
2.894870012476135E15
-3.7009033726664565E15
-3.903324653622937E15
5.323094497362679E15
8.035085297620862E15
-1.144650695151717E16
4.340668897853329E15
6.379433020832171E15
1.4258511319113798E16
-5.255208091138377E14
-9.47457312896405E15
-1.0820773103677181E15
-1.9632527071023988E16
1.2585667948927286E16
1.1314659644836126E16
3.809475661684679E15
-3.9079908102793415E15
6.189159583398917E15
4.811724135026789E15
1.4869939640773684E16
-3.0192362937792495E15
-1.8673502394527628E15
-5.435083213904058E15
6.910498402791611E15
-8.599430457979328E15
-1.2420103438985982E16
3.8289390453565785E15
4.2838743169950285E15
-1.4417810504716834E14
-6.616040972446693E15
1.2288072603224785E15
-5.581766842306269E15
-1.744427965106884E15
4.483257019718944E15
1.2558281726347348E16
2.149139349407465E15
-4.1774366177108885E15
9.325501094579118E15
5.572002339572205E15
1.6041261334157598E15
-3.5448940458299425E15
3.903233566496236E14
-1.5729949595285486E16
-1.0981978348205142E16
2.935704343436239E15
2.434530587575082E14
1.1480146671885968E16
7.882016580422309E15
-3.8855935751591795E15
-4.2208318229890575E15
1.5022250219980848E16
5.929390360031911E15
-3.189714398500649E15
-2.492258468040239E15
-3.099901079310126E15
-1.125950691012263E16
4.0318940508721955E15
2.7352413894854405E15
-6.121203536837073E15
5.649524904313932E15
-5.213866313310651E15
7.203917079258374E15
-7.585465625526852E15
1.8475983717966616E16
1.465970432314619E16
1.150136315875104E16
2.348842850402098E15
-2.804366315713457E15
8.468954382221001E15
-1.2508322751001558E16
-8.416715397080367E15
5.791366364825135E15
-1.877317780792864E16
2.132771954702787E15
3.0139754627492375E15
-1.4021191399408298E16
-3.238060325140768E15
1.1717381159224483E8
