-4.758002106807172E15
4.067188901632567E15
2.0450588203360716E16
-5.738623813923058E15
-1.1215770754329926E16
-1.2576081107055005E14
-7.829108394596869E15
-9.810311777180062E15
3.1540305721430475E14
2.8078724838876504E16
-2.0904166990965328E16
1.6249035455967435E15
-4.557043356199225E15
7.375356012240316E15
1.0835763196754654E16
9.605411775199418E15
2.3583634407589005E15
-6.139559178362996E15
-4.711885965357292E15
-7.874026143986171E15
-1.2015897163971895E15
-3.4966168911384725E15
9.3588965468278E15
-5.872391879371582E15
6.275357512861634E15
-7.473278701627931E15
-5.411895282858108E15
3.463042582743925E15
-6.487362545907024E15
3.5948123730244245E15
1.611936964239579E16
-4.791843702669281E15
3.215435620679936E16
1.8984370895944892E16
2.2613721114024144E16
-1.4532669181275134E16
-1.682146333635087E16
-5.093013515719634E15
-5.123106108888035E15
1.2593799841861216E16
8.342945778028646E15
7.984968762013936E15
-4.989996652791142E15
-5.190097374309269E15
-5.078805594407377E15
-1.5991348844252915E15
3.385294582827207E15
-6.394176104079546E15
9.000181501865231E15
-1.0088304218986877E14
-6.583966450734522E15
-1.8490247931517424E16
-7.31789693063188E14
-7.575317327542424E15
-8.346867835609152E15
3.387601520840258E15
1.4200281468464408E16
1.0720191994204964E16
-3.5557209260949725E15
3.7101646280299995E15
1.9397051508010675E14
1.7100296662043812E16
-1.1343106196092764E16
3.10820877408285E15
-1.6579772798253365E15
-5.055766260373967E15
-5.222747950291091E15
5.640407982057686E15
-9.415799724302306E14
-2.404933747039017E15
6.308590729274268E15
-1.9444555170189755E15
-6.006376247777341E15
-1.9951300190425805E15
3.241449790700448E15
8.056355454140244E14
3.468004897793405E15
-5.830190961971267E15
1.599221361189917E16
-2.323811810365808E15
-3.7237148787893175E15
5.786789573413118E15
1.397575977500552E16
1.9155881828282088E15
9.041537326949354E14
-2.295161047482376E15
-9.815109938279656E15
7.314991619817674E15
-4.31096596565927E15
-7.380275018078472E15
2.9593398794779175E15
-2.441322802292331E15
3.061278665208101E15
-1.0505257339917196E16
3.98833871133698E15
7.562823278505792E15
4.2253796554158685E15
-8.142479446162867E15
7.304554850294177E15
-4.541664896452325E15
-5.3901759693056106E14
-1.5352393612411014E16
-1.289060106130534E15
1.89082682103671E15
-1.0783416713406318E16
-9.634776835454848E14
3.1732685541956195E15
2.0044466291006836E13
2.087043582128446E15
7.949533148935586E15
-1.875820164504017E15
3.4553493920504E13
-1.9060254105985145E15
2.2734125934959385E15
1.3544267202618292E16
-5.870021653834762E15
4.180301663782648E15
-3.0590926909431245E15
3.78699869796063E15
4.221256203210696E15
7.575818551572364E15
-7.698321416259324E15
2.0808533530005634E14
1.7916718675214348E15
1.256338559137639E16
-1.2249714363212044E16
1.4550347281536652E15
1.1976017557325272E15
6.897080314979617E15
7.473022812892078E14
-3.335828666869805E14
-1.7846609819501896E16
5.777280698449575E14
-2.502145031544824E15
-9.6625873080996E15
-4.2153751150464045E15
2.530895795258611E15
1.984694267199332E14
1.3799768345708182E15
4.177956998689637E15
5.4373582798300706E14
-1.2749293535987348E15
6.986475712596648E15
-2.5105881748480395E15
1.9752807952516864E16
-6.494202449221598E14
2.446818850218186E15
-5.565130923113483E15
-5.32111395064078E15
-2.5045402686028875E15
7.828787972399568E15
-8.51291042043816E15
-1.0034061941320836E16
3.269055454263648E15
8.680043770038625E15
-1.1909795101176815E15
1.603324222625381E15
-4.947470445353285E15
-2.537330995698536E15
3.926638741273922E15
6.67125809914063E14
-1.1676461308203225E15
-3.255011339054713E15
-1.2985271688807996E16
-1.278774126479996E15
3.098572476131414E15
-4.4189702079093065E15
-2.9005672245950025E15
4.1661146388855965E15
1.7320254130169256E16
-3.2360473976438175E15
4.1718779901440215E15
-1.4341416905775945E15
2.508700923692599E15
1.9990349489732078E15
-4.1942939806153825E14
3.010780820719359E15
2.0030412992482608E15
2.2512476671776495E15
-4.229849641244874E15
-2.0853966954347145E15
7.414679731109433E15
2.502132401782876E15
5.284267814069368E15
-4.880480049821153E15
-4.930678913662293E13
6.967302521351145E15
2.6576880349970055E15
-3.4977769679568605E15
1.0008170682538489E15
-3.731910361324604E15
-1.8783340046708385E15
9.199814225315576E15
-8.824134516788091E15
-7.32538297920079E15
-2.829880632654115E15
2.4565987542632675E15
1.2996502113229578E15
-1.3225748401141808E15
1.5479148343148103E14
3.255025019576442E15
6.530688955686852E15
-8.780181959573739E15
-8.117712024202874E15
2.8717534451538655E15
4.430446316243011E15
-1.2434921114603395E15
-7.799715499850895E15
3.5014387598420585E15
-5.14489789742957E14
1.1318119399619152E16
1.4956571790722762E15
3.2880312856521435E15
9.855815295623556E15
-6.733777140783939E15
5.2485277713253E15
-4.342355094709889E15
6.274638453439084E15
-1.6751458042824465E15
5.81993181524632E15
4.669946019250478E15
-6.425672584995668E15
6.975824770131357E15
1.1792501272926354E16
5.288787003577812E15
-2.3550805097026995E15
-1.6661382860749855E15
-7.970107167689269E13
-5.346878165755917E14
-4.72942212546641E15
-1.4083118609940878E16
-4.364448847646478E15
-3.7950966600009565E15
2.2489749419072128E15
-9.118204569898412E15
-9.220875545153278E15
7.753629212112131E15
2.167656104295448E15
7.559160200321568E14
5.573609787539075E15
5.744845551640019E15
3.820413348696821E15
3.0677317157081395E15
6.900375546212595E15
1.6298476186311645E15
-3.631064527370088E14
2.727618130324413E15
1.7666681920809182E15
5.157192437072939E14
-7.746880536624749E14
-2.5507720051621705E15
4.336716762288004E15
-2.622533949419335E15
-1.0878654199172466E16
-2.848537335913568E15
1.4026508510118075E15
-7.647205480412438E14
-8.420541283076582E14
4.1740333023326775E15
2.93728682314024E15
5.303851681001802E15
1.647026787329833E16
4.2613738721562775E15
7.178302004262374E15
-1.1824971644906014E16
-1.9574742634572748E16
-4.410505778459802E15
1.6569615231599672E15
6.472386530017639E14
-1.827860170190152E14
-4.670064654539108E15
-3.6393456020077045E15
-1.0210403027338338E16
-1.4095342498297902E15
3.7623804985066565E15
1.2095689896965852E15
3.666425170465703E14
9.152314806036742E15
5.907453830287799E15
-5.08196562065468E15
-8.11949190555419E15
2.4337452878239885E15
-4.593557615600201E15
-8.571335508697863E15
-9.064433259644036E14
1.6100172282869565E15
-1.1170346454551508E16
6.355117337669318E15
-3.410861819284673E15
-2.2206110962075762E15
-8.490601462186571E14
-1.4875084957932625E15
-4.005808841456414E15
-1.3105414134597328E15
4.5830024247411825E14
4.4542665887427315E15
5.159332811655858E13
-4.918383475163082E15
5.587533384150747E15
-1.4166737397980128E15
-3.5778526679126225E15
-5.67585002476797E15
-2.2776699660547175E15
2.6929026320038335E15
1.3921177671279153E14
1.9475010803504508E15
9.013123667120421E14
4.104910110815119E15
-5.653225721540973E15
2.6874713316634455E15
7.233322772007964E15
-6.421467677727491E15
1.5829718134122362E15
1.0486874118426971E15
-5.019761704798478E15
1.9944353737292225E15
-6.324655915711867E15
2.994848718525639E14
-4.961448060766147E15
-9.935129314076804E14
4.3124985272214825E15
-4.3550416784392106E14
5.465624238382827E15
3.791429822353161E14
5.3606876304243806E14
-6.831722157363332E14
-6.703020869368667E15
2.863730907844332E15
3.267318778676101E15
-3.225873563305789E15
1.287986615924281E15
7.97103618034697E14
-4.1359486682266705E15
6.587350817995529E14
-1.192401132128255E15
9.075699202141195E13
-4.302166648949033E15
7.148374490451318E14
-1.1912375150483982E15
-1.642321937338454E15
-3.8544270727522505E12
-4.536345427603802E15
4.646952316704836E15
5.482832645097396E15
-2.0868459514153738E15
-2.58397750840485E15
5.197657241572981E15
-2.827112766438802E15
-8.578931839277338E15
6.294393597381004E15
1.8441910056598203E14
9.886427210321176E14
-3.752115070634686E15
-3.7033816712857065E15
3.6910062103185325E15
-1.9778906960309738E15
1.8106664564305965E15
-3.4068378808412725E15
-1.5229062265209758E15
3.818726916146595E14
2.1137241103581878E15
9.101449518240305E14
-6.111021675863393E15
-1.7526555497221612E15
1.1306298802013622E15
-2.9782433083573905E15
-5.156810966130098E15
5.703990387277287E15
-8.80457102419974E15
1.4154565729677828E15
2.1286599028965512E15
5.3602422478771E14
-5.147292161442389E15
-1.3144155858955265E15
2.756877555210696E15
-1.1206091667376116E15
-3.22537908737191E15
-1.547981694468308E14
-1.0546858749511771E15
3.759800051699831E13
-2.423873632770114E15
-4.2110569597887215E15
2.9159524877678315E15
-2.330266756446163E14
-6.799484143860383E15
-2.389997854157689E15
1.4043007686449862E15
3.600256562922983E15
1.9529494095311318E15
1.583005479289353E14
1.4811756447801242E15
-4.1116394042636865E15
-6.005425707138142E15
4.368963923751896E15
7.906881879101882E15
-4.857845590887546E15
1.8176690794497318E15
-3.7788943766485945E15
-1.804710058715292E15
-3.009631606048716E15
3.985846973216662E15
-1.5205617388225722E15
-9.405989783741146E14
-7.052817247052648E14
1.0207674050059214E15
-1.3327015006753678E14
-2.0153671274627182E15
2.8885988658054306E14
-4.911651582285481E15
1.4604770571220805E15
-2.3933629620702845E15
2.466743076628277E15
1.7654983954725685E15
4.67312663780323E15
-2.6295695023225445E15
-2.3065637669956375E14
-3.3974425432451405E15
5.669919806289525E15
-4.3758692186742935E15
-6.054256325981994E15
5.164619936545845E15
1.2438042015593402E15
-3.1797443789108095E15
6.052086619546381E14
3.0634121604714065E15
-1.2716255684995308E15
-6.174262723970078E14
-4.1193029624338295E15
-1.8614939489522728E15
1.9231667866782028E14
-7.745155026108764E14
6.903470586903455E15
-3.5827187443966635E15
-8.719221044800019E15
-3.5657099031486855E15
8.504653021453921E12
-8.448275702361272E14
-5.189750848522726E15
-4.879892644031076E15
-2.5897534893667335E15
6.954236898100845E14
3.3695065875990765E15
2.103579738233019E15
5.606965110746471E15
-4.346779078402803E15
2.2017138188534118E15
2.70027148805904E15
-8.618548955266513E15
2.725429740647839E15
8.353506753801462E14
-6.162957402464314E15
-4.427039036397668E15
3.0882133208333215E15
3.5291755626568975E15
1.3331117153078675E15
-2.1815785246698735E15
-1.6964187957037497E14
-3.204894602367582E15
8.556955898067687E15
2.949226938069185E15
5.771247198638985E15
1.140617777188985E15
1.3218795223082145E15
5.183654367945178E15
-1.0459494812308744E16
-6.305167951496461E15
-2.903043804795646E15
-7.525941822287535E15
3.9954656973300295E15
-9.996444093073511E14
-1.4382478933318208E15
6.717987938491026E14
-6.849304351653976E15
3.353618306457442E14
-3.057066101731891E15
3.762844885859267E15
3.225597166921462E15
2.4635353417771655E15
-4.2674593141960685E15
3.0769336460405915E15
3.853665266966289E13
1.553161650506464E14
-8.318802271070702E13
1.225545460971518E14
7.797571315163831E13
1.0655963964797652E14
1.5018137611352803E14
2.9936064056147047E13
-4.005746847997545E13
3.0709139167560062E13
-3.698430678663766E14
-5.639718428928464E13
-2.728924794240239E14
2.4201475920878388E14
-8.402219426873295E13
-3.144850465840566E13
-2.0122040526712785E13
9.807508690365838E12
8.33833044618159E10
5.3711242994099586E13
4.13101248490234E13
-1.0809544893906332E13
-2.1038698556064617E13
-5.662382695748729E13
3.367806137513155E13
4.602922626629999E13
-1.195187855778702E13
-1.0759155966245377E13
-3.1469897932167484E13
-3.6325521592269945E13
-2.4243929817715503E14
-3.4751981909565915E15
1.1737667415243019E14
-1.5971064238088742E15
-3.761123313693517E15
5.190192865116696E15
5.370743824468258E15
-2.231952378883531E15
-2.0425512049178748E15
5.183414736211161E15
-2.4492070970077872E14
3.533800486886047E15
6.488449567648796E14
-1.2876996371534195E15
-9.744202832062856E14
-2.7099601283000806E14
2.2427060464594338E15
1.6283105462869965E15
5.688966331853522E15
-4.945695615680545E15
-5.920526387134269E15
-6.63462081140121E15
-5.651878199094724E15
1.9253549991578195E15
7.028607117391118E14
6.453771317427572E15
-1.9503488713330208E15
-2.403591742254701E15
2.076139250463476E15
1.0433663035305464E15
-2.8763282535346765E15
4.0351195257566395E15
1.019432342377418E15
1.98770762277669E14
-2.544310791906542E15
7.488203250672449E14
5.84991050341765E14
2.98578100646037E15
2.961073620613185E15
1.285417691094743E15
-3.042965901045797E12
-1.8045929701915192E15
-1.3082284200025145E15
-4.63905998877704E15
-7.078286169342322E15
6.320556333448623E12
-5.138023828332448E15
-5.671386379634221E14
2.0489635752334882E15
4.330891478944634E15
1.1218314791194942E15
5.4666622914806325E14
3.2989939266441785E15
-8.492128749717734E15
3.615291834454182E15
2.691865654710906E15
5.041938545865571E14
-3.605631067581234E15
-3.245337180889398E15
-7.656646366619029E14
-4.534537628795416E15
-1.1015821274883998E15
-6.211411591372113E15
-1.939957644732455E15
5.605152978973828E15
4.506753581801177E15
1.444613310261353E15
4.651062435526917E15
2.2221954236812022E15
1.2264740932469475E15
-1.2847656366005102E15
2.9007354696473095E15
-3.915536316900295E15
9.934908209896402E14
3.946115078457616E15
-3.314493797983959E15
5.24098080940019E15
1.9782265218930362E14
-5.231671576463383E15
-4.138444285529451E15
-4.567103694937371E15
-8.331003643667356E14
5.849586556012099E15
-1.742565701172332E15
-2.1976742077389325E14
-7.900164623839366E13
9.363091065006876E15
4.2487066363637445E15
-7.311099175572881E15
3.149472174178009E15
-4.953871717957061E15
-4.332048720082848E14
-7.585510061450006E15
3.7173439214260975E14
1.7003131237599702E15
1.6991941881257225E15
-4.028809105631578E15
-3.7645002801362195E15
-2.693314607984134E15
-2.2142222175059742E15
-3.974212955947804E15
3.357433231987612E15
-3.9226758559873305E15
5.1759402096858305E13
3.679378348239867E15
4.724212657804955E15
-1.1075223592932966E15
2.101022999389305E14
1.0552456594060882E15
-5.336819233049666E14
8.26859798415843E15
2.3803238094446975E15
7.608984375252245E15
5.381025626411692E14
-9.926700693916711E14
-2.1878930408762772E15
1.1204558440866425E15
9.428802381457605E14
3.471542669928307E15
-2.096168937213136E15
-2.8586881569973075E15
-4.970923592295204E15
-1.1125496945984386E15
2.5727890420250115E15
7.665661890385234E15
-3.512974993163762E14
3.988245093793458E15
1.4319955184037458E15
-9.879635335791816E14
-1.4929107621904005E15
6.225675536208621E14
2.8817390208760515E15
5.346006258700812E15
-4.365107818741893E15
-3.21362176914847E14
-4.79073191137142E15
-1.3185803863109702E15
-3.982552326963758E14
-1.0431747199430325E15
-4.629239447010952E15
-5.004018562753931E15
8.987180348030968E14
9.699678786081926E14
7.179830222619632E14
2.7669394573946575E15
1.3122637283691098E15
1.3105250338362615E15
4.455556561699435E15
6.968974710008181E14
2.253467327493934E15
4.9405293591902445E13
-3.436811256786493E15
1.8406867267006455E15
-5.150313183693714E15
2.5972191701453445E15
-4.3217812380199025E15
-5.161898029964698E15
4.964691022153224E15
4.827558089598525E15
-1.5501746902164298E15
-6.527136796851231E15
3.1054307697318455E15
-2.0410676264367515E15
-2.577803006895634E15
-4.108704309639505E15
3.7901669566076845E15
3.905412025092003E14
3.173586059268427E15
-4.170732823756276E15
5.745059717035493E15
3.283746226139728E15
2.964514847416735E15
1.3246143925987918E15
-1.095970786854552E15
2.1151008563479982E15
-4.0552726134117375E15
4.650074743796079E15
3.779559569472454E15
-2.6692971322158085E15
1.6188209528770938E15
2.5643920777660805E15
-7.507715074376696E15
1.6024475763145938E15
1.6372689573319916E14
2.6356270832438135E15
6.4072433403975E14
5.705230478618239E15
-7.192576574439691E14
2.7569844797520675E15
-9.672739584596766E15
5.987899538793042E14
-2.2342014777020448E15
-4.819160353248469E15
3.6739720564648545E15
-4.824616997506438E15
1.9423515255579788E15
3.211720210196739E15
2.627728833087144E15
-2.6048745689023885E15
6.563154670658926E15
-6.757370821279049E14
4.2901529340425415E15
5.299551432100115E14
-2.3140858997698816E14
-4.10792094905327E15
3.0569146451190285E15
2.294697598294583E15
-5.67954414523449E14
-1.1336660191562792E15
-1.4675606299239482E15
-6.838296967135662E15
-5.439178491167489E15
3.7154253895379945E15
6.22916992329913E14
1.024749808039646E15
7.100722467828172E15
-6.906448835383401E15
1.0669287421841241E15
5.442734555528177E15
1.7698833970168025E15
-5.354552957897644E15
-6.840730891695748E14
6.59590086993836E15
-5.114767079169479E15
-3.5015773462787505E15
-8.456876672408817E15
-1.1708997677167088E15
-6.953149598564469E14
-2.258340396470765E15
2.6040626645224365E15
2.73897373046737E15
9.52411981935579E14
-2.7514149167258585E15
-9.12283322801669E14
-6.099644934896776E14
4.4183332173802525E15
3.697101048694167E15
2.676284951587013E15
5.476768356364037E14
3.591421811317793E15
5.482788938122347E14
-7.708477810720135E15
-3.788552101499853E15
2.2457411029099975E15
3.624589976200802E15
-4.111861347032639E15
5.2845051573984106E14
1.5668829340633447E14
-1.9952497002894138E15
-1.198714211790149E15
3.2744645787035944E14
-4.2861193195844605E15
2.507338878422435E15
-2.6856382710011405E15
-5.333086302829821E14
1.270122171434003E15
5.626230246203891E14
-5.038760162964632E14
9.911416115324475E13
3.5772904117237235E15
2.7006573312751965E15
-1.246433094042785E15
3.868155708321989E15
2.1095287184462925E15
-5.677492130089551E15
-2.8540975204016465E15
-1.3877126206027735E15
-4.473161705037266E15
2.1628554326722062E14
3.291768172384621E15
-2.8487314907873385E15
-6.662667984778652E14
6.33864385097394E15
3.5437884485327495E15
1.9463344324384688E15
-4.4245417954854645E15
-3.2440639713023155E15
-3.223934655594273E15
1.207352289644613E15
-2.9331528667123706E14
7.648375396492798E15
-1.5103355984124888E15
-4.844934953855814E14
-1.002796984786738E15
-4.714342080948155E14
-1.6215605166389728E14
8.763049453679939E14
1.4026851401448298E15
-3.2740379686016156E14
-9.014855147816872E13
6.023148712410249E14
2.0385761467945435E12
1.2833010042811745E15
3.0517712141602545E15
-1.6667431878802308E15
2.757439958106396E15
1.8355420105046384E14
-1.0349338345453772E15
-4.2859783471994956E14
-2.757880665531025E15
1.3740434532189032E15
1.1755075447657545E15
-9.386821430153636E14
5.950436023970004E15
3.03589601689683E15
9.547137310988259E14
-1.608660864375017E15
-1.375554808904236E15
3.1121255793330135E15
-8.326756567404226E14
-2.0531213901540915E15
1.1101672660430444E15
4.356137821491082E15
7.337351388718545E15
6.3278115464018805E13
3.120913048875954E15
-2.0514214950940128E14
-1.120060451246787E15
-1.4684627867051222E15
-1.468084720186461E15
-2.0065204083417902E15
5.374675169791876E15
-1.693609378353723E15
2.6924877165914935E15
5.42075375190322E15
2.7070362790475572E14
1.860234287832928E15
7.529814243270216E15
3.257982675038799E15
-8.433534714919539E14
1.958782830558073E15
1.1945964583393868E15
-1.1338397526762205E15
-7.444151316948368E11
1.0375692420498306E14
-6.878244519224688E14
5.013599366058093E15
1.0660151074208956E15
2.931511314021269E15
-2.1327312345690045E15
4.6296988936407406E14
2.544832128079258E15
2.1080460974994465E15
-9.613882810488425E14
2.778301087334507E13
-5.7256014036678914E13
-9.033589025489318E12
1.908082199475086E14
-1.6350429677593025E15
-9.270580131976778E15
3.761709418402432E15
2.693477791057184E15
-1.0474591914141678E15
4.286036051213907E14
-1.3218588201835062E15
-1.2467524535430098E15
-1.4851221236602572E15
-2.552062693786974E15
-1.0619615860231294E15
2.835140167898773E14
1.635853964468112E15
-8.367942604646301E15
7.750143349660076E14
1.718164506362971E15
-1.7777546647596055E15
-4.775739901337E15
5.438486679224632E15
-8.045794595079481E15
2.522513904668997E15
-7.621245267577252E14
-3.0452635643859494E14
1.5548842653223452E15
1.529431088166582E15
-1.1911216716845658E15
1.7414501529778928E15
1.3396731359685078E15
-2.195900894521123E15
-3.194256867614183E15
4.615751147479671E15
-1.8843121849349562E15
-2.617832473933603E15
-5.960876230168009E15
2.7324072250459553E14
3.8054429246696505E15
4.424800448235267E14
8.174380635513131E15
-5.293235070152259E15
-4.976883451292682E15
-1.4510478701783305E15
1.5873629040277862E15
-2.481697175800783E15
-1.9189153661240048E15
-6.075148070298539E15
1.2818983166061478E15
8.675576994583824E14
2.0225933430757605E15
-2.81613475616923E15
3.57638234934168E15
5.062909287128985E15
-1.5137461204588772E15
-1.8631948024886658E15
5.440473381832451E13
2.6636414273767345E15
-5.533279103969313E14
2.4361132244058935E15
7.19894231382681E14
-1.859716826057654E15
-5.342500538596981E15
-8.787722066777398E14
1.8141643353845878E15
-3.791704970637224E15
-2.363154932633256E15
-5.192816807356909E14
1.487088444162806E15
-2.6759962506543338E14
6.484883601015457E15
4.576604241456235E15
-1.1400902640768798E15
-1.808687193471596E14
-4.758866097825135E15
-3.1772302694677315E15
1.7448860405389352E15
1.7244282048300188E15
-6.054004917587421E15
-2.2624066126654425E15
1.148172564208796E15
1.127746957927128E15
1.3623296021257822E15
4.66018208560242E15
-1.7351295318324725E15
-1.1113663452685441E15
2.579495478313215E15
-2.2213746618870498E15
2.19451527954533E15
-2.9886688024567115E15
3.1376007598614165E15
-7.601187738184011E15
-5.940782168657871E15
-4.816491543292396E15
-9.222583331866082E14
1.0876375981568289E15
-3.555496892142149E15
5.246107572359931E15
3.4654767427356755E15
-2.2385377560623258E15
7.673304985929951E15
-9.285050183013479E14
-1.3790355174020255E15
5.872131117615315E15
1.4443898424841132E15
-4.7891443715161376E7
