-3.087459592459773E15
2.6610086447924935E15
1.418349100561924E16
-4.429558382727573E15
-7.850928013941434E15
-2.710597901526678E14
-4.856540966530508E15
-5.611947525072094E15
2.4899679508986972E14
1.8101919901017944E16
-1.3619010275688138E16
9.933573580787595E14
-2.8278191352597695E15
4.66184900293639E15
6.828673184060575E15
6.268519662311346E15
1.4291162899974935E15
-3.991696298110149E15
-2.7436919978505575E15
-5.390594154947375E15
-3.902080824159625E14
-2.382918092041883E15
5.649188743160662E15
-4.1384613158944005E15
4.4264970803327545E15
-3.5834137193559335E15
-2.989537432705364E15
2.429802336614522E15
-4.1167449172740725E15
1.3637883605473052E15
-1.0561858441550408E16
3.7236969875581955E15
-2.0008688389449764E16
-1.1979117133534646E16
-1.3622756672030968E16
9.916970743547114E15
1.0835076721028946E16
3.412412609639026E15
3.949374811614869E15
-7.865982495766829E15
-4.084248250434576E15
-5.52843203980231E15
2.540740610964134E15
2.868709412212683E15
3.2106262108399505E15
6.673864733615621E14
-2.294364057509051E15
3.572685253909364E15
-5.849963047826157E15
8.349580136018894E13
4.0694429585588125E15
1.2054058794993028E16
1.3003288288996815E15
5.576268467545712E15
4.516851827344296E15
-2.250014655719692E15
-9.786454574874408E15
-7.225211623837936E15
2.5847586549894105E15
-2.2374390572296898E15
2.1308329045207695E13
-1.091699768944868E16
7.213006280674647E15
-9.461955733445258E14
1.458474222619179E15
3.166664026775704E15
3.2762355046625835E15
-4.1560016159371395E15
5.924126308031596E14
1.3484753142061868E15
-4.2477532531665595E15
1.457525736210338E15
4.123337316470728E15
1.2388485100253222E15
-2.0967660407018575E15
-5.113227072354522E14
-2.521027834622518E15
3.3574567089251975E15
-1.054956394838483E16
9.214938612536228E14
2.26692527215873E15
-4.261132645901007E15
-8.843626595371338E15
-1.0460281725371291E15
-7.569170797577699E14
1.536652282293358E15
6.18363072939417E15
-4.801242525244519E15
3.1957304301753005E15
5.074228154051044E15
-1.7758112359115482E15
1.3974914083717818E15
-2.151626725760159E15
7.107351917792954E15
-2.989649103563441E15
-4.1152657282699285E15
-2.701389564360869E15
5.238838786206974E15
-4.437764592228549E15
2.840646824212697E15
2.512673271012346E14
1.0398878352919692E16
1.0258304113023765E15
-9.453648693916171E14
7.042695490164095E15
1.8897681435347616E14
-1.9413901239194718E15
-5.690476041610106E14
-1.379511191932151E15
-5.31299133506798E15
1.3824132651584148E15
-4.743353233105227E14
1.3043523652327355E15
-1.449056195570567E15
-9.231047638396464E15
3.574424421518119E15
-2.5697171856340665E15
2.276536414253668E15
-2.457119466232779E15
-2.739153798718001E15
-4.589432163693897E15
4.4413520846264385E15
-7.652569711401198E13
-8.580392542405098E14
-8.219825999539073E15
8.071775494168565E15
-7.641219216701915E14
-3.205831924685677E14
-4.240609586507882E15
-3.392500318007703E14
1.3003886868246055E14
1.1318311200474318E16
-5.080886145974654E14
1.9664995246144328E15
5.91634942324388E15
2.756463931647428E15
-1.7737141621995485E15
-1.4302538952215362E14
-9.449526733393391E14
-2.64253767991915E15
-4.3524534723664944E14
7.782465262627256E14
-4.483882156038327E15
1.3967523426155488E15
-1.292269205551424E16
6.813122360315666E14
-1.6021498729918565E15
3.565919307063287E15
3.485388331692129E15
1.134001597664518E15
-4.989528218932841E15
5.298457029167877E15
6.420263394544336E15
-1.9884256232400428E15
-5.671368075950908E15
5.593500285514454E14
-1.0893885755811251E15
3.331506105192586E15
1.566233030718817E15
-2.938524999343983E15
-5.267217452461495E14
7.496740641574516E14
2.1141139725514922E15
8.122565595346858E15
1.1246324065753486E15
-1.9762125792279818E15
2.7852614420505485E15
1.8843206227115532E15
-2.5038509524750935E15
-1.1044520641254252E16
2.351058432138097E15
-2.631741709281836E15
1.1299231367011212E15
-1.4751515700395335E15
-1.1898381920098685E15
1.745137827029161E14
-1.9406854406108872E15
-1.752202348573329E15
-1.4378504577112775E15
2.616726749798032E15
1.6380521134760648E15
-5.076947368004991E15
-1.6837335302491682E15
-3.3917935973054605E15
3.419105432052239E15
2.7523825865831344E14
-4.669645646220783E15
-2.1035501621022568E15
2.1258225686877295E15
-8.219764141141319E14
2.375321774839229E15
1.817251187499964E15
-6.014602576146845E15
5.277808137334949E15
4.742151013986524E15
1.7841609093548858E15
-1.8362500763458772E15
-9.403751305901541E14
7.61523645713706E14
-2.8006366558660822E14
-2.1755358868798128E15
-4.2934116312003745E15
5.76921159369085E15
5.74725952002132E15
-1.5968861805098432E15
-2.676040957017165E15
1.251654099102043E15
5.17629965175535E15
-2.449424699005579E15
-3.864302081129271E13
-7.381491273195922E15
-8.572980267725452E14
-1.617564385143169E15
-6.364377900568064E15
4.385867765928246E15
-3.282364775369773E15
2.571099484154411E15
-3.8876558472136085E15
1.0189062555098859E15
-3.6893448922427605E15
-3.180781716978201E15
4.3482220440393985E15
-4.306066672991362E15
-7.823087680924603E15
-3.2989223871267705E15
1.9016164223967655E15
1.2837851492322552E15
2.611894741468112E14
2.5266182434537184E13
2.832606127042716E15
9.211901741760568E15
3.0093354602598695E15
1.8446248668870612E15
-1.3597584341365748E15
5.794092377716999E15
5.7220695187052E15
-4.992405931945419E15
-1.3108091668977468E15
-5.044574973275378E14
-3.58441935584372E15
-3.6595535920840655E15
-2.1474530284322732E15
-2.5407488324220455E15
-4.868341912094335E15
-9.444913717614292E14
5.579519641903106E14
-1.6906559253823172E15
-1.1871863558881162E15
-3.835626634799735E14
4.649079348543635E14
1.4874120978961062E15
-3.071581497733547E15
2.1284765201339352E15
6.96744792487372E15
1.7534532918913502E15
-9.055929639195966E14
7.786946550404108E14
5.4964006994891944E14
-2.9276162452428485E15
-1.979367106672525E15
-3.5098887949316765E15
-1.107629087144517E16
-3.0974062537338045E15
-4.615177666284221E15
7.818450427198483E15
1.2829531270969948E16
2.7567888044977325E15
-9.769849850343791E14
5.075580671681907E13
-3.529177338511088E14
2.924918006423545E15
1.9908156834686362E15
6.942575575989148E15
8.089068814167844E14
-2.408574535804787E15
-7.780968444596386E14
-4.874197006957083E14
-5.941408006597449E15
-3.537842688037789E15
3.2836663496655535E15
4.889150335026614E15
-1.2512465264664038E15
2.5673931193942195E15
5.711949198590611E15
6.447195121383624E14
-1.409524258453467E15
7.2762848600757E15
-4.2309686696139925E15
2.057295392693938E15
1.6693468425535412E15
4.651348662933262E14
9.948571516982472E14
2.266774811565987E15
9.314144233652558E14
-6.2518598927554664E13
-3.0425933888003815E15
-2.291133343872865E14
3.16589705076224E15
-3.4698122942021395E15
6.695618015638091E14
2.537909292408366E15
3.715696386607241E15
1.2009640683174562E15
-1.1215980220411579E15
1.262153213515703E14
-1.0580511322269784E15
-5.724026491734802E14
-2.784361142591161E15
4.025545596348042E15
-2.306549972814681E15
-4.2533872805065435E15
3.978212663015053E15
-8.575755984817319E14
-3.7338107012954544E14
3.340194515194112E15
-1.1426041494649902E15
4.166403007319932E15
-4.789812082525502E13
3.0155608860409545E15
5.110536747160954E14
-2.8011731866903695E15
2.006492169808479E14
-3.5640279202831215E15
-3.089297007591061E14
-9.423918410680261E13
5.0099731923506475E14
4.530071477983291E15
-1.710104850204787E15
-2.034702175638714E15
1.9275233881428845E15
-7.538821607407599E14
-5.894133468488456E14
2.844730503276051E15
-5.171770376133923E14
6.121114484125616E14
-1.443089540040011E14
2.783471113497385E15
-4.8287523453314675E14
9.605451929822775E14
1.4504813018576958E15
1.0240681916853334E11
3.001307334645273E15
-2.811773441129152E15
-3.446765900803261E15
1.454000019770924E15
1.8363727774187085E15
-3.606032198929631E15
1.574042839612734E15
5.62249490289385E15
-4.399860977734131E15
-1.327817302978301E13
-1.0594772376122788E15
2.8821660232503645E15
2.3116383573571995E15
-2.349785948989983E15
1.30493593865885E15
-1.0849671480228898E15
1.9457044687201555E15
1.0090163706074945E15
-4.0553693781416256E14
-1.3849169928353685E15
-4.8096446225087925E14
3.983253726452168E15
9.762694988024525E14
-6.371359490294214E14
1.9000254397438988E15
3.14782866769796E15
-3.662320868826173E15
5.615214331844727E15
-8.758907063455389E14
-1.7150009183614512E15
-3.584109630751593E14
3.055412204015608E15
9.736178727877554E14
-1.742590475447388E15
7.062279103557991E14
2.0954393139673455E15
6.57222592480682E13
5.432411924451515E14
1.7211104557867916E14
1.5855259406042762E15
2.6229143753562035E15
-1.9681823654308118E15
2.493625721478121E14
4.295808184299708E15
1.5913015809386485E15
-1.155808662983136E15
-2.2931765027045845E15
-1.2088616129348005E15
4.330368942267931E13
-9.317002637389744E14
2.7899729778245885E15
3.866521257486434E15
-2.89510798585849E15
-4.933642218690267E15
2.9105774244516965E15
-1.2552281377215172E15
2.1197813416459425E15
1.0291913619827241E15
1.8815866448788005E15
-2.5782295188053815E15
8.73173553887604E14
6.434365671241221E14
6.83167048706663E14
-7.529794859327912E14
-2.3264060485291344E14
1.2805749138810852E15
2.3662754518270453E14
3.027280765073749E15
-5.264851444473242E14
1.3957460653725582E15
-1.885448349605063E15
-1.0266565388159819E15
-3.0497501533675275E15
1.5814348850020518E15
-3.724167117818554E13
2.4829292984861345E15
-3.375302254033747E15
2.741541095522075E15
3.6675623957296215E15
-3.4414605979170535E15
-8.504153845879604E14
2.0648227478976245E15
-1.2404984658583605E14
-1.8284261167770862E15
5.712880102157684E14
3.5443030800994375E14
2.5649507132561405E15
1.0286422978831281E15
3.4844637064219508E13
5.579261058368846E14
-4.3287073542474125E15
2.7849197458858585E15
5.637590039091974E15
2.1159088989097632E15
-8.09181657321526E13
7.375938300137901E14
3.1915325759461035E15
3.2866290137758125E15
1.507234835786053E15
-4.1396356174772E13
-2.3023536076663085E15
-1.5804396130404758E15
-3.872108776952283E15
2.913104464657635E15
-1.5672882442897818E15
-1.7348037438091918E15
5.690585565566351E15
-2.025193079988378E15
-8.414238877652535E14
4.2923961326341705E15
2.758585681579937E15
-2.110519169848902E15
-2.075760090423605E15
-9.582013735135748E14
1.473055954223071E15
9.739359956425973E13
2.1989201657667898E15
-5.569610217675177E15
-1.8430616810336968E15
-3.7629380482932945E15
-6.217316460502779E14
-6.511107239742588E14
-3.198581484121667E15
7.026325938382498E15
3.968293400402029E15
1.8843233403365972E15
4.648114801931621E15
-2.8552533912913095E15
7.003428163580026E14
9.664087515650648E14
-4.343489024552335E14
4.632577856414465E15
-3.8214949742035844E14
1.7793745625252755E15
-2.427036296222397E15
-1.942716316051009E15
-1.6992651335290242E15
2.8357516771281525E15
-2.218976763572348E15
-1.7483056048020422E13
-1.0369437971436828E14
4.878112592689304E13
-9.094940688777094E13
-5.362950127440093E13
-7.048891497960353E13
-9.915185338755727E13
-1.5494258930446709E13
2.7867605707577598E13
-1.8341490174707E13
2.4340368505083734E14
3.3216338570423473E13
1.9348991164509097E14
-1.5869582194093928E14
5.194990157604255E13
2.3605501119831473E13
1.48689990331885E13
-7.939555069184925E12
-4.458171886068634E10
-3.472520513172475E13
-2.707157455934964E13
6.640974967777088E12
1.4085715079090121E13
3.561424148580949E13
-1.5521850452536861E13
-2.767264214709832E13
6.779486384531803E12
6.668060151107837E12
2.402187265062603E13
9.249098283428654E12
1.56165438190574E14
2.2056776672757228E15
-7.778593868185145E13
1.0038351976697752E15
2.333280067212235E15
-3.494593398258996E15
-3.5883111253268075E15
1.5029863789747492E15
1.425122795737277E15
-3.208122378612393E15
5.778905244210664E13
-2.396185051983512E15
-3.137568736336603E14
7.119796705055776E14
4.6132916021296025E14
2.4435609329138E14
-1.3664191968931228E15
-6.729043227497888E14
-3.6395913159795615E15
3.209166685958576E15
3.7152223448223395E15
4.4264845095743425E15
3.464952811666891E15
-1.1219415613877235E15
-7.322415900303508E14
-4.092298687378354E15
1.2813579214739092E15
1.6661084387239225E15
-1.2801018598795435E15
-6.5305768229264E14
2.0145541266366448E15
-2.5879319670837625E15
-5.640359929148091E14
-3.344251733619956E14
1.739826907528941E15
-2.9230949453744544E14
-4.879013015220597E13
-2.014159475971459E15
-1.913072238154783E15
-6.945220669082536E14
1.545695601637419E14
1.0288468091636636E15
7.307004412405074E14
3.0028213236060585E15
4.2440716260672845E15
-1.2346439531089855E14
3.5531709590564925E15
3.43729108862908E14
-1.370111418141175E15
-3.0268789522895085E15
-8.241732888562949E14
-4.1803903263794806E14
-2.2062545985098105E15
5.356543485947891E15
-2.226549229006105E15
-1.8072067412730972E15
-1.316378859742969E14
2.190379148884971E15
1.853488319018501E15
2.7508679044648484E14
2.906276345221842E15
6.674109512731999E14
4.020688598022049E15
1.2866524287001875E15
-3.5256376308621895E15
-3.141285487909001E15
-9.808336440772051E14
-2.8718544117703555E15
-1.3940105894929092E15
-8.681272329830965E14
6.721304960470205E14
-1.946451977230182E15
2.3895322606037785E15
-9.691819137372042E14
-2.4586298125530275E15
2.2129647922623162E15
-3.435327636835525E15
-1.6755694956321828E14
3.3111062051903895E15
2.403772899482461E15
3.281822426045227E15
5.060115975213067E14
-3.897404985064541E15
1.1459462437649278E15
1.1661294013858269E14
1.4916256885394662E14
-5.792091468830665E15
-2.815911993177219E15
4.658256628081567E15
-1.8753249637029778E15
2.99287491132326E15
3.0196088604838944E14
4.844510024069468E15
-3.0137704573494756E14
-1.0977334696399378E15
-1.1799212503190192E15
2.5125007726618145E15
2.432637081386737E15
1.9325736573646955E15
1.733826780769115E15
2.4960514406159395E15
-2.1644787740094198E15
2.60119347314869E15
-3.89659718330351E13
-2.2742389954772E15
-3.244218925899086E15
7.888757310315541E14
-8.564031424628523E13
-5.3738102050495444E14
1.0716929488579994E14
-5.518022007231849E15
-1.7348290604999832E15
-4.854100676272319E15
-1.4470853528168372E14
5.71560718615866E14
1.6869987490213002E15
-6.973516932424369E14
-5.4116513474962275E14
-2.426406470699011E15
1.6154456340247052E15
2.0264715525656588E15
3.0530295477555445E15
8.256075342933614E14
-1.443734952798564E15
-4.960726557193219E15
1.428411826468492E14
-2.640969578225474E15
-1.0438146778770768E15
4.8835517421399856E14
9.750186817856794E14
-4.018456123690999E14
-1.8628453813740152E15
-3.756097806370994E15
2.9514437704211985E15
4.294761842371124E14
2.9057577939091135E15
8.498806064884684E14
4.441200450218224E14
4.1058500015691706E14
2.977342459733091E15
3.57413046822845E15
-3.950028304534512E14
-8.37902676003654E14
-3.879488419396945E14
-1.8693485478765118E15
-8.88193401750839E14
-9.259797812138035E14
-2.9435473600157235E15
-1.3859511454165252E14
-1.0886764567360144E15
-3.4437717746187066E13
1.8937103816796992E15
-1.1440490776883098E15
3.279057394204922E15
-1.6103164786024395E15
2.757606373959961E15
3.278140746917779E15
-3.1561391496498325E15
-2.857734746920608E15
9.889307898536599E14
4.196089533152657E15
-2.3759417736279385E15
1.1825236352612592E15
1.4467863043183082E15
2.9471744967401485E15
-2.666907661227593E15
-9.636840820011383E13
-2.26833275716317E15
2.6197250682025755E15
-3.697178295027078E15
-2.1047343461023898E15
-2.0536295038484515E15
-7.50176791939378E14
8.385528529531192E14
-1.3988089375271168E15
2.612896161089022E15
-2.893884450830651E15
-2.512849492781804E15
1.7279830004985802E15
-1.0150076364425758E15
-1.6971883101114498E15
4.870299376597018E15
-1.1037015338775144E15
3.115020065560159E13
-1.804926696574035E15
-4.0970965297814156E14
-3.8747838315958695E15
7.070251763162126E14
-1.8182883250086125E15
6.26484208078704E15
-4.9158648797277644E14
1.2635473842905242E15
3.043984296428309E15
-2.419070663336072E15
3.0740093747485805E15
-1.332028986828549E15
-2.154764642039591E15
-1.1868502851074262E15
1.6628589349158842E15
-4.3778750087490665E15
4.497848838365048E14
-2.684932355254043E15
-5.542796300653854E14
2.538693127048577E14
2.682890533104744E15
-2.0774689971362725E15
-1.5016973499085268E15
3.2947630638482894E14
8.774175463272668E14
7.512986710152455E14
4.4882347170225835E15
3.4022224466393205E15
-2.377478497038731E15
-4.7321467125338256E14
-7.09802840591945E14
-4.644062378322402E15
4.3590242944449005E15
-8.80233809410257E14
-3.605197266701485E15
-1.0716856984590456E15
3.70302854502342E15
1.1252533611854266E14
-4.4330301435906725E15
3.171392221977951E15
2.6465258955319275E15
5.283128457306411E15
7.186466615877559E14
3.438235619617351E14
1.3987103544864205E15
-1.7440645629379298E15
-1.8221901600546402E15
-4.180918365301179E14
1.723612718483785E15
6.646782020282488E14
3.718824959210699E14
-2.805744282632918E15
-2.690406501611199E15
-1.7842336120219772E15
5.066604821441053E13
-2.255460024817155E15
-3.989196478510987E14
4.882060521905179E15
2.666329459232653E15
-1.607118889205341E15
-2.479071308699995E15
2.5997174246131375E15
-2.7109955943527047E14
-2.918741816862805E14
1.3529218005551122E15
9.921851451264884E14
-3.2074002389038075E14
2.643886244925823E15
-1.7656073043085375E15
1.8566951621592635E15
3.3715708588069644E14
-6.841241543940282E14
-2.1156421303824216E14
4.858702926269421E14
-6.466166774205422E13
-2.399471003654886E15
-1.930185239242142E15
8.389282642006868E14
-2.592105223352456E15
-1.552526949441348E15
3.7733836144609365E15
2.0242226062217412E15
1.1361726659359848E15
3.067603572391007E15
-1.5845616569657496E13
-1.9468637103232558E15
1.9869385022372578E15
4.94511633050428E14
-4.0462793840176255E15
-2.723712109599898E15
-1.5700628080913052E15
2.9371627869753385E15
2.1332062719305358E15
2.1204471209057322E15
-5.1229600722868975E14
5.986700647424372E14
-4.660534898470642E15
1.1001314461339429E15
3.1007738346767006E14
6.744980004599061E14
9.70228931193391E13
-6.6644109629464445E13
-7.263934634675734E14
-7.676202283529915E14
3.1287359715092676E13
-1.9728545583568258E13
-4.881497676769419E14
5.071538840665438E13
-1.2028757123649168E15
-1.81444826938038E15
1.3061036352361222E15
-1.9801668031277712E15
-2.2070134850846388E14
7.582980630277584E14
3.209109707415804E14
1.8023982510617955E15
-8.856747508899585E14
-1.0520746613601998E15
6.911230250735396E14
-3.97404967960364E15
-1.6351182415507045E15
-5.428854876453196E14
6.661545450079912E14
8.212679103184789E14
-1.9348928035965192E15
3.913901646820924E14
1.2978357967866852E15
-7.517042954600955E14
-2.92704353083631E15
-4.735717390534065E15
1.1843272821469225E14
-1.719741456718698E15
3.054870255613024E12
7.361390544426215E14
8.606099112282986E14
8.093701078972214E14
1.4345653193570442E15
-3.339342897010829E15
8.84773464739305E14
-1.7677538019318062E15
-3.512599207453464E15
-2.958405409805583E14
-8.712994030979786E14
-5.018237054766491E15
-2.375526982469222E15
5.186986163595519E14
-1.223621047222946E15
-5.449749537184353E14
6.365798344422781E14
4.830541479120606E11
-1.1490247415299864E14
6.326091362244069E14
-3.4147632376925895E15
-6.282006962401039E14
-1.7845108432551262E15
1.2372290984906215E15
-3.839934655035074E14
-1.3841949873650725E15
-1.278210152057627E15
5.945113394205405E14
1.2320069057889388E14
4.134443214684819E13
1.3776968939952953E13
-9.40470186718573E12
8.489668822579188E14
5.876807828087063E15
-2.4620828679662625E15
-1.68484411761795E15
4.7379856025367906E14
-5.473214158903294E14
1.00985398835331E15
8.328326736475588E14
8.502993422394259E14
1.6955392999651212E15
7.224246868039798E14
-1.55860849336747E14
-1.1831861265021505E15
5.408105022320169E15
-4.4387396163005256E14
-1.0630085261099674E15
1.0658356201981739E15
3.0805744179143555E15
-3.279598816940038E15
5.239292919845579E15
-1.6861086183198458E15
5.847268375466822E14
1.1585102418335397E14
-8.545732247687886E14
-1.1249865313463514E15
7.369784651987566E14
-9.841720016159784E14
-8.557960633673658E14
1.3112621504355948E15
2.0406596386655602E15
-3.1375168893592855E15
1.2683258977361335E15
1.9740050310116798E15
4.059230567442663E15
1.395680977936478E14
-2.504442713073097E15
-3.364287997237752E14
-5.211740080884407E15
3.355237139426999E15
2.9409695355067285E15
8.383953539216266E14
-1.2624261801810218E15
1.54435355633171E15
1.4172111428256722E15
3.8035088607885695E15
-7.712513259420348E14
-6.861531906697615E14
-1.316451738219462E15
1.8867987046970325E15
-2.349537876502499E15
-3.430486193058315E15
1.0895577886170511E15
1.071906859880732E15
-6.013924816844698E13
-1.7375771013986985E15
4.440972472631761E14
-1.4863328094993122E15
-5.962573928732315E14
1.2597697775918512E15
3.4026532555269095E15
7.535198202534982E14
-1.2013092427102678E15
2.4684061674506305E15
1.516630385668876E15
5.1567897248613044E14
-9.067023712175631E14
-9.779108246905028E13
-4.365358376853856E15
-2.907685408130655E15
7.787351497313124E14
2.607255172189529E14
3.382192601841411E15
2.098484135036401E15
1.09898275663444E15
1.176718849432418E15
-3.711559988314823E15
-1.5467925085122465E15
7.102238539058134E14
7.729787411959211E14
9.55753240204734E14
3.224217489551648E15
-1.2944717329880038E15
-6.40994034059158E14
1.7705107626952255E15
-1.5156729014691962E15
1.2869813457297898E15
-1.829526637980808E15
1.797358241286964E15
-4.723513660160208E15
-4.216961937823524E15
-3.0992574082347955E15
-6.799104354679514E14
9.14111130368119E14
-2.1995483208805968E15
3.299926538856334E15
2.42363302134844E15
-1.626601127434403E15
4.946876475226228E15
-4.844262498567725E14
-9.856201319717566E14
3.7145258973656875E15
9.364761552243632E14
2.7933857333226662E7
