4.5098900760153075E14
-2.0446607959183855E15
-1.0863393601288011E15
8.448030069244151E14
1.0955823658133164E15
1.0982271976800691E15
5.308966285024494E15
1.7447129144340728E15
1.2885749605039242E14
-7.254368876079615E15
5.145951502923526E15
-4.545549606663629E14
1.3250892534409225E15
-1.578611694849783E15
-5.350195641983282E15
-1.463879921881127E15
-6.620079426139774E14
2.7466605099133622E14
2.5174172318369544E14
3.533689074655304E15
3.465270422592451E14
3.7827288105744305E13
-5.000428063830796E14
1.5942011125436156E14
-2.7974121846458495E15
8.047858876507665E14
7.836272701294519E14
-3.3579220408699475E14
1.6827971254318432E15
-1.1255808134082466E15
3.4249572450419095E15
-1.7299441588427002E15
3.94703771610421E15
3.799772876382839E15
3.2765882079514245E15
-2.2785940973128175E15
-1.9868635304900422E15
-6.04063830053519E14
-2.252275185959551E15
2.4245132825768915E15
1.4477674204392702E15
1.6669142352941935E15
4.321863363224661E14
-1.6173328039733912E15
-1.3603118625791745E15
1.0047682995347842E15
1.9493949607058732E15
-2.8220685406780375E14
4.20502454746383E14
-5.706305395011709E14
-1.1647902960310818E15
-2.36646078537051E15
-2.7325346141493625E14
-1.53119879501418E15
-3.435675503095517E14
7.612251457212191E14
3.014245625722489E15
9.843571735263289E14
-8.145619448022588E14
7.616668636093791E14
-1.7536101673954385E15
3.311123911629987E15
-2.30710893110326E15
4.459988328684479E14
-1.4629162477356225E15
-6.724896177513099E14
-6.039179134089766E14
9.263674228246004E14
-1.1070387816782617E14
2.132143503942815E14
5.353916559017668E14
-1.289424499567568E15
-3.4105553023377725E14
8.034458763786106E13
1.1343400113673048E15
2.663896915019273E14
-4.2246418871072766E13
-1.1042987047871966E15
3.4462761466809065E15
-9.430021390822979E14
-7.304074987229931E14
8.98898314484532E14
1.1506677634224958E15
2.205088127974566E14
2.9825649601952894E14
7.069020149134808E14
-7.951365613091242E14
4.729837826954554E14
-6.066088073457958E14
-9.790634986515106E14
1.869838224275097E14
-1.2505265772446217E14
4.827776686652645E14
-1.9123152448534065E15
1.418609576472681E15
-1.2734083884671714E14
1.7597740230636366E14
-7.07381260797406E14
3.3397298781769656E14
-3.185428969769696E14
-8.874963620311404E14
-2.6540942475842885E15
-6.004722353693588E13
1.209654323625831E15
-1.7347927420816368E15
-7.479644711101505E14
2.7344267102118575E14
4.41134898316631E14
7.116957938042164E14
1.2215844694539705E15
-7.101913959439631E14
-2.698646068227573E14
-5.792184114656825E13
1.1004116746259651E15
3.2133948707002855E15
-7.847074908037986E14
2.748629571206741E14
-7.859122285653764E14
8.868857517174296E14
1.0442495243696605E15
1.0939640183264825E15
-2.315273013873605E15
1.4220392294405253E14
9.587114494675931E13
2.422511142395298E15
-2.704473512518953E15
5.2520272261811725E14
9.62775692280104E14
1.306828294160778E15
5.4441769839093706E14
2.1551024104150797E14
-3.2106279591637045E15
6.848569286384864E13
-1.5109651359741322E15
-1.6080586777876428E15
5.042534111188806E13
6.995786910061186E14
4.7955371746952375E13
-5.3531062017569944E14
6.038443028602241E14
-1.2351131191685934E14
-1.3978873103433469E14
6.56476356461586E14
-4.4292296270008984E13
3.7179931314218175E15
-2.7782479738742216E14
5.030463293225691E13
-8.263874553876625E14
-4.313784519638914E14
1.6878230102121453E14
7.579672742092604E14
-1.4433703383714802E15
-1.6522747549336238E15
-9.981299413735781E13
1.981356161119555E15
-1.2016174416196686E14
1.0724141686024171E15
-3.5489161702770744E14
-8.500093576279262E14
7.417610185480538E14
5.841298440867129E14
5.2767815473277164E13
-1.0700095057572375E15
-2.473683663059652E15
-4.4316902521884194E14
1.1920868612202768E15
-3.3257651023374425E14
-8.20745594440011E14
1.6420118420834195E15
3.992999707883221E15
-1.33691742704367E15
1.015838114902604E15
-1.0922120117308132E15
-1.2801917135918186E14
1.5393380639023672E14
-4.4268784109998194E14
-2.0634771417416403E14
5.859084494605244E14
5.494942890287999E14
-9.727941490297495E14
-5.4167052855157106E14
6.968969541678951E14
7.100578594844431E14
5.524418905187483E14
-1.4237959493583115E15
-3.499771141498583E14
1.966801049977315E15
5.709281165828736E14
-1.1916183664813552E14
1.8271927382053012E14
-2.93916056768989E14
-6.93017251717121E14
2.574621734784734E15
-1.8069771344921362E15
-5.411459260020307E14
-1.3640902416200168E15
4.8674503577449294E14
5.964502528990681E14
-4.68459534821736E14
8.351164338944885E14
6.695610718090336E14
1.807786805769648E15
-1.661547232351397E15
-1.1705197317360198E15
5.997415878484646E14
2.9185434237623175E14
-4.7400362228851275E14
-1.90456626418797E15
2.3211556868587275E14
3.505354726702982E14
2.4289426456552825E15
-9.526440409230211E14
2.071785740255637E13
1.3557985633992205E15
-7.065646214910038E14
1.3964214810953505E15
-2.7221659122011338E14
5.4299259093830375E14
-2.919382910156412E14
8.256417454412034E14
1.3972869132990035E15
-1.1752521307205695E15
1.175005708209483E15
2.066028204867376E15
1.1216295929332241E15
-1.520906278439787E14
-5.69993665351663E14
5.5921497146785075E14
2.979395628086463E14
-2.713100003937259E14
-3.4051816089536305E15
-1.1873694638124245E15
-4.441314851936875E14
6.007072271845272E14
-1.7127986805237498E15
-4.918732931834604E14
1.1398264762321228E15
-1.3248088425652352E13
1.6587225301731597E14
1.2324523569157228E15
5.219562585161815E14
-2.1969949027569834E14
4.1133285509512094E14
6.267329806473468E14
-3.186352637266385E13
-1.7021796978212497E14
8.248561693344426E14
3.572325462656336E14
-7.573429577723726E14
-2.2702736414469266E14
7.733800997208976E14
1.4414018527083468E15
-4.580974953404874E14
-1.671150153428871E15
-5.375740862976232E14
1.1058759361884701E13
-6.982692132795555E10
4.0758228514226156E14
9.873138100107142E14
3.654232963436522E14
1.437872307615156E15
3.197602654312993E15
9.525065123359206E14
9.292675203814031E14
-1.5739774992529458E15
-3.348865974691505E15
-4.488593199377785E14
-2.8907156572006906E14
-4.51258478081576E14
2.689666821058482E14
-1.1355039678095975E15
1.1246004253716719E14
-2.0028216239171788E15
-6.024386382042861E14
4.7324650644477375E14
-3.022465566298355E14
2.3394071500995662E14
1.8772238797389042E15
2.1370543633168247E14
-5.526951408224284E14
-7.817943726149324E14
2.1547875321689212E14
1.540997031988732E14
-1.4428377064170928E15
-3.906785623172403E13
3.341390722467935E14
-1.966398073863048E15
1.2570685483002202E15
-1.0743395391147695E15
-8.731812111727351E14
-4.2693235709013975E14
-4.350630442252192E14
6.881246947780109E12
2.1408231204663484E14
-8.139809611449496E14
5.837621738903429E14
-5.653295089285678E14
-8.97543125821721E14
9.081346083962184E14
3.65120402418719E14
-2.534182603824225E14
-9.126890829342918E14
6.536127043413743E13
7.438191061423046E14
1.0695686151694168E15
-1.6047247629677347E14
-3.176176078278465E14
3.799023756466595E14
-1.0285746675312422E15
1.492197783372235E15
1.4326913252378272E15
-1.0637239155405705E15
5.024187849984784E13
-3.7461402652574287E12
-4.425449608832234E14
1.0126893565323354E15
-1.2579498730626092E15
3.4650371743900944E14
-1.1920360195441282E15
-5.2747672927172744E14
7.375341147244995E14
-2.969640603201044E14
8.606995200270762E14
4.050510156351934E14
7.339518436402165E14
-1.6443251758839153E14
-1.4338751719649622E15
-1.7710503439004172E14
2.3632549284412028E14
-4.7587823266342194E14
5.5547282607975044E14
3.398396527161734E14
-1.1094067781192925E15
4.2331774262710644E14
-3.926605650570055E14
-2.771795976438578E14
-1.3825522705079915E15
-1.5518629835807056E14
-6.208842271813046E14
-3.4623374655439856E14
-6.016654943914175E12
-7.123072840426098E14
6.22649975862708E14
9.703234282466648E14
-5.601801452791125E14
-4.0356327962777475E14
1.143944317605586E15
-5.706858848601734E14
-1.640506560269148E15
1.1231238738236526E15
1.6862348203159178E14
9.730868726497316E13
-1.1451408339916128E15
-8.956986713762712E14
6.781260997892214E14
6.370758332279372E12
2.5879513048475775E14
-3.115812753096079E14
-6.427856115840485E13
8.153874696106814E14
-2.6063169744697003E14
9.492177225380888E13
-1.2529880269668625E15
-9.521500965298204E14
1.043617522449317E14
-3.00583261304285E14
-1.9978893109975255E15
1.5265663990054802E15
-1.3517707962397112E15
1.2470317191841619E14
1.1251577264454986E15
1.457875697480304E14
-9.246205844926651E14
-9.452594117360784E13
2.959655916277227E14
-5.593665261468464E14
-4.708051124202093E14
-1.827126969661891E14
1.3244092729834497E14
2.501782217928993E14
-6.401723826087246E14
-3.079960786582188E14
8.812638047340701E14
-2.418597874862138E14
-8.269146676462162E14
2.6544457722700348E13
7.762549135976459E14
4.145155255363533E14
2.8132871461072272E14
2.9106645361163508E13
5.300146511104229E14
-6.898027167233408E14
-6.203739184599724E14
9.651113844391018E14
1.6922988550440278E15
-2.5811630055543575E14
3.4071842091008275E14
-1.1812907270909225E15
-1.3661758177128558E14
-7.157038039397952E14
8.785606893642992E14
-9.373565443118995E14
3.6429914754000645E12
-3.808236008586376E14
4.378863264145723E14
2.881383341034697E14
-3.756027389384558E13
-1.77431558946635E14
-9.484335154000071E14
4.5014885239391305E13
-6.9293239925059E14
6.83623379007623E14
3.5287652344447406E14
6.883836141883554E14
-5.912882755390216E14
4.383438180608683E14
-1.6212944629027155E15
1.227274819592159E15
-9.859484686163891E14
-1.5086835429324545E15
1.070874648497521E15
-1.1343556270289392E14
-1.1206195354701759E15
-5.2979337342133475E14
4.926183190319546E14
3.262677086089882E13
-3.2112639273942656E14
-3.755446186175361E14
-5.5569250223526356E14
-7.501943765727822E13
-1.1278764419350115E15
1.1279302780349258E15
-4.861547433692193E14
-1.584259575599247E15
-1.9564927169029012E14
4.6112841273570356E14
1.6154967769812637E13
-9.060166340583718E14
-4.873125351012925E14
-3.735340278122733E14
2.0189343624062716E14
6.52935275343348E14
2.8241127529696075E14
7.968539182544679E14
-5.513134011229444E14
8.174641031273884E13
4.5519198294018056E14
-1.8337599764104402E15
1.2435369242815138E15
-2.3727020618237652E13
-1.141754277686721E15
-6.454306584861286E14
1.1436597059055234E14
3.35778471366974E14
-5.4129474351616484E13
-6.911786840602319E14
9.893803879436764E13
-1.0587334329052391E15
1.7530480255186695E15
3.7128657196080194E14
1.1460516897102478E15
4.705634116716943E13
-5.501862305618605E12
6.915438748106352E14
-1.4688472859643755E15
-6.039010463125422E14
-1.2988057143459934E14
-1.165010966971558E15
7.90123541742075E14
-1.3956348302674869E14
-3.428000965728604E14
2.7086245611166947E14
-1.7266945070656742E15
3.538728940123721E14
-7.045921891576015E14
7.245328607796545E14
8.664411511670095E13
6.347573011716139E14
-4.927491321522536E14
8.005102939867074E14
-3.370170763551466E12
6.406575869601586E13
-3.938941785877465E13
1.7461361191889656E13
1.1881131350896686E13
4.735954731087178E13
-1.619271907389591E13
-1.5637621320242915E12
-5.920780408993354E12
1.3510572529714611E13
-1.2545443407675373E14
-2.6216851617419404E12
-2.8135325328353168E13
8.074813533330733E13
1.177482013087643E13
-1.87944734609648E13
-2.2746000178247273E13
3.938579607163587E12
3.5002328287005554E10
8.815412398821266E12
1.7223424370531361E13
-5.952039051736098E12
-4.565217389710741E12
-1.6731263471439635E13
1.7375677929194568E13
1.9187020989171754E13
-8.450871558732161E11
-2.2354596410073013E12
-1.4194908368509027E13
-3.5213575144657983E12
-6.849726229702519E13
-1.3374469334007905E15
1.4575750163081979E13
-1.4834932369260172E14
-6.554236193241156E14
7.700956842710004E14
6.539445729179632E14
-7.308997453061882E14
2.6010868959457965E13
6.573005986087652E14
-1.1864416809852095E14
1.2385395248546658E15
2.2871693552652384E14
-4.627094865504892E14
-1.2598792596270573E14
-3.832735275652275E14
3.3440191231365506E14
2.777419277270913E14
9.664503609214224E14
-5.084391176689158E14
-1.1163229028573038E15
-1.4450874131113545E15
-1.1629428309014635E15
9.121337776672521E14
1.7035292058363238E14
1.5622296442838102E15
1.465898091850382E14
-3.097864139967688E14
3.819678533516024E14
2.992052780925942E14
-8.003404721130226E14
1.087796126892035E15
2.61231566631487E14
2.444327863348211E14
-9.453231228986018E14
-1.4557344417746556E14
-8.87632578847922E14
8.761159304284369E14
6.784476128366055E14
7.603534035360172E13
4.2914621692731606E14
1.170159167012506E13
3.00177626996971E14
-5.872936028267949E14
-1.0146549578340281E15
-1.1539875589492706E14
-9.931409882178022E14
-1.8270678842647334E14
-8.563536480383669E13
4.612552553365205E14
1.955382847716279E12
1.2060932561248588E14
7.383354842757464E14
-1.9590048296761558E15
9.754718373315081E14
8.643963814884092E14
-5.016311624487602E14
1.8598933880195334E14
-3.6674068291032E14
-7.78096402455168E14
-1.442387908037931E15
-1.2632199873235653E14
-8.742586995835081E14
-2.8591145687233375E14
9.996309589160741E14
1.3812031361792305E15
2.423464786781701E14
8.545298253098949E14
6.75884905391293E14
-1.7878158762770294E14
-1.1656654611251844E14
9.370136695130131E14
-5.5745779608446706E14
8.603948539552315E14
4.0576170830749775E14
-8.729183875530761E14
1.0800111300611255E15
4.649311648002425E14
-1.0931920180125134E15
-1.6660138476739703E14
-3.4166310020436406E14
-5.910633961521691E14
1.143862521705642E15
-3.00434229427367E14
-3.5046978811054562E13
-9.05982416089798E12
1.334246502001212E15
9.137735877667864E14
-8.717797098157551E14
4.13337842130999E14
-1.035727805692409E15
-8.975543867463478E13
-9.839334104312164E14
2.2090883836402062E14
2.976705092877334E14
1.1471614545506522E15
-6.770079862745289E14
-1.3733491859661952E15
-7.426202942602824E14
-6.300922224519708E14
-5.679833495078858E14
9.650373498174916E14
-6.337562520434109E14
-9.467975369358889E13
8.843614054283788E14
9.351396057651328E14
3.7591660129770425E14
-7.668229712709745E14
-6.482344887625296E14
2.3494293391590273E13
1.3883847595703828E15
7.979237881527324E14
1.732204708855843E15
5.936180589273391E14
-4.658288990991821E13
-9.26013251497397E14
1.4346541785472972E14
-4.257441293570096E14
8.35612729700222E14
-2.4577831700114116E14
-5.282420421320663E14
-7.152049236106389E14
-6.052571264453283E13
6.683046229117381E14
1.3019566175686862E15
-1.3097025648627277E14
1.6365498419245534E14
-1.4421385822224203E14
-1.054503061789452E14
-5.4329675666364444E14
-3.1533545913449523E13
2.4351332150214234E14
9.934782579145896E14
-4.435223864211013E14
-2.9758200864702125E14
-6.86813194064419E14
-5.526189674876449E14
-4.733916596844984E14
-2.3603928658377216E14
-1.0365662647182899E15
-4.812749040918789E14
-3.019034819300052E14
3.9401620958574875E14
4.935946520533767E14
1.2273828355286244E14
2.7138675055450506E14
1.4470857158233872E15
4.8201230407739556E14
-3.1031276524282444E14
3.6745901053488644E14
5.80647202132547E14
-2.6777145236161347E14
1.1480502831409197E14
-1.2959824748892348E15
4.2067123028311075E14
-7.049108489771708E14
-7.165692094033166E14
6.610874105313598E14
-3.142771004237565E14
-6.322537669473019E14
-1.66980221107794E15
5.915529182287566E14
-7.834496730665914E14
-3.2433525061082356E14
-8.258481288700132E14
1.0223406981226388E15
-4.7178218986217194E14
1.360288469691997E14
-6.1820512726237E14
1.0399970878206054E15
6.941527522926755E14
7.949072812346988E14
2.320261714420393E14
-1.3148416397486113E13
6.734712045963356E14
-8.188210778465718E14
1.0959992884385995E15
1.5812383250827462E15
-4.883147580667498E14
6.355876968189586E14
-1.262358391811498E14
-1.173972223750791E15
6.445746791102726E14
6.6536008395E14
3.313654729788382E14
4.287943892814538E13
8.194779823434031E14
-3.245743876986396E14
3.002912238787848E14
-1.6996123353203515E15
5.762171618705072E14
7.410121358368466E13
-1.1842066159912828E15
5.279727713149614E14
-5.183824383591656E14
5.653472727335204E14
4.026854983509824E14
-1.523162427687238E14
-5.936587152925718E14
1.2289082645628095E15
-4.9970272954086006E14
8.20600256062641E14
1.762648070485079E14
-9.810680852927159E14
-5.386814556912066E14
4.1359421105005425E14
4.17589073949011E14
-3.0021422371543566E13
-8.828647507498914E14
-3.0378375271375E11
-1.607762706176699E15
7.811844220667371E14
-5.538014641886033E14
-1.5508935754213897E14
-2.906143945213353E14
-1.5738851576805955E15
1.2939733337713195E15
-4.456695500513932E14
-7.67931009119913E14
-6.255482170059756E14
8.13376977869968E14
-2.3395715978282462E14
-1.124509482212225E15
5.887996406355628E14
6.386338933182488E14
1.5393526824035592E15
1.219043329922195E14
3.8844331585143056E14
7.471435200106609E14
-7.85077116419209E14
-2.502400513169206E14
-1.3950709584061744E14
6.93260510039142E14
-1.7097149420225662E14
8.057887225697502E13
-1.0170493678030442E15
-6.781626939796206E14
-5.036303192559319E14
4.961711262440207E14
-3.9294953011923844E14
4.6219610323325025E14
-1.4683520121990932E15
-8.943557957626205E14
4.99114713736864E14
9.465232200071779E14
-4.689691704914117E14
-4.283053645594306E14
5.511644960628172E14
-7.940982727658634E14
-4.218150797258007E14
7.715843644299468E14
-7.160515270239161E14
6.628389459472345E14
-3.564279593480299E14
-7.913908361012222E13
3.002138517735888E14
-9.73508801476143E13
-5.1006627446093225E14
1.5775088967118316E13
4.332119987769908E14
4.0591274451968925E14
-9.047552790284395E13
5.106949651737064E14
9.965342820283577E13
-9.332532986410123E13
-5.093592412891915E14
-5.674731215982514E14
-8.271036480138499E14
2.7567340517559622E14
3.836512320570149E14
-1.85303647002725E14
-5.0806441793732856E14
9.331475748766764E14
6.902731665506294E14
2.3341784198824762E14
-1.5575180687935972E15
-2.7697760999879603E14
-1.2628231792633852E15
1.1854212131511583E14
-4.83917683349916E14
1.2174670154724358E15
-4.434027161114111E14
-1.4682346937300962E14
-2.3990602869274334E14
-1.7514922287470172E14
-5.0990995879514475E14
5.900144140262996E14
2.7454356690161866E14
-4.380428847832068E14
-6.1300232268201805E13
4.0274916021651056E14
-8.251493514909073E13
1.4914138769797455E15
6.381041838785008E14
-1.9914372312910216E14
2.7866185077850206E14
2.2496383212547603E14
-3.0668464285579075E14
2.8485545525525594E14
-3.601980436989966E14
2.6532725348018216E14
-3.138510306801664E14
-2.854952989531911E14
1.856346842680908E15
2.2168349894078862E14
1.5514275989390728E14
-7.569771838855094E13
5.5959860727493856E14
5.1299064722693006E14
1.520010375867755E14
-3.2746264800389425E14
3.178616870317902E14
6.404244997101412E14
8.92992422398513E14
-7.566229104012326E14
2.4747819002484775E14
2.0012713424884512E14
-4.420580185858096E14
-1.556210368787191E14
-1.2697057519313916E14
-9.244112000117752E12
1.7194879708977745E15
-6.058147827546628E14
2.6496433435088728E14
1.4993031498771888E15
1.6021266278032406E14
-1.568995865784356E14
9.06570468608273E14
7.413088129977012E14
-1.455987796101005E14
2.0780965506577572E14
9.653570395809881E13
-2.2298999218373466E14
-1.4191668189491473E11
-1.6829018329391962E14
-1.8471042239326316E14
4.4446615778505556E14
3.3063662647437E14
3.938201102046197E14
-2.1720534808899697E14
1.0349030908587535E15
6.7801385390064E13
7.853291933922766E14
-6.003319357728809E14
-5.009245320041903E13
1.7390531767900264E13
3.481856386137195E12
-3.5529321102785075E14
-3.223513189626238E14
-1.4760027867807658E15
9.218574081876292E14
5.523070615774371E14
6.287863034982709E14
1.1111631522825069E14
-3.1406827820795406E14
1.2834813334683386E14
-1.0529143165328694E14
4.823644281128292E13
-1.5180932735280525E14
4.094891418197713E13
2.4574525913760188E14
-1.4329542067688798E15
4.2480950504213475E14
3.4412695208358925E14
-3.7880572208887744E14
-3.581403935768438E14
1.0423923343385679E15
-1.262956281494936E15
-6.459487093110746E13
3.698088124536362E14
1.2038283741647797E14
3.8384401370110875E14
1.968108004541493E14
-6.557377851560657E13
-2.6573715254480512E14
6.435004563745774E14
-5.841687817335396E14
-1.4090725408450512E15
7.187307207288376E14
-3.129602323744461E14
-8.76542647296577E14
-1.0420381505431626E15
-3.5986327247110225E14
1.1393812914860678E15
-4.1407166499546484E13
9.66367344629453E14
-9.622466224098884E14
-5.644387956690368E14
-1.515496666039977E14
-3.1758039494783775E14
-7.049204550871774E14
2.5089895754896322E14
-1.0479066734016786E15
2.430627174983877E14
-1.9348491346440506E14
1.159597639922028E15
-9.069717690532926E14
3.965806725166612E14
8.186978873779896E14
-2.3153937885170047E14
2.838557419138321E14
-2.978942521330784E14
4.6317871258427706E14
2.4556592163996512E14
3.6131572272250944E14
6.326794257148011E14
-4.035497081689075E14
-5.663812634736959E14
-9.554914354733753E13
3.68388037528432E14
-7.942428065357465E14
5.314414796879581E12
1.3447119519178512E14
-3.890779148876393E13
1.6629239308487678E14
1.0595230903312741E15
6.316406330646295E14
-1.487881007825198E14
2.270310476566997E13
-8.694113545120058E14
-6.078678211993422E14
-2.5809547619763647E14
5.5345438514505756E14
-1.1976315182831725E15
-9.270464000691546E14
4.396025836659741E13
-1.8437621479093266E14
3.3724795082447494E14
4.396510709370292E14
-2.172601650490996E14
-4.228701503661033E14
5.325511784351704E14
-7.736382067561951E14
6.757891266980392E14
-6.24700631042685E14
4.864897075014352E14
-1.3593340501254812E15
-1.3677532768415608E15
-3.0152928480492706E14
-4.345462816583309E14
2.7928617528805784E14
-5.153229227432804E14
1.091516449375596E15
3.5553861408230394E14
-7.803141706212258E14
1.5100942763163478E15
4.061497304172509E14
-4.906053286681696E14
6.197766594200819E14
5.885587039517726E14
-1.0600316281872328E7
