1.799546505353209E9
1.0603409229517933E9
2.8851532551437345E9
4.542709717594968E9
-1.3071828657169764E9
-4.6532262350686655E9
-1.0864630362621286E10
7.88144340164747E8
-6.825075780484444E8
6.5291094093844185E9
-3.353351221540424E9
1.7430610908980232E8
-7.705923804678195E8
-2.974854361841863E9
4.863800820964289E9
-3.0098981571510267E9
3.893986231049864E8
6.903609565434666E9
-4.1745672076966267E9
4.784925294705506E9
-6.964838807516836E9
-1.6826914764168892E9
4.822991952540787E9
3.595461557520152E9
-2.8291646429956846E9
3.459880222880272E9
-5.889231628994998E9
7.034290980629377E9
4.0818516413512077E9
1.6147080929712472E9
7.699402514843249E9
-4.0627096496299376E9
-6.928914008233521E9
-3.28460079773721E9
-3.5404274520503664E8
-7.326755380808236E7
-1.0869862124538124E9
8.261893816076878E9
-3.22140645094952E9
9.422872603760502E8
-2.2292248808354626E9
4.788734535086887E9
6.310888494749925E9
5.151977319404006E9
-5.2447667044535005E8
9.680535517423555E7
2.3161066018006067E9
5.909237407192361E9
4.564797431562079E9
-3.3671082617496867E9
-3.478771705656171E9
9.616308172461522E8
3.213661162230425E9
-7.717429667365702E9
-1.2309036695965917E9
-3.106047545740507E8
-2.5259248569741774E9
5.722470809332949E8
-9.466765697092271E8
-6.717662647588835E8
-4.6638974476421857E8
-4.5286572325421375E8
5.142891689432487E8
2.343575271735941E9
-1.3377787304494832E9
1.0252449602438427E9
-2.2431272215498443E9
-1.0448911405839688E9
852829.4733639988
2.6918552430362767E8
-2.027006278164384E9
5.2951651995397127E8
-1.7222011930531688E9
-2.2719118377025E8
1.3604388249706516E8
-9738152.116146715
2.1074737709898665E9
1.014012546876993E8
1.166996455913678E8
-1.1804407761026044E8
7.63402572788541E8
2.252027226108045E9
2.5867203758796406E9
1.6845066742840976E8
-3.435057345388331E9
-6.94588169633189E7
-6.810731308473202E8
-6.706963723689336E8
6.168846506706675E8
-7.362595341226106E8
-6.248771362969159E8
-1.693564983801772E9
1.2046030953419143E7
-2.546676638343464E8
2.2774164583476224E9
9624207.547914311
-1.9015053388446558E9
2.9343339847511506E9
5.756462254554012E8
6.198901282279973E8
-1.619751068528177E9
7.844510241377823E8
2.4658617204102736E9
5.500697872617624E8
-4.773277929978184E8
-7.472934769586375E9
-1.6764857613483932E9
-1.0619531659882431E9
2.3637380019079432E9
2.1091924587990441E9
-3.2207159555492215E9
6.371242675885304E9
-1.5591440266898286E9
2.9388339159160905E9
-2.0858109782053468E8
-3.602599522528139E9
-1.7926503728791912E9
-5555722.375047271
2.9201986698653597E8
-9.035993249694886E8
-2.4563669167740127E8
-1.5752361757807118E8
-1.9653318173014183E7
1.355343865304624E9
-1.9003360136506803E9
1.7067842999957955E8
-4.086106648261284E9
-5.157810727653273E9
9.829999683244013E9
-9.270322240035196E9
-3.9574682762869043E9
5.754106909801222E8
-4.469416979287323E8
1.7951568188116106E8
1.5484550902667613E9
-1.5153249125511086E10
4.419659791110061E9
-1.7601500830367808E9
-2.784450540451915E9
2.0039066380720441E9
-6.965451337071909E9
8.098939121473201E9
-1.010636876762404E10
-8.039614409865806E7
-2.567832047302182E9
7.887310658879416E8
3.523970296351495E9
-8.862318575325431E8
-2.09452588770404E8
1.2970351863740185E10
9.09697550459296E9
3.3181885246303415E9
-2.3225616828784863E10
5.9093910317771015E9
3.0518878681684143E10
3.05206284218366E9
9.905828605667843E9
-2.1283996890674732E10
1.892578890985034E10
4.082557881023698E10
1.6767887455476679E10
-1.7082642637033057E9
-1.0630407227186865E10
-4.091226331895159E9
2.7321546543335503E10
-8.332375695140664E9
-4.04991386528242E9
-4.001288041030472E10
5.094439469927092E10
2.0157362652494534E10
4.7391155016251656E10
-6.865918074122724E9
-6.619725196045072E10
-6.357232910025018E10
-3.928544105805719E10
-3.566198704705824E9
3.271206611719154E9
-1.8898898731071934E10
-4.98581542889566E8
1.9912300288932288E9
-6.934656257272085E9
-1.974871170001025E10
-1.731402067309373E10
-1.4505948835990279E9
-3.9955019315673037E9
-2.1276231102172878E9
-2.0123026066078213E10
-4.952958944403094E9
3.4136631387041073E10
-6.130740828437755E10
1.5146626102046185E10
6.0716277863104004E10
1.5024101111039804E10
-1.7235568884719932E9
-4.429119185576733E9
1.355466111947013E9
5.0394840108569565E9
-1.22982903817753E10
1.0613666810054721E11
8.220843371625427E8
1.792799069622041E10
-1.6048247916705754E9
6.369104915085423E9
-4.802336214933996E9
6.822941909262468E9
1.1219795709767969E9
1.5786817509065153E10
-9.152451566877714E9
-1.3697218908639245E9
-2.1747744649829447E8
1.4420463920831816E9
6.947729996575189E9
-8.779628104003469E8
-5.329218839580641E7
8.836996146584752E8
1.2570688613073097E8
4.09223978843818E8
8.242841002682527E8
-2.73464899616584E7
-1.0678338887857292E9
7.377846373553272E8
-4764388.070246726
-1.1894448313872506E8
1.3213178827602142E8
9.757544139181112E8
1.1266505831003161E7
-2.2935705639899057E8
-1.5956884823960757E8
-1.770938433343282E9
-5.395547862137657E7
1.496861480124811E9
2.938130215489605E8
9.769746226913111E8
-1.5948938704245248E9
-1.0823986190920186E9
-9.469859209677376E9
1.28068593600124E9
-9.765902448196869E7
-4.0051521297516775E8
7.218166956238782E8
-3.055762269727174E9
1.8800688234384756E9
6.068892735993493E9
-2.5719574832309475E9
2.8377035468155426E8
6.621446633768884E8
-7.511149233681724E9
4.7249727766522616E8
4.2398853925170493E9
1.817741397454689E9
-2.2935051485180564E9
-1.1285461721205065E9
-1.066692114547703E10
3.562544365554715E9
-5.359871941758439E8
-2.1244952459022266E10
-2.7890247073610773E9
-6.603971183508959E9
1.2920679029110754E10
1.6728180445976038E10
8.903804410950518E9
1.911291663077924E10
-3.156650855284067E9
-1.0177410252062515E9
1.429256279550646E10
7.484675611061877E9
-2.3496466077006035E10
-4.727173431745703E8
-1.951979255064502E9
6.322401563974651E9
7.188637683215514E8
6.678054282971302E7
-1.955839260490248E8
-3.7164389188543434E9
1.5253117090880465E10
-5.417468269878639E8
3869941.5290460517
-9.851535134786661E8
-1.983943099622211E9
3.9656960257328E8
4.03038675809111E9
-1.111987323199647E10
-1.0585676146769281E10
4.563609688521539E8
-7.492467125893577E8
-1.6091534028830905E9
1.2507545148479061E10
-1.9376069445165517E9
1.4449451911943247E9
-1.6653473631362157E9
7.652008275916121E8
6.801336528323352E8
-1.0107346366451142E9
-3.727468612136322E8
-1.0682615036703613E9
9.91825948965068E8
1.5264070561936421E9
-1.1360452349489675E9
2409240.4700405523
4.631721998756398E8
2.811307525531875E8
1.8007505956520954E10
-4.253808748763213E9
3.046921889991828E9
-4.817716000919762E9
9.674704286351144E8
4.668514392987999E10
7.703289087337623E8
-1.0558924645018919E8
1.716035790637821E8
-5.703580142746611E8
-9.221023917969006E7
-1809087.4926942883
2017063.1927765813
-1943147.0790111253
-3.211233142079306E7
-9.846561941703074E7
3.5602978008454614E9
-3.4820070845982355E8
-243239.90416477597
-277227.7886754287
-150737.07755086297
-1.6446186146993393E8
5218061.127767311
5.729109950611673E7
244273.02110822205
-953112.0732709568
6.880036455963028E10
-1.1342193611847853E10
1.3594557244063306E8
6.036927078926818E7
5.559437457067262E7
1.415498988448334E8
6.817632247695614E7
-1.3224607319287216E7
-2.5982294292780736E8
1.3134678798449683E9
2.277151119110654E7
4.203701114727174E8
4.816628719904663E8
4.354348747446281E7
-2.4781498511651614E8
-5.1828540135449344E8
-3.8183462924388486E8
-7.751830117857918E7
5.214605422840397E8
-7.103837062147498E7
-8.470687152864019E8
-5.3625529363258904E8
1.5279834915556571E9
-5.728969775848945E8
-2.960517570995824E9
5.197296476511206E8
-1.094940049011561E8
-2.5813516125912305E7
-1.217814369409768E8
1.3973651534152153E9
-6.94377381028342E7
6.5748792497006446E7
1.798102662654014E8
-4.523344071014368E9
-1.5605492233886957E9
-6.211714936645988E8
3.4923284297965795E8
-845823.0577686165
-2.002947500142654E10
2.1229836673429394E10
1.3139454370550554E9
1.3372388992915525E10
1.7856251692727141E9
-6.895368519427089E9
5.571613183270116E8
-2.666188980714405E9
4.785349400344899E8
-2.260974290910823E10
9.248261369467787E9
-1.8957135302497533E8
-1.1315719437042676E8
1.0667675030038837E8
2.4614495033362565E9
-9.646129720256755E8
9.25438639192993E7
-2.5694408760524173E9
7.313955262682407E8
1.5793823655526426E9
1590273.473913148
-4.9870280206363523E8
2.823940397890037E8
-8.847018160823083E7
-50124.59049055885
1.6308999690318903E7
-2.031828101885119E8
-1.65064132587122E8
-7.069954452589159E7
3.702321812946506E8
-1.508860049309273E8
2.7107099343273526E8
-120146.62933994732
-1780831.2982570983
1.0066411238926256E8
-8.40093661078198E7
-4.4052327913334346E8
6.267213921394571E8
-1.8088926967476884E8
2.1020648017424777E8
1.1615980031763522E8
-1.505249048521908E8
1.5021612062205625E8
-2.625624565151932E7
1.1332142752764574E8
8130819.472207133
-2.0907285383961436E8
1.2406947875496848E9
3.972895670707994E7
1546099.6019819279
3659643.755335009
3.461527592084708E7
-4.7848650178833865E7
5.109349785235679E7
5.7839280578279845E7
6025.39481859787
1149634.9398130858
5.689751645011909E7
-1.7599512064799756E7
3.383596673232687E7
3017357.040935851
-8296284.573210045
-8.824095025108483E7
3833593.097787662
5291171.269551951
-3.815431021791502E7
-7893328.348143739
3576831.124078415
1.3362900296888115E7
1048665.4271628011
1.4325143373593569E7
-1.5099744811808007E7
1.0950206510321279E8
-561909.2215533834
782832.0001228289
3.896695996417717E7
-7661529.445552996
-7733233.710436203
-6.789379554729375E7
1.7300757544420324E7
3821825.0790283824
-250993.72399264184
1.2420711134931445E7
-1299749.3143133505
-2.983947088088877E7
-7.04360823163205E8
-1.4284272066401508E9
1.4035149223441486E10
-3.6147046465099325E9
-1.2408721270806347E10
9.002345946780676E8
2.61559684411867E9
2.7713439179158688E9
-1.0877593089483573E9
-3.32260623636946E8
-1.8174159188596833E8
2.38807805892813E7
-6.295290798609567E8
3.188559795276547E10
2.1644479742378273E9
2.869677755789471E9
-7.533952084343662E9
-2.8962018450043136E8
2.294562329412142E7
2.1452510409062546E8
-3.5281536499801145E9
-2.0746376610982932E7
9.587449043304895E7
-2.3640172244633335E8
1.23218550727193E8
8.543117642321205E7
-1.6672292609551775E8
4.370714680734314E8
-8930280.288682694
1.3462586469073397E8
3.3675073922772723E8
-2.2295459343236464E8
-4.3925502565959334E8
-6.726462795383944E7
3.113898165587734E8
-2.2333760480954644E8
-6.911623831417407E8
-3.453277200924495E8
6.823311986686428E8
1.623649864829341E8
8.636645691415014E8
-9.136325832399914E7
-1.885298790388623E8
-7.115856418413945E7
1.3420504433068593E8
-8.090208889171573E8
1.5015958739408192E8
7.623708567809931E8
-6.230963315198174E7
1.464604723605295E8
7.440343102494842E7
-4.9705252520695895E8
1.447208713990869E8
1.8909941880545333E8
-6.4088712012820944E7
1.3353354275614748E9
-1.1570280908258963E9
5.843553226054966E7
-9.574969600312942E8
5.478683836217602E8
1.9434848796255568E8
-2.2757543272695055E9
1395498.586681442
1.0156807507721957E9
218247.63955566194
6.113592226953064E7
2.585172415608511E7
1.9430564061531118E8
-1.1944699757758908E9
-1.9146516993441038E9
2.6437878970461965E9
7.875464904790508E8
-7.171234494841619E8
-2.7983061407702804E8
6.978343920332416E8
8057141.69750786
3.953880604928705E8
-7.480349491378788E8
1.9316185709114187E9
1.1271079823138735E9
-3.44361316987634E8
-6.618385964582351E8
8.8889633075824E8
-7.342088077886999E7
-3.854778342513364E8
3.103433129401786E9
6.933780455932179E7
1.3662257510520642E9
-2.737112317552086E9
9.468820644210224E8
1710839.750261255
-611182.9238600096
1360088.7025705967
-3818979.237775369
-48387.76110533252
-1.036056075181558E7
927506.7477451251
7434240.854096516
6135899.120142991
-3194337.989417563
-8512524.387871059
-434910.8100264061
7900976.791510628
2270301.381391331
832856.3395735602
2668798.6701795487
173920.9076037601
-1546839.4175562211
4635131.658426678
-1814893.8652908956
-5111900.345710519
-2657181.3181664986
-2074546.669063843
8.166409130608498E7
733685.1540728774
2238602.575556748
8260445.160564031
-393979.5735646772
-4069427.8774636514
-4.85221170365361E7
5.764646844239301E9
-7.339060162836318E9
-4.985814025752515E9
-1.1849679795680778E9
-5.801136214516374E9
-6.583373881121516E8
-2.5888381265403976E9
5.480427609357466E9
-3.929447394040335E9
1.0428918407394286E9
-1.382862626261701E9
5.987249614389527E8
1.695680789765574E9
-1.7965964201434138E9
6.526751447190261E8
8.616752693341145E9
-3.6265111442184906E9
-2.556657668688562E9
1.4703544890203872E9
-4.465715800173552E9
-6.0184271367425995E9
-5.904589068150645E8
-6.423005469695623E9
1.1138662773250089E9
5.201431547878471E9
5.865142461559584E9
3.8023996851556926E9
8.225711409249628E8
2.6380453633374953E9
2.764649940075942E9
-1.5139260968258352E9
-1.4295218839679852E9
6.739800036874464E9
4.5987216534942013E8
-3.679941561635304E9
8.75116034078093E8
3.100608352829244E9
-3.6145141214695425E9
2.7831377295076666E9
1.1544774560920173E8
2.096347191230354E9
-9.674059637772819E8
1.3749349970292559E9
7.983528975343733E8
1.1579583202092915E9
7.004823168950353E9
5.263670529026375E8
-4.353899028869033E9
-3.211409945894809E9
2.115207756942397E9
-5.81211254799572E9
2.7332615048442024E10
-2.953016469948074E10
-5.262488787846387E9
8.66717281431742E8
8.102847682431049E8
-2.0362676729313645E9
4.595014610088325E9
-1.9586869006565526E9
-3.6566321539094734E8
3.0799703156298947E9
590783.0954753229
2.051542191410409E8
4.432514997065881E9
1.644831149241699E9
9.175342396238955E8
-3.698496429368643E8
1.9584155759915826E8
-3.9707589482381787E9
4.0133932763253694E9
2.2836658123103696E8
-2.4640686551500816E9
-2.406435246190058E9
-1.4285023515693253E8
-5.891954458190018E8
3.490033257784613E9
1.1158509783524144E9
4.59654586029176E7
-1.5564106900521142E9
1.3724973178512287E9
-6.924368321741741E8
-1.9356748364473188E9
-222115.40525397775
1.473155543913166E7
-1.5089567415872445E9
-2.3934595300073805E8
-3.1077040328150815E8
1.3326820316822652E7
1.019734493282028E8
2.4789317605709162E8
-3.27588180689001E8
1.5683590630379114E8
-2.750135195743667E8
-2.235973940661683E7
2.217690826797392E9
-3.1820757407617398E7
-1.9917023336361372E9
-7.100064777561826E8
-2.578078070355632E9
3.2176921196801686E8
2.7996622242050756E7
-3.951387977121951E8
7.740719690835235E8
1.99753098114039E9
-9.921775512824138E8
-4.987055710423386E7
-9.873002979385841E7
3.659785082288724E7
-1.1346290545454685E7
1.7156216068334594E8
5175163.502614363
1.4543748194981938E7
2.2255749799390733E8
-1.806491615575279E8
1480451.0125288686
4.424044917912774E8
-2.26891150180857E9
4118288.1326453616
3.931474416374788E9
7.384698526189213E7
-7.283596516584089E9
6.728339513504738E8
-2.5261778226021805E9
-8.218690968358518E8
-9.695011507656696E9
-1.1519615546771822E10
5.499664686007151E9
1.8467991397546348E8
-4.527476095489908E9
6.717136009810798E9
1.890252052580403E8
-5.254717957037726E9
5.73335521169863E8
8.127623331728997E8
-2.715508381806854E9
2.4653077955730553E9
1.021143414894893E9
5.635271927068716E9
2.258723878860989E8
2.6789688347431934E8
1.9373017191813142E9
-2.20857259255153E9
-5.233112275415438E8
-3.8725587169972754E8
3.64197993644447E8
-4.467095536541931E8
6.977828764045024E7
5.657807701181324E8
-4.943763937679755E7
9.352871022193363E7
-1.1033168322589843E9
-3.583234702356304E8
-4.644557568576766E9
1.6893408031806376E9
2.1121467572069278E9
-3.1919950528255725E9
-8.748077310910322E7
-1.7366305780755875E9
-3.25320167176435E8
7.426490476262157E8
8.122363476097391E8
-5.734482634998977E8
2.3114159870448794E9
4.708385287854539E7
2.5669195275719175E9
1.1511995779721735E9
-4.905645936862084E9
-2.7093037794994817E9
1.554934147506917E8
2.659671178794759E7
-1.716755785517122E8
-7.131160982229121E7
1.4933611761454573E8
-1.6469305207800514E8
5.6370573867781565E7
1.294154348900315E9
2.733141915575581E8
-1.431025570344839E8
-3.8438667237725896E8
-6.42631609078637E8
8230006.8097965885
-3.0984560695219177E8
4.2589808753481644E8
-3.902973558696244E8
2.27207794378464E8
-2.0143943662178564E8
9.832993330797955E8
5.3092200776985645E8
2.796308744069638E8
6.66043925511799E8
-2.368067750637879E8
2.239137121669029E9
-6.5268441208147265E7
8.267894989407213E7
6.523096858422122E7
-1.8203488153610355E8
2.71206124715522E8
-1.379218886062216E8
1.9332363317517918E7
3.0094235369571275E8
-3.6525388599545753E8
-7.813682977633058E7
-1.6067117454045122E9
9.03431245212817E8
-1.6867157178432137E8
-2.3576903391924876E8
2.814763374211033E8
7.519727830646752E8
-9.490495615333192E8
2.0546985289205585E7
3.082173086265668E8
-2.4023418835019207E9
9.371583741459007E9
-1.3787694127561126E9
1.0715804468078299E10
1.3922890233854609E10
4.964448580605193E9
-2.3554266923798355E10
6.471646614819408E9
-3.8662499629759746E9
1.8870882532451115E10
1.3534333961044556E10
-6.975395677518921E9
-3.366172788148608E8
-1.2036274010262093E10
1.3189377325690928E10
5.613299144980111E9
1.8295621813721352E9
2.699642782217295E8
4.1481146996868763E9
-3.1226587883059254E10
3.6258188176866484E8
-1.4142202285895336E10
5.950354513534529E8
6.970198892568401E8
-3.7624511595860834E9
2.1467132235200867E8
1.4113576706925676E10
9.640862434943448E8
1.161593752532362E9
2.944891614735149E9
3.5860724247507405E9
5473784.25268359
-2.676401490152647E9
-4.90502788738212E8
-3.414057507797531E8
-8.502660098937924E8
3.561309724419482E8
6.41039025239706E8
-1.5941921102698417E9
-7.171072266519436E8
2.8386098774409235E8
-7.200384681654035E7
-2.17621613597122E9
3.7167517234373486E8
1.36698500990496E9
3.723152741784955E9
-2.6499922910457832E8
-7.428522511724448E7
3.608746915659899E7
-1.2149971417915975E8
237712.7598971249
9.555791297840397E7
-1.110548008463814E9
2.0239416237897925E7
-3.0039387713651985E8
6.6842097453903E7
6.170616522449627E8
3.148638239152485E8
-2.1171649148691066E7
-5.564312129474955E7
-9.454352381702226E7
-1.0775311851687491E8
-18040.791875807394
6.790761088170789E7
1.5409117693314085E7
8018544.475847195
421914.5695489315
2.4365069163199313E7
-8.927598332982421E7
4.728770376410826E8
1.4386496518780613E7
1.7123928723276824E7
-5.642824249671522E7
-7.776623354569958E7
-1.4740721758023692E7
4295736.277997956
1.5367769838793252E7
5.503749684897346E7
528440.7228298044
-1.0570150549502298E7
1.1621299346388912E8
-1.5091834611651143E8
-3.678167793435681E7
-748833.5868573264
-2.693194798011426E8
-1.2426967329708263E8
1.7931621050826427E7
5995645.753892533
-1.0188691119730635E8
-2.1673212374864992E8
1.7675349391040847E7
-3.222740275122944E8
8030411.707303544
-4.82515278612249E7
1.7369138903651955E9
-1.861386896315192E8
1.4490662693440315E8
5.578453181760557E7
1.7111150790877327E7
7.751227637294106E7
1462967.2414986086
-352798.02321945044
60998.90208835025
9.303420217308861E7
-7.411323875659456E8
-2.756306867720888E8
2.711791583675156E7
1.9607499502024674E8
-692538.5866848131
-1.309642790922497E8
6.826343224675868E7
-2.4769770381048325E7
8.960906686525136E8
1.6693136531651652E8
-1.2004924256833293E9
-1.3149170007762045E8
1.901378201894639E8
2.0334036997800639E9
-1.8139844289300343E8
-1.4735865848238376E8
-1.344062258218419E9
5.948507268865721E8
-3.008647399815822E8
1.0047826074769241E9
-4.334335543974567E8
-2.3249496085788293E9
2.201186689739331E9
-4.345382118024268E9
-5.993332428104306E8
5.2999575873196475E7
1.3953860827551515E9
9.549963474204524E7
6.920657733906817E8
2.366025071922296E9
-1.340556935301022E9
-1.8379343797665423E8
6.096742490612292E7
1.439185923959379E9
1.2903316724772375E9
-5.537669391510236E8
-4.260738580464603E8
-1.1675844169798064E8
-9.28081040703191E7
-9.888440358444903E8
-1.4892578505016083E8
1.8734243085371757E8
-1.209882451946561E9
-3.591806112202092E8
-3.864560286101377E8
1.6628771617841535E9
-1.2747665583603226E8
6.679700585739739E8
2399555.9447843307
-1.8391588417344548E7
6931477.5743463235
-3.167925698079877E8
-1.318852926719556E8
1.9166185022106287E8
-6.487392070401831E8
-3.6408643470010036E8
4.23381942811622E7
3.0967623292827997E7
-1.0854069442477868E8
1.9757348363719898E8
-2.887700271120277E9
9.569826643042141E7
6.317305171360347E8
4.2549964262284713E9
-7648471.455728105
-6.116522042426554E8
1.8941876803131396E8
1.622953289323891E9
-2.5595716220980462E8
9.646296278707752E8
-5.859779515132022E8
3.6715872723643935E8
-4.232532881951077E9
3.050525144936208E8
8.928740968742082E7
-394.2263311417892
