4.5806125090719175E8
4.748293090378886E7
-2.597956083021977E8
-1.5430522991844244E9
-7.258255651763022E8
1.8734077040145525E8
1.8381881011103585E9
2.509774073397074E8
-2.754684606989564E9
-1.6684123295741287E8
1.1896372970385034E9
-2.703620818849404E7
-4.139019687212491E7
-1.4710840957458264E8
-1.0259932151326876E9
5.945525036273437E8
-4.946895195015707E8
1.9137942737891192E9
-7.394860412495638E8
-1.624159093487608E9
2.838453056279623E9
-4.1004858343880016E8
2.052680381615936E9
-4.5623292942760456E8
1.1176168776973412E9
2.8724135030815166E8
4.069077683674906E8
-8741071.494280178
-6.089587136437361E8
4.52378339086265E8
2.7325590003872557E9
8.092728775728813E8
5.295454322492138E9
-4.5434369890475947E8
9.89037635158658E8
-1.440376204014241E9
9.297643958847634E8
-1.8973617937277496E8
7.489563475274508E8
2.5561051130689345E7
-2.7461200066039056E8
1.2815771343416743E9
3.5120511346825657E9
-6.74937295032856E8
1.1589350306014657E8
-2.720453626267992E8
-2.1923341186497328E8
-8.346325567741686E8
-3.2804758335808153E9
1.820868632368763E8
3.150350880753696E7
-4.947677033516327E9
-2.9678664832666664E9
2.1526381082117066E9
1.9081998803036647E9
5.1962361344193585E7
5.379675820788562E8
3.324622870837832E9
6.734564715951884E7
2.9189758634445995E8
-1.82895522196997E7
9.8644370421946E7
-4.568616179447124E8
6.13294006013109E8
-1.398212868688129E8
1.7481095382807755E8
5.512771288434632E8
2.8408996972107023E8
-138002.08830366263
-7696181.768329447
6.519420602389783E8
-3.871042581811456E8
-9.898901419076611E7
-1.947555497922849E8
-1.4357029958617863E8
4.2842714373447165E7
7.044905168696154E8
3006418.617444505
3.2197526303155743E7
-4.1645353845812094E8
-5.53962761750915E8
4.91117649386834E8
-6.038187140999337E8
2.0107844594576895E8
4.706926164617688E8
1.5357516285808134E8
-1.3695151407257536E8
9.017823526791301E8
-8.320455638586017E8
-1.577256133965451E8
-1.0198395161488067E8
7.227108100534701E8
-8.619856539434393E7
-4.031306112684927E8
-4.3657614851291525E8
5.821409611545204E8
-5.0624500769437844E8
1.0384352030596373E9
5.231142548554545E8
-1.2530146424292958E9
3.990604479686169E8
-5177831.578837401
-5.942464417808416E7
1.0677675487369576E9
1.1166473065911688E8
5.652706816308455E8
4.383955995851388E8
2.4480590080318552E8
2.4336304875966372E9
-2.935429199136314E9
-8.331695267295345E8
-1.3233317582693908E9
-3.530057337532345E8
-2.881339554990183E8
7.778469895542245E8
2.6215550640444016E9
-6.546304190428835E8
3.765326941087228E8
-2.5755619337959204E9
9.95461499502477E8
-2.427477158505379E8
9.173309690487282E7
1.6296424959288504E7
2.1411635490920162E8
1.1883100279868002E8
1.3891410920416152E9
-3.46017009151168E8
-2.711647906211997E8
-6.930861472015666E8
1.1419633896160004E9
-3.454247530110979E8
2.9946785332665668E9
-5.75853807676151E8
-4.703326975828566E9
4.320250892471206E8
1.9915775635147915E9
-5.0504572131881785E8
4.460809688913947E8
-1.4635575170207455E9
1.3102663465743418E9
2.756895571344419E8
-4.368677423267238E8
2.981779737299823E9
5.636968279186373E8
3.8469019926800597E8
-5.1180090721079195E8
-8.680713931162037E8
8.027671946494411E7
-1.228938094908739E8
-3.0702488837009686E8
6.882964740212088E8
-1.3407167848797476E9
6.403231337640615E9
6.3340616530039215E9
-3.8857437603168316E9
7.202764840681271E7
7.207408694041159E8
-6.730581320631638E8
3.806084852482841E9
1.1528524635522202E10
-1.9098072664693477E9
2.106725741655466E8
-7.106821822612885E8
1.2086768953978806E9
-6.041031020026506E9
1.8732784414323204E9
-2.0117371723023467E9
-7.317816446874722E9
-1.7650997276662558E8
4.626035695067223E9
5.016979375706346E8
2.2093098980106077E8
-1.8991965610044098E8
-1.1619561710705631E10
3.5212652693869214E9
-3.356140597584143E9
-1.9874560721075318E9
1.7879390979092865E9
-2.434389784968264E9
6.918066983748078E9
1.443815036814247E9
2.9356191917888635E8
-3.488034163021764E9
7.672090845600063E8
-2.8854561623533893E9
-2.0484938411429923E9
-2.044669518498731E9
-3.137974903369691E9
4.3519918136720705E9
-3.945521033157313E9
-7.611033404083808E7
9.427773240704401E9
8.558300203379194E8
-7.843467943183548E8
-1.5397633114205062E8
-3.7701420215333617E8
-1.2059607267235258E9
-2.354541404174415E8
7.179021043395018E9
-3.436938286061198E8
2.286028622224903E8
-3.246548802788754E8
-1.3243497812707473E8
1.0377966878325329E9
-1.3084257799426962E8
2.345192991038408E9
9.020301388300666E8
6.79863722589454E7
-3153378.2091594716
-3.4711240151505575E7
-2.602625060013488E8
-1.2161745297032166E9
5.976799120025091E7
-8.216648779709522E7
-1.3528543356031826E8
-5.631251797383276E7
-7788657.2104932405
-1.034872858541498E8
1.1435277494342045E8
1.0677975858456244E8
1.400224386523877E8
-3.727654756181519E7
-5.223534519936211E7
1752201.0825253858
-1.62527553783728E8
4.7829408384255454E7
-1.8829357320860185E7
-2.6487641193062398E8
9.791886787563899E7
-1.0627239285945678E8
1.1155239059118937E8
-1220404.1229776877
-1.8877451555434158E8
2.773968774410636E8
2.4043063528594467E8
5.172622470518042E8
-6.540203019108336E7
1.150730124611447E7
6.116006031876069E7
-7.813097787558585E7
-3.733739111265402E8
4.8713888163059875E7
3.9278014802799997E9
-2.7242301844383097E8
1.2679849094238188E9
-2.4754517017796E9
1.453525692994529E9
-2.887040131384099E7
5.2904162566202784E8
-6.475917452352496E9
1.050692481710389E9
8.360386041051928E8
-3.7844536419838E8
-9.921291336014235E8
-1.823661389411683E9
-3.2615290592899337E9
-3.5077084578924785E9
2.536257608820275E9
5.386033803763079E9
-7.560450386260992E9
-1.5409331244153523E9
-3.570088445336879E8
-1.728759972856175E9
6.822572135381403E8
5.09532882099596E9
-1.7716318323818657E8
-1.7074776549712303E9
1.4712990100079098E9
-3.3994960736723037E9
1.5730225752670257E9
-1.95799715279369E8
-1.908259895911175E7
5.331593522237249E7
-8.997586335604917E8
-1.7724240260218185E8
-5.442146963910147E8
-1.6801071794739302E7
1.932285392843136E8
-7.543076074812562E8
-1.0464636903356695E8
1.0781869388692253E9
2.0813046177529004E9
1.2984392119333766E9
1.678595709995866E8
-9.889739702797893E8
3.996955174046453E8
3.9631662055666137E8
-1.2785877964924343E9
5.135662247248283E8
-5.2002177158320004E8
1.879200973126988E8
-8.132188734543733E7
4.296565224896832E7
1.3926315707629023E7
-9.808352141532643E7
3.995681307172061E8
-1.702284283972499E8
1.9475711362637568E8
1.296214624733967E8
-9881711.307942607
1.718968929960817E8
3.999936328027193E9
-6.233286293668675E8
1.0332659854711731E8
3.006416151247611E8
-1.2748133723363528E8
-6.09053654345986E8
4.214664572713026E7
-3.0868021348477937E7
-3.768599474749686E7
1.9738416509437967E7
6459955.626286244
583282.698104678
-729705.7110166183
3855838.979213391
-4309240.425155086
3.783999794476009E7
8.850763078967834E7
3.9545508943231076E7
75548.71392615384
-33381.70499251072
-142829.33903918465
-8.59860713896507E7
3261791.481065388
-864108.6029612531
158214.03288613833
48498.58257016947
-2.457831457657611E9
-1.3150086352203505E9
-1.5907655376757972E7
-1.3894658281052569E7
3.0601176609477397E7
4.860359693270813E7
2.4589924248278562E7
-1.5274742937891912E7
1.0224539191687569E7
-3620631.716166338
8799390.210469449
-2.4371545608193535E7
-6.602021036317033E8
-5757718.802382713
-1.1258439722461514E8
-6.045654757172605E8
-3.067549745322397E8
-6.662732617965299E7
1.9087313234631732E7
-9672652.948852627
-6.594352193346425E7
-2.5403555113986993E8
1.4035433801304877E9
-3.883684570130384E7
9.024118144964875E8
-7.352922569017358E7
8.590314230821677E7
-1.528878217511894E8
5.86859054429919E7
-1.0589353061694308E8
-3.991445898972635E7
-389776.30600579234
-3.209988941562637E7
1.7976018985785632E9
1.8227474968819346E9
4.61157232532159E8
-2.100951942868916E8
148220.7131802121
7.292300371078107E8
8.037596877057077E8
-7.864730354193441E8
-1.5323022739406714E9
6964318.4786889255
4.9726148685496914E8
-9.567163231478263E8
5.704222573391068E8
-3.416810847555272E7
-3.9801651202574415E9
1.2561910375224094E9
3.5050358525244427E8
-1.8974966200875962E8
1.3218238060480974E9
-9.683344395700617E8
3.5706309645136225E8
-1274217.105363226
3.0917335412570536E7
6.6032516085969426E7
1.0215490974348901E8
-505172.3536954321
5.900833780747249E7
-2.468075822549023E8
2.406089842787288E8
98712.9853799228
-5.7050743186017014E7
2224219.1028550416
2.8693908052923316E8
6531989.26475909
1.8528744695915776E8
-4.09682349525883E7
2.5530054556779358E8
-9.142232221898998E7
-6250322.432094686
6.1816476296367116E7
3371333.4200880583
-1.4803364353961912E8
5565628.425281433
-1.0305586320370498E8
1.6099548150437042E8
-3.3297148246035194E8
-7.185230774302593E7
1.4958740849430218E8
-1.745354865673475E7
3.072962576080744E7
2.3964729853753664E7
-8.11247468096842E7
-6.702798376395038E8
-856041.2684122791
1205077.2908338923
1205509.6888924425
2.2129118843034934E7
-2.1916752464144707E7
-1.3725433089344354E7
-1474839.8262568268
18702.312974111093
146577.2552599027
2.1645415945942545E8
-474557.2753503053
2.284284224550589E7
-1781161.9260894335
-1.77870287888135E7
-5019096.044149541
-766950.6233453451
3.6507650247704394E7
-3.883773182871079E7
-1050920.3690957804
-6785698.875867157
-4919548.389201261
1.4582656653806455E7
4740201.876003887
-4064026.7017142666
1.5552543819849212E7
250237.20632501875
-218476.4919473661
2839350.4902828657
-4675966.657516962
-24405.78159241773
-3701348.982372469
1.5841642884874161E7
-1224616.4243435268
349264.90201522905
271309.7596702003
148862.903680457
-4656214.030782319
9.46525094146847E9
-5.961411370231703E7
2.168015240694019E9
1.4154148483254686E8
3.8343699165224047E9
2.197699581043852E8
2.1852477394935766E8
6.132505845648046E8
1.6400322839953488E7
-4.033057602829726E7
-9489324.495583968
-8.106515510437243E7
-4.3762304961475724E8
-4.375638288458586E9
719146.9680458897
-3.100408192184631E8
1.0803205251706153E8
-3606503.7036006623
9.792739984509231E7
-1.28884256402929E8
1.4681256325125353E9
-6273616.164897367
-6.2134526078063674E7
-6310681.560985474
5.498955548896862E7
-5.153564533780428E7
6.174494123622129E7
-3.502824374538821E8
7.135558657514586E7
-1.1952612594749886E8
9134362.752814805
6.899095756219614E7
-3365359.9447444817
4.331481207931595E7
-4.1244312704627745E7
-1.1883371437763166E8
2.0051884276018414E8
-8.777121314766732E7
5.409167171309904E7
6.8928961005486E7
-1.4276529969610015E8
3.892711341247904E7
9.728209718529145E7
-9.915267819332968E7
-7.871792751249452E7
1.9236370226723996E8
-1.3115148583561974E7
-2.846783903411017E8
-1.2710932696763971E8
-3.8343444653310575E7
-7166818.750683762
1.857942466501043E8
-5.389015315666386E7
-2.5206773833647877E8
1.0818782845138136E8
1.1949427887671076E8
5.631539816343871E7
-9.081640092561905E7
9.055503263067158E7
8.393993834122947E7
-5.720938586276453E8
8.42649451231143E8
6995369.026147146
-2.1603949704596475E8
-498374.0591452374
1.1898099130335651E8
2.1419575019083488E8
-1.2884001481522816E8
-5.231943191100373E8
-3.021876891661324E8
1.9502827520388713E8
-1.0255423926605679E8
-1.525709693138508E9
1.5358419604776648E8
8.256429273455545E7
7917007.774040473
-2.377449149055196E8
-1.7311191640112206E8
6.14103636241848E8
-1.0169889139462002E8
1.3304162862945403E8
-2.3424316306059057E8
1.5003771608073446E8
1.627618892231961E8
-1.1172033344235562E8
4.593664354612738E8
1.9497735722941577E8
-2.262211118012014E7
-3.276669516952119E8
9.38144853378729E7
-121131.10717236278
-10220.143969032912
264591.84053729684
-1162790.471192362
-369747.40627799055
277483.6491177946
395889.4565889723
-1280939.6265706618
89686.20819946776
-2113841.847082674
2106228.0027048932
11647.89143330347
1389473.896610466
477104.02783594525
274430.1297565173
550978.1691163519
-165173.12877056963
292427.81098954607
184587.149021922
521509.2383934312
-374637.41053758835
-149759.75057178142
-240926.22944664495
-1535261.7988163088
1124329.3849015357
-211392.55914549858
9137603.11816153
19635.44623753195
-1454650.8117747502
1.0589069828710034E7
1.0404629692191322E9
-7.398366492175614E8
-2.0490710505248597E9
1.0412314059474008E9
-4.2648832262676897E9
-1.3392962249992468E9
1.1659197163916955E9
-2.0259847312829235E8
9.772750821768196E8
-2.684495939864634E9
1.0353593465941194E8
-2.2758777481532806E8
2.620266683511237E7
-3.5928124990357536E8
-7.423691841684645E7
7.7546751365389595E9
4.7999622269605136E8
1.9855915219628394E8
2.0498503885957974E8
-3.349876499793131E9
-1.276962262656804E9
-4.8583000000153875E8
1.085834482252096E9
-1.5095732062846231E9
-2.1795480453317614E9
-7.877585741770585E8
-3.21011179237755E8
-3.62471348739784E8
7.954305501402745E8
5.386557869505957E8
1.7647344789249685E8
-5.974747992067204E8
-8.429397292483971E8
2.3019827095646685E8
4.977001403366565E8
-7.4226198355986E8
4.987522687711958E8
3.229299949381933E8
9.539272561393505E8
8.011679273596666E8
-7.074738818167071E8
1.0082012675173868E9
2.8998036683019567E8
1.651292053634044E8
-2.390223369828203E8
1.9805946228403244E9
-8.998285273460897E8
-7.282744432523241E8
-5.032982830838726E8
7.384328235548148E8
-1.2342437718558862E9
-1.3444328081451735E9
1.7110082146987014E9
-1.3112609849117517E9
-1.0155869627925893E9
-2.890646593288493E8
7.348293628728998E8
-1.6985549646997092E9
-3.537629100844284E8
1.3088420384093227E7
-5.192175275542011E8
-1999356.4826083195
-1.5347921366969608E7
-1.9983521228336838E8
2.8653972071023166E8
3.6400213944812214E8
-3.0542564550846633E7
1.531381223678757E8
1.1497094102575662E9
8165101.771789644
7.775661994618378E8
-3.079957334173218E8
-1.4597889518463876E9
4.3816941817929216E7
-5.639016621474537E8
-4.4635846175021553E8
-8.806919593907356E7
-7182212.786151262
6.237572142977889E8
-4.501860716350735E8
-1.3407999887054066E8
9.917189737800445E7
211627.86587829117
5.6671791864226036E7
8.809388049645525E7
-1454807.875396471
1.459522084813136E8
-1.290897377020983E8
-4.946691914596042E7
5.056190976547636E8
1.2621890349447945E8
6.721698794565547E7
-5.7175650035106346E7
-1.7970614715224296E7
-1.0706734466764589E8
-3.9594658679419465E7
-1.7322957825143117E8
-3050576.139155128
1.3153543357144414E8
-1.5178421426679648E7
-6451575.5973352045
-1.2716531359797919E8
1.7855732978120857E8
2.0570729284061962E8
-1.7651419875354576E8
1.0871804144806688E8
-1.2443460534946034E7
4.521734226439101E7
-2322225.7317632106
-5.0541886820099056E7
1240484.3402225676
-6446759.613232247
9.27263716788685E7
-2.5413593472941335E7
218780.88387409915
5.715674307814822E7
1.768559230180768E8
-70887.73700091662
-1.0056263183632244E8
-1.120512821196326E7
-1.6721184538992558E9
-1.1534955741987817E8
5.266984927843181E8
7.936553470518084E8
-4.933821690217606E8
1.1904498803198128E9
-1.0966637541972563E9
1.0145037924252385E7
8.048119123510276E7
-3.164513756779185E9
1.3732202707435426E8
-2.0281542586862943E8
-5.398307933104575E8
1.7964450768004837E9
1.8493060298351097E9
1.7848483745551672E9
9.574930871340476E8
1.2535347254861178E9
-2.1018011613943808E9
2.1900116576702508E8
-4.430902691760032E9
-2.439139529015353E9
-1.9972968279518E8
3.7585800096878767E8
5.034800685322845E7
-4.0199940279546964E8
9100228.473635603
-1.150013178766773E8
-1.4880814094167426E8
4.5426107772257566E8
-9.387338631450641E7
-3.367697957761436E9
8.107432487108542E8
-1.964207507001347E8
-1.2386528461645451E8
-8557327.6566558
3.775655184184806E8
-1.9344799000672894E9
-8701954.824781492
3.447070948979588E8
-1.0455325463015283E9
1.487707498404953E7
-6.606235844589348E7
3.946853780271146E7
8.2275436292171E9
1.186166035134793E9
-7.826165110388597E8
-4.995985509049243E8
-4933618.298929637
2.4436116231036883E7
5748214.827174676
-6.445963135054332E7
-1.2977961528573046E7
1.1904901363781072E7
2.4547782039260067E7
-1.8934584684462196E8
5507782.285756031
-3401709.349167968
-3.2273989152532753E7
-2966400.484306802
-2.4856195886466704E7
3.137556023946862E8
2.899563917014915E8
-5.931371499714074E8
-3.229137029836022E8
-5.877876090856467E7
2.5997730276268843E8
1.1723704159230435E8
2.218213506244013E7
3.846942036996639E7
3.8959089337911093E8
7.965824223838446E8
1.1826994625670557E8
-4.074004623000564E8
1.6553540164007006E7
-5.6401827395345934E7
-3.457996980363445E7
8.54853351242355E7
984127.2115676749
2.0221736885832232E8
-1.6139207039879566E8
3817898.122630472
4.6516038908248985E8
1.0334758226901776E8
-1.551632261935691E7
-7.243654850130458E7
-5.865196056649064E7
3.095404507087142E8
-2.521754770631329E8
2.91738049298667E7
1.4220454291201332E9
4.6435823879368044E7
5.542423688332863E9
2.0773235314254823E8
-3.7767865332594557E9
1.9475862810047293E9
1.4788438577106705E9
2.7337276285147753E9
4.8256240799882454E8
-1.1220516530792131E9
-1.3603634801190028E9
-1.266366473132507E9
6.388402077534852E8
-6.217173757756407E9
-1.7820864914679449E9
-1.704398170199227E9
4.360460772861911E7
-4.134500550251696E8
2.443224668820987E8
-2.62315501800682E9
4.196165102406417E9
-6.484577544828994E7
3.983304803416096E9
2.4689034317072377E8
-3.653863734601102E9
4.6677073323666286E8
-3.3938684788682055E8
1.1326050822276008E9
1.2754416621201922E8
-2.597238002659078E9
-3.358387893337858E7
-3.2383300429837897E7
1.2002187314060473E9
-1.6723840086423233E9
-1.018991832054378E8
-1.0361082286824813E8
6.827401537430187E7
1.5752857888498637E8
1.4917775307302782E8
4.2064985681996727E8
-5368867.054375892
-8.565934904733524E7
5395714.974610466
-1.389015109163681E8
4.961734197633593E7
-3.2347221160227017E9
2.0381092285241435E9
-6.386031333277857E7
1.2162975711605595E8
4.136292223528517E7
-1.322024920330726E8
-206588.5027615496
-1.0270776942143468E7
-3.201560059838904E8
1.5048196457036036E8
4.417005667498799E7
2.9813788165521376E7
1.218505037491382E7
-1.213377039355402E8
-2.2743917633152455E7
4.422057311221646E7
-6146735.621751336
2.1626086749629192E7
-18902.271677332246
2.3043001253084075E7
-1.6234504121050792E7
-3.143273014864577E7
8550424.890154345
8804811.665847924
1.1079721463946041E8
-2.1022107353508297E8
-16584.96774437426
945509.019527763
4.0448121419601125E8
5955923.470295481
-9763956.152969649
3356200.614948068
7472677.132689204
2313980.9164192826
4.018422987386305E7
-2282435.86277679
-4.5954386717569396E7
-1.889700676573124E7
-9714947.131930055
-1.3837229822078211E7
7.644926571486987E7
-1.2107567873906944E7
4688787.973648093
-949322.7936703358
-2.1992094938158968E8
5581360.146556752
-2.9730156905612346E7
-1.531590678343112E8
-450026.0583138375
-7550676.609035001
-4.739182905867618E8
-3.323309664082957E7
4.5787716947024494E7
2.111409211109052E7
4.910020861712459E7
1.2166436529641084E7
362828.96271120023
-29892.445241081237
30352.6800126469
2002355.0918757617
1.5095415919524446E8
-2.669012685891197E7
6833011.031014341
-2.910293427935101E7
102526.10780497895
2.2177871657187968E8
1.239205414848286E8
-1.1886492194245216E7
-3.545917862779119E8
-5.2013763741558224E7
-1.363377437775269E8
2.762498854865955E7
1005594.3366882359
6.229346474716807E7
-5787715.745492677
-3.68308613867984E7
1.3866610926658845E8
-2.3163945687448743E8
-1.7691377205260906E7
2.865492815801205E8
-1.0604839158136393E8
2.3819622917448884E8
-2.3496868946559167E8
-1.0655601117848237E8
2.8634623536629313E8
1480655.5459989354
-3.8697302930858356E8
1.000014906855307E8
-9.252890533524227E7
-2.1025202670978704E8
-1.353933399733514E8
-1.5853050044580217E7
-1.2912944706104316E8
2.858475671223095E8
-9.356356370798932E7
2.0380670453181833E8
-4.5287700212749824E7
2.258902472791321E7
4.6362155131367885E7
-2.0446258884446615E8
9.04477838449697E7
-2.5256439568761747E7
2.4572517924150907E7
2.9807224661598254E7
-5.98010576142509E7
-5.0777074728453904E8
2.7901873320198464E8
1.2237130172604857E8
-6714735.422892517
28033.2122881209
8.00335812878205E7
2.343319452339284E7
-3.0143864349245727E7
-2.6830172005277786E7
4.297100416567955E8
-5361583.608160576
-1.902037844711538E7
2.2058999789161917E7
2.968192360293059E7
4982585.869405734
-1.2515430508184059E7
-1.9875963371831045E7
-1.4569295425823212E8
2.7555401921207315E8
1.920425980877645E7
3.16296128391635E7
-2.037856704785437E8
-1.1200453129958908E8
-1.2740506371222977E8
-2.857917385873238E8
7.434715830719243E8
1.3182114958410576E7
-3.5577856285534585E8
1.1512042538278255E8
2.0461636448354747E7
-625.8649259168459
