1.221404855567373E10
-6.029470594622643E9
-3.229938747784995E9
-1.4651760507175646E10
2.4035478013054447E10
-7.460078147512325E9
-2.501976110962644E9
-1.6370834630397242E10
-4.1975753355475445E9
-2.336428728973893E10
7.574572002414523E10
8.102966575764203E9
-4.363516312573622E9
1.0504122676462E10
-4.589684946924165E10
1.110740310323551E10
-1.2982463627192512E9
-3.837298681493455E10
-4.052691578174445E10
-1.7860435342072292E10
3.94720328272032E10
-8.073965140003924E9
5.64818159506764E10
-2.3094765160740692E10
4.2559090078215885E9
-6.827523943475077E9
3.9178045928688323E8
1.3128855843339321E10
7.503752267316469E9
1.676662882530744E10
7.711467097299418E8
-2.4725077528618693E9
2.2791123487273404E8
5.770977844079989E9
5.99829635810703E9
-5.700675512513324E9
7.045004684059613E9
-5.093353113316368E9
3.3836567164742436E9
2.0906515481082559E9
-3.4128487335148168E9
1.403234980097231E10
-1.0493095056836367E9
-3.387481911183328E9
7.241665137969865E8
-2.53882700445398E9
-1.4979334567754714E9
1.1504568294894169E10
1.0369035864986107E9
7.827987432130349E9
1.477510470751458E9
-1.9868080583313244E10
-5.295567823964848E9
8.172950351220654E9
8.637952145754116E8
-2.1484806091891665E9
-4.820342732030531E9
-4.416594150682423E9
1.0943909784119604E10
-4.365624676776505E9
-4.880529922115249E8
4.0569331583799714E8
-2.0583246198177092E9
3.0818440012594256E9
-5.512493506108882E9
1.4205763427256334E9
-1.5698801192167096E9
1.988180182141618E9
-812164.4391245241
-1.8444455797782724E9
2.301345806065665E9
-1.829739834433098E9
5.389718336429055E9
-2.2180085984067416E9
5.96902180250718E9
-1.112024611226116E8
2.697881661009219E9
3.235095410520381E8
4.2792852497100455E8
-1.5702239901195776E9
-3.3330703858585925E9
2.649945242624399E9
-1.9014349664029498E9
1.1220313971841202E9
3.5437843749002967E9
1.4591842242682452E9
-1.3098145762131217E9
2.4354844709433084E9
-3.752449242673372E9
-2.3883582833906646E9
-3.1958703073794303E9
7.549301007660673E9
-4.1041983094317183E9
4.0199845716186123E9
-4.430859574940352E9
2.3255443973354504E8
-6.856804176733973E9
-4.651774608040301E9
2.4860027706401253E9
-1.1496361535359251E10
1.6866737706506159E10
-4.286537203261236E9
-1.1804859420070513E10
7.984128203459115E9
3.893479704910934E9
3.511909969269851E10
2.962794157890798E9
1.9485534074416835E9
1.0729836861671246E10
-1.8645965947922157E10
8.499393278250265E8
-2.642270860970363E9
-6.0860478225537615E9
-1.514270036209905E10
1.0485809504916143E10
3.1410676595615177E10
-2.0700507955449646E10
4.1406233172567077E9
-1.094568763328207E10
4.308195253088445E9
-8.715600940310444E8
1.277560557395346E9
-3.1199203059571743E8
1.2237042780428154E9
6.654446325038131E9
-1.6779342099644604E9
1.8068559817444084E9
6.113182825848937E9
-1.154583877577374E10
1.2971816847574236E10
2.912594034557337E10
-2.278904558673839E10
-1.7388721370622456E10
-1.8636845341878746E10
2.6936163579957314E10
-2.4556958760568356E10
2.65140298751497E10
1.3760282992619387E10
-3.522874705545736E10
-1.9654019130962627E10
2.64224154389929E10
-2.16672953722672E10
1.0026827174268738E11
-3.087863817828941E9
-2.4180974855008044E9
-1.9733842660258145E9
4.368424334373691E9
3.2134154642766304E9
-7.85694033796425E8
1.865494868801975E10
8.621271100020636E10
7.962749243623967E10
1.505819257928567E11
1.0275474323246936E11
-2.8284249547132117E11
1.3222578047457142E10
3.806951605330005E9
5.318771498882982E10
-2.972553905291336E10
-1.7370705977681236E10
-4.900788263640187E9
7.55584526698897E9
-2.2559870060658104E10
-2.7912614229730408E10
-6.637671814626092E10
6.082772785741683E10
-1.851074473774379E10
-5.3579360658475555E10
3.489062585660631E10
4.340977390007437E10
7.26113932659078E9
-2.273076854901784E9
3.516638478108108E11
-1.3771178284632657E11
-5.451578611626958E9
-2.8181395229284897E9
-6.971709669132336E9
-1.448099688176103E10
9.587034096960815E9
1.0882804369527855E11
-1.0829643787086844E9
1.3503527086567606E10
-4.3115576445389305E10
5.930194899456054E9
-1.5493156659104017E10
3.1238289381837374E8
-4.56366527953537E9
2.928192515815752E10
-7.116951793720259E10
7.621868361895169E10
-1.1706628243221533E10
3.037901020244759E10
7.054833729490175E10
3.5163333553044235E10
1.6364122157310787E10
-1.5226327271223502E9
-1.3123127757593634E10
1.4948480988084806E10
-7.308258045644519E10
-2.33795686829192E10
1.0336853865087461E9
2.020673126559467E9
-4.779656420292448E9
9.113875965344564E9
-5.499234276066722E9
1.696577638666877E10
-3.0687582135565095E9
2.2224398575126324E10
-8.312173996537943E8
-3.069296643527995E8
3.2263161548348945E8
-9.196134047902505E8
7.406833031606003E8
2.0783285712940385E9
-5.775383743676996E8
-8.698713285811057E8
-1.2917465025966945E9
-3.24418372916036E9
-5.8153357127486944E7
1.996828522642868E9
4.9826305602310294E8
-8.243739184251927E8
1.9609932531291756E8
-3.6024328089051586E8
-2.122642845995682E9
5.180363213040832E8
8.71118413181079E8
-2.1657134562507944E9
6.461982429541143E8
-5.072242731866992E8
2.163825807173684E9
-1.0227997311561071E9
9.358265643261473E8
4.444816608524428E9
1.3400743300837114E9
-7.612117045867292E8
-6.453434581341082E9
-2.331910184783365E8
6.288228130709364E8
-1.1082954226773002E9
2.2132354456974323E10
4.2425733940873156E9
-5.96418132765414E9
-3.900473798767233E9
1.3635810660976994E10
3.478461270893075E9
1.3557895369378723E10
-4.3392940865146464E8
1.8697412897037735E10
1.383148733535972E11
5.346795043791699E10
-1.1025032649936703E10
4.165496155666342E10
1.954054908544169E10
4.045662206585415E10
1.1612618869496632E9
-8.89169004252112E10
6.141729063722924E9
1.6469682412334586E11
2.0061273714134586E11
7.026488320427719E10
-4.014813890453259E10
1.0217029096775982E10
-7.633809134131866E9
4.082811272001229E10
-1.4718984923559577E9
6.54939955821668E10
-1.6335211195147568E10
1.0024495106158749E10
-3.7849280561936817E9
3.6016382092326393E9
-5.522287444671333E8
1.098753315009062E9
1.5425505813586922E9
2.392483914434348E10
-1.8139282101320137E10
-3.715437398661038E8
-8.027595518426021E9
-1.290639086837559E10
1.2669688691374891E10
5.723968426641151E9
9.141153767306422E10
-3.841619372493451E10
-4.139250893298681E8
-9.71010336566527E9
1.0382050135831087E10
-4.0011506890561356E10
-1.4070842826957922E10
3.210783868459816E9
-5.377779854977428E8
1.3812758642843447E9
-7.052663736455653E9
-5.2692550052423894E8
1.2877840078841297E10
-7.631389871303349E9
-7.369035669459763E9
8.306512822867676E8
-2.740688858691833E9
1.6153403223665081E10
1.7917218843216858E9
-9.806961066957096E8
-2.2287099491064796E10
-3.8246638508657503E9
-2.1549649773898406E9
1.3348804389528947E9
4.7921181538324016E8
1.3719096031113829E10
2.0488810308671498E9
-8.735788795503888E8
5.709865253565463E8
-9.997084271605839E8
3.531442632692978E7
1.4165144451856222E7
-1.2799543345746629E7
1.6356950523279993E7
-1.4416698027839538E7
3.9909563283006597E8
5.375521322616786E8
-7.392902506515837E8
-19448.446164800218
193002.33322362593
-51008.671614979896
-8.534239422443262E8
-6758450.839488283
5.949056829958563E7
540655.1724388296
-572391.3369362042
3.1775429792042927E10
8.048802955780112E8
9.460003060420726E7
-6181716.580556658
1.963962096621229E8
-3.363514372825452E7
1.113073177351516E8
-4.5544656383867316E7
-1.2283616101770332E8
1.997244270246675E8
5.917695680546454E7
9.903311421235716E8
-3.4240964957599773E9
-7.81054594204983E7
-2.428049703274387E9
9.226510287147657E9
2.169564770773705E9
5.210413583759954E7
-1.4747849676773798E8
-6.163848715996114E7
-4.098887002124519E8
3.4705905086248225E8
1.5348094853900764E9
-3.6994874226815593E8
3.3981094026292944E9
-9.255212362774217E8
-1.1987413738058922E9
2.924466799307618E8
1.5688450002529183E8
-1.5153688472777565E9
9.247012387974669E8
2.8188543551928006E7
-6.814792013407937E8
8.862026302942863E9
-1.9055329807600856E9
1.5490982038345675E9
-4.375940956143783E8
-2801186.5917264717
6.526428988061368E9
4.571475493962818E10
-1.1649563135592935E9
-2.5129004855903194E10
-1.8404013308384707E9
-4.334562468407337E9
9.394380710494633E9
3.622556535514505E9
-7.401240480865494E8
-4.493626912181659E10
1.5567618201933136E10
2.8603776423257375E9
2.8892291961964434E8
-3.6081757835340166E9
-5.188766354878203E9
4.797217686926992E8
4.622259591297783E7
6.551462088997105E9
5.459592834251064E9
-1.316727768853636E9
861381.729955476
3.15369784043424E8
-1.885530152844712E9
1.2190575304527898E8
-90676.66456511314
-4.437102918894515E7
7.399640941262269E8
-4.2977299438296765E8
-1.5717183720412853E8
-1.634414763851736E8
3.0327412639912826E8
1.2823320215516322E9
-6.659129545568973E8
-7971645.132780038
8.383754233040082E7
-6.6116024807319224E7
-4.7947547729111755E8
6.066383791100248E7
1.2349576294915257E9
-7.578461617420608E8
-1.142633699706179E9
4.151120528642502E8
-8.89336115877487E7
-1.2917490976191442E8
-6.521331816613472E8
-5.8646093099184744E7
2.1940748472390756E8
-7.883565294802135E9
3.18731837037778E8
1.2157266729923375E7
-6761682.20285214
-8.969488252642669E7
-6.505587511411143E7
-1.210695525143965E8
-9.492594857149139E7
29548.944550863893
-1472458.525097991
2.1210380864470407E8
-3004766.7286771066
3.667463995021886E7
-4.2271067456959896E7
3632769.33006756
1.7998618932459968E8
1.9186298604182355E7
3.382033624161052E7
-1.739890301681671E7
7192073.6123820385
-8708350.672809493
4557927.892680613
2.2664937475576572E7
2.4008870847776372E7
-5.115831043220165E7
-2.6707807710300097E8
-1.3553501530426698E7
-374625.73252503754
-2.3902617903781112E7
-4.059244331950457E7
1.0585829124286063E7
1.5280741046911475E8
-1.4713342820006654E7
-2.169705542671862E7
-269038.2968111898
1.5339506415945929E7
5803.166527625342
-2.3886881742297795E7
-1.0218133045777086E10
-9.22437333882048E9
1.0181232877330225E10
3.623511647655476E9
-9.063821765545632E8
-2.854358207127229E9
4.2208130070280943E9
4.8976041587463367E8
-1.155251287218153E9
1.662899188234699E9
-2.749605704923732E7
3.690914626516312E8
2.8546940372008677E9
-3.9744935951288347E9
4.412997352100864E8
-1.4191702571992354E9
-4.673013298232668E9
-7.208758543214836E8
3.682366452587331E8
7.429718037764565E8
2.3547193765279765E9
-7267426.742469261
-3.581426693913842E8
2.2879501909125805E8
4.0150380902249056E8
1.3000050803024144E8
1.906927624003164E8
-9.078290081407355E8
3.811809906847598E7
-2.829595236133441E8
3.793089529611962E8
1.036448852399362E9
3.411192008275271E8
-1.0055657562290294E9
-1.7593496058020003E9
4.3532394268250585E8
1.3555618692036247E9
1.181714523106548E9
-3.0852497515993137E9
4.0360629241538817E8
-6.818037218893928E9
-1.8715108290465793E8
4.5630114993396455E8
2.628917909928633E8
9.871226866385537E8
9.054297462869427E8
-7.350695821566169E8
7.806704426606077E8
1.5149857845555837E9
7.535783495146294E8
1.8337036260517073E8
2.1147650862832377E9
-1.8738608587832685E9
-1.6220706852502434E9
3.261581559251627E8
4.3268479057288873E8
-1.4327676225889605E8
3.838524306080262E8
6.681252779517516E8
1.4147050158930383E9
-4.615754060701184E9
2.509403678745234E9
5.669527720516613E7
1.4672366357020006E9
1.6276429861392906E7
3.573013297280988E8
-1.6683747727654836E9
-4.102820826292725E8
-2.7221144488026457E9
-2.234579719938834E9
6.039491202699264E8
-1.5681000009825808E8
-5.362631719871424E9
4.6922082014558834E8
-6.768869596158957E8
-3.8711591331666805E7
2.0953975881799462E9
3.6413535256913733E8
3.8723350033784447E9
-2.175356379320837E9
4.4904303111546296E8
9.966521136448065E8
1.4812160114911103E9
6.293738255837582E8
-7.617774858631027E8
-3.843682064172468E8
-6.300141468872625E8
2.2754348266784782E9
1.0237408650594505E9
-1.2434751509924915E9
1998942.8814311982
382460.3080136103
-3413750.3096090574
-5457030.456781589
-1234879.2573102873
-2333392.6468077567
5869285.092254326
-1.2699549052514851E7
-1.4253295916390235E7
-6388770.906680354
1.6129415639943663E7
-647946.7929199693
2463432.230755004
-2583154.8653317234
2233238.579109626
5466679.308715602
-1166014.1155554862
656182.2189458868
3023260.394799049
-2282279.1136612454
-7401265.59852135
4899543.39032473
-4452833.008502812
-2.07987324398629E8
-1.1395276568338973E7
5445099.337264875
-6.194410146705921E7
-934299.118129256
-3740297.639426325
7.371482367278616E7
-1.071236430260045E9
3.473571903219118E10
1.4406028110618683E10
7.876449694243328E9
1.629822439609818E10
-9.211310825759988E8
9.412612512913338E8
-2.386561823911515E10
5.047757603343436E10
-1.4560760823701193E11
-3.540542690490446E7
-9.364340928988007E9
7.789737615298208E9
-1.1500577911532078E10
6.644596401167794E10
7.962772113468425E10
5.029071925118979E10
3.6818419220745206E9
-1.2779246032026579E10
-7.066308510557474E10
-2.87994547624367E10
1.758949558689409E10
6.904812276781898E9
1.365648024340916E10
8.26080176851002E10
-3.528574702582698E10
-7.146809230424737E9
6.129061826699648E9
-1.088958669482033E10
-2.615105838774552E10
9.49581643877532E9
-8.560277414680675E9
-2.054048216438553E10
2.172918256086815E10
-1.2293560970743506E9
-3.181075189694121E9
5.34526511048597E9
6.326030035157702E9
1.3223402244321938E10
1.28995782028671E10
1.1551994916215345E10
1.5369865241427917E9
2.264231015030063E10
-3.9925274415283213E9
-2.76399440313667E10
2.268776562897279E10
1.0915185251579605E10
-9.573550873030996E9
-2.253090963140561E10
7.969180119656582E9
2.6287570607042038E10
-1.533709525518897E9
-6.828062706413418E9
-4.447800281661781E10
-5.400809867511048E9
-7.837583151925397E9
-3.8706951962628875E9
2.096041741896596E10
-1.6595438995425547E10
-8.575191373092422E8
3.148568936336795E9
-6835428.816662194
7.136157429402825E7
-3.7540082100482183E9
2.890648635336717E9
1.1271692243681785E8
-1.8676883307533187E8
1.1971191596205838E8
3.7209400630255265E9
8.105266159986804E8
8.049491021151234E9
-1.883070465393836E9
-1.0898708815113869E10
4.3248751271794915E8
-3.9141982556522465E9
-3.6632355602563457E9
-5.473616328595884E8
-1.2533769485918564E8
8.515570689753505E9
4.64386161189995E9
-2.9155816054953823E9
2.44421969087599E9
2086017.3287947169
1.9306666076802537E7
2.3432681701159687E9
-4.733250338876617E8
7.046404219660294E8
2.526848067267155E8
2.2352777785899022E8
-9.55415030444844E8
1.0398644498163704E9
2.378054354110351E8
6030241.573933728
-9.84879976532346E7
-1.0514037829985028E7
-4.192963531187886E7
-3.1857939182043243E7
2.222720953778939E9
-9.090360514880704E8
-1.502247341538623E8
3.1302827288174415E8
-2.1695514054293308E8
-1.369199076975224E8
-5.1537477235440195E8
1.677840702819188E8
-6.846238810285622E8
3.535494813808079E7
1.984715859771616E8
2608999.116925374
2.1654208008653185E8
1.3658241692772275E7
-3.2187114335815605E7
2.1362254116307944E8
-7.311594418968613E7
89443.39592687892
-4.657594836790872E8
5.2232389693527174E8
4417941.849123244
-1.9059248294564261E9
6.265813802115315E8
1.0493170421494835E10
3.2888483658442492E9
6.247455464055678E9
1.8016937473091244E10
-3.70199444030624E10
-7.0966747110542E8
-1.6192737457418962E10
8.761492315148512E9
-7.207085514626532E9
9.958838752199102E9
-6.060763013431405E9
-1.4770893594356713E9
-3.660990284737509E9
2.3722522532146835E9
1.3689772005118782E10
-1.3309462855106524E10
1.2369989036526249E10
9.125452599222872E9
2.6880590925501294E9
-5.186879435113448E9
-1.9986935944256035E10
-9.854597662558205E9
1.0631194550628949E9
-1.7110994929751391E9
-2.0566650856301386E9
5.436939960817104E9
-1.0265989700562963E9
-1.6104188953575041E9
-1.2661771207420431E8
-2.791829306875257E9
1.0469938729169641E10
4.273245994538648E9
2.3458598634539266E9
-4.477519817306435E9
-3.6289351050328765E9
1.142641473674037E9
-3.3837498026063175E9
-3.6694136776694655E9
8.895394747377703E8
-9.252083520445253E8
6.466472544289432E9
6.662618767764673E8
1.235783771878385E9
-3.9116421486868978E9
2.5655279702276443E10
3.1578785160914187E9
2.86119728941077E9
2.2840906809554186E9
5.391398115498668E7
-1.954416322120538E8
-3.069930804190837E8
3.925753272054181E8
3.385204196616036E8
3.0313940806190634E8
-5.197508082689489E7
-3.756093783364603E9
-4.2468579230491316E8
-2.361200771732658E7
1414775.4089809582
1.2798425258357449E9
-3.1268345490083127E9
2.414110948882277E9
-5.250659947705899E8
3.3949863714876876E9
-1.3409915869428687E9
-9.806150911359485E8
-6.5755156367126665E9
-5.936673081755867E8
-1.2316240929575357E8
-1.1615728696781244E9
2.392676620608493E9
-3.1818590009350824E9
-1.0409385642999966E9
3.0871459368778918E7
1.0814631082275714E8
-2.9785816791803014E8
5.135717268926768E8
-4.359339713137096E7
5.9998885079121426E7
-1.3808013629904504E9
-9.202532026503278E8
5.061009055714686E8
4.653133045364684E9
-1.184497383380827E9
-1.519672161463268E7
7.054083922934371E8
-5.0987564295397896E8
-1.6675003744795296E9
3.885292026580307E9
-1.464933357793427E8
2.5455275694308314E9
2.0587120234401507E9
-3.303147777631187E9
-6.445405776321925E9
-1.746529263297861E10
-2.3308898610766225E9
-6.926043543647925E9
3.6786028225829864E8
-8.305568454037628E8
-1.1939215071256384E10
2.5731740452855377E10
-7.268688686840039E10
-2.509585055206367E10
6.880999967074081E10
-1.0668712799933916E10
-7.788567192481034E9
-3.4191750712529826E9
2.949640048747737E9
-7.817211443021803E8
-3.6437832146796517E9
4.425600592413475E10
-2.8893601009124875E9
-3.765264939072871E10
1.768915162185E9
3.55227977572696E10
-1.4103762520766264E10
-6.605115421984198E8
-1.0223134566021168E10
1.4567182038003252E9
-8.751358224816795E9
4.922100740836048E9
1.1981205007504022E9
4.0452051434815807E9
-2.0338605660643845E9
-3.965531564159898E9
3.328111844951751E8
-2.023655789314027E9
-1.8476733390516478E8
2.3973632959927073E8
1.5386136308859775E9
-2.190886257648513E7
2.239311267005115E8
9.86486384693231E8
-3.360366970814211E8
-8.046325211383293E8
-6.440060059911685E8
3.372113511808992E7
6.827087545099006E8
-8.986277822124878E8
-4.248299576851854E8
-6.478604293689723E8
-127793.263159576
1.7412365833895674E8
-6.570483203526157E8
6.532919853398752E8
7.5030005379073E8
1.0993576353546977E8
3.760300086982467E8
-4.661706656408918E8
1.3062723366003624E8
-1.2286450967439994E8
-4.729926531525463E7
-3.327708237176369E7
12604.56308694002
1.1854777869704942E8
2.6548803574324003E8
5.945591321772444E8
-7.574030959953807E7
5.248295723887121E7
2.0349553635916167E8
-1.3140108291945024E8
-2.257573233346046E7
-7.022384247611392E7
7.735429491366836E8
3.726463363370064E8
-5.469096462695773E7
6684304.837727724
-1.450627052700199E8
1.8227025051181078E8
-2.8711256227709794E8
1.9721486953223668E7
1.0583737621770622E7
3.2773647793124133E8
2.4122327030232757E7
6001927.640450737
-3.7198918613325365E7
3.632239729314077E7
5.1804604180795744E7
3.588201223170123E7
-1.4291051231570745E9
5.1041879950728875E8
-1.0424712292747751E8
1.1817565381083944E9
-1.75941386595957E7
1360865.65020741
-1.5810899884151107E8
-2.700956031499345E8
4.183078274530474E8
9.097877145929345E7
-2.117243967477832E7
-6.595040556441863E7
5367015.254569845
-256804.33638803463
1456.5251225502236
-4.4732993638044566E7
2.288762825006414E9
-1.9622523127658796E8
1.9175148846623678E7
-7.827375772480765E7
-1031435.8720302086
1.189083711288113E8
-2.749552556079902E9
-1.7372260325090192E7
-2.954019265853854E8
-1.4033088814051858E8
-1.0505652414947003E9
6.421444006182598E8
-5.554064068194715E8
-7.449520896726081E8
7.810781790896884E7
9273867.326859532
7.554752889868265E8
1.0777485181442672E8
-1.781617829155526E9
-4.0910653458483963E9
1.0116698755948578E8
-1.9566318902585474E8
9.506609545738493E8
3.1891268859122314E9
1.1154013928870082E9
-7.726519420714463E7
-2.2987105773795342E9
-1.2472616775355582E8
-1.4216953367554444E8
-2.571747755365711E9
2.7895054711806087E9
2.4407083072094193E8
-6.695411057915893E8
-1.2793466060751731E9
1.1966629955752869E8
1.8408846157154264E9
1.8294281782346613E9
2.220476918299658E8
2.0342995388116804E8
-2.5483038043700525E8
-1.913928081580562E8
-9.565099650920069E7
9.453170040690175E8
2.8286630604477996E8
-1.3178847362389094E8
1.0194518374843936E9
1.2140470467326233E9
-1.169906422804094E9
-1.119638410692229E8
5.2849065685517E7
-1.0808823846751947E9
1.8145512644249275E7
7.234982824451984E7
4.5341547415060747E8
-2.4946967506897262E8
-9.31248037171412E7
1.8084372203306522E7
-4104318.604876204
4442907.713532887
7.620376204647952E8
-3.6608767116383106E8
-4.745476511367817E8
2.589871036275096E9
9.91554271616852E8
3.395595035038383E8
-3.1094093913897246E8
-1.0099636077174145E8
-6.77621132708869E8
-9.022642708084229E8
-4.3545838250406027E8
5.830528901393689E8
5.848670195018239E8
-8.182495777008967E8
3.0140779731660104E8
1.9191598307867065E8
3274.732389334519
