3.352734006507927E9
-1.7809790878361983E9
1.5896195257549374E9
-3.2496723464463E9
4.539138503357873E9
1.4681004054919343E9
7.8872383746059885E9
8.013301067593569E9
-1.2948309373979475E9
-3.1235555579042986E7
2.1923336332755804E9
-3.623433989700791E8
1.8133583703626927E7
-1.6330951997653635E9
2.3754736228519104E10
-1.1307572305415194E9
8.89838868332252E9
-1.710636313878429E9
-1.0630939313300142E10
3.7398995789733367E9
-2.1391269456055908E9
-4.367034827098945E9
-9.97569785589801E9
-1.1319595195442395E9
-4.9602728239543766E8
2.5186220030487075E9
-5.922317259650249E9
6.788610993721414E9
4.865451401662717E9
-2.69521759397386E9
1.6105239791188172E8
-4.94383661231162E8
-9.165620522137192E8
1.3015064028599603E9
-8.461892866414E8
-8.268347321571747E8
-7.813722456108775E8
5.644765236266271E8
-2.7230108685398364E8
-8.194882152954367E7
9.11899596315094E8
-8.162472187856053E8
3.235154270616597E8
1.7490832013128128E9
2.792162581937708E7
7395069.044784185
-1.708568123366069E8
5.082531969234824E8
-1.0349269489846331E9
-7384234.573415189
-7.710921635474843E7
-1.5612827109827083E8
7.809542085095019E8
-6.672455467055104E8
1.4638468084470066E8
2.1463144698765185E8
-1.3651677928456657E9
1.0223558129136488E9
-1.5558079024470124E9
5.264928034391438E8
1.4118880055731043E8
-5.990653655780939E8
5.831859586144415E8
4.68544081498158E8
7.941264846065944E8
-2.709948481820672E8
1.2359734681394844E9
-5.0023512178430647E8
-346791.833080565
1.0022628569602253E9
6.000794410977267E8
-2.603705610946794E8
-6.526268114737492E8
4.6399442442348915E8
-1.754400525770641E8
2.8853936438969716E7
-7.999256884630637E8
-1.2542838342231002E8
5.6349128279922284E7
-5.937158698065985E8
-5.481767731160469E8
3.4442704197640806E8
-6.928453754225303E8
-3.786894450722625E8
2.377163692266612E8
3.222224642493525E8
-1.430032258493284E8
-1.0044560614741792E8
1.9201066746239388E8
2.043377645888592E8
4.65457657165263E9
3.496512972306695E9
-8.048415627015642E8
-2.536989222477667E8
-1.647823817486374E9
2.043449453007903E8
3.011707180751256E9
1.4430509817978336E10
3.0333258838610854E9
-1.7754543519050033E9
-4.5034735462689E9
1.0407689511708406E9
6.162420612471246E9
-3.4586436582154045E9
-2.1411954563790318E8
3.383630079650469E9
-7.163606410909989E9
1.1018948955917686E10
2.5161022648663555E10
5.218009758414849E8
-1.217021169859364E10
9.548108020314516E9
-4.521628306943017E9
-1.2631243543455141E10
-7.826083778793293E9
1.1965926094798237E10
3.240611109311703E9
3.517932301330404E9
-1.2520021657789108E10
1.366849757379056E9
3.016534996214059E8
-1.8151212686047184E8
1.1006320793583916E8
4.615808939447818E8
1.2430873802311952E9
-7.396699905091966E8
3.95337210032014E8
-1.0508407759457608E9
-1.4474634843928477E8
-3.88974404188815E9
7.73789908880563E9
-5.286345019836516E9
1.8703875861730518E9
4.548629249719332E9
-1.5033819140589473E9
4.369156877078817E9
-3.780031014093369E9
-9.06097908729195E8
1.893918408199916E10
4.74885711213629E7
-3.0239402284579544E9
1.9324855962207434E9
-2.615866833200573E10
1.5608737839372106E9
-2.7777477921263585E9
1.1752873564993706E9
4.674961252760501E8
-9.063183248192637E8
-2.2234457508048285E7
-5.77926029746903E9
-2.9315107410873003E9
3.322741876744722E9
-1.1180146332515718E10
-5.539041946124537E8
2.4967742961201553E9
5.537030195783576E9
3.9105373589240456E9
1.4419704429508412E8
-8.468925482363719E8
-1.5097064488876169E9
-5.783953428864199E8
-1.2047296100018709E9
5.152733016741945E9
-6.051128979672829E8
4.957127920370843E9
-9.688154962398598E9
-2.436757688865593E9
1.985981886522608E10
1.2948499131717646E10
4.27457235195244E9
-2.304384378846024E9
-2.533141578668209E9
-1.9611870990036987E10
1.7563086876069008E10
-4.911075559785574E9
-1.7712260782124985E10
3.5105345827550607E9
9.206600662875595E8
-3.6462119787093167E9
-6.086199236777331E9
2.2096909066691127E9
-5.201352785136865E9
4.285278782756633E9
-7.556123945725665E8
-1.3260315612400198E9
3.6894903782346916E9
2.3931593682787538E9
-1.982620446240091E9
-4.812236808568938E9
-1.0020751167313049E9
-6.217309615344387E8
3.3246393886315626E8
4.0954307950492015E9
-1.2939125864349312E10
5.554453255668737E9
4.9660557567918587E8
1.1146522713571584E9
6.210402676376834E8
-3.5424965583591676E9
-2.715341702678578E8
1.0352000561069651E8
3.38135055321521E7
9.345612125275811E8
1.9071983846757574E9
2.9192184810737953E9
-1.8507080970571864E9
-3.3936870747450275E9
5.995186554201516E9
-4.1415688162267786E8
-5.2902218494878195E7
3.8301545898706675E8
5.256602399145756E7
-1.3375671143549089E8
-2.953276143315886E8
-2.3494765325380638E8
8.358940972848405E7
4.346016632514598E8
3.110358300948667E8
3.8087623235949464E7
-4.176013515404043E8
-1.6666013628588656E8
-7300533.444536226
2648040.778530459
-3.575822408985023E7
-1.7611107701169583E8
3.095194009634233E8
1.067381316431649E7
-8.607644279834361E7
-1.0026098094848132E8
2.8102091255824506E8
2.0499052857187185E8
-3.813816119192279E7
4.206632167551529E8
4.024118534870677E8
7.70479887035857E7
-1.4587861962990918E9
-1.1021307465849779E9
3.9372613052215E7
-8.575295140536682E7
-2.312283718033084E8
-4.692850077413542E7
1.2886325308940036E9
3.165684193880326E9
-1.8393703097781787E9
9.417926434092258E8
-3.5165584126299196E8
-2.907840219802424E9
-7.912803868774703E8
4.502640618791528E9
5.681952264086922E9
-5.352779147334875E9
-1.4485867518823771E9
-2.2314093287837753E9
1.4892881078474338E9
2.878631371037584E9
7.535414902041754E9
-1.3631711004135406E10
-1.9242291601797428E9
-5.660657156629332E8
1.6520439965841904E10
1.0778837698155508E10
7.49665751131117E8
-3.43649790732956E8
-1.2415267799734056E9
7.201928283011044E9
2.4377613701385856E9
-1.1881596646514671E10
4.370033333570997E7
2.0121216916721334E9
-7.737631870118408E8
3.829912531949146E8
-5.1749768213538244E7
1.2506097809618367E8
-4.882077803018235E9
1.1318783434392332E10
-9.197530323424499E8
1.0955994336441655E8
3.1530295543294272E9
1.1301400871771164E8
1.4807455322071698E9
1.2616308090864663E9
-2.810864959206522E10
-6.164874815537501E9
-6.48086259436088E7
2.6158507847643466E9
-2.206381740143988E9
2.208025806030057E10
2.5924201860359004E8
-4.0220225172707286E9
1.0378747591620033E9
1.9628565599879465E8
-3.964393744840273E8
4.310435183464837E8
-7.978825148054445E8
5.56612566376388E8
-3.5394310920804864E8
1.6974085560061508E8
-3.5297480452233E8
-1.336626685055419E9
5.052091560406915E7
5.049693764202167E8
3.6837932741597533E9
9.407570312467391E8
-5.816739504911853E8
-2.377248429674393E8
4.878649237412438E7
-4.575053645890628E9
2.433107153429838E8
-5.193739917066108E7
-9.46323880397989E7
8.010486416740263E7
5.66996640883957E7
763872.0986833622
-744230.3979201375
-5473418.578133832
-1.1351881875587212E7
2.7192958794754185E7
-1.8008676060541937E8
-1.3793224119769653E7
-584.8481033729936
5963.384243520528
-162827.27229814255
-3.731400041214187E7
1.0798880060957093E7
2.824313213663538E7
132089.6459329802
-174076.7818240583
-3.223638346981817E9
5.993221719881148E8
-9.325690592389953E7
4100860.338321229
9896903.017921481
-5.9067300111283146E7
-3.694479311301312E7
8353231.182573964
2.1607233871696882E7
2.862361883721346E8
-2.2912498918797377E7
2.1067900010224512E8
6.120947386420958E8
1.4647357512726404E7
8.700037921992543E7
-7.05016402243711E8
-1.8974947520043153E8
2009378.1564346966
-9.226377067448477E7
3.485175478609369E7
-1.2524200142970356E8
7.030938723562294E7
-9.983395002307743E8
-4.333475002856594E7
5.59654711256693E8
-4.7593333503612447E8
-7.421923364326148E7
-4.397967605167145E8
-8.388495928164953E7
3.8593873242057405E7
-5.772402403717352E7
2.7097262337578233E7
1.2975667054634053E8
-1.9898641815211236E9
-8.816109584201994E8
4.989348964430765E7
9.147560757413247E7
454702.42483969324
1.0443449073232398E9
-2.3834594696687417E9
1.3298905870240259E8
3.055335832974561E9
1.4938030008550087E8
-3.2068862785552664E9
1.5157987727492824E9
-1.8956439183973458E8
6.071911158003931E8
2.2553402531143615E8
1.0970497387052424E9
-3.127084213356732E8
-1.9561324046879753E8
-5.880408503904954E8
4.938917626801062E8
3.385514608182718E8
-212776.40362685223
-8.715091562027837E7
-5.3276505359065366E8
8.419392496800664E7
-69520.24711216235
1.0577954966580912E7
4.099196914921671E8
-4.083755304971679E7
-3687.7909989972627
3.151243741840783E7
-3201044.773377258
-9.564319740269831E7
2.9752441363807883E7
-1.6030051110467203E7
-5.054130436055096E7
7113889.581532794
-2477765.7003577836
2265595.240449839
1.1905859899396334E7
210852.58647370207
1.0455323019924277E8
-4.076354385338639E7
2.3845964180007245E7
-28416.59806237406
1.5142870155333522E8
1295631.969545372
-8.681014014464706E7
3.1756880495767497E7
-3.0190091934753742E7
1076624.1443702492
-4.247820922958438E7
1.1254284114891305E9
-5.406661151075742E7
-6951778.215614744
4707674.034876657
-7.23396130659089E7
8.287630270944183E7
1.5151218707218254E7
956162.5230884188
-5969.763716914273
162203.50280772924
1.593105075296587E8
-2446288.0085055144
4.50695402298153E7
8188380.086827203
-3.0072951554354224E7
-8177615.491891359
2618454.9772169073
-3827537.8383400897
-2.8417988293754034E7
-161846.62090428892
-8949982.012268992
-2559139.20285263
2215803.6347344643
1040216.1571694405
1.592305915859778E7
9263100.991536915
-5136821.409197615
-51461.33630581002
6231954.570367876
-336888.8388993631
1761381.8069812339
-3381976.226265879
1884460.5553100698
-3166029.9652393153
242204.165370444
9550385.728462199
103559.79017535223
-1.3347315409810789E7
7.911812852633605E8
1.5120120214510803E9
-1.9095186109142E9
-1.936676835959145E9
-1.0362826289591213E10
3.5318230552531284E8
-2.695695740650487E8
-1.9650107072117227E8
-3.782568748798773E8
-5.177505989189719E8
6743998.481474305
-1.783180148707272E8
-2.1832528313355684E7
6.662871043800444E9
4.99872115455795E7
-4.8439717764239556E8
3.1605167531269693E8
3.267987991111926E7
-1.3293833643505853E7
3.160177965650724E8
-2.5756448521499038E8
-9279799.1699298
-1.6620140577898296E7
-2.6263914917418078E7
-4234608.985513038
3.0320358503287323E7
6152391.305125204
1.7979575504917267E8
3.3341636774047088E7
-3.3053236073998917E7
-1.0146460472985123E8
1.3162559714402512E8
6.763959969230099E7
-6.705567956100482E7
-4.421086804723471E7
2.0985508614182362E8
-1.7407380249596307E8
-7.945896346207063E7
-1.117351540799711E7
-2.3316213327672857E8
-4.3997275255982876E8
-2727730.609707874
1.0782739044440281E8
-1.6072858606949902E8
-2.214620993797423E8
1.1891930387171046E8
3.170939087638843E7
5.199468696260637E8
1.880694388546053E8
4721941.577601974
8.28754221827061E7
-2.2575142786898577E8
7.734836318673193E7
7.91070154854307E8
-1.3744378825894228E8
-3.1887937244275796E8
-1.6206339809387782E8
3.1059465378550712E7
8.020592008774649E7
-1.040607279586271E8
1.9782277493815403E9
-8.592691357020513E8
-86733.00789307992
2.415481838392112E7
1398394.6630859575
-9.160187300031814E7
3.11064436764009E8
1.0969269885350923E8
5.999517492485591E8
6.715963718049191E7
4.989677806164718E8
-2.99744575162154E8
2.056322008629565E8
3.7098505912883306E8
8.289400406658317E7
2019535.2119582223
-7.427913598110713E8
4.886560552740454E7
-8.953317070572093E7
1.414019258132993E8
-1.0044737820841314E8
-6.123718558663896E8
4625321.917948523
3.1655654610267156E8
-1.0634113012970549E8
5.483148407668757E8
2.8516786141154623E8
6.243648833442127E8
-3.221748222998809E8
-2.10758399232381E7
1030100.0105166385
-68741.51801552373
-1487407.4144157742
282788.27915301797
349878.5846134753
-910851.7171171393
-578527.9752678659
545542.4726657802
-2487497.5512793222
4175352.057262599
1396575.9964316117
105738.12827053644
-3202206.7863099216
971293.0721661589
1099203.2653118046
-422173.4817673669
377308.61977941473
-393318.5146554761
205979.74501057298
-647476.0034745625
574258.1340793954
465528.62942115957
-1124037.0263427016
4.692052611741485E7
-139695.14496019296
-1826697.5011125589
9871638.883332426
-149689.4191932324
312600.5396890719
-1.3563225662660617E7
5.1089141056939954E8
-3.633427745494498E9
3.1975017928493276E9
-3.39281724006913E8
6.786733073899374E9
2.4614171546025567E9
9.940012711113726E8
4.95085664408262E9
1.6631115911985946E9
1.5379640495933528E9
1.39613880948108E9
-1.2566164680761619E9
1.0048236206608577E9
-1.3897761581343694E9
-1.050225442697359E9
6.045577440845398E9
-2.424718106857563E9
-8148533.45446012
-2.2692630287170568E9
-4.9772374540742035E9
-3.961788927118178E9
-6.977614407406051E7
-3.6175422698860984E9
2.7357739548384633E9
6.208744599655316E9
2.8420327997377925E9
3.355374459921562E9
1.9081375429350908E9
-2.0588386426545067E9
-6.983631131839372E8
1.930316168628386E8
9.05831033151806E8
2.3644200941286554E9
1.5806694821764445E8
-5.976854603294591E8
3.9308882566773176E9
5.486425643663687E8
6.304419516454034E8
-6.35694583594696E9
9.520536129846413E8
2.2125030178312787E8
1.0936976474507747E9
-6.51215898516935E8
-5.8269192641266115E7
5.49913599388755E9
-9.577338471551065E9
4.960820354393212E8
2.1320313589892366E9
-1.3379324609853892E9
-2.4107727746568117E9
4.786751871697251E9
-2.332548741458654E9
1.163116449478011E9
5.473588953106796E9
-4.2889143836707586E8
-3.342428530321757E9
-2.491308788984084E8
1.4134991619435835E9
-3.2674842087646804E9
1.5157051203390023E8
-2.1009945802139444E9
3080395.2427037037
2.0882934227679227E7
7.63532053076766E8
-2.3530228594647545E8
-2.863084078961852E8
-2.383293681835339E7
1.2802422838885464E8
-4.657285810376648E8
2.204580127836385E8
4.553602325772399E8
6.683880269299637E7
-3371723.297825555
1.7413585693048283E7
-1.8844170080412906E8
5.75122701445688E8
7.66810767246844E7
-2389173.956487366
-2.827147001580068E7
-1.3244314382204275E8
-1.216971189178267E8
-1.084490648940189E9
-134863.5393949882
2678801.5207735132
-1.3434850759302757E9
-6.083459046027304E7
-1.3584476722218528E8
-9324229.14012757
5.155088509459994E7
1.0734377913129468E8
-2.16113758397817E8
-8158987.302847246
-2.0555463458292224E7
2081471.4851244744
5.68228050215865E7
-1.811006355373569E7
2.3906270946292886E8
6.2458233211443804E7
-3.502230743714747E8
7.892854569206402E7
-1.6610429756250048E7
1.9340291042713937E8
1.648022633247832E8
3.819122284287216E8
-8637675.08512087
2342888.7488073288
-2.8011042539252676E7
-3.066021734314449E7
272075.5473534106
-1.2656901463605204E8
644423.8947628634
7339806.417642319
-9.954893681458977E7
4.719860684775678E7
104900.45373029982
9.474573315314612E7
-1.9686134717461035E8
887575.8320879681
-7.967800434458733E7
-2.0822996441454433E7
-1.6034921476798449E9
5.620959558288466E8
-1.6965278527790098E9
3.9431791634633523E8
-1.5623190328340402E9
1.8736857656736317E8
8.192259149206793E8
-1.252461040992611E9
-5.684511135403361E8
-6.221520766143955E9
9.50389391508338E8
-3.6097118424258327E9
1.2505387626375175E9
-1.3834685953969588E9
-3.9619836921425166E9
2.504119664937041E9
3.6394802565278473E9
-2.2841253845791187E9
-6.14775110350832E9
-5.8566175939039E8
2.9808545554627447E9
3.286312737274631E9
1.8192986125317723E8
-2.2891835006081662E8
-4.469774325131159E7
6.629689643221006E7
-1.1041270407700329E8
8.14916209356076E7
1.2221997914662436E8
-3.079445886175504E8
2.218266254277061E8
-1.2372935043552942E9
-1.5915514250330493E9
9.994949750954388E8
-4.207266876926024E8
-6.262412951465583E8
-5.679432425846128E8
1.3569933551639433E9
7.011449006424509E7
-7.446821231827047E8
-3.5614676092259197E9
3.3842375272972965E8
3.4837025855886155E8
1.9795937431233606E9
2.0685904397463052E9
-3.706418606319695E8
-1.5537781939854994E9
7.037005032030089E8
1.8544252324295846E8
-1.2260838144329304E7
-4.492671408915773E7
2.2375725040403042E7
-1.5352351461173596E7
7.023857268444996E7
1.7648150111522812E7
2.3199215327024856E8
-1.440752453881237E8
-3.436568931768466E7
3.3266093649379265E8
2.4255918160188082E8
6.321878093966717E8
3.7773352368787605E8
-1.5232361190224352E8
1.842081769943093E9
3.4767385054569453E8
-9166917.614938844
-6.237803538581425E8
-4.224565503197582E8
-3.6609479698588446E7
-5.761338203547716E8
-1.2716560025010264E9
1.7472265465328503E9
-2.3472759472486767E8
-2.0082212960448704E9
-1.996826286427386E7
1.77245276448803E8
-1.2784379772625826E8
-2.390767687245672E7
-4397021.7700113775
1.7336313833828115E8
1.3661466928688052E8
1.3637244513413122E8
5.134746325378161E8
-4.5366569233506644E8
-2.575611502552829E8
-2.8752484457283255E7
2.8689301040609837E8
2.9897559295553774E8
-5.716786278172295E8
-1.0801763748064041E8
-3.7110539959668546E9
1.2644540806707105E8
3.117884363427071E8
-4.016789690995462E9
1.8169483173773756E9
-1.0914171027243904E10
5.442884098429839E9
1.6327779710452557E10
-1.2643479498764875E9
-3.3243045271790433E9
2.682640838187012E9
-4.467205165491809E9
9.217973335531E8
-2.586885424211557E9
3.510597409598499E9
-4.557124891181279E9
-1.9876353573964777E9
9.479654690786049E8
-3.576736941932478E8
3.3767729894451604E9
1.4098904697037338E10
-4.787775489676442E8
-9.179054526833584E9
-2.9702059717399365E8
2.5019197925838075E9
4.292999515191326E8
3.4445554572836876E8
-5.066098494461589E9
1.0247589579376038E9
1.957309091362333E9
-5.3117826697557664E8
1.14153519352757E9
-1.231896015428352E9
1.6609883710195342E8
-3.49982108850248E7
-9.818259390769513E7
-1118366.3470359636
4.534389198286796E8
-91752.745008154
5.492923371979296E8
-1.8566354611341467E8
-1.7887007312061659E8
-2.0723856955564886E7
-5.797529476642562E8
1.705557311289379E8
5.608085766923753E8
1.0184824737429198E9
2.741625105590518E7
9.49378935193646E7
-2.210330487566757E8
2.381869492600577E8
200842.87088417797
3.1831278228152644E7
-1.4876338987604198E8
2.9814201702420855E8
6710523.245447081
-5.732855240658893E7
-1.4673831601329905E8
1.6954532409430757E7
4148535.233810506
-577566.7915176656
-1653696.9451937133
-2.7407287851123616E7
-1440.3333794117505
-3.0298825827790715E7
2340145.1110084793
6.802975006159985E7
1.1453336272556812E7
-1.1224064945880132E7
6.940456949502683E7
-2.76645619601069E7
-5397208.593500938
1.1535904987593466E7
-1.0126553897579318E8
1.0349382103726007E7
1.5073522913301306E7
-7247209.58305951
2974419.24952736
-1.0313697236129244E8
-2.9773226859496668E7
-3213801.1533532958
2.4071031176804367E7
-3810860.9832229964
1.7513377264481943E7
1.863471632386996E7
5.163251545040755E7
3118491.767603602
-8774134.98759361
-858845.2603976252
1.6173797716750795E7
6808512.209199921
-2.096569780422384E7
-2.4255396039151442E8
4104087.032530827
5.526194738639216E7
-5.729884177956172E8
1.458603742502401E7
2.004204452588869E7
-4319589.523703076
-4.494060767361039E7
1.820466137890016E7
-1440762.0530423028
97660.4497824282
-32362.730732108856
-2.810515873075453E7
5.248788578958851E7
2.312218699658801E7
-1888517.0084530138
-3.9252442131110094E7
-224268.46324063936
1.7957781684935918E8
-1.550753586955885E8
1.2302228996135471E7
-5.691989685773776E8
2.7565781908229774E8
-1.3902731804868746E8
1.1453271569380382E7
1.6861483267780136E7
-1.5022946928213784E8
3.3629024374038115E7
-1.2408317994292791E8
2.1521607217895472E8
8351551.583833704
3.4729058730354893E8
-1.7170824566086987E8
-1.2566964206382571E8
-3.1020320729268324E7
-4.921106861863911E8
2.6230730355248946E8
-3.053490063157277E8
3.376349263117985E7
8.718167041055317E8
4.101860858770264E7
-8.517005616929044E7
1.5359817361374152E8
-7.025531173858133E7
-6.294880812254741E7
-4.1708164837169E7
1.839562996179334E8
3.102808180607474E8
-3.238971233413967E8
-3.72504109340079E8
-3.4367049564146385E7
-1.1789889867896846E7
-3.598206019507657E8
-9.724583836339983E7
8.105284398470247E7
5.99429124833494E8
4.614681760218402E7
2.4260677999462232E8
1.363114507192077E9
-1.8632574053514418E8
-3.948790159770312E8
3.2481399073365405E7
7293822.716421123
-9759914.234713962
-1.6848905145727064E7
-4080169.4104287513
-8.110047357918406E7
3.046611352294894E8
9.718377658209457E7
-9694889.551809646
-6452332.762015946
-1.2508427519892083E7
-7.203625205170713E7
9.462493192868704E7
3.82368001982476E7
1.8185176071993995E8
-8.978625223459032E8
4.705797613895764E7
-3.1221863212591946E8
-5.29145934620765E7
1.0499638167502888E7
-5.1125836927188426E8
4.5317319638913345E8
-6.514675150731326E7
-1.1125808728277628E8
-5.0556250732487917E8
7.098237954216063E7
-2.3619271272436704E7
-680.0772112874265
