-6.945341692617586E7
-1.6101340878134938E7
1.2784170280425501E8
-4.9314726189651257E8
8.901037518504047E7
-3.3843572784807906E7
-6.451746081262164E8
9.178587454644158E7
1.8837871080522668E8
9.072791269029193E7
7.997170645276247E8
-1.406713940003568E7
-2.3963600627714816E7
-1.60737372506413E8
-1.8034555680901587E8
1.1892676303773373E8
1648302.4242949993
-6.602290785115357E7
-2.2742456512495562E8
-2.574891009938994E7
-3.736779909734445E8
3.551839232312744E8
1.037928360723232E8
8.140533906492467E7
2.092004616844484E8
-3.4217819670121364E7
-1.217056482842528E8
4.5374460098701936E8
7.430284123996526E7
5.101597229086677E7
8.90576258163928E7
3905919.112083558
3.2879268516620463E8
-1.3132857585274859E8
-4.2918672984006256E8
-4.6609248452069975E7
-1.2335684670169774E7
9.916506755355963E7
1428436.0565721374
1.006859832092758E8
7.416280302308863E7
-4.2992981246124303E8
2.861197386458391E8
6425560.605271842
2.2418701436236955E7
-3.9059465359607354E7
-9760213.551225312
2.101964628376523E8
5.205114350936376E8
-1.0195856868115255E8
-4.643316278005369E7
-6.270920667608807E8
8.637794432102582E7
-1.3456949877201745E8
-2.2085944589488962E8
-4.673982208310373E7
-1.439007519532927E8
2.4133518076908016E8
-4.523450009387323E7
-6.775309740651725E7
-1.4657817883599691E7
2.6363316536495425E7
-8.54226710950113E7
9.016350878367367E7
2.9565011271936383E7
4.7109998045026325E7
-9.216073849888927E7
3.224950688076739E7
-3303.564849149807
2.0418870812563297E8
-6.1840246852043785E7
-3.930359418957003E7
1.7678198549707976E8
-1.5670210336223317E7
1.2182499414701458E7
-7676295.500057071
-3.7736697460995317E8
-3114103.794544599
4525737.01094548
-5.570878720555225E7
-3.975609843480299E7
-1.205597361240854E7
2.2755453426602778E8
-4.122132808262547E7
1.7268281973094195E7
-6.503130302630998E7
-4.932575051500558E7
7.758123999839044E7
-4929476.75980264
2.1919233230292905E7
-3.0409532629088107E7
-8.29327205134705E7
-1.740933501662999E7
-7.350324852751124E7
2.92367931173538E8
-6.183376869341255E7
-8.763644182428585E7
1.3429208233646497E8
-2.7578988635200284E7
7.914980053437911E7
-1.838326267967541E8
2.062938052261072E8
5.304386084887466E7
1.9817550973576795E7
9.798222964377138E7
1.47372377405177E8
-3.824692655131568E8
-1.8593728011708835E8
7.32937780216135E8
-1.0341162623064545E8
-2.7515615750886875E8
-2.809756786019261E7
-6.459522175258071E7
9.330437086739077E7
2566301.181574802
-1.9423195602488694E8
-4.509518013906272E7
2.69271756383184E7
6702393.708801819
-8.58034244632986E7
-3.3234540365315907E7
3.371729030226265E7
-4086938.113897207
4.608368012815929E7
2.855611954227691E8
1.9227677549336606E8
-2.1292064136284482E8
-1.4347998417563522E8
4.4228734039466046E7
-3.111241380272994E8
1.7675491618725348E8
2.1308039232274678E8
9.469350607677923E7
8.923501827830037E7
1.5548523890962455E8
3.504947575519536E7
8.072075558417988E7
2.08368749831409E8
-5.449577494951307E8
-2.2196240903780493E8
5437351.782712708
3.3094508734809136E8
-1.1808774200652297E8
-1.6235992376671946E8
-9.455420589049755E7
1.4703779133268496E8
2.3161037487141135E8
1.0309377346489829E8
-4.029049717885841E7
-1.4328550808067712E8
-1.994610866119999E8
-2.332174831726324E8
-2.955908275076416E8
6.420611445156807E7
-8.368524744503912E8
8.805023933942607E7
5.030214817751731E8
3.9294981487813103E8
-5.714915570444006E8
-4.0556931048789775E8
3.2858936979815876E8
3.694245969696575E7
-4.010747886491273E8
6.316929655844351E7
-2.1776141125013736E8
-5.48688215310567E8
1.1804134865373427E8
6.361664350167205E8
9.221586722481296E8
-1.503740837235588E8
-2.707507113012974E8
-1.2151945314220574E8
-4.058495458018072E8
1.9040800475435944E9
2.2133604352539775E8
-4013416.932901055
1.7678755028028157E8
-2.982024870902982E8
1.705963765705388E8
7.916784114191923E8
-3.284360305593879E7
1.2839148398785551E8
-2.784932130478009E8
-3.527462230958322E7
-2.1057009759538415E8
4.0517635847149186E7
3.240611776687063E8
2.830512099507246E8
-8.648173205468228E8
4.2429389955532986E8
-9476195.872811878
-6.5859482698206E8
3.354804482037403E7
-1.93744386935586E8
2.4844840292974722E8
-4219954.294867903
4.029797508772462E7
-2.149377373867576E8
8.489506613268156E8
2.4191901025274634E8
2.6301624328063446E8
1.0762134007519148E7
6032520.492833156
8727730.916445373
6468163.887252267
-2.0064420580785453E8
-2.85163457329009E8
-5.0525036071849805E8
7483566.090419971
1780054.8390467926
4.5209606401956245E7
2.080114621239954E8
-3.904486217119333E7
9.974598856340548E7
3.478181268917437E7
-5.484428437613941E7
-1.959167886217981E7
1.5595844968581295E7
1.873836560933891E7
-3.516439703131362E7
-1.1530988463153709E7
-3.554210888315085E7
-6381169.04692997
4389922.077689915
-3.4988915256570704E7
-6772978.358907407
2.5435096974910453E7
-1.3016794101542108E7
-7319701.445082642
-4.46386875647003E7
1.0226558654974623E7
1.5958667840654131E7
1.9139181531195454E7
4.2692899460037924E7
2423278.518681058
-3.3855698371348405E8
3425296.3127721027
3936610.0110889985
1.700342103896149E7
1.866630261324554E7
-9.914996101838712E7
-1.2245330162699945E8
5.4379929165155016E7
8.26893278996015E7
1.7658627014722884E8
-4.3308792448908657E8
1.1067276139136897E7
2.9759301859804228E7
-3.700095330700642E7
8.08577562879688E8
6.005417918960025E7
5.05164380639755E7
-6591894.752762998
5.363937644040335E7
1.4975816840713853E8
-6.268856589232061E8
7.76796779529426E7
1.3445341350033993E8
-4.8551756096414316E8
-3266849.7134317006
3.3596761898041815E8
-3.2848486927678872E7
1.913751648791312E8
-1.671860212096183E8
3.290525702676657E8
1.422107370928887E8
3.168033681724154E7
-7.398125110640329E7
1.6919722249244907E8
-2.753529633470036E8
2281716.3231923124
-1644691.2005616908
3660966.4690351803
-6.67637132897134E7
-6.612421297036803E7
-788854.2109575903
-2779740.6105623087
1.4434616573869107E7
3.089767224184787E8
-2.7189387968348943E7
-4.689536595996919E7
-1.5829522321496654E9
2.4652485222382045E8
4680470.851256327
-8.261832985083075E7
5.789950195454218E7
1.3042990065300472E9
7.536501766857004E7
1.6452973440258232E8
-1.7678902608727133E8
-7133438.179883889
-814965.0791779354
-1.0669835462866781E7
-2.9444642102549247E7
2.4951342982886426E7
1.8700386887738254E7
-1.2604816284798272E7
-1.3665943864037426E7
1.6236849705424955E7
4420921.189358131
3.390120068171248E7
1.4633683322060692E8
4.2051909408686526E7
-9.29029850707126E7
-1.5867755334371513E7
-9920692.704059282
-2.795691672221726E8
1.77375113552931E7
-1.7258043207341943E7
1.760682995734139E7
2.4728598343554538E7
-7394478.108813478
95072.96210470503
-111236.92623733
585730.1386471589
-57382.273542119634
-3.387940356358285E7
7820775.689077531
-1.7360742815554533E7
-27048.467701598598
-8754.718986170901
15401.541660406154
2.7437436427306492E7
260455.79723442168
3160973.7058403785
858.2387731751646
70031.61930949085
-3.435220056523304E8
1.501449756400098E8
2.5279478826315697E7
678709.30735594
-4604034.726490227
-743851.57857893
1373875.130177075
-713151.1238941228
8616276.04294412
-3.997757724504399E7
2511211.382964774
1.1123985543926805E7
1.0632957065822433E8
-251428.328579584
4.8778126251903884E7
-1747378.1566925668
1.687733731493436E7
2.0626189296299513E7
1.0569437442472297E8
-2176178.2239971473
-2.356457610513188E7
-5.554094175985238E7
9763741.977008214
-4.123988860768908E7
-2.3644970403780562E8
1.9495629382776952E8
-1.8923429472008895E7
-3.827336769825954E7
-126113.81293854724
1.3857920244031274E8
-1.3248445984575856E7
-3835142.3201186694
2.22308981385023E7
4.182920584969254E7
-3.028792600705395E7
-1.8527807824426778E7
-4944645.599279862
63747.96996701216
-1.1290262800107615E8
1.2175648424296252E8
-1.5995260356737342E7
-9.707593209955665E7
-1.41325997938062E7
-1.2200847419737604E8
-6.1119654177966475E7
7.400048766225487E7
1.965205391934083E7
2.1639117594247976E8
1.0646647855536345E8
6.898637907644676E7
-2803458.9312039637
-3.7285166233967684E7
1.7267243736172232E8
8.8946677817777E7
-3301157.494752802
-4.608583610551742E7
3.707854940420714E7
8.512255845712233E7
73955.73547641703
-1.2034286266430644E7
-1.3456859936420342E8
-2.202455106098463E7
51690.464960811296
2506536.5577047695
745499.0025310307
1.345601019379634E7
-935028.495897318
-1.2942387246780872E7
-1.91902203773805E7
-2231438.230256108
-1.146851291286601E7
-13514.737395401686
2.0197009984159272E7
-5745168.945954447
9668676.023848495
-1.1196432443666777E7
-1.685034264968194E7
4.181148757981914E7
1.2955947798020162E7
-2.2933909243886158E7
-5165007.946625183
-1258116.5426908685
-1.788037455348773E7
4678941.194867929
-1030018.0679656859
-1.2706343038267401E8
-9338238.155346153
-12042.997448155398
-676189.9470607261
2.6097112106074896E7
-1998807.4953574666
2335712.1850386015
144584.1478158918
-4078.318825467755
147085.30019365318
5.112574425642095E7
-4893747.627808002
2.0961743817285124E7
-1917545.7237645332
9831315.871963188
3.0385864042585224E7
1257961.2178144325
-1.3231873910254499E7
-1.5527064113129359E7
408.32301526600094
-1915813.3429401042
519756.01362539723
-3469338.254539465
-1063750.5391308924
2851816.333086147
2.6169339333264057E7
1790885.598803575
-39390.495732740834
-8262591.256993885
7065618.46490903
-1452381.0135848261
-1.0086192432430895E7
-496600.47837270383
1986679.2572486121
142255.24016325886
-1324544.1047182519
-91009.56469221933
1484404.9882376732
7.352571251934496E7
7.110335733607178E8
-2.891851388046654E8
1.4952337142108983E8
-1.3091404840989063E9
-7.157096192636985E7
-3521923.0063816844
-1.4085964719719723E7
3.0389618625841893E7
3.363899130681479E7
-4834613.545726598
1.2526061227621954E7
7.921293255718976E7
2.3673914160925823E8
-2.572542687812655E7
-3.428566983449251E7
-6936724.930516587
-1.6128825245942546E7
1.3460650129928052E7
-2.2083506258138135E7
1.2211477613637546E8
1072891.7615740017
-2505101.179731747
6265370.306706522
-9838192.285881871
6480827.218318329
-1609845.896463053
1.0367152246021638E7
1524172.8051335814
-2091273.4122463411
8126264.995098464
-1.3303128867805727E7
-1.1934940747156115E7
1.626634477791377E7
2.5631723014880374E7
1.2131033704071894E7
-1.0530912639987621E7
2.295508353511608E7
2.056369795417419E7
-8083904.142082489
-3.56982009373307E7
-1.3226764826003809E7
-5099811.425636274
7880835.627090783
5528814.068597827
-545597.6218952539
-4169011.2682869546
4.76983832570161E7
2.031314397602922E7
-1.1172094797099674E7
-3232753.5592818847
-1.3129185516236598E7
3.1401944626537465E7
9.439555399778624E7
6775730.992937553
-6.181462319767092E7
-4.901248284290753E7
211841.84593718793
-3.1291763142999668E7
-3.571227055742976E7
1.9530527284165937E8
-1.2535596071940692E8
790672.4774051964
5.488963847985959E7
99998.51463364059
5.603194192855651E7
-9.872013815694405E7
133268.48994092358
8.352016545123196E7
-8.123866170417579E7
6.437566311182353E7
8.73916810445348E7
-8.467578996965674E7
5.0455902784405634E7
-3.492175136466268E7
-733699.2357878315
-5.017761822128718E7
-4521147.440052396
-1.5939354341282066E7
-2.5525868697696257E7
5940220.692163271
-2.1440454213728353E7
4.95919299189014E7
-2.121679994262367E7
-1.1246774119983887E7
2.630464823870369E7
8.338557335149924E7
6.515908495729175E7
-9.230627362353626E7
3.230937916446249E7
-89545.78034534032
54750.525353652374
46930.36044873807
31763.319624951127
-29835.802139400144
-171810.4681935503
164741.887697846
-472373.9038349554
101350.76023077429
-24935.796518830644
-220937.92229744417
-22852.28634565792
118660.66353388685
174023.95464898003
-116545.90324022433
86044.49882934258
-66138.84182921566
-6377.6050665396715
-109939.24987318699
45770.24300606936
-63445.23200109636
-103975.60891140296
367097.81608594884
-1860798.2289406916
141955.9088362609
37815.589455042646
-421972.01742483536
20841.442233521684
-533967.6970653464
1572449.2433575517
7.52579616825372E7
-1.997843990669535E8
-8087869.262619337
-1.0011701580351355E7
-3.19763975192474E8
-5.75947954569562E7
2.1413326208224565E7
1.0950056234758872E8
-3.3796243656018895E8
-2.2645328254336825E8
4.782879654652733E7
1.9159546184817433E7
2.905424772811904E7
-9.736770160860474E7
3.7583336836206144E8
1.8368250633283713E8
-2.2568300552968826E7
2.3152581492669426E7
1.7644260453255817E8
2.2664954188493773E8
-5.7328837797526486E7
-1.8399164880803856E8
-9.392616295847017E7
1.4716628527230334E8
-7.76409394328053E7
1.1694522377626896E7
-9.712855696762636E7
7.75483074701415E7
-7.833778271250351E7
-4.1271263070372295E8
3267162.818780496
-1.0398074342087382E8
7.157435674104342E7
-3.568408621669104E7
-1.0198491908465937E7
1.814597742104156E8
1.3587746341150674E8
1.8448867474111757E8
-1.8617278751708692E8
-1.9960282552468404E7
4.683589763304082E8
-2.277518028497256E8
-4.1676802321260825E7
1.5099238625047738E7
-2.326250582045512E8
9.62213323978341E7
-6.032681327809861E7
3.530553938565411E7
-7.614816117274925E7
2.517908389185026E8
-1.6542130458861884E8
-1.2672484155306627E8
9.569446850846153E7
-1.6981970233064133E8
1.479794221950024E8
4.271561821629505E7
-3.1553503378819034E7
-1.2292290347045767E8
-9.46067076666913E7
-9378848.621270774
-2.6492954931193393E7
-283821.22194915276
4293594.238272743
9.944235766763361E7
-1.3739357074617797E8
6.5474839569778174E7
-2.5168198061336976E7
-1.4132141315788133E7
-2.102807692882475E8
4.156747859886193E7
-7.596266747500764E7
5.43479780758611E7
1.2945304552946626E8
1.1068286365769107E7
9.046205699165684E7
2.5001736168479323E8
-5.087503771250852E7
-1717865.2619300506
-5.562451825123053E7
-5.392669112311105E7
-458924.56825147837
-1.4678133393800727E8
-29090.251883145458
340186.90460498974
-5.763755826948968E7
1.7308584560824145E7
-2.924078489908966E7
-657379.3058508165
-388953.6348249214
1.109279762368707E7
-7333047.095102655
-2097034.1047986823
-3545067.001117883
3567502.9984056875
-4.5512859530146934E7
-5048642.769701866
2.03264753291365E7
-1.1551452652055543E7
2.5958518376023542E7
-775910.8640311984
-7857019.068638106
-3.088615366168472E7
8574290.440958641
-1.8094317217801E7
-3803150.238711901
2.6857953394471843E7
2820981.050634963
-2064283.71431339
292729.36955431034
1604792.1292059596
-24934.447023047032
47206.58671374217
6914214.819970942
-968717.5086555538
-44208.30788540706
2790572.173155997
2.6417105459689032E7
-332142.47975937364
1.7602821933344718E7
-1.0601929915679848E7
1.2771899100431696E7
-2.3971292241625395E7
-1.7094278767189622E8
1.0176612492282119E7
-1.2168547913473447E8
-1.641424411458399E8
3.990899531623035E7
1.6464475315028197E8
9.548699818543045E7
5.625606665147645E7
-3.2483834650666077E7
1.476998616460827E8
-9.015458550088295E7
2.912570396100497E8
-1.4743636812377322E8
8.570547157434456E7
-1.8612813658161616E8
-2.204588096087394E8
3.8276615294233066E8
5.9240159704254456E7
-4.470897044588817E8
8.691282538731259E7
3526040.329869512
6.816980788786618E7
1.3133625637114896E7
-4.880062767189214E7
2145067.8553077057
1186680.2115800949
7490622.6878911955
859639.4236495144
6.312385754685383E7
2.103252699065198E8
1.301961419466773E8
-3.7631623598354466E7
-2.015400710130034E7
-2.690248640499372E7
6.847056276869E7
8.853427324461158E7
6882553.135947585
-7935672.263169811
-4.252797610299317E7
8758711.03486765
3125294.7771449313
-2.228921571202154E8
-1.0270785164692433E8
1.1137680164762342E8
2.4249784559372425E7
-7.579657554683806E7
-244647.1456436478
8596722.629660565
6854048.459665517
-1.0722920971689561E7
-5097722.871982831
2338743.22642502
-380584.7223036199
-7.509889457838771E7
2155433.7907793964
-1990166.8332004964
2.6205684382762793E7
3.465060325375449E7
1.6566961021430874E8
-3.172976868777916E7
-1.075184599067118E7
5.021236523023011E7
-1.0590536327311519E8
3.2518468132048346E7
-3.323080179972056E7
-1.1865184299873646E8
4092949.4985213107
-1.6507798278667923E7
-2.7301543267338473E7
-7685379.700723892
-5.15152723208179E7
3840104.358230907
-7944753.172870535
1.983551848578363E7
-2.1322450010660786E7
-3.3428687435105424E7
-1803691.3898515464
4.385555047558457E7
2.6184685810509276E7
2009442.7294476093
4.211547652951386E7
-3812137.6657307325
515957.56319773133
-7166969.08537854
-1.1376482296315903E7
4.6815190190409906E7
-1.079009260620449E8
1.1172548315261915E7
-1.6712741334135905E8
-3.290272855029889E8
-1.592689407424366E8
2.9959355124220186E8
5.100091986120361E8
-3.3145945032885563E8
1.0580885594913845E8
1.2665848258130708E8
-9.163262346087879E7
-1.1046089294102123E8
-6.418750837894052E8
2.130719488495671E8
1.0449177256794742E9
-5.425516558228724E8
6.014926275640779E8
-4.1854770755192417E8
-1.029502573220356E8
-6.647784220391366E7
1.94386591324822E8
-2.5809749064253527E8
1.7180492691604513E8
-3.5205240929922834E7
-1.2717848274389702E8
2950800.051507558
-1.2238426641424349E8
1.3135116089526411E7
-3.376491678744705E7
1.8182949115249634E8
2831446.796212592
1.5411330748630825E7
8.429553416772567E7
-1.5333919032620862E8
-1.456240023920418E8
1.6818997309604862E8
2743863.5264169616
-1.079806339440197E7
-1.4355329953301527E7
-5.97927575907157E7
5512152.531494497
-9.052732205530061E7
-1.1057032040142868E7
-6.27917109427063E7
-1397674.0629847397
-3.795302154206883E7
1.458236429639199E8
2.775497042683704E8
1.2144716076668235E7
1.1077861105706163E7
3.28565712831398E7
-2809600.687000824
-5728698.353065241
4963.91523427344
-3239905.0036669997
5.214487587371221E7
-1.8262582751783017E7
-7.953346343298714E7
1355253.5936576272
994941.5035575194
4.445268685343533E7
-6929090.707739714
4460601.265190754
5013692.07232159
-845634.2318167556
-4623.853646726824
-2210736.51226246
3590839.015369962
1.9338795154966682E7
-4320160.831660795
-1130691.8844261747
8.862985623148724E7
-2.0492270767546538E8
917185.3184040063
-1854530.7094027982
3.956305220575257E8
-2.0239769003091116E7
-1007014.8839333479
1136195.801049553
-1.4726352614905175E7
3.659785104169532E7
-954509.2653669502
264330.46365425864
-2.4385755917723607E7
2.484848080431346E7
7645373.0140265385
2855588.966282328
4.128950438144199E7
9368286.39978294
3301638.785779022
-585285.571412022
7.529776553850777E7
-507718.7774655559
1163185.5092178953
2182766.908742621
423023.11847901193
-2206745.477516726
6.214545470975763E8
-2094192.1202959411
-8952488.907731313
2179777.652322728
-2.956174957928308E7
2.828196186847674E7
-208796.6096806358
11364.516164277451
-16406.70127953133
-3231973.7858185484
-3.5469549403781615E7
-3744977.3936686083
-2642831.883231048
-121228.73260960268
-34312.70811949063
3.222358403630029E7
2.509824411379672E7
66645.14014967899
-2.687883066688898E7
-1.8585329718709357E7
1795949.1952022717
-850382.4626386116
5164216.145037312
-5.155268062940489E7
3205487.019754845
-6792238.767477756
-3786235.4278171323
-7638686.413237845
-1450337.410281489
-2.8958782032094516E7
-550986.1578221372
-1.9904904033567242E7
-4.9502772045658424E7
-3.777008236103134E8
4800165.266485964
530124.6275601746
-1.4563345923738074E8
1.523471155841514E7
3.530850209519401E7
-2.1956967616029512E7
-1.0213914824131076E8
4092651.3752595144
1.8487885409926027E7
-8205479.127816586
5401432.770854793
6.374765233581051E7
-6339154.511835115
-4730794.92332875
-1226681.9742517753
3.639509077313255E7
-7119348.815542429
7371758.544010056
-2.930553830550898E7
-8711489.136640921
-2.770096781572534E7
-3.964302922266026E8
-2.2559769844488908E7
-5.645071695236349E7
1147996.1245550355
-5358196.325196701
9.113710629210396E7
-681301.9549405827
4662171.27207182
-5264732.327376704
-2.1338311959722552E7
1.9276597156476542E7
-6239266.017196273
-3011772.7108942587
1.0317523851909446E7
-8604202.893949974
1.6458221163145757E8
7712841.930201111
-3.375175056016356E8
2.1299113922522852E8
-1361514.1966754058
9952849.466112282
-7.167523986870359E7
-4.391439527247399E7
1.8557604659152833E8
1.2669657781346288E8
-1.797508342297367E8
-5.192782115428428E7
8.90192521176879E7
8958318.265676351
-3.33872218841261E7
108.57200524685429
