-4.931971886879557E9
1.7757408197919152E9
-1.4204410989342478E8
8.008827606716388E9
-5.284520092383103E9
-9.18364469694897E8
2.6208524667576776E9
-2.728351498990669E10
1.9798800746403022E9
-1.2313158592043818E10
3.392540076842447E9
2.684412854228048E9
1.5680618664059021E9
1.4183155675133429E9
9.608176836220507E9
2.0778236769031397E8
-2.929900393081529E9
-6.41772313990515E9
2.8174371253197144E10
-8.780647521929316E9
1.536577270894168E10
-2.755225050811295E9
-2.1434069859217246E9
-9.133022112330818E9
1.391810414421157E10
-5.799842768168856E9
1.7292448901798089E9
5.275831693535052E9
5.754089494261323E9
3.2477395537990036E9
2.5261564654660134E9
4.200858312087963E8
-6.403011171381983E9
7935494.275760555
-5.976728569988359E8
-2.716481921463586E9
-7.707897790861729E8
-8.745280097100707E8
4.55337503674829E8
4.951529255957173E8
-7.91804367054107E8
1.4012672371332739E10
3.017404364879374E9
1.8861654884842774E8
-1.0540294231522717E9
2.4163174470947932E7
-7.379615798934002E8
1.7609338117531066E9
6.135329159140754E8
2.2659125922261295E9
1.0551409471677555E9
-1.3284833193618317E9
-3.5707031354667473E9
3.1182056023449183E9
3.431336488833946E9
-4.242090392601941E8
3.4566452925139837E9
-5.760045075372016E9
3.22124004335721E9
-3.265691831393444E9
-9.461263617634314E7
-1.198737887899093E9
2.8301768999290895E9
-3.2722334926001344E9
4.4393354275069785E8
3.943952943145814E7
-4.684412275688521E9
1.2795119899670185E8
-4816621.125094456
-2.4915750784380035E9
-2.5031188990561533E9
-1.9511011085800767E9
3.590525734332352E9
3.4679083961625785E8
1.0035017960517665E9
-8.748622597276336E7
1.158186814628332E10
1.4756068232176605E8
-7.644439631899597E7
2.0481326566858096E9
-6.502020862698033E8
1.617301494343662E9
-6.315131058604612E9
-7.680423146257168E8
8.345462678918277E8
1.9369824012335966E9
-2.8607623616600305E8
-1.137777494848086E9
3.083098661058233E9
1.1070320109505224E9
-1.4878697330722787E9
-2.530977858836345E9
-1.5949632064031239E9
4.0736577856900177E9
-4.306552266702328E9
1.2671497736953468E9
2.216627983239005E9
-1.1901078416476607E9
2.4883990304139414E9
-2.151381948472784E9
6.13292602181887E9
-7.849265330644546E9
7.926280627847362E8
1.100691548301286E9
4.0902940616904674E9
2.1208091125732245E9
-4.82593223816872E9
2.404567150951256E9
2.1270210455065205E10
-8.719012031811745E9
-9.212913894595558E9
3.6699678178235965E9
2.7236437187596316E9
-8.86160844942815E9
1.226571805382949E9
3.632012601104714E9
-7.535258213954258E9
2.229740546376108E9
1.468693070144219E7
2.665625382909451E8
6.675435581662809E8
7.867222403346932E8
-3.4134941535516363E8
-1.4190240349429762E9
1.016613649157361E9
-8.4512567938924675E9
2.9533353720221972E9
2.524618313376555E9
1.241392653275007E10
3.8081376789359975E9
1.876067647723157E10
-1.8992839880201294E10
-1.8515453572392624E10
-1.0674376165475168E10
-3.1830128415263567E9
-1.3908987342402828E10
1.2257710162537514E10
1.1940353042976591E10
1.4704115766539864E10
-1.4651680732303846E9
6.873513188205716E9
1.42997744735907E9
1.8997698682941628E10
-2.740240576629942E9
-3.28893846201301E9
7.163217388150073E8
7.456470845949873E9
7.076555666991392E8
2.0750489918181634E8
-1.3038257471671227E10
1.862303138213864E10
-1.9444376836733128E10
4.562501882948688E10
5.284644188424783E10
-6.70009884573336E10
3.413955584377768E10
3.067879596485369E9
-1.3603678449752222E10
2.3999860492828613E10
-2.7662951870878616E10
-6.27762096534805E8
-1.507068277521764E9
-1.357676927957755E10
-1.5179587713423649E10
-9.183433880559776E9
-3.151605031102602E9
8.686109610188324E9
1.3955032689691135E10
-2.6572712098563805E9
1.2771573147841396E10
-2.5278954373581758E9
-6.354009297068549E9
2.318694590202715E10
1.3439637667167048E10
2.943197875669609E9
-3.8059617320182047E9
-5.234195910950188E9
1.990755892680395E10
-9.715184575213377E9
3.0663690449150562E10
-4.786348884610778E8
9.935270918708963E9
3.460002914093016E10
-3.046578775008019E9
-1.4298890686039814E10
4.690706899664763E9
-3.213998406496632E9
1.8246648754416225E10
4.788808416931943E10
1.1975583950315739E10
-1.2300109378954414E10
4.6937815372256645E10
1.7776772110581215E10
-4.639213352246134E10
2.249049387037843E10
4.1355684800810885E8
1.381989031573151E8
2.550638932614163E10
-1.0783624721947418E11
1.5473347014712841E10
1.1697509356997766E10
1.374136430291959E9
-2.559437375338178E9
2.0428102635528815E9
7.565545143878314E9
-9.52760949383389E9
-1.7967845018496372E10
-1.4898839842644627E9
-2.477442879983525E9
3.773933233080221E7
3.4934182608635855E8
4.494688741269395E9
-2.898576537187876E8
-3.031383199801072E9
-1.2584292618510205E8
1.0377109347193907E9
1.815439752679899E7
-2.177410322398744E8
-9.600510048116742E8
-1.3324754334635924E8
4.328892245630905E8
2.5772776024377438E8
-3.91345598552471E8
1.1537987658923301E8
-5.2659110185043025E8
-2.2378914743705407E8
-4766152.031719535
6.74700021364367E8
-1.3967676083970017E9
6.768785003983748E8
-7.451745209204762E8
1.0405884003468556E9
-1.1660051845945444E9
1.09680285046277E9
1.068627283403263E8
4.0711318359733934E9
5.631468073194299E8
8.256144206297107E8
-1.0562385229745704E9
4.402490917941903E8
7.064671178931192E9
-6.718570482934471E9
-1.057633561091129E10
1.6306535674409149E9
1.0997480346528478E9
4.001229224640697E9
-5.571807200093637E9
-6.415858039248694E7
-4.133032157713968E9
-2.2844863732026516E10
-1.3296493764194453E9
3.2422433595211477E9
2.5147580830997367E9
2.7648630318212885E8
2.659679812787577E9
-3.541903213531125E9
-2.434775976432275E10
-4.718687084628746E9
8.69476504910351E9
-4.1749942600406586E10
-2.234303858451128E10
-2.026662624656754E10
-4.338028865839239E9
4.2934360320750446E9
3.2536812221044575E10
-3.9700630138074193E9
3.853320917172E10
8.120332712804332E9
9.62596232216873E9
-1.9670338094273813E9
-9.445192511023918E8
6.029863340261398E7
8.388288738134158E7
-8.075052618151753E9
4.523863575204332E10
-1.0461949671394008E8
-3.5828307313393617E8
6.143469040132336E9
-9.612903932551844E9
1.2058033237307103E9
2.702201630285251E9
-2.3152788547368684E9
-2.575136618174708E10
8.336101005202255E8
-3.447317365210677E9
-3.754587804575959E8
1.9090106397545498E10
-2.890321922549506E9
4.1110483718102807E8
-3.45236891474076E9
2.210576883983835E8
9.501064559952753E8
-1.6794684910697765E9
3.708914413813655E9
-2.309132776449097E9
1.9175049754386148E9
4.274119735106891E8
-1.6656340013604093E9
5.590718677732615E9
6.099662980787808E8
-9.486629438580861E8
1.3119007161777172E10
-2.0543372759917462E9
3.1509874616019473E9
-1.046651933225266E9
7.16293264410081E7
1.4386485914614388E10
3.103308837906976E8
-3.146077773622832E8
4.177901492862312E8
-9.056032067563395E7
-4.2635803611350484E7
3904481.2446734547
-4353979.443623169
9462058.62435613
-3023096.54005056
2.959573190760321E8
-1.520837054378069E9
9.455105925246472E8
-207918.65818536122
288567.38043675275
-599486.2603659466
-2.7333038043116754E8
-3.905923400892143E7
-3.085747456356487E7
179801.80657741707
2135353.7736636563
9.669707651228638E9
-1.532874450433656E10
-8.62410552586316E7
8.412885547827038E7
6.957050548003437E7
-1.0115447347522709E8
6543947.502166653
-1.1747872510750983E7
3.1201300860540766E7
-5.97890931205039E8
4510359.908912231
-1.3554772376105351E9
7.012403747780601E8
3.339156748198157E7
-3.1840387476404995E8
-4.290466692476253E9
-7.322318931972522E8
6.559149282836575E7
5.738063117530859E8
9871196.368676908
2.757544290472232E8
-1.3105626402090795E9
1.6845799679351058E9
3.6696018806252414E8
-1.4375142795434196E9
2.4848820285911717E9
3.7934699118044525E8
2.2383081105512557E9
2.6371709231323668E8
-2.4065910678804156E8
-8.90401348052115E7
-1.3799906255863637E8
1.9022024884375072E8
-3.5661586343051964E8
7.599307558463512E9
-1.5870014993194997E9
-1.2666441927595189E8
3415744.622529261
5.338949084640065E9
-3.7364413980565567E9
-4.112817340988083E8
-6.392743827958682E9
-3.01556859762606E9
4.751425289810491E9
-5.376104720317374E9
4.234947416845692E9
-5.220373884118671E8
-3.9911585915711164E9
-6.157070015621861E9
-2.2249897619946427E9
2.4183992147209212E8
-7.445869099391011E9
-2.223503456171199E9
2.851993896037001E7
-1.0075407810343927E8
4.60732671440142E9
4.332481074583555E9
-2.746624571077214E9
148250.18969259248
4.0207659798613936E7
4.1920670222519726E8
3.638748652092637E7
748879.0348337154
-1.4925597406956992E8
1.2159818841980979E8
2.717654345840585E8
-5539621.01750298
1.490645710805993E8
-1.408815521115034E8
1.869919315070256E8
4.597394279100273E8
-1068275.2247943992
1.3684070655346742E8
-8.050476707562006E7
8.781523508049537E7
-2.6126725871891862E8
2.5223352154649416E8
3.024550100694251E7
-6.364437018260205E8
-1.2009109403487729E7
5.05156453350579E7
-7.668748622730581E7
-4.259142291465113E7
9.836114298234153E7
-1.2178340442773613E8
-1.3491446501956782E9
3.234685837178284E7
-2287367.418272319
2797439.9412684734
-8712830.68483909
-1.3216391453842199E8
-6.1455675235498E7
-3.568682469421217E7
-17644.887083597918
-858273.3616205452
-3.376027583273873E8
1.9144463241664525E7
-6.100360761350248E7
-6233869.807104353
2.965699850047114E7
7.476904353540899E7
-7329415.9597059935
-4.5271246766872525E7
7.306772584643881E7
4634085.091335224
-9959514.668193951
6131375.996011836
-3.504644608726192E7
-1.920380923068552E7
1.2927917537813077E7
1.360217548330537E8
-1.8493031696073316E7
-271420.0167174726
-6.0787524471512884E7
8862276.40267055
3.783451852607826E7
-3.704350060191506E7
3.422468101816445E7
-5448316.436183846
-112979.88966676204
-1983719.8814255071
1067185.2823262457
3.6406581942730784E7
-1.7986146493312297E9
3.977361401341145E9
-3.0982030703396034E9
3.7001051821358767E9
1.3180295272890425E10
1.2719217104454215E9
-8.409578507229608E8
-8.112693581595322E8
1.345953854172727E8
1.2135286457083688E9
-1.2658408338950695E8
3.2098256806883895E8
-1.0533022753148708E9
1.4203880373898602E10
8.106274031610617E7
-1.9397710045284019E9
-1.0566900835406829E9
-1.0644847937056454E8
-3.9213751571965195E7
1.4719829312926524E9
-1.1512799461231773E9
3671267.755143818
-3.7835389434406064E7
-7444700.596062992
4.400494001120498E7
-4.53113456162877E8
2.4094725668971613E8
-2.0929581226533931E8
6.045910873361902E8
-2.544077213545552E8
-1.635651215915319E8
3.985872101701175E8
-1.1269674635233924E8
-511647.61511369084
-1.761158626739529E8
-9.579325299775442E8
1.265383142315219E9
-5.726497405926816E8
1.4236875427084515E9
5.001516854700462E8
-9.72296950998869E8
4.7577762267108655E8
-1.5760649665440235E9
-6.988247722055509E8
-1.7507406920756847E8
-7.160211807824209E8
-4.312987606458857E7
-1.8358979757390138E7
-1.9328157015744564E8
3978696.34672031
1.7079416644214153E8
8.255267587046989E8
-6.890222622522116E8
-7.494603474676308E7
-2.0929166059896103E8
1.2339578608433156E9
-3.2944966262816552E7
3.125574010313294E8
-6.377143130953945E8
1.5610605768779802E9
-3.527168688943495E8
1.2103738954567387E9
2.7649285990971185E7
-8.890745286113943E8
1.159624305374085E7
1.292482033505552E8
-3.295514977183752E8
1.1055816276757602E8
-2.0073551604551053E9
-1.0495620880349997E9
-1.347399923252711E9
-5.811136621705868E8
4.562148704635864E9
5.229002068431088E8
6.775312260259001E8
-1.0294087193191421E8
1.6520305363065507E9
8.73341512714634E8
2.2924197160421257E9
-3.032366821692E9
-2.904245008162905E8
4.28690346672213E8
1.2250104518343322E9
2.108735430330412E8
-2.7191256961837864E8
-2.6790339372068954E9
-8.673433328777544E7
1.656605778960215E9
-2.453658716676387E8
-1.4852984394987082E9
-3450464.198514597
-651369.1840333628
-933474.4230085918
3615969.3513918333
-1957302.4537360996
-1.10944636979648E7
-731267.3645553251
-1.338220039675721E7
-48209.06982897296
646956.1931010911
2.1829134199107297E7
-725343.944787639
-1.596675196874023E7
8982992.278648876
-81339.00207927024
4130777.966733119
96458.36706566291
-600806.7947633784
399758.0898257809
1623597.8379560276
219822.3089398738
2571490.6148208072
779898.5347328462
-3.0587825384646427E7
-864802.8621480771
2863313.95050057
-1.5369744717829734E7
79986.91949013341
-3960721.04916774
4214966.10315282
-9.26337374008816E9
1.4292794817248768E10
-4.138372309226724E9
-5.643686706448921E8
-2.6110831186278605E9
1.1138957581144497E9
1.291569126420625E10
-7.983598000977197E8
1.788273208268297E10
-1.272569992693065E10
1.135927288663923E9
-2.6294206401018925E9
7.568997512917908E8
2.7915244616795955E9
3.6847164638592396E9
1.967250335571037E10
-1.65148513697675E10
4.446169606184688E9
7.427364392257854E8
-8.008049227481634E9
1.0527729429764725E10
2.2089951385688028E8
-9.272002411458914E9
-1.268702472728307E9
-7.852073469748327E9
-7.417625304955134E9
3.765983046715591E9
1.6191886369903767E9
-8.515611991543065E9
-3.672082426316862E9
8.94592946562473E8
-1.2307558245804676E10
-1.0248314321900811E9
-6.686162210260375E8
8.12111142897859E8
2.499450000573145E9
5.04677724149798E9
4.2384799581207247E9
2.706471596833465E9
-8.630316600185854E8
4.387009794366172E9
-5.361340457904162E9
2.124608646212533E9
8.47052262291154E8
-1.4463781139752653E10
1.0746626449424213E10
-4.1510260879219685E9
-1.9254905277050014E9
-5.086508129902715E9
1.3444287994982246E10
-1.1042522250841777E9
-1.5004676729362986E10
1.5758429355902988E10
-1.6261591898449943E9
2.7157493046278186E9
-2.5124796861454854E9
1.6489659626645296E9
-1.3951886800189457E10
-1.5629872927747004E9
-1.2093252857437747E9
9.640766436157679E9
-5073224.01371045
9.417029065451044E7
-8.079776850972143E8
3.87678482934475E9
-8.790032790062335E8
-1.4054514171438366E7
2.963698461508808E8
3.193163214074128E8
3.0226509652781105E8
1.944924838601236E9
-5.2303120516552925E8
-1.5115457179614418E9
-3.94949243116313E7
-3.748136545347194E9
-3.178804818861217E9
-6.413474792303003E8
8.905803209736264E7
8.400721920849123E8
2682568.9456881145
1.2194399005263751E7
2.978176703382732E9
-2160328.336424921
4.120955105603406E7
4.413236496883132E9
-2.1020858573085982E7
-5.536478235124668E8
-4.8999370888488896E7
3.8661959644685733E8
-6.716818919885759E8
-6.72339878093204E8
1.700905628196944E8
3.19800935906874E8
-2.330645920246229E7
-2.0168641843171964E9
1.5055313444336742E8
3.4129840583731394E9
2.380210990584924E9
5.845103588632789E8
-9.306544859088342E8
3.651581155584834E7
3.8971842032805246E8
-1.1633062230881897E8
-2.5952781222660847E9
2.347569808539252E8
7.732297382214782E7
2.915756001271662E7
-1.9162694432117552E8
2887330.635294559
4551650.129631401
2289844.3707170496
3.854102370645248E7
-1.799348326121986E8
1.4091851056969988E8
-1198511.6876620485
-2.6961579455686617E8
8.360959504309367E8
-533563.9653647311
-1.8778708872773778E9
-3.061423890481891E8
1.4187591989806213E10
-2.0370859739348786E9
3.6628118675119805E9
4.480833587810067E9
-2.0803106200630722E10
-1.8242274498756134E10
6.985480989335202E8
-5.140484878682345E9
-1.1157124646635964E9
9.17444933123249E9
-1.2729280475777252E9
1.920505524536007E9
2.4904842427486873E9
-7.671234078037225E9
1.2030815367032913E10
-1.6860015868256422E10
6.367970586806281E9
-5.82214942983592E9
-1.3563066394154007E10
-2.6178300527695847E9
1.2508190408453426E10
-2.139334675529729E9
6.530514814808949E8
2.0646011895937118E8
1.885702960674956E8
1.2915401502064726E9
9.60232799472403E7
7.256193958216354E7
2.4069646630498326E8
-1.585371879287986E9
2.189239795271407E9
5.478635166801642E9
2.5002692809313183E9
5.029345252159685E8
-2.229155145146354E9
1079197.3394223829
7.215547791150093E8
6.025848604260157E8
7.694808145960473E8
4.2000299175919515E8
-3.1101905512940893E9
5.0710545709353757E8
-8.480147894942107E8
-1.1970640146030754E10
-3.4347432615590577E9
5.092295953978912E9
1.5435872804238172E9
5.797113053061807E9
-1.9918783442546073E8
1.1968512270078392E8
-6.90113051765179E7
-1.4561050730216402E8
1.9260806728758958E8
-2.080346815251164E8
5.324534501470534E7
-2.0721654416081698E9
-2.2674970323180607E8
1.994508690445402E8
4.473220791531748E7
8.547291529325598E8
-1.5283525528208609E9
-3.1786745316554445E8
1.9494620245090294E9
4.437683974112887E9
-2.5724762562021246E9
-1.5024348865850496E8
1.8777782970573494E9
-4662411.504074667
-3.70128267652548E8
-1.3958031723839998E9
-2.0288443305700324E9
5.835009215233878E9
3.649657939593203E8
1.47865047805945E9
3.7066193116131544E7
-2.2344304506666306E8
-9.269069065936084E8
-7.353016946595802E8
-768179.0824171716
3.1653540841083884E8
4.083014583477416E8
6.524995009678984E7
2.0104299652863927E9
5.548773797041974E8
-2.35478916925168E8
2.6570423692294165E8
-6.944432702310994E8
-2.658285202738852E8
4.668161119535462E8
2.808819197350662E8
5.832695993128774E9
2.5035549368229203E9
2.8080399617728786E10
-1.2703137560849506E10
2.6562637783472652E10
-6.005767205855628E9
-1.3436944741320665E10
2.254030724495233E10
2.4333841786914864E9
7.823799210855254E9
2.573833609485059E10
1.8525066203567356E10
-2.797415586334294E9
1.5683273808355349E10
1.7834162320044502E10
-2.265997195472888E10
9.088587525983307E9
9.169077234203331E8
-2.148505462321862E9
2.4020545200829456E10
-1.8008206015860934E9
3.622717821762151E8
5.194746904787709E10
1.6742230167007391E9
8.811429907731747E9
1.1759968478158045E9
-3.8132743605494146E9
3.8092224750037086E8
-2.107700364464303E9
8.654235264506805E8
-1.7828917495853272E8
3.132288866919609E9
4.567275742699245E9
-3.9497877046157837E9
6.071121649347944E8
2.2518910035731116E8
-3.6326159636630994E8
1.5644339453838117E9
-6.258218986708043E7
3.9242717546998876E8
7.987746717735672E8
-5.3192606487207043E8
4.4933103803716797E8
1.8115557180715733E9
8.67719540382694E7
-1.2015025448505001E10
-2.2543079655209765E9
3.6832867248947847E8
-3.732611671585477E8
2.5982017098479766E7
1.5883783238817218E8
138692.1141153169
5.011036215578187E7
-2.2095646021370325E9
3.8732615504098374E8
4.7222937151006645E8
-1.7935212256987748E8
-5.0251126032732356E8
-7.505900745616623E8
2.1131446540653288E8
3.643793844260451E7
6.766896620366928E7
4.856751695190514E7
-10334.008626241592
-1.5913876039892212E8
-4.649432445013872E7
9.501294730292515E7
-1.5347623350313514E7
-3930571.4702231535
3.5277468230940646E8
-6.552557467375041E8
5.3005082662444435E7
-2.3642704338526808E7
1.6357875751732793E9
8.233801512807912E7
5727939.843105827
7520688.094140773
-3.1534248990686443E7
6.101502357380167E7
2.928233648905976E7
-2383.9904855384343
-1.3845298033468515E8
1.1453946534376265E8
1.0544129048931018E7
1.6316207027685393E7
-5.7567901622925E8
-4.4266082007473834E7
1.834596294806835E7
1.5567229287876593E7
-1.0115979670719541E9
2.3134272643902156E8
-1.3730866410638338E8
-3.4668993403132653E8
-8088346.543004658
7.12797810262321E7
-2.9583145028652334E9
-1.6736279499695057E7
-7.590123170553246E7
4.7693914242683776E7
1.578547688336361E8
1.0536323823184791E8
1045759.0518043162
20089.92593583271
-35800.95129990748
-4.238966901089769E7
1.4597938929002503E8
-1.4959648738839297E7
7.762425742005119E7
-1.6015188945188718E7
-2776.190059224561
1.111662599863627E9
8.276658455158272E8
2.909897357644172E7
-5.706592834959202E8
-1.1944230471391293E8
-1.111754318382576E9
-1.6038357824062356E8
1.2275194344879176E8
-3.3279503295992666E8
6.769252503315856E7
-1.4670138054711026E8
-5.948523838913518E8
6.289629159086128E8
-1.0506268317991675E8
-1.5284987853395226E9
4.901852851159582E8
1.8163934259567852E9
-8.155881021578963E8
2.9310944835447383E9
2.5422599250624096E8
1.6568443924951863E8
-2.717603811411488E9
-2.3591890060645905E8
-5.210789189902742E8
3.075392684072246E8
3.5346510841477013E9
-8.559802182290182E7
2.881101612641297E8
-2.030440441964578E9
-4.516899102313739E8
535549.6320118593
5.089050178108376E8
9.717512881949234E7
-1.7578054789530313E8
3.320750833437312E8
3.530092201336961E8
2.653212340296111E7
1.137041586770114E9
2.8199895325083184E8
9.154459575902608E7
1.4580488822287266E9
-9.984286724743972E8
-1.8785945839733002E9
1.0459599322949457E8
-3.2250941136336587E7
-8.390139042290579E8
5.335782727811362E8
-1.339358569121528E7
3.2229895192019433E7
4.189618683222809E8
3.0986903360626686E8
-1.1462066699974726E8
4.3315951140375786E7
-1.032378035058361E8
4.1826430762072134E8
6.945915273714306E8
-2.4727861330751374E8
6.40619515853984E8
1.1662320965533018E9
6.724310837873499E7
1.8866963038706787E9
2.887036956557337E8
-1.0939118247155628E9
-6.742387324216552E8
-1.3424633133237827E9
-1.8781005678283546E9
1.1409170127487772E9
3.581493943514351E9
-7.940630653875768E7
8.03530247551413E7
2806.2046596694336
