9.866082973404386E8
1.7422294526204294E8
-5.0946552971886104E8
1.971114216244192E9
-4.5351085327271944E8
-1.7551684979559875E9
-2.151543022615377E9
2.0713324970888677E9
-8.376576018349842E8
1.3464773044578054E9
-4.807144540221617E9
3.0171552179502785E8
-5.950929213613642E8
1.2066275419418883E9
-9.834260332164536E8
5.3508206933158576E8
1.0547652115504633E9
3.890190467786923E9
3.771554359956903E8
-3.284524196278779E8
-2.3319456235163913E9
-3.8476419549397814E8
5.127251312636588E8
6.997008175558791E8
-9.121834948246957E8
-5.350015377080027E7
1.0953886251740832E9
-2.780787501532362E8
1.6201687817108896E8
9.448550623965461E8
3.407349254304181E9
-3.728379238679414E8
5.0855156122976E9
-1.5549019493372056E9
-1.2972772744437652E9
-481919.323878576
-6.924211532759933E7
9.274283180326307E8
1.663097688499606E8
8.365316352644436E8
6.155962701641904E8
-3.7461533847893844E9
2.7214259078694215E9
-6.987874196362156E8
8.145228703230181E8
-1.8925883010323542E8
3.8040133499684286E8
-1.2692880507545826E9
2.8531221328008616E8
-1.4129234232579029E9
-5.435973252964645E7
-3.0665747686479964E9
-3.4686129014211826E9
-1.6881914528611908E9
1.269927216491254E9
-5.9796573938104115E7
-1.1122463292898092E9
3.555701136039264E9
2.11706434169911E9
8.72768536819424E8
-1.282787949552459E8
-2.482758910501167E8
-1.736371891811643E9
1.3723974705641003E9
-7.77221485259684E8
7.336570569009413E8
-9.80678283352891E8
4.482387602239653E8
108468.32995806863
1.5756969384085488E9
3.4501632386439514E9
-1.1130204509084668E9
1.851943958906986E9
3.2621731161644745E8
-1.9991689124430687E9
2.3707298295787418E8
-4.115119284360611E9
7389136.758378387
6.492259465664402E7
-5.859989300279963E8
-1.5744864897309349E9
-1.5647794094791016E8
1.3318016711564434E9
-5.56250121986344E8
-7.89949049047607E8
-1.7691505187605E7
2813961.656516214
7.793900657163118E8
-4.5390357673665866E7
5.24932597964385E8
-7.059543661362293E8
6.772102918496529E8
-1.8203544035432357E8
-9.142419496758133E8
-5.876324748321191E7
7.39970253770831E8
-7.285959860586051E8
-2.9272708789670397E7
2.825221999135471E8
9.147882309165356E8
2.639662416586296E8
3.361561404765653E8
1.2245648517669597E9
2.7127776848037972E9
-1.0827580042370205E9
-1.426869098912361E9
6.104578242853036E9
-3.453401441323321E8
-5.2342919668007493E8
-4.583314140256186E9
-3.0775901590112753E9
1.7279351972895823E9
2.8790161323295854E7
9.694983942952099E8
1.2340105376041973E9
2.1220172094462473E9
-3.0889605057614264E9
-2.867859809477996E8
-1.5208707201962934E9
5.439327567394356E8
1.4280507268756273E8
-6.2113787363911174E7
-3.8596596716851346E7
5.194062470500862E7
7.900631412636638E8
8.999152962063003E8
-2.5303085501150103E9
3067534.1870189155
1.5188073875689526E9
-2.9988773809399962E9
-4.545545565867546E8
1.1123795388360925E9
-6.669804251862425E8
6.17578692249015E9
6.014287530590324E8
-4.98965696084413E9
4.532532195419998E9
5.38763354537594E8
-4.952517471631844E9
-9.623362434248537E8
-9.624972948210473E8
5.039721757969328E9
3.7287929697519946E9
-1.0315283970493526E9
1.0122651365178387E9
3.639704188265696E8
1.8488062421400397E9
1.9816267672872397E8
-6.848748805810985E7
-8.998278706410284E8
-2.678426950480113E9
3.761274588270369E9
1.3739922177412727E10
-9.514640157332327E9
-8.3454693497525625E9
2.639190348451111E9
9.142038623202032E7
-8.985501991233335E9
3.170067169038263E9
6.4924480514759865E9
9.333942394697808E7
6.839409080588174E8
-1.2649766515818741E9
-2.694461270032601E9
-2.9634790542450166E9
-3.9171421409771347E9
7.120900519886718E9
-1.4794771162717168E9
-6.551610340310892E9
2.0826701625828702E9
7.300477379842402E8
-2.0128820103375204E9
-1.4465103108523687E10
2.6986042456016617E10
5.642574507548798E9
1.8445123773996272E9
-2.0259096281921427E9
5.48318169375776E8
1.8364404282809465E9
2.1209645402625284E8
1.9550643855166514E9
-7.031782583381308E9
-3.518067959089169E9
-1.2150996124731998E9
-3.435046879034946E9
4.589048837954151E9
2.666515608377018E9
2.755325854288925E9
-3.018697235423736E9
-1.9063903454031825E9
-7.014418705915028E8
-9.191782444110027E9
-1.349447584241155E9
-8.285422562305293E9
4.847150249478366E9
4.4224501635818136E8
8.481977768944579E8
-3.0665719764034367E8
3.93713864124157E8
1.0201634247237778E8
-1.8374017220522327E9
-4.586352945041743E8
2.7684448202404875E8
1.8402836051955616E8
-3.925315248037612E9
1.5225736080419092E9
-1.1534972751531205E9
1.370922421956038E9
1.4882612858055003E9
7.77357753807713E7
3.968047240072902E8
1.2956922959858975E9
-5.93963463591694E7
1.6197005909839E9
3.764055920661107E8
-7.109133548641746E8
-5.482830618688037E8
-2.070401384651426E8
-1.6950531226119018E8
3.4873771627577287E8
-2.920524515652728E8
-1.001194082200813E8
-3.659723396009229E7
1.772706867172991E7
-1.1121886552726604E8
3.385801915469357E8
8.279851400758691E7
3.807775740187894E8
-3.980691505183019E8
-7.12386505782266E7
1.3175102254668738E8
1.7898718770997402E8
-3.566296873838952E8
-5.0392468069160774E7
2.2748299668424305E8
-1.3401684426186423E9
-3.8030459530227983E8
9.677996214399713E7
8.66057465978062E7
-2.840713646352982E8
-5.178770684321978E8
-1.2329841471621225E9
4.306515356333718E9
1.0973600040406048E9
4.654987481998157E8
-2.875708924430095E9
-1.37699077881618E8
-4.719252351092937E8
-2.3568749373994E9
4.0366266163774037E9
3.212633066830458E9
1.3901617784708028E9
2.271824374325422E9
8.243561434530351E8
-4.420789358463051E9
-6.562926505114623E8
-1.4979316984443644E8
-1.6848061450061643E9
-6.9603727490624895E9
-1.075709717853629E10
1.4494878231192157E9
-4.3055295295907135E9
-2.1280047929013267E8
3.9158790293397605E7
2.1898236802787848E9
3.4163112307796326E9
1.2593911244587242E10
1.7076203360878363E7
1.665120059726004E9
-9.84960995612505E8
3.4138737637495235E7
4.375396781394384E7
-1.1029408864798497E8
2.167630034417938E9
-2.4705530303677044E9
1.428161245500877E9
1.1793064056631409E8
-3.881246995205308E9
2.587156111363636E9
3.4749552639742196E7
1.2701418460656936E9
-3.809856747204484E9
-4.367463737433715E7
2.0349502622705486E8
1.1148719012478426E8
-7.641924351817513E8
-8.623282998131272E8
-2.1007542567590647E9
6.962797148833048E8
2.3166192004095573E9
2.3732335684781736E8
-6.2974606226077E8
2.767827163852557E8
-3.399479012914677E8
-1.663875469526726E8
1.0755880286965542E8
-1.9386013368390965E8
3.459888449420059E8
-8.914748594892028E7
-1.4166951234853303E7
3.269136358014352E8
-3.7761383826668177E9
8.355854170112361E8
-1.0291492211829653E9
-5.237179607871332E8
-3.385916522996963E8
3.402080347386937E8
-2.966321060945265E8
3.749326796024767E7
1.0499961904834785E8
4.719421374623688E8
-1.0410264643135495E8
-2449034.0375124537
2377617.1246592854
2704124.8898893483
-4482358.054286331
-3.129574663130782E8
1.7068562745962348E9
-4.298823392902868E8
588296.6166064672
-49353.7430055036
-198409.7997683116
4.1078581170496607E8
-425958.6347352554
3.282409553064411E7
298779.2782214152
-943169.1916629389
-2.284704902791707E9
2.847238112157517E9
1.4548789513682836E8
5.3505165241012394E7
-2.6969072586989693E7
-2.6440239948240943E7
1.2555577987592667E7
1.1849871313726937E7
-7328824.4841881115
-2.2933509032990387E8
3158761.7494561705
-3.4470205027047366E8
-3.9192488294205284E8
1.3337407726343932E7
-1.6457571557853323E8
-7.480028482004996E7
3.6057396740613186E8
3.5614093291647874E7
4.097525562571253E8
-3.381647026276256E7
8.689230510732134E7
-3.6956133078502595E8
7.720343442966415E8
1.4610569390132076E8
6820517.244995577
-1.2104782275578065E8
2.5914776783598256E8
6.398662664576747E8
4.100276815220498E7
-4.8858802405065113E8
-2.3119858451023844E8
-1.3231022908679262E8
-1624949.1298654138
-1.4450326003801267E9
-5.639508144849169E8
-1.0622184223157918E9
-1.1469162353256254E7
1406753.5171677927
5.4934875349601345E9
-1.23482742142052E10
8.687917859472781E8
4.441775462447652E9
-8.861066717145444E8
6.578404946491235E8
-3.451099446161931E8
1.2932683953009322E9
-4.147470029876143E8
9.054074141983564E9
-2.8000221607423735E9
6.057064544146904E8
-1.1907764792888453E7
2.44239340084508E9
-5.492809174091097E8
7.561774587398518E8
1.9533260778729737E7
1.2848653391461294E9
3.0390186117609606E9
1.618435848340848E9
733869.7547800351
-5.304673553236599E7
-3.3689010550615687E9
-3.385899914048069E8
387866.47834889544
-1248318.7505510873
2307950.769201353
5.45221205132531E7
-2.7433002306091055E7
-8.457195789918356E7
-1.594738477256411E7
-7.86565893628223E7
-5.229786457643033E7
7392807.252139675
1.238537708776567E7
-3.830228516133429E7
2.3745297017977398E7
4981647.5952215595
-1.2105562961314555E8
3.7164615815475816E8
-6.458179547344392E7
-1.2930686252072248E8
6.657246727967248E7
-1.7023220367886256E7
3.830827754689884E7
2.1432365612224054E7
7.566370405644058E7
-1.298451109334193E9
-2.1865064749606885E7
8718779.067158177
-977264.4760803253
1.544411879693273E8
-5.099372037056293E7
5440872.635450571
-9063882.233630748
-3406.201004468757
412397.47478654236
6.245617044014558E7
-8702184.532711279
7.483780301955576E7
-1.2997455290584577E7
2.1123088786790892E7
7.684743295290059E7
6778874.78378315
-7414846.915904937
-1.2873592508623693E7
-1566401.2776017103
-7660895.969970539
9009726.865708128
-4658277.651867992
2721466.3367449427
-1.525596076677448E7
-9.405450175241299E7
2267803.2327020485
289406.24848239875
3757983.364603006
-3319936.3815334495
5399390.108175551
2.4734779446545962E7
8514339.103898605
3002806.767536609
480400.86680543085
-2566487.706078073
-734961.3004492581
-5010867.577865875
-9.742133933440409E8
5.401874612914554E9
-1.6140764486971946E9
1.8741365578313668E9
-5.868542224195318E9
1.7232816956406274E8
-1.8824135045126924E8
2.6130263677957016E8
7.425415477848858E8
-2.1766118440813333E8
-8.492333113389711E7
3.375618839443226E8
-5.3483005805969395E7
3.86513626249961E9
-9.915137017436536E7
-6.032374476445398E8
-2.7453933477984273E8
-8.903501730391227E7
-1.0697142415558483E8
-7.807442987797712E8
2.0780560939107475E9
-2.505382702452116E7
4.0307609838773906E7
3.650367180813608E7
1.3400272006547688E8
4.8545938329572335E7
-2.0629298096091464E7
-1.622604707497434E8
1.1807158557239711E8
-3.2637449326187734E7
1.6167444247277814E8
-1.450417947516235E7
-1.403336165119297E8
-3.639902523617704E7
2.4941829490780282E8
-4.2786439494861744E7
-2.3385745759338814E8
4.051964432460555E8
-6.06778241614558E8
1.2304530798865195E8
2.6914470430589366E8
-8.7532839006867E7
1.6657171350531873E8
2.4281959968765664E8
2.680980912539475E8
-2.191626102617368E8
-5.171243286910721E7
-8.51213701303589E7
1.0983718795948923E7
-5.127015760361493E7
-7.289625384276174E7
1.0684598036727987E8
2.0478858400144303E8
-1.9834303456442726E8
2.268854645647159E8
-2.3675411537163076E8
-2.5022972852403587E8
-1.261969054757974E8
1.020590484822064E8
-1.0495288076110166E8
1.674029904220115E9
-1.1213338895090358E9
1.2706260174850633E7
5.314227911221375E7
-1872285.1077715596
2.7899360061324245E8
-5.638648262967085E8
-5.7276219512181774E7
2.538152086756458E8
-5.687155192603687E8
1.4754629204908328E9
4.7725244875136113E8
-6.507805653007234E8
7.646447080112238E8
-9.913540842407584E7
1.3486210459092822E7
-9.18427457162215E8
-3.6174500567946516E7
-7.332372596182728E8
6.770190765585742E8
1.2790796631492516E7
-1.1176214403402774E9
2.0228777975142795E8
1.2032408176385617E9
-4.022234563837115E8
1.7574117076039405E9
-4.577754000442839E7
-9.305710527863561E8
7.204230342245568E8
-2689210.7249411577
-787271.1817261531
599346.9843147305
1965911.2965211268
1830383.6267289093
-1064067.1583415722
-746212.4308117206
876427.3819623626
-670858.1977025002
6836256.576230484
-6457549.073267356
-1.3904504880032731E7
-244204.61163774127
2424762.9045416373
9080116.217888819
-3725203.5821636175
347060.3082665301
-736329.1335624831
617609.108360567
-1127732.75538173
499064.3002614591
316401.475472953
-2258630.133138186
5569029.221689083
-1.2249011109079565E8
4607834.413899072
252797.69944874002
1.4355415128553428E7
339612.96921768703
-1121358.0501291954
2.2718616465347603E7
4.7837720585107183E8
-4.384862692518611E9
-2.5974688103622546E9
3.6725933670986044E8
2.2943907012725034E9
-7.321145306224719E8
-3.049094865581477E8
2.54348278304279E9
4.681887106539933E9
-5.847372867231473E9
-1.7442002722558534E8
6.316138407291859E8
7.277261897539778E8
-5.519108904768915E8
1.264141709923625E9
-3.710411790244527E9
-1.6825212923823035E9
6.520990989182131E8
-2.1006527233756915E8
4.746571320174108E9
6.117528204142786E7
-1.4202664907778E9
3.6374518710609294E7
-1.9080342109250244E8
-1.2545313292091637E9
3.376130770447312E8
-5.362803199942701E8
-1.2687626201220162E9
6.720481462425945E8
-1.2039201839597924E9
3.3993775245537233E8
-1.59639752580507E9
-1.5088915591304226E9
-1.1474356726436253E9
-8.90639700393945E8
-9.42218428438916E8
1.1094811149471648E9
1.8024885195388904E9
1.30173787105537E9
3.0290496118644557E9
3.389596162814492E9
-1.8249996921152894E9
2.0740638723159927E8
4.33166249954394E8
6.337221595441116E7
1.8165973088999572E9
-1.880196613465553E8
-3.862841135453064E8
-1.1524767045600934E9
8.446301030379645E8
-9.764863029767805E7
5.34931812568707E9
-5.628049324405145E9
-3.210887767997639E9
-1.2599393168936622E9
-2.9782870664832467E8
-2.48445424056014E9
2.417199689818957E9
-5.565578166560832E8
1.72005661827836E8
5.551081060569781E9
-1083397.6186381038
-2.9290320509835E7
-2.6824126603517222E9
-1.975869029890007E9
1.7032292781950276E9
-1.2420092946199568E8
-5.648513953266121E8
-1.707907979813451E9
-1.7526660708599632E9
1.3883539645674327E8
1.8726782837273588E9
2.1470964491484232E9
-7.974056898877932E7
8.387110639257942E8
7.995662381868386E7
-6.564141078587623E8
1.5652835545501916E7
-2.812407860608284E9
-7.030629951053667E8
1.285147703048887E9
3.267608279259082E8
-936284.5187670693
-4.7006259980799064E7
5.1549540233532774E8
2.2380366685441226E8
-8.363445815529367E7
-6172732.114686436
-1.3568179310391405E8
7.920118744722867E7
3.639476716328599E8
-3.5876341834462754E7
1.419221976979695E7
1.7167058214166652E7
-9.605099706962106E8
1.5131947250655878E8
9.203633107881764E7
4.69981014428267E8
6.010425369731059E8
-3.7043815578493273E8
-7.114893002582356E7
-5.105281612409281E7
-3.237523894700787E8
-8.937212313016914E7
1856630.6766796194
3.039716967913939E7
-7.185218167878398E7
-4.449360928729118E7
5943422.911552124
-5.008108015644428E7
-3113214.0177883557
-1232848.6174940977
5.621691915285684E8
5.2660041294624016E7
-4067.7747754249863
1.535853613524844E8
9.900711453218257E8
-7996087.290623228
-9.962455439159726E8
-1.9807433903140984E7
-6.96220061909953E8
2.7524672669284284E8
-2.264674168851235E9
-1.7405560156157558E9
4.2948723036967216E9
4.087091837765395E9
3.801921108676829E8
1.523342935866979E9
1.261328162189137E9
1.582988239899441E8
2.731713365988364E8
-8.523075337529887E8
-1.7293866652778778E9
1.7062264816830282E9
-6.241192004129038E8
-2.054527010158596E9
2.557798802916769E9
-2.300911939555698E9
6.44115629859906E9
4.046234465047531E8
-2.513835529999893E9
-2.0479634291619039E9
-1.8702119940876064E8
4.513395971174448E8
7.457878896485215E7
-4.082574980540759E8
1.9846950185205722E8
-1.3227395411662732E8
-1.0557395075815143E8
8.759855206810613E7
8.746386418247287E8
-5.464255516838574E8
-1.4265628185152779E9
1.4749547952949152E9
-3.5440677611582464E8
-1.2890734433564265E9
2.4797014757119367E8
-9.236844658606683E8
2.438425041986128E8
3.909221557442616E8
-2.8393423500849895E9
3.0689824012338454E8
5.1538035527893347E8
-1.3911252284589267E9
6.8375960325933075E9
1.8577191138457325E9
-5.403619432314726E8
-5.577755579995135E8
4.940917576172124E7
5.1488132384395264E7
5.2287177948042914E7
-6.91416569410225E7
-5.550176896868942E7
7.436062194909014E7
4713905.484661197
-1.0030499397873236E9
-5.754112059607103E7
6.4366317617957994E7
-4.906333283339891E8
2.6635173463705504E8
2.1471639504060692E8
-3.304972750728196E8
-1.631303876296557E8
-2.727047717249939E8
6.47018844504875E8
2.0898483615535915E8
7.45086098507111E7
-3.077129582174781E8
1.367495327400717E7
2.042448573788426E8
3.8937540858860755E8
-3.201199782433306E8
1.8460656018719783E8
4.0421407264342386E8
-4.675749395825243E7
8.407243650787297E7
-1.0927100749563359E8
-3.276702167975032E8
4639860.559747359
5.56542078900996E7
1.5277986874838158E8
-1.9035297214899132E8
-3.5574927378635204E8
3.765115244889727E8
2.0346851912542525E8
-1.4134235194297886E8
-3.457338464892591E7
1.486831580838448E8
-3.3863831422114927E8
8.413988084547034E7
2.5922819190845914E9
4.574707286647364E8
-1.123348242071277E9
6.410826931842947E8
5.084679417270636E9
3.6592579640385814E9
-3.1515422551473517E9
-3.3698763426841507E9
3.072772322546852E9
-5.209820682891941E8
-1.0415393141865236E10
1.4280346168841136E9
5.653121995960986E9
-7.479602448110665E9
1.02156494883263E10
-1.413994628404436E9
-3.962064910104303E9
9.404424638357753E7
1.960870819778387E7
-3.1549203186731486E9
4.548962913733528E9
-1.6017153787083924E8
5.240330306195134E9
3.814109843241209E8
-3.808075957326934E8
5.2290995444793963E8
-2.7297734537179303E8
-2.003005634188768E9
6.887989134533048E7
-8.315861148334295E8
9.588772021038126E8
-2.446751684412283E9
-3.1557441543087397E9
1.3450542079403548E9
1.8799015718208417E8
-9.515653782362635E7
-9.904420660090841E7
3.968633031622489E8
9.843242265495785E7
1.3659571070566332E8
-5.569103592191802E8
1.4237403156090487E7
-1.2009394275937097E8
-1.5463305199523332E9
3.3221760432568985E8
4.604934656741949E9
1.4552421483669846E9
9.38035336402538E7
3.199093166620559E8
-2.173048401067133E8
-3.3239652637008544E7
-27319.485514155727
-4.002742212391069E7
-3.3127985244236135E8
1.1079450445545456E9
-5.3562061827950567E8
1.0012932702756284E7
-3.607938132441844E8
2.8105236546665674E8
-1.4058842467977239E7
-6.93870051595655E7
2.328916503845429E7
-1.0343171764869649E7
-9920.055184383087
1.1026526220359139E8
-2.839473324129329E7
-1.0772848585205013E8
8492422.113535887
-5533148.113770631
-3.0128786406703967E8
4.2233023511532766E8
-6428090.261287767
7181331.656368627
-4.934670378435947E8
3.413218750663961E7
-2.8914799665461034E7
5963258.437860645
2.6416985829870276E7
-3.4154830253160074E7
3.086246656922095E7
-317119.14449406316
1.5729131283883452E7
-1.2666503245382693E8
-3641964.6734737908
1.4734468472349936E7
-2.832110673776465E7
1581269.2712689044
1841701.7221849845
-1.066836542435404E7
-5.051479077604124E8
-7.78252280226295E7
5.007118827243718E7
7.815629253583491E8
1.0941268334670763E7
-2.6935189324217435E7
6.135713998377984E9
-3.631135414493184E7
-2170672.9342227755
-541584.7485465928
-4.394656340715615E7
5.9599093645251654E7
-1031504.4802933168
-81573.63492083826
-107783.22408886012
4423541.559866052
5.714453025845992E7
1.2567030106042089E8
-2.0556371390574984E7
-7.189056410751528E7
-599967.6951330247
-4.1333824786992854E8
1.2357458031991336E9
-1.1239254351462748E7
-9.523636819157683E8
-1.7222205506742057E8
5.580992616907855E8
483742.66925578896
-3.0707073420778684E7
8.821716651494006E8
-5.30525825644743E7
1.0513866868650521E8
2.668068970659926E8
4.8599120771863836E8
-4.397135726025758E8
3.772071071478673E7
-5.69817452381771E7
1.205096898636658E9
2.006698305514868E8
1.1297257931686598E10
-1.6401263828682202E8
9.410188618533176E7
7.686045899713352E9
-1.0722882242187202E8
1.0971966111478536E8
2.242795025060248E9
4.0337222888488827E9
-1.516011306191119E8
-1.2907145637473717E8
-7.707770101874807E8
3.108132921471569E8
-1.592953785736699E9
1.0233080914590685E8
476720.58103118336
4.0946787145347305E7
6.869101325123847E8
-1.2860435054249321E8
-2.6245716651815653E7
7.303512130707448E8
7.464556412740886E7
1.887368307477733E8
4.508231910562014E9
7.076112891921328E8
-3.668055247732746E8
-4.189403682422095E7
7164389.061852994
4.730595340151496E7
-1.3949098863799572E8
6.05945028898196E7
-5404729.878316046
-1.657850585500781E8
-1.2108177981161383E8
2.9224697971534565E7
-1.3515441428503387E7
-2.634599267662695E7
2.609498475674896E8
-2.610300096777771E9
2.3774264176012918E8
-1.8776308490570924E9
4.486971608083749E9
-3.9071805288719095E7
9.730078932320257E8
-3.567608842904299E8
9.721226345770454E8
6.342506113165407E9
1.4926573453271672E8
-1.2300229340340788E9
-6.267069708896914E8
-1.419629258677056E8
-3.3514165735015106E8
2.3729615760083582E7
-766.9897568920203
