2.4463547868431754E9
-7.773323988562089E8
4.4018656462476754E8
8.328499398506736E9
-1.593099231784985E9
-1.1180300960750978E9
-1.2472387551976057E10
1.506841763392066E9
4.48480457447432E9
1.1111237895271301E10
-7.521699061081015E9
1.171398026151734E9
-5.968523997738835E8
-1.272322391786193E9
3.6762641971115913E9
-7.527930827415558E8
-3.2176140659899273E9
3.003844222454858E9
-1.7192342602109573E9
1.5065744217782145E9
-1.8192879418707657E10
7.260637483618001E8
4.382936045540503E9
1.5227617817159265E8
-6.106512400885433E7
-2.1290822338946726E9
-6.5862888953643465E9
8.107352227509474E9
-1.466397567304571E9
1.4875103595457387E9
-1.5076800288048956E9
-3.973458581174757E8
-1.9322172501954372E9
1.8460150601640812E8
2.780941595858955E8
-2.5415259623047013E9
-4.8881914921055466E8
2.1895398085437264E9
1.5601559031123211E9
-7.738878746261615E8
-5.515465032926744E8
1.5945865396064837E9
8.255022223138015E8
-6.555677616421546E8
9.410437400349362E7
1.2981857425951147E8
3.317944322719641E8
-2.4172710683189735E9
2.1967838831661725E8
-2.9172299775753204E7
-3.559914105192156E8
5.033170154961963E9
7.167906531989512E8
-5.476558176693687E8
1.848670880091731E8
1.6350665240982053E8
1.0608068160851094E9
-4.1441286966571636E9
-9.116948212750943E8
-5.816502116767722E8
1.374355087743514E8
-2.5251337463236183E8
9.491993514682943E8
-1.1411891017449737E9
1.5580304536519313E8
-2.0339048217639247E8
-1.3955053293462358E9
-7.332730436926177E8
1081377.8245386267
-1.1647125462186894E9
1.8189077423329008E9
1.5816998474676628E9
4.1392910717390857E9
-4.1291792217406464E8
-1.0472864037988975E9
1.521733990088887E8
5.630545987517742E8
-3.485310935652617E7
6.311712450224433E7
5.3201228307199436E8
7.310303490393814E8
9.409809743253865E8
2.539532933975648E9
7.077417863153896E8
-9.729054258644375E8
-5.3122229695012194E8
-1.4739064666826335E8
-9.691777650117027E8
-1.0240946546811854E9
-1.0154095318300035E9
2.9552933888924265E8
-2.5372892958731027E9
-3.1225256409704424E7
1.700215273671293E8
-4.363273737246113E9
2.8332007120182385E9
-7.705162451422677E8
6.139660310030972E8
3.053556226399105E9
2.4700230941462293E9
-5.211206151122671E8
-2.2162114078163404E9
2.0368426036564412E9
1.1880706863334887E9
-1.177789124883063E9
-4.629402496188796E9
2.3872615669093266E9
1.9567920254458103E9
-3.0098252162736907E9
2.33162803671197E9
1.6985168113653533E9
-6.212286950983762E8
8.347862516860323E8
1.4634399180931818E8
-4.0897587811259456E9
-4.5791078482003765E9
4.869838951046412E9
2.821174328853108E8
-1.4985008007306623E8
4.655668886060652E8
3.357090890790603E7
1.809170469799546E8
-4.019674573350628E7
-8.287624426304041E8
-1.826602143970945E9
-1.2336774815163496E9
1.46202028028527E9
-6.216209082412943E8
5.432778457377893E9
1.5947931547294488E9
7.889029787180454E8
-7.657596672264132E9
-1.641875617660912E9
3.920433751203383E9
6.42263359046201E8
-4.305005148744588E9
-5.109539113043275E9
2.7402097192047286E9
4.822897800771446E9
8.67749306068971E9
5.774614670518634E8
-4.484148392357015E9
-8.958840420652863E9
-4.8883605821622866E8
-2.726281354704831E9
-4.916594079460023E8
2.201390707136548E9
8.025592796384434E7
6.928857516517624E8
1.9061088459456139E9
-4.891842427326188E9
-4.1620566059537334E9
-1.2165819939664635E10
3.6584014571955085E9
2.6419124616792133E10
-2.9341106404683824E9
-9.58702995828245E7
-2.968053187053612E9
-7.832209104848864E8
-1.6392873554388771E10
-5.710021513504932E9
-2.6327171869586153E9
6.560518008187909E9
-1.2911441062976315E9
1.0101837313204544E10
-3.087463191628262E9
6.087778163911783E9
1.4581349904620716E10
6.141276429446018E9
6.884357050202873E8
2.3370530863227922E8
-2.8491793448949265E9
3.5322822192528844E9
2.560312940869719E9
-8.17960272279162E9
-9.437052968670116E9
7.077118393569141E9
-9.36039258708216E9
-5.469200749794014E9
-5.39706773358992E9
-5.382133351163181E9
-2.7993441614533296E9
-6.807136233136613E9
-1.1020183312459095E9
-2.804896947555514E9
4.703371005810847E9
-1.1158096668735186E10
5.265961062902628E9
-1.156772894423451E9
1.3235037320989769E9
1.4772904040470314E9
5.384997069137478E8
1.1524242353766017E9
2.4237858557858152E9
3.952360899014279E9
6.0994843671496384E7
1.6967390487379768E9
-3.188083616401898E8
8.567425725390067E9
1.0422543931866539E9
4.391318061615246E9
3.654300293008585E8
-2.712418089617338E8
5.469184790093457E9
-7.042304789761311E9
-1.174260631240754E9
1.1284629447629238E10
-1.0275311867321335E10
-7.221822853712053E8
3.976746876288171E7
-6.290836756572629E8
2.1823679660492134E9
-2.3171647410955112E7
-7.817586399251094E7
1.0189096730420142E8
1.7162650691884366E8
8.507847455367211E8
7.189527782628244E8
-9.326712210029491E8
-6.337504648488779E8
3.7951170603104955E8
3.43132089839537E8
-1.2985551465090707E8
7.171447373772478E7
4.240369169769697E8
-3.009947446778784E8
-3.590930369527589E8
7.451221336965331E8
-1.1070786542146535E8
1.3666462433690844E9
-3.0780433573145884E8
-1.3673838939835906E8
4.95348988755776E7
-7.177474147975668E8
-4.3667262982392067E8
-3.9624655429904103E9
1.4639192906455848E9
1.2315946599713543E8
-4.498564502966353E8
4.340273362614454E8
3.67505310443903E9
2.202973124317356E9
3.8570736371598396E9
-2.945043590988503E9
-4.897887757247778E9
4.93242466893644E9
-1.57365813205895E8
-1.103115591184497E9
-1.6251279382015922E9
-3.357301815638296E9
6.573170237426361E8
1.557332488240742E8
1.7036984773258119E9
3.659332820655046E8
1.432546120758176E10
-1.2245808142854605E10
-4.418270565869922E8
-2.3533623022155216E8
-2.5658649027303624E9
2.3277257868072514E10
4.2806376033180875E8
2.0527822452910604E9
-1.3374206950298958E8
-2.251025651361885E9
1.0783731974337631E10
5.676936344410036E9
-1.4487812426618397E10
4.9896804606602274E7
1.5477917625877433E9
-1.0566198130154772E9
9.199656572869004E8
2.267728594367394E8
-1.5604277881299382E8
-3.94413085958406E8
8.801311750097286E9
2.288714800987839E9
-4.10899708233277E7
1.2147289048041176E7
-3.5748721040384984E9
1.6417774178567883E8
1.4884732578932583E9
-2.328667406567939E9
-1.0454391872839764E10
8.278120778973702E7
1.0828803815266435E9
-2.1325705988699586E9
4.344954269219904E9
-4.981176025776728E8
-2.0892614672878244E9
2.071399732615769E9
-1.6706332779129702E8
-1.1882542325816818E8
4.145796546507336E7
-2.3551410874063742E8
-7.966666607471373E8
1.22404361537644E9
2.0318027677640188E8
-7.793356174665156E7
-5.441393414996354E7
7.336275935382812E7
1.0628711901098498E9
-1.629496129372891E8
5.666267904820982E8
-1.4822898478847764E9
-3.824857425963915E7
1.7599236972462156E8
-5.005296099276746E9
-7.180795750886147E7
6.25742555707051E7
-6.330448032370044E7
-5.5469103413828075E7
-237501.6011800931
875.5563264295982
-441482.4049055353
-1168500.3937499695
-275113.0441851345
1.639857749271669E8
-9.432084051364192E7
1.6404988761707547E8
-524307.6107740778
135543.1018306558
-172137.7557736724
-9378702.24116666
-1471021.768992452
-2.148707152559335E7
9756.806405980602
954602.8802149426
-4.0436189541407394E9
3.459278948082072E9
-2.4022583358204937E8
-9197268.303818865
-1.0948268610009511E8
1.1426681216380721E8
-4731246.591168041
-9788327.041893344
1.1334511988436496E7
-2.7752010729903996E8
836691.4281855153
2.9671150782100016E8
-7.030965680415194E8
1.2644766454384034E7
-7.817105170845649E8
-1.0452032028079213E9
1.3391701979656758E9
7.532708053646836E7
7.233458274007607E7
1.1453088384897074E7
-2.03130072278973E7
-6.770099640959194E8
7.420881153078724E7
-1.8434398655271646E7
2.876838591914264E7
4.909336152021345E8
-1.9454072796153566E8
-3.6322286663038266E8
-6.6462492877857946E7
3.9921475465982005E7
2.2403054739847344E8
-3.9098046364150286E7
1.4258389570126733E8
-1.0089988005593958E9
1.373720462341317E9
-2.916492283288159E8
6.934918848322302E7
-1013658.5990802395
-3.288566198373114E9
5.442190416715396E9
4.894549378479172E9
-1.220627649338059E9
1.479753006127508E9
1.142691324839307E9
1.3073729112344234E9
-2.149206981567747E9
2.6671275788359493E8
-4.762375603421957E9
1.7343927788875678E9
4.578368282273297E7
1.9703795502058873E8
-3.702830759524312E9
-9.794596410642476E7
-7.084364854890926E8
-2.4221258051399432E7
4.067040986499205E8
5.488979738516659E8
-7.665746028051735E8
-128075.5668962853
1.3074854064335518E7
3.8672686718666184E8
5.464195230529577E8
-62265.83503513817
1.3791996468964718E7
-9096609.546874275
-2.5128140116531348E8
6813899.095934678
-4.821765464249637E7
1.1396859453946151E8
-1.0415465899834818E8
-9.41395349263407E7
-1143693.7070659338
-1.8077781259420398E8
4174217.709239647
5.3449570201952815E7
-4009656.7522245855
1.8916858641311526E8
-4.771435289153511E7
1.7660638642666477E8
8.4520813214483E7
-1.3704776148781547E8
1.4594691907570373E7
-8.507687582722127E7
-5.2201633636521176E7
7.145837176244977E7
6.47548013365165E8
5.591068502130375E7
1.0413006936689245E7
4616237.79557084
-4.978823248188963E7
6.029720594687021E7
2.1873309270921227E7
-1.4328588347631754E7
5571.895835306938
352482.59478200664
-9.186111020598929E7
-8376445.611141435
-2.0370104709238116E7
8852543.532358626
-5.903078397688219E7
-9.576893345142464E7
1288583.5276775674
3.914263368396158E7
1.5801058036550026E7
-1950677.0771845055
-1.6224614327032266E7
-9890694.135798313
1.763323158390239E7
1.1468507842101993E7
3181610.955661214
1.1591095761456968E7
-1503511.8107384013
62302.021624212786
276863.70319820096
-1.2094947712769445E7
-5787650.929740041
7392518.529139561
1.2960955889676213E7
-1161062.3842122732
-317235.87384581997
3696481.548908905
-101024.77952947546
-1.081420090822691E7
2.907544071492232E9
-2.776293428641376E8
-2.363779850328464E9
-2.6294816002751887E8
2.1749031512072988E9
5.79471871885362E8
7.006731312487831E8
-2.505563271942231E8
1.4170277831319508E8
4.992340797149904E8
-1.9895739447275672E7
8.726036606862637E7
8.982534882887027E8
3.371040671967643E8
-3.890018906949772E7
-5.253507927095532E8
-9.034268707454613E8
-8.481262380955726E7
5819903.958172149
6.695918759582361E8
-1.7246844659878309E9
-3975398.8034105455
4.527944002490781E7
-1.899173195478036E7
-5.584725221682027E7
3.779745061408872E7
-5909622.145163348
3.385384881759493E8
-1.3728697411811727E8
2.3041634692293286E8
4.102237226529546E7
-2.7907664724407863E7
-3.1833733710501206E8
1.6602501384124216E8
1.6336692777548173E8
3.53449342611961E7
-5.554546979671874E8
-7.05507466347185E8
2.3863881438039187E8
-9.399654350991377E7
5.663539965242645E8
1.1941218213273573E8
-3.3006955857971334E8
7.170083267484781E7
1.1221096240924157E8
-6.046709545705744E8
1.0270413191108237E8
6.220773896353576E8
-5.62853230889363E7
-2.5542272448856708E7
-6.144563116125776E7
-1.154272663347817E8
2.773305907757613E8
6.283557801954978E8
-2.739889194183784E8
4.4387095208377874E8
-5.714125999813181E8
-1.2614691734128615E8
-3.144035900811893E8
5.0249203188921803E8
-4.4576785854038996E8
-6.650616513070122E8
3662198.821803855
1.334028505691613E8
89981.57892219402
1.5501986891319403E8
-2.0723431236420536E8
9.154954844481476E7
-3.936146106290347E8
5.271146553155619E8
-4.647080765024633E8
7.318409920443726E8
2.0066049569796293E9
-6.857603155513902E8
-4.692839920641114E7
1450961.3783812223
8.522748579972997E8
-4.0757911405029494E8
-5.496644134188795E8
4.034903712421386E8
-5.641064093612523E7
9.7610267304963E7
-2.3544514538987422E8
1.067964992245672E8
-1.1787569824300204E8
3.4469301932776624E8
-8.658746274554422E7
7.775891616200081E8
-3.650781579220636E8
-1.7400530092887792E8
-190755.1988147478
563003.0191459844
-440207.9728117196
109996.07074108695
193838.5223923156
5472022.987829491
332963.51590045565
2251965.912169586
-2630720.9002669654
1836751.5584947735
-4160740.717721389
-222238.55883304737
2954774.5215424793
-4851543.168920437
-1971201.634901571
-1529267.5610727165
-4308.258016580046
57802.06977222803
-168651.4120486722
-276110.02105268795
-555114.8998978515
-567413.4101197754
1922034.2975739122
2.566908764399017E7
1337091.4775521231
-366197.67646142317
1.6046330623746479E7
90316.33642612639
963646.5088510901
-1.9361523071851116E7
-1.988823616899431E8
8.033436516970643E9
2.344773587852539E9
2.0971315209003031E9
1.1061007988420832E10
9.826025248124677E8
1.5535692199988606E9
-1.5653858157626154E9
-1.0996164942395123E10
9.013831026196444E9
5.564819238376528E8
-5.706779647925954E8
-1.0225674357744159E9
1.5506550420507648E9
-5.656801537958595E9
-3.203492378642277E9
-6.658913179778763E9
3.4039582103780997E8
4.260695233580544E8
7.133652812203087E9
2.4245804097641325E9
-1.2999340194210978E9
-2.71395914534533E9
2.2178019988308187E9
-2.89284707388903E9
-3.3412806226303345E8
-2.826181303826072E9
6.362039286517559E8
-1.032625969841228E9
4.7028754018125397E8
-3.351613582460497E8
3.400845173535734E8
2.740331842988616E8
-3.960693488256354E8
-2.697995734079568E7
-3.882774534728276E9
-1.1692486990581553E9
-4.150826133959528E8
6.101898138582888E9
-1.3517055073021145E9
-1.0379559311058886E10
5.141840345412193E9
7.731927843395456E8
-6775465.031591151
4.543763668197903E9
2.9188474391062746E9
-1.0388387523839464E9
-2.6160598199917235E9
-2.3394430549146777E8
-2.164905673906972E9
8.09698975445859E9
1.253146238715742E10
-1.4702525265764282E10
5.253174616486555E9
-5.891307882558439E8
-5.693928838762235E9
-2.7894834659128714E9
-2.7421651400055537E9
4.842383474347287E9
4.5492375033528537E8
-5.919908181042974E8
-131416.97594924792
-2.439958964573618E7
-6.403180463442506E8
1.8386533628950408E8
1.8064784924165773E9
-1.8755095885051566E8
-5.0914740876749134E8
-1.7058989809817348E9
-7.382418032084306E8
2.154126075559327E9
3.05592648662863E8
7.774936357462361E7
1.5901583977962725E7
1.267941839438372E8
1.616858033652449E9
-9.138643698497307E8
-1.9903895949346676E7
1.1576157630678886E8
-9.24666866868993E8
-4.891690981164752E7
-1.1801465887222965E9
1021897.385416527
-8.994137597554132E7
7.16671361585963E8
-996875.5411544343
1.3020742499588398E7
-2.012615768980663E7
-5.421260702156736E7
8.375349095496644E7
8.208784556828833E7
-7.681017363088198E7
-1951552.7479780377
2.984235488984002E7
-7.32918807750957E7
1.8030297774103877E8
-3.634358686997301E8
9.52889321486623E7
-3.036200875225471E8
-1.0226972807007314E8
-4.9143447297862776E7
-7.871035089119022E7
-2.29923591296683E8
2.9647244048986804E8
-1.0524457164830925E8
-2.2291476169562943E7
3.773896413786742E7
5.1317719656510375E7
990827.7254965828
-6.088225846047375E7
-1941732.976464146
-8699916.161449054
2.0212287762868705E8
-3.0389721560073968E7
175343.89032025103
-3.709601050949974E7
-7.355980174924982E7
-456063.2739195286
5.554010344187634E8
7.345987629657157E7
4.604101865090384E9
-5.598442366244496E8
-4.2497356846258E8
-2.6797093087353425E9
3.5130703171245594E9
-9.865456456459166E8
2.477402562297476E9
-9.622089642708774E8
-3.628293169850177E9
-8.786833575128963E8
4.0774445930362445E8
4.233660362262062E9
-1.4005670296161904E9
-3.9841090077089787E9
-6.407351911614182E8
-8.598945696352526E8
-6.485206819344824E9
-1.137596200556447E9
2.173810533124277E9
4.7854674770983374E8
8.786854912551102E9
6.90469341866421E9
1.299347215623482E7
7.279129735750625E8
2.5195083511706233E8
-1.0120403504400429E8
-1.6850677263165802E8
6.466769695136588E8
7.098794711071165E7
-6.197144832049946E8
-1.168253401670166E9
-7.046676955583878E9
4.505429523238568E8
-1.3716837242493343E9
-1.419705039999969E9
1.5965695694706628E9
-1.3920061133799005E9
-4.2541362750450587E9
4.2424376589378184E8
-5.243571515185174E8
1.667209619267635E10
-1.3029176912683176E8
-7.002894201337906E8
7.75770493780842E9
2.087710885043562E10
-2.7377572035049353E9
-3.721869866173667E9
4.133772864881264E9
3.1893672084042615E8
-3.891238409902356E7
-3.6995591160991736E7
3.624060876227146E7
-5.406623443408804E7
1.574934176387025E8
5.18674603844192E7
-6.36945437891505E8
1.4812937277467381E7
-7.888514055057104E7
-2.5646919561123185E7
7.244218749516152E8
3.804523453118771E9
5.638496329125037E8
-2.3233865712042853E8
7.349919592975303E8
1.0352386096021534E9
-5.3659566665998083E8
3.417040488495116E8
1.983583921092327E9
9.295342808017492E7
2.1736786894271263E8
-3.675224459858006E8
-5.546880285906665E8
-3.137542339243724E7
6.61683184349744E8
-7545104.4722286
-9.301683110848795E7
-2997094.7471840666
-4.5233450448833354E7
-1.0804525484137513E7
-1.9195166415618274E8
6.151066726161111E7
-1.0116307086556965E8
7.724328485533803E8
-1.1312360396986938E8
-6.576043140168847E7
1.2171301272353593E7
-1.8338318733283468E7
3.749115988694979E7
3.9415782832819834E7
5.587037869199439E7
-1.2156399952007074E9
-1.0049350269456017E8
2.4388393924515694E8
-7.92604586537043E8
5.162699453129789E9
-2.9762318977765427E9
2.0594922849354956E9
-5.133315422437151E9
1.2235967130173779E9
3.7479747530844965E9
8.268741984992269E7
7.146813686247302E9
-7.189953174122333E9
-3.8280761082834935E9
2.167555335410878E9
5.986340120441836E9
9.363942437606647E8
4.5904043460994536E8
-7.105366569325389E8
2.7139869385830903E9
-7.210588541923867E9
-2.3522618597506058E8
-1.0789403802439762E10
5.443290718877966E8
8.981676697891441E9
-4.629588091765223E9
2.936213794291283E8
2.530155165764698E9
-1.7164717400921662E9
1.6189184299913726E9
1.0639023403880056E9
-3.525899199423354E8
-8.48680217279885E8
-2.36035429447922E8
5.435516376711298E8
2.7206313634310097E8
2.360940507224815E8
-2.7324936170166725E8
-5.416172223374128E7
-9.059579987755688E7
-7.61564304983633E8
5.943506633319317E7
5.901848781152372E7
3.709764099425094E8
3.49136362468438E7
1.979364897178894E8
-1.911009373932932E8
-7.735326162458038E7
1.0680512870343792E8
2.5016415274533443E7
6.717794009626621E7
24314.112736394403
-8208545.44043636
4.2892139304274917E8
1.7269431071561173E8
-3.5184805411202395E8
2.5865957191074226E7
-1.7930732743744227E8
1.5136782496445042E8
-1.1292524241699548E7
2.1125045717653107E7
-603157.1565436128
1.108070459656428E7
5186.23209253693
4.376868031208504E7
-6929721.526787144
1.6196555486845722E7
-6352704.225708423
-1672611.325808039
-4.435584070391589E7
1.777993897428505E7
-8873353.337595826
1845470.0289272042
3.762473207821856E8
-5.541469732475376E7
-911104.4529545008
-719729.8042559024
-3.2234601989161626E7
-6430269.579177272
-3.294699811613687E7
-56636.69041039161
-4.5636919589388445E7
6.5291224810801595E7
2.1832776177768093E7
4.466947625553761E7
2.564277125977496E7
-5.860052389543753E7
2047994.2621349194
-1.3263884999084527E7
-6.411571590127504E7
1.7114272567473486E7
3.506904012983517E7
-4.209422622913015E8
3170095.869131168
1.837977017029846E7
-8.035258954286988E7
3.833183359502526E7
-9.5658836132069E7
-2.5666819212540526E7
1.3842915038988128E7
-7.455278162080808E7
-100099.83471787002
42427.78655456031
-58955.84443720211
816405.1618340852
-1.102571963534217E8
-1.0087963852635214E8
9037545.54041387
5.1052058728155755E7
265521.5154760086
3.984112876675638E8
3.806999425972233E8
-3.812829285366154E7
1.0098899361505598E9
-5.529738370163627E8
-7.435067961770248E8
-7.225168997177935E7
1.0468560899934156E8
9.76899875754499E7
-3.408414883468659E7
-1.6912896301653552E8
2.2195662218962526E8
5.433314894879084E8
3.5262307670778376E8
-2.247172978382321E8
2.240915122367009E8
3.310577311469457E8
-1.1585654123035E8
9.61370698332288E8
-1.0161630873969867E9
1.9734127654209726E7
6.538193346076936E8
-6.639341968641057E7
-1.145081277308809E8
6.229744225023193E8
1.6239626830872443E8
-7.195973333390336E7
6.973368929137872E7
1.0079326608986582E8
1.2109392886154617E8
-6.566421593682842E8
-1.2784948010652567E8
2.4183648584049616E7
-3.803193770036119E7
-2.3305249121727902E7
-3.834682488615491E7
7000630.320092321
-1.615810430725305E8
-2.1758713559010267E7
1.844034172357319E8
-8.119186162364485E8
1.4796321239860052E8
4.876227604189545E7
-2.5169242242145345E7
2.3004888362228323E7
2.370492244427718E7
-1.3020922103220169E8
-1.160268013893318E7
1.6762909845173532E8
-7.632837105455176E8
-2198188.744966383
2.3847857829816144E7
1739596.1600759525
-7.491912201944108E7
6.610262650023222E7
-1.0688293055903331E9
-6.391054832796849E7
1.5526326528445825E8
-2.2421966357790658E8
1.2296915773825623E8
-1.5088920030472202E9
7.990571145356233E8
8.581160690597197E8
5.941311620767285E8
-4.839330657421054E8
1.5987065707223346E9
2.6418765677465478E8
-1.6003826808746356E8
5.501685202663031E8
-9.243724426911911E7
652.8015667197222
