4.794721885163909E7
-2.0890405651937124E8
-1.7621205075566617E8
2.8425464751454916E9
6.297624765997423E8
-7.426073872626412E7
-4.887772894508532E8
1.1463238085768101E9
3.3672989444875E8
4.1659264641890985E8
-2.5022719037316546E9
-7.699139134699658E8
8.988509439419535E7
-1.7216530091992652E8
9.040016994826944E8
-3.3880123724973047E8
6532443.052684745
-1.4349327639680588E9
-2.1605777997862144E9
1.7428871679178393E9
-1.3490488547202303E9
-1.2290291911738653E9
1.366318382960383E9
1.3454025143019855E9
-1.6275821827263696E9
1.0924153826719427E9
-1.977187979103052E9
3.350656777860263E9
2.719957225624099E8
-2.2782889724746147E8
-1.0611545431706622E7
4.861646116472479E8
-3.1598767774870638E7
1.2244025995140588E9
-7.609425363454965E8
4.2861490880508614E8
-5.340835436368334E7
-6.098452252759191E8
-4.159631590992125E8
-8.599682335139067E7
3.77329370431518E8
-1.3209213569927542E9
-6.937819281719036E8
1.226808987840931E8
-2.996093167091461E8
1.6255518321603012E8
7609678.452610667
8.32601985342246E8
6.270061300728612E8
1.3292921975504294E8
1.088349697075037E8
1.0905985733352027E9
5.348787493686975E8
-8.825823746653074E8
-3.941732980523128E8
6.141967777778154E7
-6.774126185233619E8
-8.916627004300364E8
-2.4794382138358608E8
2.665075711817522E8
1.628968417378819E8
-1.204985471793112E8
7.321124566761297E7
-510505.608479761
9.49765086043825E8
-3.341075694408186E8
-6.385684605989634E8
4.39223782016322E8
-34156.06115012771
-3.08299089091388E8
2.0473934250889823E9
3.493654761435364E8
-1.5114472380146077E9
-6.967361894050305E7
3.863437807077939E8
-2.5652634569887504E7
1.3841925280555673E9
-8.40985374162927E7
-5.567232744882783E7
-1.8041225447133183E8
2.0018298068016243E8
-1.3897192229947463E8
-1.3074599310294211E8
-1.5460556392119497E8
-2.1330005953078732E8
1.0010208115470913E8
1.4489404251606354E8
-1.912550088011323E8
2.4772043719999614E8
1.7071337171240762E8
2.0476906204365784E8
-8.196785897478813E8
2.323158243931117E8
-9.09208335972908E7
3.228926064407281E8
-3.048603136369473E8
5.721446416227142E8
-1.0132792062647971E9
-9.688422274659657E8
7.030725357141423E8
-1.1494394574043652E8
3.2101656631010896E8
-3.991628567865117E7
-3.323909834792784E8
6483493.841333658
-7.53678480043801E8
-1.117336137753933E9
-4.9198438083812606E8
-1.0982042185441963E8
5.016217475862948E8
1.8884312078844598E8
6.97442508669879E8
2.7184414747930825E8
-3.5408735211798555E8
6.714481096801564E8
-5.858667990273877E8
-1.918499530350861E8
-2.710106760748639E8
1.4145268099962642E9
-3.388202421111345E8
5.725138624715721E7
-1.929012035296496E7
1.784664251080677E7
-1.1643717232091327E8
1.449067035688976E9
-2.577474991028514E7
5.2980550097763836E8
-3.731201053860922E8
-5.44429821700105E8
-1.1704188444378562E9
1.1248416207172629E8
-1.3185555933981173E9
-5.730667933111804E8
7.477792835708869E8
1.3680264165452413E7
-5.585393400687917E8
-1.0422090973475572E9
2.2301425112267923E8
1.4950457543862333E9
2.0805937436901336E9
-4.290205620004853E8
1.8850541454135385E9
-1.6201808151311076E9
1.678478481350654E8
-6.309591729356477E8
8.898642444072598E8
-7.728442893915542E8
2.2681278336781314E8
-5.250124034988612E8
-9.671945932326543E8
-4.625627449207502E9
2.5225003573748803E9
-7.071611746519237E9
-2.7474428593313675E9
4.31371051791702E9
-3.0042309923064833E9
-4.317258810924869E8
7.900045290408082E8
3.8304650452623444E9
2.448267390813015E9
-1.226570783681759E9
-4.868157446666725E7
-1.102856824308704E9
4.397969002540097E9
5.52373543456721E9
-5.475341941558718E9
-3.9041150865714836E8
-1.2019619455972517E9
8.065483347743203E9
-5.235428084201494E9
5.249098031327589E9
9.949725919287611E8
-8.026615614427356E9
-3.1651448210084784E8
-5.76905692864413E9
4.804127256243138E9
4.694474998985124E8
-3.6256167019289756E9
2.905706615874498E9
2.899968861794352E9
1.9670806244522803E9
3.787743804890545E9
-5.085292047756228E9
5.785496531300677E8
5.185220525587985E9
-5.944207328981E9
-2.1785894390567155E9
-1.2180544746906667E9
1.1826246864302145E10
-8.31641678975074E9
4.369800303794526E9
-1.3581012205088627E9
-3.7990386471425962E9
1.5149005665541158E9
-2.551830385227194E9
-4.977866894315914E8
-1.3700558254027605E9
-2.8534256483998475E9
2.10903706364182E10
2.867081812837896E9
4.124160690576356E8
1.461765208908636E8
8.494642598106495E8
-2.0732911032955584E8
-4.0536106993900814E9
1.1530613298845813E9
-1.1811678360400799E8
-1.2280222654128613E10
-2.6260834270614546E7
4.689124001774045E7
-4.743265638201934E7
-3.078966024282961E8
-1.0039203163741243E8
-7.242566687672422E8
5.608686452965076E7
2.412773318975968E8
-1.498571695291131E8
2.7810790086011726E8
-5.55139344537409E7
-2.5997134870613545E8
3.6843866850484595E7
-7.083272823221567E7
9217085.787493024
1370870.2057807224
-3.0766455446786948E7
-6.1233657084402636E7
-3.0654493057196252E7
-2.0625562193948728E8
1.8891841984010896E8
8.499901411125731E7
1.1737803099104892E8
1.9995725285014573E7
-2.814723820190913E8
-1.782695320046653E7
1.9989036661865324E8
1.915929250731207E9
-1176561.630421817
1.3151418694395879E8
-1.874596591257877E7
1.3028931976090904E8
-1.8099372481367412E9
2.5217811634744775E8
-6.460968874756427E8
5.092641424069105E8
-3.653452198880665E8
1.625552831544173E9
1.2736132864169521E9
1.3581236856677794E8
3.890488365528913E8
-1.0602518008262391E9
-1.5643272909196395E8
9.132810706829485E7
-2.60885822474529E7
-7.84035096054161E8
2.565659883505208E9
-5.903102180973335E9
1.0574270124618038E9
-1.3429409463999043E9
-5.209222105455184E9
3.759025237112001E9
8.367089452555207E8
6.312165076713572E9
-6.827098401170572E8
2.5125129697381697E9
-4.872365437342402E9
2.9371687993716545E9
-2.7084436756757555E9
1.8725101789676815E8
9.565223500171635E8
-3.036401298503002E8
4.163416158807071E7
9263626.061648317
-3081156.2398520173
-8.743771880397339E8
2698258.7435113527
-1.2498643956311934E9
1.6736509358250571E7
-1.113079419072147E7
-8.756670146884251E8
3.5216919631295866E8
-1.6089583714551097E8
-2.0855370516500124E8
3.0279098960806007E9
-3.0920194884593748E7
-1.2885866932346013E8
4.344376453991142E8
-4.128103716511285E8
5.519488911906962E8
3.1971371171709746E7
-1768337.4322887121
-1.3339614565762278E8
1.270449661771944E8
-5.0749916491071224E7
-1.748457000875536E8
1.703536293591022E8
4.646794948978916E8
3016393.7182347174
-6.0008595425159805E7
-3.0091301430176693E8
-2.7480458275774866E7
3.211526720417612E7
-1.4261345395452902E9
6.282427560759949E7
4.8145616984519756E8
4.046252099885375E8
9.881843930570038E7
2.1023564705776813E9
1.2767847187157601E8
4.886615877706019E7
-7.397266109367256E7
-1.0532923267739949E8
4.265107073302155E7
-850249.4478551766
289188.6729579122
-615783.16456686
-8029064.401013305
3.643598563507797E7
-5.111485892919954E8
1.564449156667412E8
-457521.33735144645
-112925.96472263534
-93458.74230435678
-1.1471129359681733E8
-3964113.8846515096
-5457816.6794257285
249322.9756840545
1208253.0134271064
-5.193169206016836E9
3.261302362569661E9
8457228.083792226
-2.5459032449997548E7
3178722.4737100145
-1.5072111637243917E7
-5984903.078414412
2921904.1948748836
5.156329626909335E7
2.4079746489080206E8
1787586.2325930225
9.689339568663442E7
1.5161325900249588E8
-3660253.068372869
-1.0730628105178265E7
-4.860199795073969E8
2.747892611316085E8
1.1818162447076768E8
3.4721823074101317E8
4004971.962845981
-2.78571038432371E8
1.0253372448756548E7
-1.3430199014862764E8
-4.531282021486846E7
1.1182589872059049E8
-6.6145047062779136E7
-3.226826600014927E8
-5.355863162741976E8
-2.002310253933815E7
7.308917879697269E7
5.854672168940945E7
5.170880007241929E7
2.3668483116397902E7
2.4489181813954973E8
-9.976652618861228E8
7.317197025243835E7
1.0671495160033E7
409519.72574733914
-1.973335587966177E9
1.9107210873090448E9
-5.9147847025880225E7
-2.1544486893723927E7
-4.998174847111308E8
-3.09493761435952E9
1.1814716126106665E9
9.252813596326844E8
1.6703939729800108E8
-1.8056518936684878E9
6.348293806690575E8
-3.4705852556256485E8
1.7070941725531864E8
4.732040566473207E8
-5.241196354556649E8
-1.158281198347369E7
-1.4313270186038032E7
1.4673096805180235E9
-1.0924728427643697E9
-7.580198892420174E8
7889.614314360769
3.627843096067363E7
-9.680963795337312E7
2.1657784697080752E8
-230377.8683074298
-2.3426938861450344E7
-1.3600235074684141E7
4.118160428138376E7
1.3701120074457344E7
2.1970899137680348E7
-2.2435526862988167E7
-5.518192256935408E7
1.4826810735524353E7
-882230.3517854309
580463.1592703814
3.3124474393234752E7
-6851535.407784713
2905781.902520649
-2.0417279951571476E7
-4.237861710820005E7
4.556539709600486E7
1.2469638071159262E7
2.3975970339615546E7
1.7728414809325024E7
-2.778877281675578E7
5751194.310553449
-7.116707682794356E7
2.570019235149165E9
-3.373259741928812E7
-1194460.008072834
-1790408.0761102263
-1.1497520512611022E7
-4.6640617941162854E7
2396044.2943217326
1.4099437507537385E7
10079.883394515193
242.15976449161002
1.2807360742152998E8
6221487.898811369
-1.2083686586483594E7
8971933.49325773
-1.9809248851653934E7
-1.477523849286402E7
-1827730.8665544572
1.1611682646029532E7
384209.63803086476
-861825.2198671527
9267018.303315127
4430234.031575805
-560239.6395581134
3679048.448232881
380935.1290126476
3.8455460245737724E7
462070.13061370293
-310931.4661402285
-1.432112658791874E7
-2.1910091852899805E7
197467.61265168624
-7033738.57508606
3397312.1679722057
-1612819.890030069
399091.2067864722
1380084.3579032037
59469.82854883509
-8547658.573858783
7.438926979687952E8
1.2613764502445283E9
5.635305357716976E9
-2.594007649070345E9
-1.6032099805217068E9
-2.1073075422193968E8
-3.4386589225689596E8
1.8709960013546684E8
1.7031002896554646E8
-1.0292330324438983E8
-1.6761716925998501E7
-3.453389643492355E8
-9.482567390052879E7
-1.7934052055220828E9
-2.4896860298916924E8
-2.520780843399941E8
7.715084651689489E8
1.1698825524616039E8
-2.8732822073927507E7
1.3846635292271256E8
4.8485168446676785E8
1.5292616955030719E7
3.789421123969246E7
3.530714212289219E7
-8.797628759577179E7
-3.2623795608217157E7
7.441388056925428E7
-1.2719243285927409E8
-1.9998544649171412E8
1.661019250937613E8
5.339587219528259E7
-2.344622166343943E8
-1.1242515790405579E7
2.209944745417636E8
-1.722585752871472E8
6.946755402624573E7
1.5106018437995735E8
-1.5935117277846166E8
3.549583208391231E8
1.7819837838538516E7
-5.8824187590961866E7
-3313849.4905559192
-1.9115419392508098E8
3.619406791606747E7
9.92599847179145E7
6.569956965600219E7
-2.0616047987730402E7
-1.3136008619077252E8
-2.160125323193981E7
-2.9172099845587835E7
-5247322.056358282
4.235840915805577E7
6811078.850105816
-1.5553868532592192E8
-1.2018800965341043E8
1.417357924818123E8
3.622075868453533E7
6.443961713921881E7
-2.613688383544944E8
2.3782639422033986E8
6.091885281982267E8
5.974886458493383E8
-1.2645209194256352E7
-1.0942793866285624E8
316076.4711285165
-1.590500519471939E8
1.3677652078065628E7
2.1928868738084182E7
7.746774725213856E8
-5.583857571163181E8
4.907083224494199E8
3.681994880386162E8
8.912088937425537E7
-4.2547801471822804E8
-2.2321709262785605E8
-7192385.507338952
3.7745611961487675E8
1.7568621455211544E8
-4.954412208082186E7
-2.684350370485772E8
-1.7297049123539796E8
2.1018160719993263E7
5.64536922733185E8
-2.4811247215344265E8
-3.2221204863958955E8
-4.7908600362728393E8
-3.711174166183474E7
4454967.243050335
-7.755586156798235E8
3.2070708185913324E8
407409.2810622311
75166.94347092712
193201.54930402373
263076.12902074243
79914.50704531587
-2498576.7167962915
756672.453756576
-3939174.8817025856
-1437422.9189996552
2049326.0129598088
6721299.446360749
110550.39102302921
-2065743.0305688803
-587778.9008932876
1280648.4470930297
-379099.436616258
135675.56491772475
-198269.00724376977
-231732.6508522957
-97251.64389982984
1122329.8634244518
17249.157356220658
-1052718.50219424
-3267380.3646690156
-659068.15395908
-720075.1641402483
-2339158.3253940134
-82109.31796756892
-96033.17541651665
-3405274.3877032413
1.6227019123134315E9
-1.5453659899376152E9
-5.546638471453471E8
5.652481224275872E8
-1.7264395784975046E8
-4.863932100777419E8
3.2274965239686534E7
-1.8162560579884598E9
-4.345162537962174E9
-4.701472068965724E7
-2.7090566971398056E8
-4.48325430040336E7
-2.313601042084026E8
-1.1222316034103009E8
-1.2244246437069283E9
2.075231644720326E9
6.379735358133986E8
-7.454162182487887E8
2.0511707061614244E9
-3.930194985401634E8
9.967381876062437E8
-2.775426488332153E8
3.304156990659012E8
-1.2698537957069876E9
1.3252200606671875E9
-3.373114330297783E8
1.8506900495529148E8
1.2036954896142764E9
9.221916575409795E7
1.1557928210480647E9
-6.451441070267638E8
7.735443619919252E8
-1.87394753970041E8
-1.4703419281101353E9
-1.8573366438591906E8
5.006946496686488E8
-1.4755230770327675E9
4.8926848414022915E7
-5.974545942326351E8
-1.7411978718886993E9
-7.526059182053733E8
9.319722458764675E8
-1.1945347474895015E8
-1.6924794918674463E8
1.7008577411345344E9
-1.192533906605146E9
4.037061019345834E8
4.042350533746915E8
1.10552029523189E9
-6.181657010082815E8
1.7545838132199194E9
-2.8584792978448105E9
2.309899921575442E9
3.115828175248151E9
3.35621723093202E8
-6.253895133829721E7
5.65490638651984E7
-1.1562227767706783E9
9.023877517075498E7
7.724515690831007E7
-2.971133249464494E9
-1175457.1503893784
-1.9869583362488847E7
-2.113770720208164E8
-1.215541084094677E8
-9.493322431821448E8
1.2618253512783955E8
1.3034804632394962E8
2.0060594085365572E9
6.505805992866092E8
-2.644303808576403E8
-8.925911036249193E8
-6.098884774514796E8
-1.4306392388285259E7
4.185748001909802E8
-1.565667893131332E9
5.472991319628111E8
2.660039872919797E7
-9.877437462531615E8
1.414203135817771E9
8.023759734914705E8
3.2544210983916003E7
-234634.1418840336
4.043840224095393E7
-6.058683492288591E8
1.7040079024340415E8
-5.393779069744381E7
2.00549858752927E7
4.123903941078863E7
-2.98676715957071E8
-5.04848376065025E7
-3.4837819784139015E7
-1.4785610128490968E7
1.2563642316624256E7
1.1598444768711852E8
-5.7794062321919054E7
2.3407857844314846E8
2.0963447313320477E7
-2.2555605078846464E8
5.206164519532572E7
3.4336571424680136E7
5.924917528550505E7
2.563616772191286E7
-1.528697213132487E8
1.3868149695733526E8
-5.714856891352844E7
-4.066737005643899E7
3.082972908581048E7
-2168798.74612785
1.8727237799249884E8
629918.5323308923
-1.0206766651084824E7
-6.806966555180052E7
-8.902698839165458E7
279180.8232312749
4.794991450011846E7
7.406820325399797E7
1973210.3528098012
-2.855957503213262E8
-6.214100818421096E7
-4.4894926298248947E8
2.6831744633857495E8
-2.3590502825827712E8
2.8165521614198446E8
2.1999629200661583E9
-2.7266685792913413E8
-2.4997346544906273E8
-8.550264513537151E8
-6.497960764525692E8
-9.010161409631981E8
2.32611050685535E8
1.3885327321834326E8
4372950.178996009
-4.191359464495862E7
-2.3322286962228403E9
1.0769599043297296E9
-1.4205134032510236E8
2.4342527568259215E9
5.366024561472555E8
-3.241535667007585E8
7.475329273972462E8
1.6430978787548525E9
1.1175822682304789E8
-6.722125084384583E7
-1.1856045787346439E8
1.8493931315656656E8
-4.202662006644539E7
-1.6166924591395843E8
-6.154677453926146E7
2.1151328264299963E7
-4.7416756270789313E8
-3.004681744675252E8
1.192951633228479E8
-3.656637036918255E8
-1.866672669013478E8
9.097068147345895E8
-7.091545173680545E8
1.5075152164943388E9
-5.074124780565442E7
-7.169772739754528E8
5.996259652251703E8
1.2615104248189403E8
-5.934943429504949E8
2.8990673514518056E9
-2.8593399267251396E9
-1.045907191711928E9
-3.789168641545597E8
9.89242945719441E8
1.2747922984195277E8
-1.4735118845084038E7
-2.1454662986078676E7
2.9715418439016763E7
9193153.089301536
1.8874480912663568E7
9868693.74675955
6.64903127251184E8
1.0839390257184547E8
4.121235566889167E7
-1.629612684069826E8
-7.64407753689508E7
1.6042418737963423E8
-8.246904743250838E7
1.8967361817356667E8
4.049814907144641E8
2.165618869013124E8
-6.931680668101276E7
6809167.454334232
1.5189122080656114E8
-2.3624893615488593E7
7676750.500262808
-3.729463976369307E8
1.7988080187999558E8
7242714.524086041
-4.170889628066847E7
3413080.8227106407
-6.48529412904006E7
6.2571443586644985E7
-2.2313354947115174E8
-6288222.369266583
5.327915268878763E7
7.478431052932253E7
5.5967140412041835E7
-4.187371524194239E8
-4.986850997926874E7
8.275947853334777E7
3.0989598498963766E7
-4.533113687888195E7
-1.2598630590211207E8
1996846.044238196
-5652138.8113970775
-1.9612217028026438E8
1.4885735538442817E8
1.4878166087826192E9
-1.3773349604977682E8
2.3920183862811026E8
-5.68706196067058E9
1.0643156764408351E9
1.6292108760754104E9
1.8729540060745578E9
-1.4831311415940208E9
2.6947814647776324E8
1.484369845727186E9
-4.493650818972249E9
9.21668995758884E9
1.4104435815512166E9
-1.3326769759063497E9
1.4692283508019671E9
-1.15619489838992E9
-2.906773387816069E8
6.000076620247387E8
-5.593521295687647E9
5.707027424210576E7
1.6377059607738888E9
-1.4108294948455408E8
-9.491868152589102E8
-4.012507921071435E7
2.040413355943624E8
7.365166287497764E8
6.123843944561311E8
-5.2637665936511046E8
9.62844291994534E8
1.3126901433367262E9
-5.926605516308129E8
2.6102740612195688E8
-3.7857024956916326E8
-2.9698034297965463E7
-4.031937948779375E8
-3.0577027604467374E8
1.400536172427716E8
-1.74768232704958E8
4.3979640293144023E8
1.1409677694497131E8
1.4257033101150075E8
-2.2491966676570883E8
-1.40249046121619E8
-2.2027985473597393E9
4.743034701358509E7
-3.952183136369321E7
-6.718498870894486E7
-6.372326460558823E7
1.55164579130143E8
-39678.45129363048
4.1457066719031915E7
4.1757434941126513E8
-2.0742757607831284E8
7.340022768084796E7
-1.7210116826116066E7
1.858802840980051E7
-2.8576438028073378E7
-1.4581218939808879E7
-1.443904706615534E7
-1.0235418100528156E7
1.708123442004822E7
-7455.050009932562
-1.2029548278823696E7
4.736647059599712E7
1.189461507791128E8
6144584.474942688
-4521304.802342532
2.5095241261007793E7
4.920026394370645E7
-1.357838045159036E7
621369.0618498228
-2.1477340234594995E8
1.3688223463114193E8
-3093355.340477172
835841.5387686872
2656532.776432943
1.1378651130679987E7
-1.0943353921508196E8
-2487698.3355755727
-1.794883719332037E7
6.71502348451989E7
1.663284585398637E7
1.6635507301976014E7
2.0232123693387683E7
-1.0616972393454273E8
-764097.8018393585
-5194016.799173128
6.0863787307922624E7
-6.234301266594237E7
-2406202.3555438537
1.3059339258381538E8
-2120742.8371086824
8897635.740162259
5.2269609996047205E8
2.283147832854592E7
-4.2610379639580935E7
1.1835683208271833E7
-1.7263234755179666E7
-8.748191936665098E7
-650896.9959421626
-2274.38253501064
10811.749380963269
2.5382892024621703E7
1.5015408244363365E8
4.4747414264407784E7
4091011.0202423953
-3.1949924337403987E7
-272468.8392988042
-1.3132603211058827E8
1.1848969799526297E8
7218470.947760579
-5.227418078212768E8
2.577465975633904E8
2.7542398642606133E8
4.1778013855287656E7
-6.175977221097402E7
7.849320969496582E7
2.392912010257392E7
1.06555377787865E8
1.7082974461187987E9
1.6178445564410642E8
-4.093651734660144E8
-1.9464189413075013E9
9.840224646955878E7
2.892631985144746E8
-3.2987402498454845E8
7.578016273785298E8
2.5966382717050833E8
-7.04452928661029E7
2.6149614167157254E9
-1.343846650785124E8
3937943.118167667
6.716116703524512E8
-3.524152346182384E8
-1.5269454715251962E7
1.8830429575030465E7
-1.9095044564755652E7
2.3799198438316596E8
-8.500956297298348E8
-8.26229223442989E7
-2.1661958104734797E7
3.000537642325007E7
1.2020955677434032E8
-6.04037380221597E7
-3.741191675305285E7
3.217342028374558E8
-4.9512280950149804E7
1.0768397632534947E8
3.1763982614110336E9
2.024320971835278E8
7.549542275032918E8
1.0390722792391524E7
-6315937.0457429895
-2.8583683740620786E8
-8.085934200972119E7
7.134233574649706E7
-1.7004386646208498E8
4.125762926806683E8
-1.0098753523111908E8
-2.3222392112031877E7
1566338.1541417968
5.8386384644712724E7
6.8572969184611E7
-1.586192274750688E8
7.92641453075837E7
1.0582780179533902E8
2.7214938882461386E9
1.4973161901697826E8
1.812083531673714E8
-5.926814864698608E8
8.672863641060499E8
4.1328556268388467E9
5.351065798990047E8
-3.619054754455115E8
2.147357814124775E8
2.8052620966365867E9
1.0478698064105956E7
-2.1084144756929663E8
-873.4395140633917
