2.8963291005872704E7
-9.498876526708722E7
8.225219453207165E7
-6.388589806593499E7
1.4629010361351454E8
9.181091225914736E7
2.2977567639090133E8
3.257081626294231E8
-4.299696202969261E7
3.6182119795548356E8
-4.89252756603386E8
4.5036756845377125E7
-3.3020136405809425E7
-2.0655425141221392E8
7.661374252326685E7
-8.509524563602859E7
4.27097554694501E7
-2.6903455614846575E8
-4.82812980272252E8
7.906642410327702E8
-1.63392156941138E8
-1.8710833119280192E8
4.4387261744278914E8
2902045.7055362575
-1.6781670232706866E8
1.8363426746974075E8
-1.457428045690388E8
1.8296995851857483E8
-1.3854553318386993E8
2.9798601314893514E8
-2.4351109605990043E8
8.025929941828944E7
2.0600736244920203E8
-5.1224973943349116E7
-5.063275932873483E7
4.292911571945222E7
-4.1036301663467705E7
6.749503786671773E7
-7.396819444346502E7
1.1155592030740796E8
-1.4428056587493505E7
2.2187661220344013E8
-2.1958547102234805E8
6008704.410794123
9374845.118900992
-1.752839225899428E7
-5242732.367881713
1.2312104414862512E7
-1.245955717220543E8
2.3841300821573645E7
7142338.004791314
-1.370476104894142E8
4.567329490270336E7
-4.967506733879749E7
6.775924124084212E7
-8959270.375986231
-4.1978262085594244E7
9.557499114743936E7
-7.317479237816356E7
7.595195406973813E7
2.078166954140648E7
4.687012351975011E7
-9.881062944855043E7
6.321267713673818E7
-1.004847305257701E8
-2.596166601992581E7
8.115030908660139E7
-2.9173697629972503E7
222387.75839596754
-7.537104036488225E7
8.53147402042569E7
282742.54597095307
-7.706989328060532E7
-7114109.016761377
2948718.0744483694
1760210.4185502583
-9.555905528697687E7
-1.1022567511970675E7
2843631.876155713
4.3444628855479695E7
827543.0370721543
-1706546.3978113846
2.1738881898410422E8
2.6622982462946657E7
-5.030533133328542E7
-1.0033601991736321E8
-1.7675217142282415E7
-1.5358639987547196E7
333625.40121329465
1.4143565783972204E7
7.603967560081138E7
-1.204960019015675E8
3839735.792740894
-1.6337986966894543E7
3.873238700405881E7
-4.608268250964551E7
4.4457007361037806E7
-2.8624815071833414E8
-4.081639430941661E7
1.385057334572858E8
1.2894323243399252E8
1.8046023275318146E7
-1.3188533269557825E8
1.7271688823090175E8
-7833386.714984727
3.9025182881853956E8
-1.508027987530003E8
939114.5712400392
-1.0419056055408846E8
5.2018575366474986E8
1.2013091840010257E8
-2.114911367875474E7
-3.7660973866985357E8
-2.0745607116929525E8
-4.988111129964034E8
3.388002727583487E8
3.3856920620783967E8
9865862.700384846
9.376833037770429E7
-1.5179941078874534E7
-2.297792587256189E7
-7667573.653809895
4193310.605758714
9807100.309478862
-2.8983811661769696E7
-1.0546874908702956E8
2.438792984895369E7
1.6503053507608163E8
-2.2652166839322302E7
-3.785182027550432E7
1.2726852420202598E8
1313885.698330248
-8.10039163824984E7
-1.2769863518822114E8
-2.5312932628275636E8
2.1923107816300195E8
1.491417322953542E8
-2.7418370268519934E7
-2.1494033721613738E8
3.547115838226431E7
8.564910354886167E7
-4.894746489569844E7
-5.789025618466565E7
1.5277762399262354E8
-2.3704928007218998E7
-1.0459947417747805E8
5.004570323922207E7
-1.3676511107999304E8
6.354129069611648E7
2.879785249401217E8
-5.229854633518604E8
1.9014389174854952E8
2.8746807070762706E9
1.5476332439884633E8
-1.4034626852232606E9
2.0572148436105198E8
2.5949557750292984E8
1.2147799797223501E8
-6.615807095434027E8
-3.1764698872258323E8
1.530997990355805E8
4.9323374771872476E7
-2.841410155360978E8
7.659315562464511E8
-8.650679984574572E8
-9.641004135786317E7
-6.467775055304252E8
5.902614803091986E8
-1.476650587296917E9
8.719367063577352E7
4.5770074300090873E8
-1.957860873522618E8
7.958661765436038E8
2.1832931371936574E9
2.496166832150433E8
-3.652552658696932E8
1586362.1095078567
-3.094003684879433E8
2.0698349622012144E8
8.886477434735131E7
5.279698235457945E7
1.0347187320517544E7
-2.4614159956489587E8
-5.7318653769669E7
1.4549621339674067E8
-7.97962566884613E7
3.163587459811915E7
-5.640657855984211E8
6.84976803157964E8
-8.730518585239501E8
-8.564236911403805E7
1.4498812709443623E8
-1.1457916168954995E9
1.273107798641471E9
-1.726971862729698E8
5.1884752748683915E7
5.841158916403661E7
-4.888348403277807E7
8.478448465706086E8
8.519090758979677E7
-6.864768881609098E8
2.5243077724947006E7
-2.8865669234496918E7
6.756483690780756E7
-2.194674144302906E7
-1.9309889869591796E8
9.331934627426378E7
-3.446727362813102E7
6.28877661817083E7
-8414118.259050138
1.1831925645760256E8
4.552329667488783E7
2.1168295566055845E7
2.299277409770948E7
3793748.5013293014
-942982.4184782754
7983390.152500676
-4.172908543519744E7
3467381.573688571
5.070336193654096E7
-1.9277411738063887E7
-1.1018239375211162E7
5843517.9931753725
-7361213.098844365
-3063778.4327639984
2.842525579946052E7
1.9066483441167355E7
6798547.909186694
-9.784258323422128E7
-4.297393232288266E7
3.351264391414322E7
4.4394492017818265E7
6521727.651390174
-7003438.982595924
-2.7615866594432216E7
-1.418688639167718E8
-1.1058387047246668E8
-1624836.4123448413
9739328.471712394
-2.4538029129238777E7
-2.528398202389554E8
8.281679606347322E7
2.797810045996578E8
1.936800814851038E8
7.791703819660172E7
-8.403110883713503E7
-3.2988340362214667E8
1.0832896998258851E7
-2.570856759234273E8
5.3362678994953865E8
-1.3589437951378125E8
1.0167965500736047E8
-5.0001888833402294E8
-1.5937592423464132E7
2.6620386945749104E8
5.182596899687995E7
6.043148494407042E8
8.153416541891964E7
-1.8380019497273154E9
2.576853756228913E8
-2.3344497601010314E8
1.5987787847716242E8
-1.2785933483093041E8
1.3881638835896957E8
1.494111727883206E8
4.313922999957217E8
-1.1541792270513822E8
1.2079699226913494E8
2.1925454653672752E8
-2.6382697852443263E8
-2.216293912406955E7
7205633.702141851
-1.3909276278455306E7
-4.627906374031075E8
-5.293901746067846E8
-1.3810917464018458E8
-2744664.305993108
2.482567715827152E8
-1.0276911731054767E9
1.7564564047397828E8
-1.8283208121526355E8
1.956627782023671E9
1.0506869194684373E9
-7.767004405800995E7
1.560967915718881E8
-1.5338868736339454E7
1.0866987909381382E9
6.546385239351811E8
-8.972936878089246E7
8.50349280289406E7
-2217298.9628127073
-2.6880106405125808E7
-2.459767731482986E7
3.87415076974713E7
-1.0815330645191279E8
1.9851961902148944E8
8569526.536448669
-2.455080112593453E7
1.0046253628890389E8
1.568372119114996E7
7406188.2815973945
1.2680205412728248E7
6.728390277889322E7
-3.56382806089748E7
-1.608867675503012E7
-2329670.7699579624
4.052344424325725E8
1.2982212837793801E7
3482930.457401265
-2008227.657004282
-3.2038929383561663E7
831200.3586447043
-103937.1404104585
14538.333553998476
192403.44381942326
550069.1418256371
1.2818358731160216E7
-1.941686223362176E7
-828127.7450235186
-93297.43512766207
-61671.22187073625
44928.52619589185
-4242782.837872185
-709710.0419329449
136714.24306756907
40083.93849488675
138483.09631192844
1.863670141391508E8
-3.337260788962394E8
-1.955015598134336E7
-4359933.3431522995
4446605.763688027
-2859054.12183093
1876807.528124416
-771031.8773194674
1125661.0058592414
4.570738961173672E7
2897132.7640881985
1.0520566773151634E7
-2.218290280659701E7
-1874124.0246471637
-4.584733436075686E7
2.5390724398865297E7
1.1790767110556858E7
-6347509.420654883
-1.9947054568648744E7
-310495.60734576045
-4713677.85717671
7089116.524359412
1.7028839048231795E7
-9386006.480737425
-9.59219733257426E7
2.410273361254635E7
1.7279978461886983E7
1.5012530519249663E7
-648511.2837117471
4.2629932740675375E7
-1.760829020150283E7
2728942.5210230807
-1.5413653852314819E7
-1313812.7153433964
-7.537761692482911E7
2.0045490134676065E7
-272738.22396640555
43393.84316755017
2.788591227563668E8
-6.681344850639819E7
1.1544782893237735E8
-9.879097435484208E7
2.585785045290396E7
-367782.57855000923
-7.663162902221306E7
7813883.685790458
1372077.2842736526
-5473313.231331956
1.3686887709495297E8
-1.9157842298270933E7
-4695650.639169909
-1.279735592820441E7
-4067458.3882561405
3.941764983633071E7
-3019312.709343629
-4.751323739571414E7
-8.448201278725223E7
1.1772556622709274E8
-104830.84536173922
-6299534.415890583
-4.558754654322538E7
-2.4787995638069987E7
17149.45834389647
-5789583.826200711
-6147156.2854426075
8033927.382391739
-5291805.965401955
-6683290.53642247
1.2644610948507397E7
9958085.522047557
-1.4960109625487743E7
15704.898042613217
9512659.443812134
-1109731.1165131635
-2.27859416120133E7
2.1312815732304946E7
139500.2045882957
-2.5006761104394786E7
1.4692303657488419E7
1805240.4462871335
4446959.300870436
-7944665.594705525
179529.14128291587
-5876420.914577451
-1.157682579534051E7
-7.777191280514406E7
2735775.788470122
2675691.365303657
-116267.03924203626
3735809.3483019355
-1645474.3310507112
1825885.6788944441
-421608.27196967765
2354.0672937318163
71922.59593946941
-1.0607647083221009E7
-409443.4018309469
-3915817.6240525274
961329.6765151476
34238.91901531937
5448096.693666373
-92133.92331959678
-1460827.0986063308
1189628.055643584
-829762.9835825851
2187149.7277485775
-1051576.4445310824
992186.3028754939
1328985.2920932614
-881228.0450871025
7982128.245975978
1162626.024738925
31752.341813421805
-1734097.0540258943
1558521.98343606
192160.76827403664
-4816900.284241597
-152461.80571343264
219365.73511067705
-38654.69429462497
-478071.57882796606
-90791.80833339055
-588735.5939316751
9.885946131741229E7
1.5667686938369045E8
1.4046326342899308E8
2.633276077494266E8
-6.791963014213557E8
-9.037847819083637E7
-2.277904018353526E7
-1.174998629230638E8
-3.376881967391255E7
3757041.3087815503
6086630.663318621
1.3085049316272292E7
7.232901280540286E7
-9.504767085451306E7
1.0980406586306622E7
-3.237659480859473E7
752035.4170064712
-1397810.7639917813
2.4454966455327243E7
7.309615484101957E7
2.8991741003071822E7
1670865.2312634347
-2.1460633022141166E7
-4113398.1373999077
-9094938.477205414
4159094.903342015
1004335.0035126145
-1.478803502309275E7
-2627696.8774701036
5734679.544033912
153497.52776678567
-3953499.946063259
-8531636.094407223
4687252.075218328
1.8224418313564282E7
-1870829.7568492105
3417555.9291071617
-3239342.413995807
-1.9345475596536823E7
-123183.7400392956
-1.4072709218807137E7
430525.11959560105
1.0742458764975242E7
3992575.8377655027
1358099.4576119173
1.4686645367131619E7
3746463.9405545956
-1809985.075525081
12359.279844825176
-2017640.3491948785
-1276411.577071404
-7895179.062844483
7703324.773813996
6874579.512627261
-4718753.834114177
-1.96358335499705E7
4683504.570512551
-936177.2128895898
6652042.144068639
1971412.1194596128
162794.36523824176
-6684218.474220005
90278.38684284057
1.5876523397906277E7
-214636.74582752492
2.2483677725347377E7
1.1733723382229842E7
-6489527.321658172
-3.397467453068921E7
-1.2735466895742033E7
8766622.037950855
3.1913739570966583E7
2.7888099308273476E7
4571832.685766348
1561041.6586663502
1573955.2259094794
-2.2189021688045453E7
-4.548639318013467E7
-4.981910228835885E7
5.059662479630849E7
1.5224942640449144E7
5085669.588769873
-1.906155413798773E7
3.1183237576871846E7
4540405.350776445
-2.2107555229005743E7
2.9141662075747434E7
-5.545606763471083E7
-4.612380140593971E7
8066788.798790051
176544.0216316276
16674.181917187347
72284.14128256045
-120032.59265461193
-108832.13016759872
-144868.70723854212
144143.02591692726
-280264.33233591105
130812.12483043215
-667490.9637582347
284522.8632897814
-56963.85002164885
638219.394191163
-318022.95599295595
-104160.76813710215
-48734.40310595194
-96250.47876115226
39791.37966961725
319557.2735313324
50778.15068757248
155315.25838401433
-18572.18400904745
-119155.9686670168
-856600.3865676248
276403.09681615623
-36473.189283068416
546783.2042833916
-29571.28267674833
396702.42750021035
925735.2388536988
2.9958065198898852E7
-5320979.918169288
6.955873114034578E7
-4.599522663547168E7
-8.592756549412093E7
2.1710470652698778E7
-9.720056473236158E7
2.3699175624118996E8
-6.051719662706566E8
2.7150404064161E8
-4717310.612891354
-443858.07630108664
1.5473670865264112E7
1.4913436188131206E7
1.7157447358883062E8
-8.074120675107035E7
2206618.2463295115
-3.0863760989558842E7
-6.251476030458511E7
-1.0722894543739098E8
-2.63947351948812E8
6.4561358473768696E7
9.321258015206216E7
1.2679558109778798E8
1.1760102667647655E8
-2.3817622169215564E7
8.311189721074092E7
9077257.702229997
-4.959248713934755E7
-3.2157965105009353E8
2.0845160163665947E8
-1.9009555963973768E7
-3.702945883903056E7
4.6972857447589815E7
-2.7046472061641216E8
3.4460037968086684E8
9.774757073592676E7
-1.1316084138848339E8
-5.880860923248874E8
2371354.9861132554
3.816502338758438E8
-2.7772102178643966E8
9.94535339261798E7
8959949.000900889
-1.3151014834608223E8
-7.178567965216873E8
7.299597343056542E7
6.16763677223209E8
1.836591561856724E8
-4.412483732845469E8
3.6374180153433233E8
-4.23193519681189E7
1.082047721508224E8
1.359899242554881E8
2.2306466604725534E8
-2.2574987784003544E8
1.8880039558928564E8
4.784315541337385E8
-1.8982341510612065E8
-2.359158442701755E7
-1.1451214443340829E8
-124212.01308413479
-2478106.416365932
-5.65553484071822E7
2.2061625301103942E7
5.836077827095841E7
-3500577.1594207725
2.1906511346828744E7
-4.406075404895998E7
6.2991686384046406E7
-2.1241691543387007E7
-4.137716280255833E7
6.6820308954720125E7
1.3315399010511E7
-7151144.208333069
-2.4047059969661877E7
-2.7071729150674004E7
-635317.5733620508
-7.257689731660908E7
-1.2935489466662781E8
8324565.147424971
8.62254369156131E7
-27928.44972754448
399784.0750837212
-1.3381897737739246E8
8003002.903459612
1.205872483481139E7
3357194.204148216
-1.306297235871696E7
3.430952468245513E7
-2.196278217378933E7
-2843333.7763174507
-2268344.69015892
-888292.4744446672
2.010124406098026E7
-6013846.628176188
-4.52939026962603E7
5.975658931578925E7
-6.816803413564253E7
2.0169890759205587E7
126700.61172619769
-1475387.4734685386
-2.121970032644536E7
3.1650006968910556E7
6362984.228053943
-1.6491328372766742E7
-9498.04466686858
463917.34118252265
645555.3176674286
-2189206.986581586
122633.94806606654
-730625.8912188589
-9608429.911051821
8398249.763501821
-93169.67403790807
-433855.0480224989
1.1744513597909385E7
-845672.7907043856
1.071795758671574E7
1.77285346329195E7
-8.640129131148829E7
2.0949712864963513E7
-3.040318290994886E7
7.966503624681018E7
7.260785086484678E8
9.657002790814915E7
-5.952750392482396E7
-1.9931512089375052E8
1.7610652079615322E8
-1.3699958983769354E8
1.0979715359617868E7
1.3905225023909405E8
-9.881633352452895E7
-4938932.727971355
8.318421755055729E7
-8204834.6935953945
-4.570162438821496E7
-3.1945367445095557E8
3.324550346313777E7
6.271827847153726E7
-2.224249984899805E8
1.5884961619970447E8
-5744592.970125827
4.078655510216418E7
5670388.7918013325
1.3232339484393578E7
7811718.070424669
-9990665.540341783
-2.2201516986049987E7
-3.347675117180829E7
-4.5000293686182104E7
-3.070550763379436E7
5.788289976695647E7
-3.892587453152699E7
-2.6477977505899526E7
9.501310264049639E7
-4.1919021392712116E7
-807486.6684378114
3.502541420940917E7
-5.986766360946229E7
3.188130684548695E7
1313699.875080402
-8.099057698618655E7
4.708125342154113E7
-5.153741748538513E7
-3297704.4517065375
1.6283773567517117E8
-6.254167739894897E7
7551719.771502505
5109196.064712127
8223389.127920188
-1.409335798898714E7
-4770977.623506272
-2436364.129335
8043876.744400075
-2.2998403455753624E7
6310565.942216571
-3935497.4722680887
2142448.143735167
4825109.974425924
-1.1768026082276382E7
-1.5267476496528571E7
-3162156.142594587
7713495.3350320505
7098138.68215315
1.3986790809470296E7
-1.6182948454520868E7
-3.4993703389693394E7
3402900.3410807634
-708863.6323609244
2.0278688698987845E7
2.095500118958846E8
-1.9930726764335826E7
-2.7195470354668044E7
2434431.1071454585
-1.096264003360258E7
2.103796307276736E7
-7.933012940777226E7
-509689.8907511255
2.9189298849455614E7
-6751631.25491288
-343582.89286803483
969708.9468596964
5.434316520504973E7
4555715.985274393
-6569236.251567722
1.0524378266721908E7
2325548.8451770237
-2.8323400865205057E7
-2484724.9063962614
-1.2168860184272389E8
-7.769019328800209E7
3.9117055426318437E8
3.182550197101723E8
-7.653485959816208E7
5.101974403480742E8
2.1988623298000503E8
-4.4074365707987237E8
-1.4449623824100143E8
-9.360490241433394E7
-1.4914481006215614E8
-1.5067329698269743E8
2.369938875336559E8
-2.2196544801471213E8
-1.0265156636849707E8
2.5471066145942263E7
-1.5833770534775215E8
9.72224508469216E7
6.090693152548824E7
1.3652812083004108E8
1.6474857186965728E8
-2.3621998639896784E7
-3.5638928778670245E8
9482703.331465634
1.9507157136310068E8
-2.1470255013814736E7
2673514.7300779507
-2.2245345957434216E8
7.972376177308737E7
3.9532010558497816E8
3.2673092226412818E7
-3.0633884788726527E7
-7.583859106528147E7
1.0226448561756766E8
6313052.337596224
2.0091928303672522E7
-2.746743110274245E7
-2.659785164531628E7
-1.4508487455004068E7
2.042172350137873E7
3154815.251976226
-3218409.57499031
-1.323499364201379E7
-3.3277529559237354E7
2.5130774467328653E7
8.27540665945088E7
9.196911522569694E7
1.5866122417593587E7
-8654442.587915365
-1.1344805931802569E7
6746205.652188137
-7696.87887027714
615625.6546056464
1.3580543439416982E7
4.097128195547922E7
1103938.5278405503
-487297.19820114615
-3467436.765268668
149717.6994548975
-6721238.292984364
3084038.6485840757
-5604549.787931623
3644570.8520505475
-1988.4810090276876
-1708083.6743871304
5652528.065406208
-700281.9136671936
1216418.25020269
2101637.426871039
1.3398871730470754E7
-1.0953503108954528E7
3069204.7225171607
-380918.2055143206
-8820404.96790335
8156051.616760909
-614325.2313135169
160229.96435187384
4304900.938171461
-2893812.1233976632
20784.874290286283
77646.40205056008
91018.79097833876
-8659789.539164478
-1986751.1377617763
-685245.6257202678
1697686.168364804
-5005833.436013604
-650559.1260832289
-207527.5258058522
-52646.77553279739
-1.0507913191343231E7
2715694.15256339
-1.8251770476893686E7
408575.49940555857
602486.460777462
5.638608436553334E7
897884.4322465616
-3233612.7808114477
174654.03245864395
-9837011.775477393
4785592.040164428
-174559.46378220659
-9195.954785375856
14142.886020992832
-947440.3803686666
5775428.070497351
-9814022.224784965
3120362.5285109193
4506826.747114041
-73846.92751346323
9032290.573065389
-2411846.4935616916
4323241.988333498
4.997442230642044E7
-2.336353170047284E7
-2.70680261664372E7
-4153424.2039092486
5951425.807820656
-1.5577778037929084E7
913652.9141947224
1.3356163628513018E7
-3.7766066172170825E7
-2309403.6622116035
4.078123562729185E7
8.118088596528459E7
6261074.575936056
-1.2121357655056518E8
-2.7445569639865506E7
9.541671154849605E7
-1593105.6873040816
-5641295.043049372
-8.197760088187939E7
3631991.5139011214
-1.2440888067726497E7
-2.9879833573495205E7
-9.160297373287492E7
-4465082.1448068805
-1.3857159889153043E7
3.3170742749796517E7
1.7154880986043114E7
7.486254535281447E7
-2.4735037598044578E7
6915556.60861391
1360351.8738660607
3.475497557164887E7
-127820.61834520014
3855132.6811796427
-1.8878055150907002E7
-4667934.793739224
-1.922213250361486E7
-1180820.5065697622
-4871005.509951661
-3.3118334272802018E7
-483282.8642142651
-864483.6419139297
4.267927667888646E7
8484948.56739678
4529961.0361433765
-5005249.761150289
2.7856214572780363E7
751982.8740914337
-1242626.8586598448
3784547.8605436482
3704114.8820841876
-5436508.074091919
-5.313091458417346E7
-8652127.291640881
4182391.1236233665
3.1239521372993395E7
1496406.1582353557
4.924897859622036E7
-1.7621541061532103E7
-1.7909825157351326E7
-1.7980116064599168E7
4121239.4375033192
1.1492966831971075E7
1.6721313138347741E7
-6.3228825681244165E7
-3.331118048314341E7
-5779885.467309026
-558.6742864535082
