-2.917507727785565E7
6.805759009654412E7
-5.4934848919234596E7
2.2282228562008983E8
3.362899811709038E8
4.683641352999298E7
5.7198672858757995E7
2.043275297077813E8
1.0745348006822197E8
-2.2185832228524595E8
2.9654170959138185E8
-6.641614763647475E7
9.935443948756276E7
-8.677992265756733E8
-6.593882444741309E8
-1.3286160592531301E8
5.699770377150903E7
-8.356613015867673E8
-6.559173545050006E8
5.582721483931049E8
7.574517790346155E8
-1.6547228924934393E8
6.077403312998184E8
-1292375.5499881583
8.81755287447825E8
4.457516052675633E8
-4.436629170887531E8
1.3909984965951467E8
4.7768231938792795E8
4.0107761160894203E8
1.0873980879587195E9
6.714974443259951E7
-5.518986119571584E7
2.0624371164399415E8
-1.3596561982933375E8
-5.0452609984805405E7
-1.753208208789648E7
3.149623761921826E8
1.9369278829046375E8
-1.0580725005992584E7
4.211567327122266E7
1.678764744408706E8
1.7834780634237248E8
-4.7156638999212414E7
2267338.7885980457
1.5327477822555868E7
6.4793131325310394E7
-4.347517892767005E8
9.317143038463521E7
9.420757124920495E7
-3.177467353484385E7
4.364422394643905E8
-3.513577340795274E8
-5.39963944240999E7
-1.0016685864253223E7
-4.0769177794759266E7
5.42942488212134E7
-5.286735155815232E8
-1.114974801953359E8
2.280824447057097E8
-34563.02241978877
-2.157535830515499E7
1.0322415583674096E8
-1.3766127481302288E8
4.191273870897599E7
2.2416007582022864E7
-1.0657440914398906E8
2.78600753815994E7
-153925.02492585016
-6.894243448900914E7
-2.2277547456596887E8
-1.8556691759165913E7
4.424014863124085E8
9877446.54409401
3.4004291537485376E7
3864072.8409405323
3.508285738419732E7
5138547.444571064
-2635755.3626882727
-2.3881837579406988E7
-9.864211117160934E7
-4.607904061270467E7
5.470035167755314E7
1.0956421283665045E8
4.976273218617164E7
-5.007547425499144E7
-3.5788112885401554E7
5.1878105807469554E7
1.0082975530616106E7
-4.979117824971851E7
2.8044722225745726E8
-1.0830740037554194E8
-1.4582963449327606E8
-6.896638627248035E7
5.43519127312954E8
-1.8409945916283095E8
-1.295951807192242E7
-6.061941312974812E7
-2.8213383771119602E7
-6.791479147659484E7
-1.41147229432403E8
1.0473657510171208E8
-2.512011726919343E8
-2.472561816509439E8
3.174144575478044E7
1.943852127347199E8
1.111796255798148E9
-9.585482760946313E7
-1.6121140299369738E9
-1.188213496702977E8
9.695618936625273E8
-4.8288206683365494E8
1.4320870196277717E8
5.683171853763127E8
5.723920494132274E8
3.443201451952282E8
-1.5618277677561483E9
-1.063926630435907E8
1.3542384163714585E8
-3.033582759738806E7
1.3026673815012386E7
-2.002618114515614E7
-4449047.783499029
1.1597743765224518E7
-8.503156154411732E7
-6.681621770786228E7
1.3910906615219963E8
-9.830109748789586E7
-3.645435015634603E7
-2.5639498584719677E7
-9.901794042121483E7
6.163998567032283E7
6.076564308797716E7
-3.030408313515225E7
2.9843809133183915E7
8.381987516495295E7
-4.3050542870817825E7
-4.729284647783481E7
8.07103315903166E7
-6640586.721144589
-5.015656710132775E7
-4.572278884422702E7
1.2209740835547355E8
-1.1908410402172093E8
1.3817965913766629E8
4.53244909475972E7
-1.3678418748864976E8
7.374855792837244E7
199010.71106881346
1.395759541788288E8
-2.5145015608897302E8
-1.3299222633268974E9
7.547573828338838E8
2.0068790109126961E9
-3.015073474158488E9
-1.0762369071053721E8
-7.717506305064614E7
6.427150398234408E8
-1.1319572602132032E9
2.23811316962633E9
-3.172218787530465E8
5.2551440855142576E8
6.796322125911818E8
2.049481797340749E8
-5.04884991740471E8
1.6167305141382012E8
1.3031334007710307E9
-2.1111670977039547E9
1.1764664186402738E8
-2.8101495831735104E8
4.700991254214885E8
3.0880576311426587E7
2.2063607536112304E9
1.223753117982845E9
-6.343988210315049E8
4.283353628966325E8
-8.874644140165515E7
-6.13322220907704E8
-1.6427934434315264E7
-1.868290748816255E8
1.6586777148302257E8
3.495907461324267E8
1.5037936239712077E8
-6.987719832234356E7
1.2324015478109115E8
-5.4487335447452E8
9.00268644428206E7
2.1904198410831308E8
-1.0290062842920374E9
3.0374144144088793E9
2.4253340422606814E8
-1.9406794169353878E8
9.071515746983372E8
-2.1564077676272683E9
-2.0219305867124107E7
-2.8048055876867417E7
-4.423755927891163E7
3.0443963020823586E8
-2.0436298937596686E9
5.1307151519718274E7
8.481645829308803E8
3625521.412918665
-2.0574706479071295E8
7.54130258447241E7
-6.3063814060696945E7
1.5567668893117124E8
-8.231530299020503E7
3.1961836540446514E8
-1804351.6772938874
-9863639.388983332
-7203882.418404087
-5.7934386808827564E7
1579476.469328853
1.1232823648721014E8
1924473.1688425727
1.13898906355274E7
-7.952649861308096E7
2.3250427420491323E7
2.6143972575977214E7
-4.8511906486767106E7
-1.4824188189680547E7
1362063.3971361727
301517.02208611195
3064859.8790446427
1.0981226092747232E7
-3.0923672044106063E7
-1.6708145276427971E7
-5.319436123723426E7
5606567.0396527015
3.87663452355216E7
-1.3722916492839672E7
5.927720244517004E7
1.9625503223778527E7
-2.1500246393170454E7
2.34935217726988E7
1.2768386237371393E8
2.8990880474596072E7
3.812357318138641E7
-3.7384475670531884E7
1.2490610572670452E7
1.3866688361344433E8
2.0769297967169178E8
1.4890018245360002E8
-1.9566006191620618E8
1.4490862874808494E7
-4.41879013169688E8
5.633059879856257E8
-7506004.412725132
1.0095472158871394E8
8.473520533135722E8
7.295091894173384E7
1.0114946618897289E8
-9.226427598139316E7
9.594162391873899E7
1.984021644514122E8
-5.952738128201115E8
4.819103157983047E8
1.7604665165850693E8
-1.0961916517891878E8
-3.571249062951776E8
-7.680124613981013E8
2.0065532697378077E7
-3.3842801361224696E7
-1.6424449039574742E8
6.93821744120242E8
-1.2201497136666125E8
-9.115049806409447E8
-1.2587087487293752E8
-5.0128447548260826E8
5.2808707904884654E8
9326327.068722256
8307460.906937627
-1.245267971041681E7
-2.498723026776047E8
6.835043611534451E8
-1.8498632444384888E8
3.03482587279783E7
2.2524944370590124E8
-6.341001658958522E8
3.852278460957809E7
8.681779743528606E7
-2.229684233574851E9
1.639224994918653E8
-5.189118496804585E7
-2.4112323242949006E8
3.7431344017811215E8
2.615228776901258E9
-3.589063647158724E8
2.415176525787617E7
-2.816447151918659E8
6.047195842506262E7
2.040463903301141E7
-4.801152034295054E7
4.20902767355317E7
6.559160399873689E7
3.948120395667549E8
4879958.825968758
-3.372861428895468E7
-1.6199648058354205E8
1.1710857777960904E7
-3886576.8527079304
-1.729312963422836E8
5.7071301817411266E7
8.084894707759497E7
6.742764848697138E7
-3.420425159519038E7
-2.8371079949256057E8
-1.8625185942166045E7
1.9094975879188906E7
-9514986.986685548
-2879917.0513120666
-534805.4013540559
-96902.02348026041
41946.74186791523
-171265.71579098477
788591.2211430491
-1.5623694398922909E7
-2.1669805398058712E7
5.346754026888252E7
-1083.7421633280078
20411.69194121413
-56061.56666111945
653830.6312104037
-3130533.0349123534
-2720659.056630768
39495.26732846209
139386.42917259666
-3.319790498849919E8
-1.7190110249867317E8
9652277.260253947
1176378.6639198277
-201032.09612266754
796619.5340681366
-2306930.5706451614
-112958.45848954296
-9771839.53891128
1.1108583499323921E7
-4282349.331955862
3.3159748716854904E7
-7.325967600416626E7
892593.9433446906
-2.4621855992176365E7
4.420535352311468E7
1.2707638503978482E8
-1.42303471740282E7
1618215.7759459647
5185843.220746077
-1.690489403715181E7
-6.923903146714051E7
8.923614671328442E7
2.901592296356907E7
-6.636135760424095E7
5.4551601808481224E7
4.045523316363561E7
-1.1267157234500659E8
1.469634436851657E7
-2.158605332212641E7
-3.4027457640794724E7
-3246172.9644995173
2.6947528627688576E7
9.402557505605197E7
2.728006322880922E8
-3873714.5430863313
1.1675501138409443E7
-177224.7767564189
-1.1465422908623661E8
-1.6081528324445122E8
-6509989.8314517755
2.8959188464192665E8
-2.8870291723442025E7
-2.13604355645604E8
1.2062995062743925E8
-1.24821520708668E8
-5.832121829001024E7
3.458600400872307E8
-2.8019959680044544E8
-1.462757280902303E7
-1.3299519936278302E7
3.911259356056259E7
-1.0460066056339072E8
-6.399410109033276E7
8451275.215690212
1.0470749756842045E8
-4.2451294976278305E7
-1.3668204609510642E8
-57929.94591953969
-4418982.297726394
1.1390025003897543E8
-2094398.5823020472
-37878.990876445176
7878011.289988064
-1.4801362647889093E7
8224322.171373468
7109109.10579567
2.2050208745299272E7
-2.1411452258732542E7
3789432.763809105
5.828430001113995E7
851232.0885510357
1.924560112285094E7
-1.0911190281073516E7
-1.0836541109346198E7
-3568866.418891321
4.1142618811373256E7
-2.3929039995520912E7
-5925802.630981424
-1.7903281445034392E7
-3539197.851135819
-5936345.725366221
-1.204658890478102E7
-7584598.753904705
-2.526783442952158E7
-2.0149267844957447E8
1.2553346426377416E7
2000336.1520510109
554919.2185229033
-1.4283483671553155E7
7347041.606403056
-4621173.610718559
-785738.2560689609
-503.4891700833136
-166129.14160333032
2.7181257131491315E7
308720.5785598409
-7682525.970869388
-1102279.9550736835
2448039.372899759
-4449912.828285832
218214.54891858125
929310.4672508854
1242878.9664400977
477152.3593043001
732928.497696327
233402.6878146193
3250039.9244105
-1136500.5273324721
-275085.5103093099
-1.517165246134073E7
817374.2796152603
-71431.17454746037
238296.42602210148
-529377.3521611921
-1816334.78593651
9256138.474307785
83871.62534031794
-666215.7278126315
147279.89399132022
-705607.5629240687
5290.490385150796
296729.88128102757
-4.1818733319733575E7
-3.1650079004908442E7
3.2932326346789263E7
6.796611619462607E8
-8.061210933329397E7
-3.7249376307044104E7
4.064284620412291E7
-9890157.36232031
2.0308777563654527E7
1.6940351277852155E7
1.856892301142565E7
2.606147373632101E7
-2.0567657681502208E8
2.862126065268838E8
-7.704666457343668E7
-2.1808627899495068E8
5.075434173681473E7
1.2011378092806242E7
-4.013588919227328E7
1.1502734441642082E8
-1.3262921867922254E8
-517865.3337912383
2.0551567611482263E7
2548866.200843518
5675852.22464624
-2348865.4406767376
2.4965661264939394E7
6.890442264186618E7
-5.6176470741081074E7
3.39676240936135E7
4743907.446735718
-8865620.869722735
-9073879.541119212
-3407554.34957339
8343829.430615951
1644793.2924970512
3340746.6487953067
-2.1912626478681423E7
-7423583.608263412
1.2016039524125647E7
-4.271619925238688E7
2538634.147902752
9050656.902003108
2.7917237152566135E7
-3690071.047077414
1.7992720798498586E7
-3149649.082739252
-1.4686819955598582E7
-1786131.963410295
5083745.637347309
-1439504.332789588
3249963.2908976246
1.958478083556441E7
1.0041600310256122E7
1.2442921525436517E7
-1.0848459714658285E7
-4005074.3423666474
-1.2470788130481547E7
1736996.9649744239
6439797.309582714
1.1682202427838618E7
4.915633596946603E7
580800.535745391
-2.52798651553903E7
709573.6005740493
-4.719431354352261E7
1.1715599212024634E8
4.580924024833992E7
-3.862311196987105E7
-1.1980039597188108E8
7.802127443206657E7
-5.657214074331489E7
1.3865279899123715E7
6.5703412012277275E7
1.4230902257795412E7
-8720752.950908706
-9.212346823752384E7
-6289488.212524515
-4.958553678901573E7
-1.1603573695235519E8
-5435143.627466435
-9.4619518826085E7
1.2067705809505107E8
-1.2811863020897979E7
2.6622781018675044E7
1.2831534210339217E8
-8.496459946585773E7
-1.0965579546590325E8
9.065762238709383E7
6.600996853064276E7
212862.05101691748
28430.532350036243
-8163.022949990585
699402.5459076735
574.4033754074782
-1770222.1039183151
-378415.0599533402
-232269.71400661848
1002408.3683329413
416634.5073689304
823856.1414906175
-122008.00688607518
-1870879.0129725405
1765505.1254573222
-336196.23881361686
406682.71639336494
6233.5469450605
-186150.27641065783
150299.8121871382
39293.947940830294
-35706.073086082906
-48308.83615826257
637395.0919087994
1.2708313065828219E7
-95389.9588909317
-134096.60726188772
-1148784.1997929905
5312.98909788804
-446616.63794820994
-4902032.966410654
-2.281585917902495E8
-5.9348487473020904E7
3.3242867497656118E7
1.3149558624978507E8
7.92752643664866E7
2.4672624822596857E8
6.495850161983718E7
-3.3422392391851194E7
4.452820745935471E8
1.981051440735472E8
-1.3578947380559444E8
1.0302075456910594E8
1.4721798030792338E8
2.2010571829374683E8
-1.1237269430841164E8
-3.478204105502203E7
1.5020973415410274E8
9.824001980219178E7
-2.906745743265308E8
1.8416844715761894E8
-1.5296164841828614E8
-9.244736452461916E7
9.39488277535621E7
-2.0668780550076714E8
1.67276438816256E8
-1.788319453739865E8
-7.213118628068346E7
-7.031763474985518E7
-6.129223368562697E7
-3.338330337164492E7
-1.742964134811367E8
9.295676668921082E7
1.1909315436346725E8
2543297.8850567034
1.0768593689072163E8
-6.24887545925177E8
2.771181386671125E8
-4.253922593498564E8
3.2644462933629584E7
1.7103176493654183E8
-8.681001619951228E8
4.8116732147529054E8
1.8883844262690544E8
-5.143208831138819E7
-2.3474561586408296E8
2.353580042038215E8
-9.650690829255317E7
-6.3584048270264365E7
2.8109544257164113E7
-2.681358765828029E7
-1.470366820270586E8
-9.181604458012535E7
1.3055429263303362E8
6.178850583169035E8
1.5064326459447584E8
-3.8775915044164634E8
5.077774820269091E8
-7.656207764943825E7
-5.530803725361812E7
3.741747033967662E7
-2.5937494197046917E7
-225125.9836586164
2310917.747833716
-2.509861470949439E8
-2.5264607506089307E7
4.7031756858171776E7
2.956570899393074E7
6.207144321733444E7
4.6952764873717755E7
5.008789492850382E7
-1.4915707201846418E8
1.823764774539873E8
1.0299481735188869E8
1.9532928133737586E7
1.1005222236925058E8
-8.734575745822434E7
-2.4025949916168265E7
-1313107.6561026287
-8.230658149412318E7
3.230521303164112E8
-3.647715782541886E7
1.3189862195559406E8
143419.4083957862
-2066470.9681340405
1.423910069017538E7
-4029329.0389027162
1.6759866701687513E7
-1.4182167531473987E7
2521947.063971566
-3.0520437782129865E7
3.937017576425431E7
1.6967239288100723E7
-6059657.769008373
-5365049.432218554
3.73298870695604E7
3457947.503559185
1.92841137607466E7
4.288468226568094E7
-6.063252741437873E7
1.908399237388888E7
-8797409.832290491
6824181.702174837
6.00152195151619E7
-1.4175090472626936E7
-5.956154186814236E7
1.032934258921733E7
1538288.5814755776
-3711136.3122404157
-375946.9602663138
2.1000487249459002E7
-719318.9498592787
2361957.921519752
-9664806.325027838
-1.0666451755816326E7
-32675.74655181669
2.2046862735424962E7
-2.8692851358157344E7
1035062.1402212706
-3.42472896324388E7
1193807.9161782071
7.885393696616701E8
1.180595597883639E8
8.50765915388156E7
1.7598010829938775E8
2.479159585226575E9
-8.855600208598278E8
-3.5077328299182415E8
-4.519733419005129E8
9.242784886585523E7
6.616420686013806E8
-435343.65275183995
1.8969918308288002E8
3.4272802471171874E8
-4.4393237708587214E7
-6.239698068093057E8
7.917125381073794E8
-4.857905741435167E8
4.1509381804575473E8
3.45836463463546E9
-1.0685015222231972E8
-7.543190117296865E8
7.117596830559603E8
1.1593901033331577E7
2.6569332986522356E8
-1.1990949456367798E7
-7.565879604647325E7
-1.6740470668270076E7
-2.327378126087946E7
-2.5371829233033635E7
-5.106290799710351E7
1.5387829910937086E7
-3.880987569368495E8
-2.8239300076711255E8
2.428739269316948E8
-6.498494762645063E7
-2.690428578526501E8
3.581822910225454E7
-3.841020084303154E8
2.8935035619167767E7
9.748197002015266E7
-4.250270806133526E8
-1.535827882184005E7
9.003089247212207E7
-1.1994492331565085E8
2.5667117195980897E9
-4.794683602635073E7
-1.5802761132973343E8
-1.2679551693287343E8
1909245.549335499
1.4901611300741633E7
5350143.414743388
-2.613958971254054E7
1.0749762326754441E7
-2.369853511353328E7
5895484.21570211
6906111.755595597
-3666737.191085926
-1.1196558302125197E7
1.787581268753799E7
2.2231611408822186E7
-1.2872779258708881E8
-3353506.452589536
-5.8961118284477435E7
-9.818628985942297E7
9.974036626253235E7
-239631.56802893596
-9192081.835022444
6.426559406622628E7
-8068305.014922694
4.141538488514016E7
4.922266746878356E7
-6.367701130276176E7
7.443021143093188E7
-5.477658576191476E7
-4772315.109224259
-1.856441580480609E7
-2.3888588070771445E7
-5.300235398703072E7
1459352.8477196775
-3.050592375655408E7
3.417310415890131E7
6811623.756639567
-4.4654590665416025E7
5781626.148250784
-1506109.1008941205
-6318294.377923289
-2.475754892672012E7
5.825022219585166E7
-8.655819974724065E7
1.3909580740648197E7
9.908069854503588E7
8.051942188327225E7
-2.763194314890384E8
-2.995488114864586E8
-3.2401522905983555E8
8.079024168150748E8
-9.946573895159851E7
1831434.276546988
2.667699672414936E8
-1.7913440846924344E8
7.794346407140965E8
-2.780248181070425E8
-1.8200275784094477E8
-3.249437045502821E8
-3.424803742068464E8
1.0968232258627942E7
9141811.647301827
-6.371422831094833E7
-9.379764751503466E7
4.112594389680457E7
2.710237122531702E8
1.1997385646777868E7
1.5851524772112146E8
5.22616189704851E7
9125793.462094538
-1.8554596876370642E8
-5.14071650216282E7
1.1087164681710842E8
1.421994190478428E8
-3.7505795975151706E8
-7.007591088163039E7
1.0147801455118743E8
8430159.576760432
2.5709980450176665E8
-7.798530354655005E7
-2.5975052821059108E7
1.1285238563856266E7
-4.488045316764852E7
-1.2618929564857056E7
1.6926710823331007E8
2.3035472702125598E7
-1.4994026244138025E7
3498764.00636864
-5.431226717646984E7
-2.1197258350607097E7
-3.260176195715098E8
-8.832365884762016E7
-2.9209238788078986E7
-1.035140577020679E7
1369533.2877866533
-1365845.294634503
136042.7747286394
7641782.779156452
-3650304.228042536
8.830137376296507E7
-3.651235056681949E7
-2295639.44936017
6694871.472159883
2.7881584841707624E7
-3667585.8215026786
1779868.7839362752
-1963727.808680346
8949501.189199422
6045.230660552307
3702176.6709197224
-5996089.094099892
7267687.141437465
-240754.62830790374
-915224.9942973795
6623314.160960556
3711270.563728974
-4331097.823387867
1887.8396695990125
2872810.6760361227
3240477.742469789
1655487.6350946913
-468418.71125825413
1465270.3328716177
1.228263349977234E7
7421543.280939366
437716.7707117837
-3135922.0610490716
-2.5525429067449898E7
2640701.1705077817
-4851162.1696556555
3107200.747728889
-9120955.956301766
963980.6857330337
140789.40318199556
-1.0937782255905973E7
1.0580294911635906E7
-6660291.803183038
3.0973818098183595E7
17758.75537568898
7552699.942980035
-4.543566811231062E7
1.5926018307163948E7
-1.1957981590613479E7
-1.0558438566739636E7
6400115.653071726
1.3895412941800138E7
-109230.685886592
-9028.522867639107
-1181.8793257483767
7074403.186155683
-1.6060014734068973E7
2.4314306975016072E7
-6098777.015727797
-6986385.873193219
1049.1498958413395
-5.492869547308149E7
-3.429572314778825E7
-7108578.696152697
1.294416408569328E8
-9333733.310651531
3.811500895468334E7
1.108847314280444E7
-1.729566238042714E7
-2171260.010934988
-1160685.8866026378
2.227395147978173E7
-4.674321174758673E7
1.5895054549788395E7
-9155070.357187236
6633681.670845601
1.9120739539425697E7
1.0945586671628691E8
9265772.873799963
-2.347950741301991E8
-3.642989414222493E7
-1.0257671014087789E7
1.0608348843141577E8
3733939.002718541
-3955914.4658479216
-9100373.305494059
-9.03546883222379E7
-8987283.46546685
1.4693556744034037E7
-3.3230257078564856E7
-4.2822327523675054E7
4.124685839965153E7
3.999049595715659E7
-4606561.474854252
-6314529.260160664
-1.1390796152575919E8
1.204956723511117E7
-1.808622432135103E7
-1.0315118709647678E7
2.745336080364296E7
6046000.957495841
1.2883290875205281E8
-2369704.9385065814
-6.6578131223849565E7
8618164.591967795
1966493.9883140943
-4.21706489878469E7
-502595.9781665864
5113238.557041678
3.083797031749113E7
-1.0475763824519756E8
4.220330798743913E7
-1152625.3866907998
-3648510.4954207717
-1.5108339220217861E7
-2.478254335862036E7
1.307951894488271E8
986317.3814375802
-4.872877703634499E7
9.841591136665504E7
-6601033.563088101
-3.584588771661562E7
1.89756124967449E7
-6095370.89054622
-1.357819720572289E8
-4.8815148781235345E7
-7.62273051490474E7
-2.0163446642350484E7
-5.573678647944722E7
8.331005815982722E7
3.6093118528564915E7
-810.253767319776
