-5.60548234314189E7
-6.116165317292072E7
2.857285362828824E7
-3.058935675573791E8
1.3836723514319725E7
5.4722819725412466E7
1.2388006610324267E8
-8.60818865543031E7
6.692938541644691E7
2.6587708682470717E7
7.84724984889986E7
-1.3557749604542902E7
-6565181.39783124
3.1642920586553577E7
4.496886091456893E7
1.3489320457120648E8
1.1809359837223788E8
-5.84751338204645E7
1.1405984027037326E7
-2.6045043515168663E7
-7.378026839092818E7
-5.0882216309197865E7
1.4337585716810178E7
1.2500107772106402E7
7.126382750285815E7
1.5819907350927424E7
-1.3286765494055875E8
9.994893113204974E7
-3.757430983073609E7
1.3053970976194307E8
2.7219419937312644E7
-2.5759563093545683E7
-3.867171321968368E8
8.768526250902565E7
4.397572719924233E7
-8.165966200671183E7
-9936704.929392172
5.35071094484537E7
1.362593332397223E8
-8.962630066158101E7
5.865858974420068E7
-6.864130855803995E7
-2.3815716336071186E7
-3510906.32521857
-1953292.5033278733
-4962239.669768512
1718841.9515817221
-4.524901641066462E7
1.7756262198309806E8
9.846799467763923E7
-4.398149312567204E7
2.1228056834224263E8
-4.1371119471269816E7
-2.992367528858031E7
-5.5813543870635174E7
1.708584732354197E7
2.8072161341104377E7
-1.1517496505748281E8
6.747905871173793E7
4.713709529106097E7
-1.1257239184226835E7
4.352380936108957E7
-3547407.4779598885
-8.284017071091966E7
-5.678436332590639E7
7190195.276432432
1.723085767096568E7
-1.8194428908631835E7
296859.84153561795
-8.146111697366993E7
6.242138825209894E7
-3.836615020803426E7
1.1968762932764469E8
1.2897648734225834E7
-4266703.796017907
1.2664693919717725E7
-1.047563225094094E7
5974986.167979494
-6296577.822433983
2.5074151439050704E7
-1.1635831142109057E7
5.282547219155701E7
9.169686386208022E7
1.9142551684131645E7
1.0422939521191989E8
-6.963469922366925E7
1.9803159634836882E7
-7.09021824554535E7
-3.5088818056823865E7
3.89993818300875E7
-1.7528070300693925E7
4.054703689424287E7
-2968329.381313408
-5.988780409216499E7
-4.26648661230055E7
5.44326767300679E7
-3.483744978458516E7
-1.093922338195662E7
2.473010564550406E7
4.078800362262481E7
5.4832568417709865E7
3.380531789262347E7
-2.2105534814545125E7
4.744636591475395E7
-9.572734984955764E7
1.4603529276677194E8
2.772837858263426E8
2.404195066208371E7
-3.2655503701362574E8
-8.570236770660171E7
3.8401748304910645E7
-7.677550122008692E7
-1.901702021373309E7
1.7089606935799685E8
2.3739397875978938E8
-8.32989833484519E7
-2.3456691521741748E8
-5477187.356711071
-1.4515747400051627E8
4.92993152183511E7
1.6147031892255122E7
-6691696.525392178
877497.6655183152
-1.9759801913268514E7
-831407.2321078938
1.0441647759300634E7
1160716.4898061205
7.395795116116625E7
-1.2327933691634484E8
-2795810.5782261826
1.5121927104209082E7
-5811253.241394746
4.454621328602532E7
5.346001768161081E7
-3.677096923788178E7
-1.170512891385057E8
7.742988034787339E7
-8262659.47272562
-1066049.3379803372
3.592180094430193E7
1.601377652489046E7
-4.611140912245358E7
2.0530992396992758E7
3.640884861660269E7
7.416010938257995E7
-2.3426928307187263E7
-6.0181039612572595E7
-3.548812522970056E7
1.2713899827372374E7
1.2064983458185503E7
-1.7266013070545137E7
-1.3722046583771628E8
1.0291462645188133E8
6.720555203537902E7
-1.913276209553141E8
1.0228302859583925E8
9.46221842800522E7
-1.5216126868918094E8
-1.2819885709209913E8
2.0891395370147374E7
2.9176409373833334E8
7.26298999388632E7
-1.994641083711089E8
-9.978607749462391E7
-3.9853734693988544E8
2.284456576628514E8
1.6332084368604508E8
-2.2241097324903807E8
-1.5722044578409967E8
1.6737297772947297E8
1.1512659904628477E8
1.6506069053224942E7
6.912825496183021E8
-3.496489920946537E7
5.6423878599679284E7
4.3803378836322695E7
-9.744464089202982E7
1.7185114112531972E8
-2.639024624602123E8
2.3113290523633102E8
8.56204083762926E7
2.920643081529701E8
2.2414883390557382E8
3.611560013855038E7
-5.865657557145935E7
3.0615930515517056E7
2.1626236957185572E8
-1.6370402830430523E7
-6.3904744762929454E7
1.1666744250652277E8
8366867.594537401
-1.715124777416503E8
-2.6455651820124322E8
2.4091191886806288E8
-3.4518855222761714E8
4163291.3610108485
-7.106845540840842E7
-6.810707349315774E7
-6.455791596746642E7
-5477116.866872924
-1.4885076079205856E8
4.988415245563653E7
-4.254871733347026E7
1.0756135316194822E8
9.01773375033215E7
2.2515286642812943E8
-1.6941279193046546E8
-2.410878394257438E8
-2.3982684422672354E7
-3970746.456893429
2.359220228959939E7
-5.7993220585040875E7
1.21569830321353E7
5.834824795319366E7
-2.8610138453262232E7
-1.1509185093618277E7
3453085.8980229
-2.7778101316553768E7
1.2360367681995498E7
2.6599138128784683E7
-2.2386730353401404E7
4715970.107187727
-1929974.9485393486
-1361861.2618548581
-9504229.862516614
3324794.454538466
5656882.784017334
-9385856.550222106
-2.048915701888526E7
-1.5748729823803179E7
-5717551.560473318
2.6625535412280686E7
-2019139.0685769122
6137555.732789555
3.387044919784156E7
-1.5523707276934238E7
-3.2119019246596742E7
5193103.385834187
-6166737.73427491
-1.9632788931202997E7
-5.543150114985027E7
6.387755279370418E7
6.47181018836757E7
4.693183648944629E7
3.362487655393881E7
-3.7752023054755196E7
-2.302277617846178E7
-2965286.1239129175
-7.188656863196072E7
9378305.491533646
-2.1965476761800554E7
-4367677.101541022
-3.8749362511544846E7
5.25326649924978E7
1.269066588205586E8
3.1236223856686473E7
-3.217075366023368E8
-8.066088267306992E7
-3.1033038083038443E8
1173810.0307364834
-2.258024548408936E7
-1.6228390129336601E8
-6.72913349496681E7
-874285.6150789786
1.909361791984282E8
3.577172483166959E8
4.912479065805484E7
-2.0302254493987326E7
1.242785972905662E8
-8.83497152946992E7
-8320151.380652077
6280862.198889693
-1.0228299898649434E7
1.3133433268351886E8
7.848470695157889E7
1.5838805609727544E8
-449403.9463285724
8088635.325720198
4.3259276069916666E7
-6.3566811089888394E7
-2.506196534479594E7
3.8907850755290255E7
-2.5922292029161674E8
-2.4224465907317117E7
-3.5597764342192955E7
1.739101248589781E8
-1.2600341325626591E8
-2.1037791410576987E8
9.239777441276035E7
-9.613965627842455E7
316039.0087319593
1.806035896982334E7
5419402.252445227
1.6988098362882014E7
3939420.750189347
-1.5505012869994132E7
-1.5705975354851022E7
-2910587.419382138
1.8630276153396625E7
-758959.9247480264
-8533309.589192217
-4.990652469968716E7
-2.4929512445887037E7
-4.696492145131619E7
1.7663581911041856E7
-1.4848460866332302E7
1.9388721107905436E8
-4.119819668130252E7
2.812057468559805E7
6858444.540806144
2.7052593099047914E7
-4291345.058909101
-900520.4652511008
691771.3329918128
-180554.650441639
1163474.5057111552
9846748.676201122
7.852529429198645E7
-5466975.619028407
89888.78340503582
26882.70988039146
-43825.86728602326
1.027718891159908E7
1349133.7170110682
-4187723.6352861417
20990.807127342407
-246027.44817220845
-1.8811793718093953E8
-2.7455967107175667E7
-1.0295952764629459E7
-390355.94932721736
-5782504.4354387
2756038.697120823
-1742554.502877158
-711936.9155842456
918976.1366588308
-3.5511194789519966E7
-1507480.0683986528
1.4837521533224415E7
-5.087342468822767E7
-270770.3177536553
2.1732156400128145E7
-5366294.87561302
4883435.675161386
-6724643.521978404
-1.705007306578025E7
3768334.6777162766
1.9851229660189714E7
-2.1631612196755067E7
1.4635956464943958E7
7983952.480733931
-3.3326995873203013E7
3.52197095793938E7
8411574.537479354
-1.1683785107591791E7
2871149.626534899
2508999.923652135
-497705.4535128987
-59138.505906134385
6416922.441858682
2.0139455510905057E7
-1.0727535184071872E7
4.500523431099488E7
-6147003.005358062
43733.44562730522
3.9835407348463047E8
-3.8905556727842504E8
-2.0375275225627787E7
-8723296.296521813
2.2848109997814354E7
1.13524067703825E7
2.6674306465935353E7
-9.129617322725365E7
-2.170185870459042E7
1.2371355457178636E8
-3.953583876251624E7
2500312.786756291
-9833110.971165482
1.5641619897278998E7
-1.200515802381419E8
-2.019370224470266E7
-6273038.271275344
1.9921255900534838E8
-8.9536313702692E7
-7.859976434129293E7
66807.48306045723
-5191060.315731009
-2.6867421879838794E7
2.8023582786877535E7
53949.34441874725
657509.4617159523
-7174103.104298645
1.9238059085231964E7
-506823.0125378413
-1202738.4991511833
4003284.8926955736
-3.608660389024952E7
2.1585850212624103E7
409549.58323628595
1.0229069273437276E7
-1.0097237416008249E7
3087041.4140266995
-1.4725157675864736E7
696785.753225793
-3895057.3840277735
1.0373301245697865E7
-7793074.4183894
2956090.146095373
-2609179.6996879266
-509554.39979480504
6478507.635003511
2157846.345539545
-1.595093714737823E8
-7389285.969266385
-247420.57636835004
73810.59984851023
1.3945586126209544E7
-7734605.645920644
-763611.987838457
311022.49469198065
194.19517667135898
74842.73109376336
-5552614.1531006135
402833.46594187507
-1434241.697515265
-521443.1279614351
1837234.4976021794
-5468350.8721158635
-150105.9540098937
5247579.883507808
-4120986.0975492103
43549.135365893
-1930516.4205876922
-170110.33873025735
1638342.925829945
-29902.900202550747
-172118.64484655194
6601044.877652476
725051.0020620229
50587.531855606736
-437785.9251295696
1179099.0647891317
814756.6162830637
-5655863.1732748905
510632.66046092095
209379.9775508352
18140.11988153909
217688.46586640764
-95028.31813595298
-733477.0377138949
3.03874763359075E7
2.1711222925403696E8
-1.1769976000786117E8
7.462938225169049E7
-1.1628494979194622E8
-2.9084985392400984E7
2235803.9909373824
2.7621511541504283E7
3.605209652033846E7
-4.874400033947031E7
-4013086.5858493447
-28277.206112836455
2.9913822550833695E7
-1.647530646865986E7
-1235069.5464390758
6584424.96908898
-5.426755394748935E7
-1.6324813526909078E7
-5503260.855008453
-1.7512105809066564E7
7.034912373493779E7
-1296125.4251071042
-1749003.8693047364
1672477.8833557845
3897072.0911242473
-964239.3423484357
766351.9770133294
-3919064.162296477
8914763.878952395
1.349528736078533E7
-1464967.1066426102
6038680.1553975325
-913700.7894568169
-360019.7528903044
-2809221.377293213
-206755.61317990752
2254977.568346541
6377339.041488407
-680556.066088369
-4102419.080594496
2123244.0957581284
-984153.6644957379
4898317.733761626
-4719423.816648245
-3289452.3788257726
1523199.586973884
-2255806.664713071
-1896330.1614111136
497670.37404064665
-4034347.4485356403
1319403.8450337776
1268327.2612230643
-2640868.2593608927
2169558.1729863007
6322045.319621511
-4731336.820732649
-4384173.434916844
-1372672.181917833
3640523.7097215406
2167136.9257345987
7565424.713574591
1.1558314607578066E8
-651883.4585186361
7033496.577162908
190498.8746747008
-1.2617967924501255E7
-2.4172612957752433E7
-7872341.137529594
-2.8827152117308356E7
3598619.9227543795
-6622109.346911495
3.476839639441661E7
-1.6917200299004294E7
-5.4579614850302406E7
-2088108.8491636724
-993133.3996673157
8.159250640387759E7
1.7226997019925933E7
-7.66753736887511E7
4959837.924595109
-2986537.8107840875
1.189989731138305E7
-3.869525467892026E7
-1.0330038902264485E7
1.4440476250031801E7
-4357473.796936649
-1.6571822610384384E7
-4.600928988198389E7
5.185541103253975E7
-600844.4733746373
57610.27591100535
42713.49355242112
-1631.5493247146662
312909.85857024085
-105451.21474898933
423471.9459351915
-486627.4591638179
-200497.39135915186
-137375.9535059849
713780.1219724991
822368.6552611941
59145.238259975464
-1068024.443714882
-271654.78552790504
163708.8974875592
-45595.16196399729
-79011.48269352932
-31577.03636612303
-229901.35125550258
49465.72996835058
245808.1574308782
212742.34243696826
-103733.72560234758
-1.3183667787725704E7
11093.368642147316
-91223.8139583007
1548832.1852834332
-23974.00629752204
265949.79011480516
413890.96706250525
5644869.654946591
2.6362233184761357E7
-4.9778588006580696E7
780581.4853856286
-1.6483810788729498E7
-6.516789516747037E7
2.873798187352554E7
-7.068292811379963E7
1.6511308451617834E8
4.650274032430044E7
3.702841153248073E7
-2.2039579904315893E7
2.034771848953815E7
2.283360208309104E7
2.5716187711708106E7
1.346593727863304E8
-4.981923536685322E7
-1319108.7841394304
7.026252537804875E7
2.3580835214746315E7
8.87182614657404E7
-2341644.6028971747
-9.899447684105438E7
-4.950196434775817E7
-1.711818631917976E8
-3.1586463438867636E7
-2.8404584181662817E7
-2.524894330577422E7
-2.1226041784694828E7
9192708.991837742
1.2997421616000414E7
3.1331398919532698E7
-1.0678609544995461E8
1.3359855773348914E8
-3.1309309208381876E7
-4.135642017830311E7
7.236170120144902E7
5.0493528015494384E7
2.416948973191497E7
3.8884233698142804E7
6.6753491174973994E7
-2990646.998546238
-4.272470174999994E7
3.777105385718796E7
-1.0510155018648161E8
2.4834078105643567E7
-6.633519090009832E7
1.073322859218341E8
-2.535973184815563E7
-1.0432874086685214E7
-4.466897463843299E7
-1.552590198140635E8
1.979557485470897E8
-2.3466892228186214E8
6554420.714445222
4.638783937754574E7
1.2420960692473046E8
-6.695606815413274E7
-8.973153324472222E7
7775025.395258805
-6559953.023996533
-156124.45570873216
1958352.1380116509
-1.1250950740079099E8
-4627192.875565335
-1.4673945289585022E7
700043.9258135527
2.3933018668737136E7
-1.6811988476427728E8
-2.579651734507393E7
6.4372486909011774E7
6.4301800775795735E7
7.455639878828709E7
-3085146.877886748
3.257292036620575E7
-7649656.783292229
-6.569249495012588E7
-1159898.3637074784
3.1927560295771223E7
-4.8755262201229E7
-2.4012414774060786E7
1.3561119908128503E8
-66514.96551603594
6215913.571775929
-8208966.457388622
-2877209.3867239566
-1039075.0727609707
1074033.3203661724
-4376487.8006345425
2.513018310845586E7
5.404174026233699E7
8039796.7915718835
7726382.830082983
-2521311.381346312
-67900.13965203044
1.3058507858627481E7
1.5404120214972952E7
-4.092902451887446E7
3.626059369973034E7
-2.683782540379251E7
-1381104.1031690529
5399442.830726734
-2.033788468769984E7
-1.2175083715259317E7
-1.9851283729035936E7
-6111299.186867365
-3641614.396966007
-181816.7419958507
192735.49883034397
7177212.649135283
-131785.2399313149
206963.1323662294
3.958044628309115E7
-283076.324330567
-61928.4124458554
3027420.8960319725
2.5947197276583318E7
39365.088255806295
-5.8685885889063954E7
3696697.1531259306
3702774.6626441884
-2042499.124260327
-9246168.059732802
-3.216373839032808E7
2.5145069040061306E7
-2.333235946975262E7
-2.952154325252121E7
5.158080470370881E7
4878323.066171398
1.3266403260758775E8
2.661671432651977E7
-4.4997933864596725E7
-4.9044899926391244E7
-1.4437933507281637E7
-2.8285157628172133E7
-7.381829417371334E7
1.951992788894045E7
-1.717884560782924E8
-4.677669389911894E7
7850000.899471259
1.0105600606245251E8
-1160615.859636108
2605198.3229579874
7459611.7454875065
1824810.6372641667
8471327.290906217
-3565137.799142108
2.7310659966104094E7
1.59229608022761E7
-4.496452205659959E7
-5.6143463769521035E7
-1.2394816486069536E8
4.0543052331517614E7
1.2599116450686257E7
-2.6598994068852752E7
-1.336710421500777E7
-5.081952155520386E7
-7.713339660962558E7
1.5292068232954407E7
4866051.780291161
-1.7211222230124602E8
1.7292774766246356E7
1.393811636855263E7
-2116223.087273318
2.696817004553987E8
2.2397077814861648E7
-2.754703904824006E7
-4.252975156325829E7
-9083561.047191527
5843699.572868586
-1321065.701168321
-2214842.6334791007
-734243.2515070728
-5553902.628168613
2299887.0840773582
-4065763.112872823
-2.2782525938816044E7
-2226877.525498883
3.437693744025396E7
2.7961462509727873E7
1.8849558102210965E7
2.6314987779996745E7
-3.826527246908103E7
2.8244282491373353E7
1731275.711508744
6838457.272680545
-1064778.9843672581
-3.722900280303451E7
-1.0142060424801083E7
-1.3151350342335625E7
2.017478387319455E7
-7.266153253487141E7
-3053665.749330607
4.948873351686932E7
-1308887.4787469676
447786.992306456
4702831.630781257
-1416135.659739964
-581121.2922769068
1404676.5263839765
4192671.870533009
-1983650.463624243
2.1635512212795123E7
-2.597737118512944E7
3243074.580746255
7242269.368637803
8427194.661938893
-2.312873237046821E7
1.6571062968628285E7
-4603159.092216485
-2.6958887434079207E7
-2.8409425113886114E7
1.4393993966169667E8
1.541118199235118E8
9.167536424943937E7
2.4996999988680455E8
-5.52854625218283E7
-8.026284732452288E7
3.9218376073004715E7
-4.9196808990071066E7
-9.81432697353247E7
1.4315157271687126E8
1.750503571710761E8
-3.3736990830752236E8
-9.677123476110946E7
-6.748135956109734E7
-6.858889561183703E7
6.96407721041979E7
4.16026153327187E7
8654403.736984244
7.19061264737149E7
-1451265.7485415975
6607689.068347746
2.731400637946587E7
2.030501757485389E7
-6.640918982170384E7
-4.84368434910327E7
-2.5777032094889227E7
4.533872699491149E7
4.201836322533837E7
1.2715749417354007E8
5.288231366862597E7
-5.379391008788783E7
1.70180801249639E7
-2.872542401934941E7
-2862319.766323283
-7.264879458997726E7
3.2987312398547802E7
3370885.1398107824
-4937963.496629579
8719313.888526736
1.417990868210059E7
1512837.2820796191
-2.0896621056152962E7
-1.4958555614946868E7
1.0634552666012946E8
3.363707576581693E7
2.1664216663143195E7
-5.320377748626281E7
7940911.307773374
1.7925365439736713E7
-69408.85275201834
2597705.2787906793
5747780.5932386145
-2.828093136967909E7
-1.6051907499462357E7
-2851096.0885393526
448691.9233691778
1.8892784001965106E7
-293158.4525934182
-6020006.67095146
2522564.020826486
-2173441.154459437
1102.3803849930364
-297397.0457031441
118187.53293328312
-2606433.8834245442
1568542.7847385104
643501.8690589359
-2.3518665818232644E7
2.540793849003368E7
1695820.9113506253
138659.42604962052
1262566.8003364953
-3831160.976533415
-1863532.9458101757
668340.3578281307
-4263850.840331929
8897323.665994685
-767781.3211607607
65963.81727217209
1321925.482089211
-847434.2336903523
-1369996.0432787435
-2405137.8903708635
-3444229.649438903
1952125.8670357263
-787307.4382586335
-1993291.0596553346
5659523.600989178
-7837145.051144541
3865660.208477387
1.3323729262261799E8
1338211.3246771214
2046888.2852189553
2.3054761675709784E8
-3378086.0597908944
-1985417.1619817934
-442114.88306323707
2106708.4223758713
1944667.6952682019
25558.281346053125
-11660.080165301688
-14212.417154554421
-474331.849770927
1.257077021279428E7
-6825112.844619396
1221413.9504974913
7040331.490593146
-61909.5830613382
-9.849081224543482E7
5.2752500789327405E7
1979510.8585833558
4684097.337694389
-8343734.181969729
5186840.979787579
-5507204.212020226
9986701.99303834
4.1573271523992375E7
-1616805.3897875752
5871807.799009419
1.544017723375119E8
6.35968347805676E7
-1.096258628787598E7
3.978987141470366E7
4201309.015727849
1.0758371453598659E8
-3.1148136412338052E7
1.8768075965349072E8
2.6799354357633702E7
4216223.6929087825
-1.999296751705784E7
1229968.649053388
3.006481775327107E7
1.360973275518423E8
1.266463018861216E8
-3476869.4441833463
7830955.125217886
-2.0557755613902275E7
3.139964966069264E7
-7.653924566508526E7
2911416.197136194
-4487524.113120801
-7944872.800835553
406443.12092929054
-7317355.959066009
4235299.572100355
2.9353152480331663E7
-234107.46749300853
168103.66926579797
4.9907957270678055E8
-8780803.328992043
-6779509.935418536
4738006.747940958
658944.7770115172
6507513.429607889
1.2250189338581689E7
-5787838.4544681385
-2.6619331700217802E7
2.161311785725752E7
-2.097303360293642E7
7871035.919077505
-1246131.2867604955
1684037.898411495
3.466902975189019E7
7.62321366482285E7
-2.6046188499237534E7
1.4898972265199719E7
1.8027490300917238E8
1.9285064795435056E7
-2.4538705660848185E7
1918816.0785475743
4.31132474868891E7
2.196395581445568E8
-2.6804214222977124E7
1.8637467984281264E7
-3.755676144792945E7
1.1079053918471515E8
1.757872101360594E7
-2.961211105378402E7
-20.291256324986676
