-1.0672762513387129E8
-811270.7301061505
-1.4190610406067299E7
-4.7297751970193125E7
2418905.41209821
2.6249006329107046E7
-7.11311037360648E7
-7.612379678641683E7
7.685365979645406E7
-1.0801667454114547E8
1.2016615330207761E7
-4.1356408180701815E7
4.780988338981242E7
-1.3747976352650785E8
-9.002111730847348E7
2.634046648608242E7
1.1256114866767497E8
-3.046033107788063E8
1.7894258837514198E8
-1.1891607412671173E8
8.288767588422829E7
2.738885867961879E7
2.4968200356607467E8
1.3584785318795573E7
1.6557990136252937E8
-2.0021777526082706E7
1.2411023785137856E8
-6.1161575882481724E7
-1.0516816718457352E8
-1.2091581606502259E8
-3.011188690757394E8
1207115.2339485444
-4.3022487508162045E8
-1.3372379481839947E8
2.3166620561451292E8
-2.1254733533992824E8
1.4435838471926022E8
-1.7794410904943854E8
1.1444030712457234E8
3.314345292441371E7
-7.789651173536748E7
7.54678865409632E8
-1.5625700685436316E7
1.2317466545533086E8
1.888152170306715E7
-5.40356329796879E7
-1.138589299071997E7
2.5267425806352845E8
4.616472248661542E7
6.372636261878914E7
1.6313765981631814E7
3.954902228493987E7
-4.293876492988642E8
1.6831718175431842E8
-3.117513744618336E8
-7540198.477249401
1.295197892866309E7
4.350529893678536E8
8.608861363641387E7
-2.285323397888971E8
-2.1752385645652574E7
-2.216093889724471E7
1.3946959904551473E8
4.7123956526325956E7
-1.3116664227705754E8
-6503386.148600576
2.5461759225155053E8
-1.5543459685641335E7
154394.85178299178
-1.6579807931116566E8
2.7805610913943845E8
1.5827632348111165E8
-1.0324968416303293E8
1.3833229855621472E7
-6.425371969626609E7
4.71521023438359E7
8.854074244582753E7
4313283.778596983
1.9839156124163475E7
1.4619256263949249E7
1.5807802783884656E7
-1.4234949224320906E8
-3.601230424610535E7
-8.005276728441118E7
-6.135636389160323E7
1.0715446196023525E8
-6.3598430355692714E7
-3.138726290797277E8
5.15349459184594E7
-1.5392582888665855E8
-8.3763920261992E7
1.2876456998689419E8
-7876264.703777342
1.6050296076629931E7
-2.2042106085426015E8
1.0790821591802217E8
-1.4995912631487997E7
1.1077598721700272E8
7.916272038813318E7
-4.0915125332249284E7
-1.643647288960393E7
-5.095186434277591E7
-1.6583398334376004E7
2171415.5126869977
-8.308750610064994E7
-6.344953432921449E7
-1.5022803597994286E8
1.1695429309052162E8
1.1509847009023786E8
2.5909574944349638E8
-1.4217380749503154E8
1.9496974765207493E8
-2.010508218697406E8
-4.767226472869445E7
-1.862178487588495E8
-8.815690031259029E7
3.6273834000415564E8
5.640543005845734E7
-9.541123819077703E7
2.073916590241185E7
-4.304448970723848E7
-3.914041371210225E7
1.3969420209798297E7
6.557745503122414E7
1.482435204146893E8
8490245.413864866
1.9556497208982788E7
6.123589552511553E7
-1.044696798446954E8
-2.3718690121331457E7
4.4094395858427875E7
-8.19637145031976E7
3.1661610189619735E7
1298873.1907549887
-9.056083949090432E7
3.605030296875813E8
-9.898347342746148E7
-7.541685862419869E7
696180.6590381194
-5.614363162024076E7
1.1118014619532672E8
-1.3540473226765996E8
-4.4579755748464786E7
2.8372413996982813E7
-3457157.1680709897
-7.433263419601801E7
-1.3949312634728843E8
-8426481.370585723
7.322519767825349E7
1.4814472789567417E8
-7.418129942447056E7
-2.3264567988015854E8
7.994189462625817E8
-2.82831335324563E8
-1.0760743369360573E9
-6.659857935765905E8
4.314834349476232E8
-9.233228978886606E8
3.765128102403025E8
-5.090271606046482E8
1.4379181298709503E8
-4126639.859270605
-3.7739428511723757E8
8.714337546062525E7
1.2989519264762695E8
4.253494049017336E8
5.794521948996735E8
5.61498160258361E8
4.68819315312639E8
-3.705789832960707E8
4.7189811285364026E8
7.549649338672255E7
7.142796811107142E8
8.12646663872425E8
-6.270954735257543E8
-2.862497312887142E8
-2.753589143992483E8
-4.272249248653092E8
5.180179963908907E8
-3.8874505893270105E8
2.2148956803746927E8
-1.7274580897864485E8
-8.388119050134835E8
1.6707506935741203E7
-3.342572012918286E8
4.9808439842698246E8
-1.1186888628768913E7
7.032020743144954E8
-1.0157224037025144E9
-5.258029943966864E8
-2.4511615882570013E8
3.187582208233684E8
5.39175485947636E8
3.4071299011041254E8
4.8501379232954603E8
-2.6436005671661917E7
-7.532621667605151E7
1.9263809970545727E8
-6.767983615219901E8
-2.756290157218342E8
-2.514870560224706E8
1.649942591654774E8
-2.6177929652838424E8
2.75570807418654E8
-9.44457713403716E7
2.139502973457461E7
-3.199816734939104E8
6.820060463154596E8
1.054342147445987E8
731647.30429955
-5241107.0153219495
4.081449093768555E7
2829551.7408670755
-8.099930593588868E7
-1.5881951637474118E7
7089807.813451747
4.000248687210681E7
3.6980266594380595E7
-8018609.024984792
-8.23200247503046E7
2.3406673005291924E7
-5475440.585387573
-2321922.978123643
-3063984.21871781
-2.606452226340562E7
6082037.742558981
9210702.814344304
-2269812.8916673665
3.641634676471213E7
6961636.3914880855
8476879.727732515
-7.616510345949194E7
1.367641743704851E8
9.209139354918197E7
-1.6244200746833615E7
-3.051986456214645E8
2.788000768363154E8
-1.8353397698302466E7
-1.2081961476951962E7
796587.6991692529
1.0915178853538778E8
-1.81980482291391E8
6.587740335055688E7
5.565303557177E7
-2.1673035551262933E8
1.8229526441364102E7
1.708613931015313E8
1.4656794003108907E8
2.931939634332981E7
-4.393206447510155E7
-3.527924906915855E7
1.8928841459307808E8
-1.5687429478733614E8
1.7068652111814865E8
1.6885593265460297E8
-1.202051893458314E8
2.2038883442403135E9
-1.3254503772571559E8
-2.8690147322836924E9
-1.3891544642647398E8
-4.2452151913533825E8
-9.733403849750079E8
-7.980850895399618E7
2.9062995673455745E8
7.891063579600205E8
4.367430134648822E7
1.4993333449393716E9
-1.1819882037610306E8
1.300577859581369E8
4.528586537781463E7
-5.889362078368379E7
687393.2788955114
-1678984.7859873965
1.3659566692786947E8
6.36157514919148E8
2.6330079428406346E8
-1.3947839625599053E7
1.522493291694556E8
1.0119321120721316E8
-3.2525090421367854E7
-7.710661152746744E7
-4.750565263468481E8
-8.631505257098492E8
1.1970675293941334E7
-6.997172183893184E7
2.059658215299858E7
-2.5648898307458322E7
9.628258286566956E7
1.1870978344882932E8
-1.5680074719709596E8
1.874872407708338E7
5788623.146151531
1.4608663310220364E7
5.048335297725759E7
-3.1163735959350992E7
-1.733373330308637E8
-1.3172885701415157E7
-1.306387712638825E7
5.798546235932891E7
2337224.0438194517
-1.562128604513284E7
1.0114157672514826E7
2.2397961678603178E8
-1.716225472828479E8
-5.89693929022808E7
-4.975262414317057E7
9.248269371739838E7
-6.244241935136465E7
4.386171869692266E7
6420675.447764927
1.2917376971019765E7
-3736039.942153661
-152649.20134035396
131107.46075982484
-1667314.420738297
2542064.394547384
3.506437439923186E7
5.080039135191739E7
-2.3846184603158835E7
-56802.06274735293
174019.5894031749
-165471.03703582636
2799677.5899497424
2402350.941141056
-5906730.631244191
-9333.389664351256
54416.06497811586
3.346247162800251E8
1.2672367285312817E9
-3.427348712607987E7
-7807060.540273191
4238318.332443974
-1.2227511990948325E7
-2123754.6174679506
-2795229.329024919
2.0347218154313404E7
3.351173153799898E7
2302088.2997197444
4859352.71384121
7.91698028838678E7
2281653.490336042
-3728563.466487735
-1.1896685567476484E8
1.898291748209503E7
-2.454432944201493E7
-6.773127407547584E7
5585162.559361475
-1.5360421698488884E7
2.2957744351991218E7
-1.6912021013114187E8
-1809970.6030846827
6.5512535702280656E7
-4.054847836627981E7
-397897.8267295853
-1.1818824689354049E7
2105738.5092809414
-3.3868812069397725E7
2.4466717152206585E7
2.2593472540303756E7
2032150.0873592054
-9.969034300053848E7
-1.7924812773991287E8
-2.167641860110176E8
-5417756.984645514
-193706.13427361526
1.0048997826068121E9
-5.670790440409697E8
5.67725984896214E8
6848458.993292214
-5.522950280789428E7
2.124658736628864E8
2.3091027385266212E8
-7.307102079828796E7
1.3525621506615996E8
2.54657944747826E8
8.928981237218876E7
1.2509656302107174E7
4.49790537838055E7
4.741994504120587E7
3.4578221024825406E8
-3.8689753902738914E7
-1.3754498398888236E7
-3.581564220449475E8
1.8787664275940478E8
2.0592867317548683E8
96215.94757449602
5946846.52958008
1.860972318253338E7
-1.676967814143763E7
43413.716797891786
1113323.5128177684
1479120.3099104662
-4901374.327182749
-8874480.438700771
-3665165.4722302593
1973198.9950147113
3.1333611764587563E7
1.2193062815343836E7
547636.4853829743
-2319022.261414188
-1.1271208809730101E7
2.8343173559679203E7
-3.260917088508728E7
-80672.04915356632
5505723.092189
-290834.4831366284
1.0231966766059116E7
-7387021.02119923
-1506615.8192838924
-1.3035867131271292E7
-4534039.80165249
-1.866226715460686E7
5.255651060798937E8
-653060.2894785698
126044.37739957194
581497.7020990448
-1.3029116258712143E7
499842.96277227334
-1230889.529248747
-2850267.108070504
-7626.009797868116
-24903.495668250573
3.922819864008646E7
2765664.934143842
1.1994557074861515E7
811419.4482714139
-46184.00240906715
-1685211.1756650778
-721345.1479230617
-9608756.83113079
-3716759.73614788
-217426.98383522115
-7171572.92552664
-3628690.790267116
2884590.5969937025
4004818.6716151284
1729211.509916028
883554.3596163956
-2894395.9677199856
33253.53403318894
2840195.2696148567
2244615.2363549373
4606328.162823577
-3121389.7558679595
3359473.942394767
-1056392.4741986527
-220843.70241023088
1428610.8690786874
287374.4233334177
-2280784.3202583524
3.480507293518898E8
3.7146545484252834E8
9.915781305961437E8
1.8303353468361993E9
1.8158230688652387E9
-1.822842200934074E8
1.3868045542587146E8
2.4346994501316184E8
1.2132210594412081E8
2.6125237651327878E8
-5.9845056101103105E7
1.1100832865716051E7
-2.892941707099449E8
1.2642711140876427E8
-4.962769405652082E7
-2.5211009222845876E8
-1.116956652961977E8
2.6084307056934956E7
1853445.9518927645
2.1796614442299128E7
1.810593385788668E8
-367784.13574070664
-9284546.573960459
5871092.948907615
2189308.3757717144
-1.4039689664331613E7
7048282.826517648
-8.448607394539921E7
3.1130953510410268E7
-1.5271466543965107E7
6286464.496819501
4354409.774352698
9907871.875466226
-1194250.34498792
-1.918640766592993E7
5382416.577937048
6648344.058885516
-7854103.640622949
2.176318972362818E7
-1233400.216375682
1.0765631817485819E7
81133.34880072085
-7116252.172638782
1284700.5339110205
-7552115.508804691
-2693909.477545368
-6735983.338330536
-1451186.9500260698
524649.1039462045
-4418854.120710364
2522308.9341861117
2721692.837153992
-6300534.889886208
-1128113.0040297115
9221747.351471886
7622625.191336647
-237977.26406114764
-4952721.925995949
-5447193.298654432
-1348688.5309313135
-6606668.0023529
8667292.90369668
-693978.7556974582
1.478631255009279E7
221639.145098869
2.3732949578003157E7
-5.3527916099531986E7
-1.770357804094828E7
-5.901454777376464E7
7.87820184576475E7
-5.166844898159969E7
-392909.2766132692
-4.1340913076148085E7
1.136832809976564E7
-4.7393667134209394E7
3564912.7976860967
1.0572440162743096E8
2.10729068866833E7
9.541144573491181E7
-6.0734225025611475E7
1.905864225015312E7
278011.2182763405
3.41753028416828E7
1.117738214730169E8
-825300.824462955
-7751869.967632001
-3045380.714055359
-1.2365328903457245E8
-9.405111544469142E7
-6.428180267697467E7
554151.9652622878
-7263.909651629959
-285110.0146313879
311412.25690592587
180324.3554003562
1408000.5756796154
-197091.2839482901
985216.9482243963
-1024422.1737169675
246558.49198113472
-808933.0913808161
123736.40289831387
-624835.5564624302
-605940.7501395213
388821.7294876933
-366205.61532877525
75100.32650588722
89614.98094337908
-318633.6424643475
-463107.48718781513
444224.85198348336
211904.57614368078
-158455.89720386112
-1178572.2332267812
-327467.18809307547
-380638.1480995481
1895491.3964258835
-31003.426765512966
-11360.25085684324
1871674.9955502576
1.969359966840055E7
-5747855.404627632
6.701030677677161E7
-2.6466423598996633E8
-1.0388660275234336E8
-4.1115914952369094E7
-1.276287477342658E8
-1.4166427720391327E8
9.280922118289317E7
3.1106624520179456E8
-1.10798918613181E7
-1.423799010642283E7
-6.609522849811902E7
2002201.3250778178
-1.380254382152018E7
-4.0850515860944444E8
-3.139919778083572E7
9968201.367012482
-3.913056253312695E7
2.865212706803887E8
-5.3129069128329776E7
6.419432537570682E7
3.9118161195474505E7
4.045748260429133E8
-6.722129807268323E7
-1.112406562039389E8
-3.4394830562918834E7
-6.178734485911108E7
-9.776777356980343E7
8.402448412925015E7
4.741056428809909E7
-2.0208785464827693E8
-2.451625307518675E8
1.052590219612197E8
1.0192457204745917E8
2.8002324396439576E8
1.6059445170531467E8
2.361602556617724E8
-4.22184527356389E8
-7.462605364929068E7
6.470033306590378E7
-7.765067410536017E7
2.3801872167613197E7
2678100.6248515854
1.6690304043727912E7
2.821421932565942E8
-1.5660616213365036E8
-6.7036887487311415E7
-1.4128041949872538E8
5744253.99352564
8.140633299933101E7
-3.567229759302796E8
2.3850612020162985E8
1.572450665350332E7
2.804964566971706E8
-1.2134622807210898E8
-1.5939728450091762E7
-4.224098647836777E7
-8.165941704574537E7
2.0912011477385215E7
-3.429805610498765E8
927112.2614588118
-215078.64045490848
2.0570386288102904E8
1.801661048911461E8
-2.5206444628754597E7
-6476553.474089717
-45244.84225874336
-2.3920448363492268E8
3843598.041206451
-4.8451113790333875E7
8.064341060412654E7
-8.73458388411881E7
-9999682.94261463
-1.51398820619399E8
-1.5006951682577294E8
-1.2130643519199029E8
896232.4615017741
1.1985775922512092E8
7893848.299554953
8.716141443063287E7
5.146108549614251E7
47132.814927576204
312324.0593118269
7.201118174022952E7
-9390045.74240248
-6.875285593462841E7
5020798.541469513
3.872965609455594E7
1.3632179840601843E7
-2.625168176288419E7
-9863306.314525757
-2645771.3497701813
-1097109.8282159932
-2.3900445168793015E7
-2.4072644836931434E7
1.1958400453064044E8
1.2923960800928621E8
-1.0409891849282373E8
1.0252416625376327E7
1.1332095924229486E7
1.5235808467440916E7
-2.8836292823808365E7
-9.900441456107141E7
1.0810820469035199E7
-2.7760083968203865E7
-5513382.048786364
1.1571467117801618E7
-713200.9888426053
3.5065772523555405E7
551494.715018155
-2167288.7566996505
-1.9590956351211138E7
-1.1345500351679197E7
19549.204222471264
-9959040.112412527
2.9016415640861783E7
572817.1076183695
-8.724463913383937E7
2.7003612353117503E7
2.779331282724311E8
-3.406681758111403E7
-1.2804868198143765E8
-3.5748916268420905E7
7.858839940749182E8
-2.3400788359723422E8
1.5450656496357128E8
-2.5691821993264678E8
-9.980441121049008E7
4.082901521520152E8
-7.938225625216715E7
4.05540074260813E7
8.94413577383332E7
-4.985780326759828E7
2.261148644491997E8
-8.349968116616413E7
-3.868297700574668E8
-1.641996603788034E8
2.191552190204478E8
4.3232042603789754E7
-1.1560304229370086E8
-3.477773693215956E7
-833393.5983219368
5.39468963758115E7
2101341.8858608026
-3.510555321133615E7
5464508.602301594
1.748385516971103E7
-2.034912862428275E7
3401759.086781709
7.601882676612897E7
-2.1261685820798245E8
-1.0027408643302977E7
-6.179348019592489E7
2.3969385047737993E7
-1.252998674576443E7
-3.079813434356309E7
-2.2756560573494773E7
-4509142.6936755525
-5325171.870357826
9.168601207517917E7
-5581874.887879495
4.909065499164609E7
1.3793406314396696E7
1.2889705260031842E8
-1.121974366159829E8
5.675443518959782E7
1.4131744500827077E8
-1.3705588994329458E7
2847988.925253566
1.064603647233424E7
-2480134.9905854664
-1.6852196582971532E7
1.0541379195439627E7
7667632.989642729
-6449583.467323086
-8113795.513317729
-3063894.1118173734
1.0329705438127626E7
-1.3484548841449995E7
1.3975782380908418E8
7.700535559685835E7
2.1126093246214628E8
-8.817373686736676E7
-9.576014660879952E7
-1.2193897717618762E7
-4.622407921618674E7
-7.811804011172E7
3707954.553608373
5184493.316684876
-4622932.675646308
2.055284422807994E8
-3.1339680189530086E7
-3.024839735496927E7
3700387.8512571016
-877988.9150905388
-7018132.405423527
-8.458700007741566E7
-1015529.8078784308
1.5109233315674332E8
1.6052848690633168E7
-1.5780940793370802E7
5.047890917803286E7
-5.215960862218243E7
-7094002.520241116
2234053.512468255
1152478.117563272
-4.779079647464022E7
1.7034335804090774E8
-2.0078997436497223E7
-3.0956939277489275E7
-2344879.2155797677
7079910.844668143
3.9492014578239596E8
2.6183172824684998E8
-5.616180754411722E7
4948356.534052407
-9.362776782612258E7
-3.7246255163514334E8
7.8349447879927E7
-9.544873422386211E8
7.243447713221192E8
8.660273111347011E8
-2.131622010890806E8
3.34932757438866E7
-2.8718945971545005E8
-5.33723410181531E8
3.2147834594159022E7
3.7503125812611215E7
-2.5346881491422813E7
3.1006696889823914E8
2.655044497992455E7
-2.103811256211301E8
-1.7984745500883047E7
-5.816205096235627E7
-1.5691262675304411E7
337657.3155572021
-4.1435222117224675E8
1.231814514175744E7
2.0663838690644142E8
-2.1757692211556217E8
-1.771246006327265E8
-2.68790272175025E8
2.9063666202541304E8
1.3083617800735752E8
-1.1372618749978792E7
1.0982355180061816E8
-1.188630115989365E7
-5.5856503743143365E7
5.1408691004595414E7
3.381053511351787E7
-4.004309593097306E7
-2177265.579531887
-9.596366420727605E7
-2.7503883224629175E7
1.1606764046560018E9
7383786.361332955
1.8171456041570183E7
-2.991189845532774E7
-5.539954867937754E7
1.323610912517347E7
-34771.61081230111
1.1950261936223706E7
9.420708761681311E7
1.1276608641399994E8
2.2979169835795123E7
3471444.9986996674
-4.6972260087980375E7
1.7313524438725475E7
1.1458553831638768E7
3093463.2778904736
1706263.5768330107
5489455.362155033
-441.03619927639033
-1.0248427572982384E7
-1783447.2780567508
-1.211425758071801E7
739384.0234559408
-2445607.570081283
3.313647795735638E7
-5.578799026548023E7
3728715.916755242
-2756901.748547277
2.7230305556885075E7
1121708.8388131931
2946919.369556684
-1510687.9409364937
5021729.46817791
-1.2826681446937002E7
-5070361.398783634
-194282.9614169417
-6511326.8190485295
5734471.915267373
4922355.735701677
6814885.758061156
-4286365.316425088
1.3588656515692271E7
-2660004.515099431
1274516.1348753017
4632692.692968953
2.8569343078530855E7
3186958.014628958
-2.6882642063645307E7
-978919.7489503906
2850303.696362063
-3.010379737906981E7
7165253.806194543
1.35185083147875E7
-4544357.068588684
-8169379.904608178
-1637755.0694548753
77080.69139843546
-19619.792706658016
6543.303606051139
4289600.86255839
2.56060815876661E7
1.9235751295535922E7
7635379.37172843
1577703.453518879
-92185.17581130017
3.3001251954727188E7
2.6332884262112346E7
7938812.3817475485
3.2661013022331733E7
-1.0838265279461546E7
-1.8992663240191028E7
-2.98921129574071E7
4880907.11014691
-3.312633645211732E7
2116110.2022338025
-3965223.4390751678
-8.00667197898652E7
-3.285706662928948E7
-1.0657114326236183E7
4.4317335809220985E7
-5.404253666683344E7
-8.73177985404624E7
3.172529006774663E7
5.993357048407469E7
-3.707006897107266E7
4816397.08668697
-2.1775895444995288E7
-4259398.422416741
-3.541561910848285E7
-8.459127798628354E7
1.879785376928523E7
-7861598.56187768
-2467663.5292226495
4.680986048669259E7
5.164211109257038E7
5.156370384484333E7
3230743.2838531095
3159649.2678644387
2551494.3854116155
-8.700972089405954E7
-2.036477572464586E7
4380308.4630605765
1816032.8630380167
642166.723022871
7.436654844328986E7
2.2268206178575516E8
-8.186834610617611E7
-8547097.338098882
7501956.564594256
-3865005.1828046395
-6.2339755900311865E7
-5281482.050930739
-2485911.527403994
1.5052435606972903E7
-6.341155183933454E7
2.0123806196309876E7
-7298018.419967023
3310.329376971997
1.5801482417422479E7
8235419.594453857
5.390699641598345E7
-1.2641406193401545E7
4.3756371832407594E7
-3.9173835208160676E7
2.987185386543328E7
1827171.9880604802
-286231.61997642386
-5.8747853588579364E7
1.0197778430721618E8
-5.475228610392692E7
1.756127605796368E8
5.2515391836187765E7
1.728704296868562E8
-7529439.278037053
-4.747152403415622E7
998.168895355832
