-2.0177692416311175E7
-2.3538896529303175E8
4.8033958036028963E8
-6.347284487576634E8
1.3191145691176723E8
-3288787.0848760055
5.020919634114501E8
9.361279236753468E7
-5.2742795117612624E8
-2.0154827357007347E7
-4.437815336768816E8
2.07310438247101E7
-369381.19130080135
4.710186031440196E8
1.8826609994776484E8
5.0337526290772325E8
-6.546986952192069E8
3.975129972483968E8
-1.09568196586365E9
-1.0181859235208399E9
1.8641275724401033E8
3.613832039617895E8
1.5747264986569187E8
-7.150293955262119E7
1.610578231690361E8
-3.0133225427056116E8
-2.8447014622769322E7
2.6431235147468317E8
-2.0089505330216724E8
-2.067813811800541E8
1.9356312584520322E8
-6118397.241291029
-6.918161211895647E8
-7.956669348138861E7
-9.880699783018494E7
-1.0562592976142806E8
-1.3026407227813403E8
-5.092961365034287E8
-8.260104948695655E7
-3.743813389435402E8
2.7309695191583836E8
-7.920251887811722E8
7.7069663381778E8
1.8648813029892915E8
-3.482395804463889E7
5.001238481995531E7
7.027137335574241E7
4.45807543018766E8
6.067590031139232E8
-3.4006282455116534E8
-4.580717703864545E7
2.829794438279842E8
2.664798566154901E8
-1.8603116361373823E7
-2.4804560187858224E8
8.12978391701331E7
1.734227841419232E8
3.1588936526868767E8
9256123.016915232
-5.1070614198837537E8
1.964236097283359E7
1.593575870847046E8
-2.8186674586973625E8
2.882041438788087E8
-1.3501494754075727E8
-1.2626526614523087E8
-5.9767708585940585E7
-1.0288274700611216E8
-531341.8879554819
1.4592925594572404E8
1.1277409874206328E8
4.0724073141360635E8
1.429194785560614E8
-1.443607451884909E8
1.913041179437669E7
3428444.5624555135
3.08731576935221E8
2.82106037813185E7
-5.146519109385901E7
-1.0878874696929105E8
1.0456344299995467E8
6.759391417659391E7
-3.2575767181622344E8
-1.442294907733813E8
-3.3592064221884765E7
2.1893005127940613E8
2.2644434830215734E8
-1.0065123705706066E8
-9.278202822091399E7
504499.4716976777
-3.0844588704575735E8
4.672307922331907E8
3.061673329721966E8
-2.5100456053922942E8
-8.900827557880298E8
5.790008013916565E8
-2.8370873674769616E8
1.1364518241575101E8
3.310804617946927E8
3.9411332808895595E7
1.716449905638682E7
-9.69635767222548E7
1.536052888671768E8
-1.9625875860671636E8
1.0383598404337467E8
-1.2105142797953012E9
4.120138474002872E7
-6.115251676490108E7
-5.063354408803697E8
1.5744590802432433E8
2.499451236351703E8
-3.1504718035185456E8
1.0043072518823597E9
2.6313179611348525E8
-3.790291787303736E8
-2.2571483548152176E8
3.7790438510941195E8
-9.760443651253277E7
4.2945806379992E7
5.20032803113228E7
3.046233564138347E7
4.212039064113633E7
-9905623.89078428
-1.577923517060123E7
-2.040261814525704E7
5.678230562189837E8
-2.697834475658271E8
-3.2445960762487745E8
2.6575325398022753E8
1.4246556180566132E8
-4.865362138703378E8
4.299220895505596E8
-6.557029307090442E8
5.2825408796765316E8
4.3152843665796363E8
5.157627200460207E8
-7.441640573810095E8
1.8382041583534327E8
-3.495344122926259E8
-5.801149805361071E8
-1.1937322808153832E8
5.029550842579798E8
-5.309534825177532E8
-1.2307903000942335E8
-1.7476174987148416E8
1.710142465874272E8
1.99500423481248E8
7.631067823804308E7
-3.1746611194053587E7
-4.320438489852007E8
6.741711039149975E9
2.0285715385969746E8
8.749868094232412E9
4.659809147229601E9
-6.362190616051055E9
1.1255758685903797E9
6.885468819559528E8
-1.1703237226987042E9
-6.000413192852775E9
4.605264040443459E9
-8.778330393811703E7
1.3206897824863401E8
-1.7896595174937842E9
4.558109533173972E9
-5.357712770394649E9
2.3577764843768296E9
-1.0697972926830946E9
4.980341492447196E8
7.889495100225716E8
1.866699434397045E9
9.79401005895537E8
-8.905712445997436E7
6.579863118606419E9
5.168671572247713E9
3.590507269235984E8
-1.6236816846282202E8
-2.3621736610896367E8
1.743614218329074E9
-8279193.913786248
5.49926709855973E9
1.7466990193496697E9
-6.888037379622595E8
-1.0170536106916503E9
1.1205195387778245E8
-2.383840872213165E9
-1.2275238237387271E8
-8.216695912650136E8
2.0859234444322572E9
-1.2640578774240894E9
5.02001397699515E9
-8.421711154320339E8
1.0245144345900842E9
-1.6908153652705216E9
-1.770971050147181E8
1.3860752491807194E9
2.626734805580375E7
-2.2510095966052508E8
-1.3398123168930596E8
3.3105684915611315E8
-6.31236208122907E8
1.0818553428588134E8
9.830237822488712E7
2.9463150073655975E8
3.71713755020245E8
-3.214650206543111E8
3.023959277607091E8
7.580442984715736E7
6.843797905504413E8
-2.295138434261472E8
3.631517632297847E7
-4.583109773659999E8
2.188256953463239E8
-1.5616673482727432E8
2.894979119577432E8
7.04112013677376E7
7.938330501525119E7
-1.5945839508053172E8
2.962606183283269E8
-9.942978612980616E7
2.6197783064253796E7
-1.918713108187175E8
9.955680988776062E7
1.856070696023591E7
-8008489.5327152265
9.218157425300758E7
3.520479675126561E7
-4504340.232314162
3.547949821649974E8
4.1459544395818484E8
-2.9250267234029424E8
-3.024590278148715E8
-1.8574884021258467E8
-4.378047544579722E8
-2.7339199249454814E8
1.8308722670089072E8
6.552162328400103E8
9.636663409157623E8
5.51411710180883E7
-3.900608446345294E7
4.819717558570783E7
1.2350674586016436E9
2.0653806674627632E8
-6.506199817806939E8
-5.509277298699998E8
-1.2096552674977183E9
6.91082445967481E8
-1.2896896550909638E9
1.3796395784682667E8
3.622069834671978E8
1.0966680585928388E9
9.953625325342078E8
1.5556390410383174E8
5.99860805919765E8
-6.227027444587799E7
-3.319760443742411E9
5.369771921864315E9
-6.12678147296164E8
-8.382337604992548E8
7.777314685774674E9
2.245258382109834E9
2.742172334300191E9
-1.7612747578504608E9
-1.2801145007005396E8
4.5365735472001016E8
-1.7542386816295903E9
-1.8267153813706803E9
3.257057224792448E9
-6.075602820506383E8
7.409039018060108E8
-7.402027244886097E7
1.062202299470418E7
6.831619464432038E7
-8.196057717178524E7
-6.752745146174665E7
-1.0983551659030128E9
-4.4738491580554664E7
-3.656927600426955E7
3.760389455091647E8
-8.531012800645267E8
-6.639529164113123E7
-6.238850906080325E8
3.456841527457999E9
2.632751607588302E9
-1.0463521665663356E8
-2.0098049442284653E8
5.068713227979017E8
-1.3320560754971411E9
6.279068738006406E8
-2.8711068797328025E8
1.1729108412498683E8
-1.8570599144428325E8
-5.344415207620003E7
-9.657032438741346E7
1.0402535448355872E7
1.2586845681415297E8
-1.5859485977207553E8
-1.5149676689509615E8
1.0008177708377424E8
2.788823981339689E8
-2045524.3534320327
3760702.383668111
-2.0399494580175516E8
-1.6000752796768332E8
-3.5443670166180205E8
-3.465702505728819E8
6.109355103977018E7
-3.2256553231075174E8
4692129.380548356
-5.4229636185966924E7
6.417393685987799E7
1.811358801020761E8
-1.9901107977862068E7
-70449.65789690956
390809.0860047375
-2064487.635053645
-6285710.404185426
-1.4856979814282889E7
-1.632770944190695E8
3.028868688421543E7
241540.65332514726
-256123.34401371572
510612.11506620713
-2.2576956094573528E7
7636713.835653879
-2165990.325122153
-241894.59506743206
-456886.50732591044
-2.3954601667998455E7
1.8033056095469193E9
4.32618537157318E7
-8251831.944030873
1.372753100774479E7
-3195585.770714827
-38167.847241333024
-1945858.2094733135
2.4294222360753156E7
-9.89479908222424E7
4303928.4122596
-7.747959831630066E7
9.946428299935481E7
7062900.454030346
4.684780426836203E7
-2.0726642180583888E8
-3.2542669159133697E8
7164663.605262807
-6142173.709350097
3973648.4204084086
1.3703152699227385E7
1.410256755510168E8
1.8714007289848784E8
-2.0687188490575846E7
1.638532313262771E8
-4.1185831238365814E7
-5.089500487771179E7
2.833562407727052E8
-1.45329160098079E7
4.9204810004069746E7
6.095231250770337E7
2.089688772467697E7
-6.720017150451732E7
-1.0640292929044664E8
8.128508337428525E7
1.1739299211996786E8
-2.4989731506896596E7
722230.9504990147
-1.6675839551520417E9
1.9994338624032855E8
2.813171198389021E8
-2.6668324161444893E8
-8.341281818537879E7
2.2943964544227713E8
1.163820295337442E8
-6.6854917067378715E7
1.0037283929553047E7
-1.023986821845049E9
6.748991957151556E8
1.822212058943356E8
4.829741200516804E7
7.29845775769149E8
8.055901972745878E7
1.0315732314351719E7
-1.2119916794317627E7
-3.574903192212972E8
-1.5812915574816018E8
8.149462531464562E7
181035.88552504228
-6.871538084664543E7
5.196598075103302E7
8.223819696422702E7
-123077.16393377511
-1.2584936631907007E7
-1.76087512116403E7
-1.8884726821165383E7
7163218.549502834
1.0804178705810007E8
-3.6216524356750205E7
-6051416.342417388
-2.192612073445668E7
247965.72233076004
1.2660954541766295E7
-7695216.870670633
-3.4437009701987326E7
7.112766935180654E7
-3.296360149808685E7
6.657878009514891E7
-9.744497104765029E7
6415853.751881367
3.299629976219995E7
2824400.033117835
-2221853.462798067
3.4090835909840636E7
-5323269.941090798
5.706650311370264E8
-1.6407108503529428E7
-6975918.135366246
257600.61324184417
4.755394352489529E7
-3.0717938606706176E7
8308538.192355361
-1.3404391901737697E7
-10612.330089551102
-188211.00800905912
2.3865833856284883E7
1288997.1665961242
3.670264992669732E7
1230279.133694974
5360923.78491332
-800901.561443897
-1047420.6449141325
3549360.392095505
-1.775849665660162E7
714865.9810071153
-6381333.089746378
-3648226.1263970137
-2465128.763843119
4889695.333990727
8949594.208845759
-2.2603749445017807E7
-5112274.606769665
86231.51071224708
131953.92197373774
-3111085.5649969284
3314362.4728680504
1.391838575043969E7
9420944.910580793
-2536306.805931448
-651616.7116332179
5845186.797048419
450656.67007115745
-5688779.947175185
-9.687763869596364E7
1.3860969121032077E8
-8.144797566133416E8
-1.5113411837686758E9
1.569412547344607E9
2.97817202475932E8
4.369900974577886E7
1.8378675230295533E8
3.894112321647131E7
-4.973965514978377E7
-9065302.1049412
-4.005453629507991E7
3.390010685705874E8
5.1474735042481816E8
4.657881418843383E7
8.407594624273406E7
-3.125456150892573E7
-2343291.9647542895
-8056152.052732968
-1.4368598345142162E8
-2.0041952774928555E8
896697.7441178516
3.074621986529098E7
3.5004510830029495E7
-3.385518064998331E7
-6.2875173600029655E7
-9763934.247721707
-8.202102825068043E7
1.7820634322182838E7
4.1324418353488795E7
-1.2950291106936235E7
-477521.06148644275
-9036370.704846904
1.159104542685153E7
3.373459812116048E7
-9766312.185995586
2.7293464572677065E7
-3.0620967048939526E7
4.579792220701925E7
1.887465125514548E7
1.6756300093798233E7
1.341946277396589E7
-6.919511097100134E7
2.2489186148382653E7
1.2678693081150796E7
-3.962929668099476E7
-1460282.9882140006
6722158.092019066
-2375975.855892878
-6549524.399747547
-1.843776291723168E7
2.435388896763958E7
1.47679236182453E7
5.3416821598683424E7
1.5225238568411093E7
-5.379729593522122E7
1523119.435820048
-8105359.108007078
-7341529.584487604
-3.507341421787709E7
838521.8073559873
3.3258436237806153E7
1218681.1742653644
-5.88399242527166E7
-603956.7115961434
9.2771856155401E7
-4.240018888057846E8
-1.5299281872121295E7
3.562876877755434E8
5.0824061214625716E7
-1.9744601759467293E7
2.4487881238115612E8
8.452384192597377E7
-3.449968315385636E8
-3.4290368835685395E7
5169279.07515453
4.1005848424960846E8
1.1147268169235128E8
-3.043805952170095E8
1.7123775978114712E8
-8.30623303581062E7
9.632452402555902E7
-1.0843176199351762E8
-1.7143141628395543E8
-2.5606791253382694E7
1.9731715157585394E8
-9.188265687819894E7
5.712989045255511E8
2.8712491711577415E7
-5.958458848623354E7
-1037474.8106475536
-280224.9198202621
-244418.35271219944
-1319088.7398812477
59218.97741700953
2256190.295507364
-968834.7143165033
2241829.295576407
-669668.1385671678
1875485.288412111
-1221094.9745098534
260163.92542188356
932865.6755133938
-2977644.356034601
-84184.47596423155
-563121.4375881283
201646.34724776127
-117349.02406341021
65292.448033411216
-194162.65147588364
-470574.45256561425
68474.30566700769
692653.0265517912
-2845509.9826865504
-10875.540937360061
1090126.31164151
-2167960.275186117
-12082.945407838784
-642090.9754529843
7148780.274855062
-4.6665376467104614E8
-1.0617897595187617E7
4.287633236065873E7
-1.97240311605984E8
2.5831400606025898E8
-2.6438182976901934E8
-1.962922947023922E7
4.9949519949745244E8
5.003791764175697E8
3.87013329329226E9
2.6059577097520614E8
-3.9219529804316926E8
-2.2563763786438888E8
-5.462548832729288E8
-3.481513417494836E8
-4.614234733754774E8
-3.5913696940170383E8
-5.904803330601537E7
-5.735356414680806E8
-3.995637345129091E8
-2.3446339296279612E8
5.336298547928903E8
5.77109874924884E8
7.133171934395218E7
-2.1393275281013606E9
2.741368880408304E8
-5.174815436160391E8
2.996888721856209E8
-1.2934193310145833E8
1.4150650734032514E9
2.424170209561294E8
1.983068109989435E8
6.052038688192558E8
-7.332698527649887E8
3.229663784229287E8
8.195960784826384E8
-2.5664298253396785E8
-5.3487400972815835E8
-5.906687089045991E8
-7.128348821011578E8
5.865446626021076E8
8.575077778048483E7
2.0194244456907682E7
-2.1290522652595565E7
2.3431347800790116E8
3.3548764255701363E8
-1.0047897574789825E8
-6.12006980138182E8
2.5056241741407052E8
-1.5296645479753965E8
-7.146429812874002E8
3.487231681843196E7
-1.7476615493847397E8
1.0698706014375454E9
-2.5388619554897532E8
9.781213390907837E8
3.3864278501625955E8
-7.420501787033176E8
8.954371952329944E7
-3.7825504784534484E7
-4.9210728206824017E8
2186479.7263197685
1308553.8768075197
8.963917891542646E8
3.07898368497963E7
-3.243655770507645E8
-2278264.6253784
-2.3191201243772622E7
-1.5654265237251866E8
-1.3204051947624022E8
-1.0319779739184174E8
-3.868545336751388E7
1.9016020590482E8
-8.967001955672626E7
2.1191897102228094E7
5.526258729982518E8
1.9056769302929258E8
2.8343424497484516E7
-6.425855286797976E7
-6.245233060287738E7
9.978258290482174E7
-4.369255027247755E8
-806092.3167499691
-754460.0171496553
-1.0726985415270238E8
1.0727654249699011E8
-3.272372367623966E7
3.9672563923313476E7
-2.45344173021782E7
-1.58098620561909E8
1.4871568756165469E7
-3.535536068946804E7
3.949149498149006E7
1.2687551884666642E7
-9245135.291369297
-1.6622143405660493E7
9.20468906567688E7
-1.756552977560404E8
-8907167.76311652
2.5122186017855104E7
2.3512971031359542E7
2.386988481213675E7
3.954337168016525E7
9038394.552544078
-1.766172578066743E7
-5.291333103887794E7
2.027954810534702E7
3.376147064065396E7
-1785752.088174823
7.49434974298077E7
2130809.152579275
-5666487.541966315
-9.726161580262202E7
-7.112411524054159E7
218379.3408001739
-1.1042608907384059E8
-2.118010633346151E7
-490761.5053460105
2.7898060192283574E7
5.415255080596248E7
2.399794375311041E8
-7197528.612545773
3.483891388606379E8
-3.023262933589372E8
4.179729457631612E8
1.0353244719187398E8
2.2880525687990928E8
-8.939380299119584E7
-3.204864193469227E8
-1.1827011833641884E9
-6.991017296150666E7
1991548.0954882584
4.647527090069004E8
-7.994864276191118E7
-9.45075409503684E8
7.950563917670069E8
-2.6943204080508083E8
1.0792025995533564E9
2.310254682040639E9
-1.5981702884064227E8
-2.25513581647937E8
3.854136508422659E8
-2.785953760138712E7
3.052500732823175E7
4.074860938727666E7
-4.441228071274909E7
-4.3258262757837854E7
1.6666729086818004E8
-5.9715889473178774E7
-4.200318193277593E7
1.3369440175846542E8
3.596172241280776E7
-1.9055471377134255E8
1.15758950696954E8
-4626955.859500637
1.7430291743128315E8
7.69383803008188E7
2.754426081697419E8
-2.5492346488811854E7
-2.008205002903079E8
2.1120862738904133E9
-1.751371992833843E7
-3.898765727094929E7
-1.673597122943446E8
-1.8308959235108771E9
2.0282548852923575E8
-3.9792229599955136E8
5.2473898178643996E8
1.3804077320504574E7
-1.1139531429589506E7
-4.8381105227375045E7
2.7130003740997985E7
4.445871439878933E7
-6083903.142834018
-1.6641648273248835E7
7.624652668354718E7
3.012944061430272E7
1.4938850730632504E7
-9.73124513192212E7
-5.983984800478011E7
1.9348714911210027E7
1.4101866527941507E8
1.2968406806840071E7
9.566591605336213E7
-3.904776504560807E8
-3.360826700647645E7
1.2437766578808928E8
-1.9427871918913794E8
6313466.230954487
-7.261449998049864E7
9.76009853565729E7
-1.7031539084047619E8
4.839643044980557E7
2.741425153188338E8
-3603541.7627811874
1.2508708643793873E7
-5.7652894040521115E7
3.886509844829075E7
1017677.7088329844
4766030.8647074755
1.1559790697347887E7
-6592961.07843251
1.5451356068061957E8
-5.286102344083234E7
6.921896434183407E7
2.0860201064071707E7
-5.182416031383267E7
-6.433833440146908E7
7.443386238481744E7
6420229.608430149
1.0485813463199148E8
-1.7883171004100284E8
-7.314844904883847E8
-2.4448116488725862E8
5.811233863654819E8
-1.4775178429661906E9
-3.172394496751325E8
9.411669000164157E8
-2.1887575001343185E8
1.6564184575153023E8
4.5844285000284755E8
-6.761578101911548E8
-6.910939465257393E7
-4977740.36076655
-2.3871850306808415E8
5.2327231378741515E8
2.20647440148749E9
-2.450188103930019E8
1.3803956621750233E8
-6.384257190990281E8
-5.863135511843336E8
1.3008698986820176E7
1.94141272369793E9
-6.6901432743203714E7
-2.3669507322931705E9
1.6605886461528971E9
-9416648.266333792
-4.5594158421787226E8
1.559336921717189E8
-4.421553637799495E8
-4.4434899636275786E8
9.198078876183124E7
-2.6463652057398152E8
5.817513048644237E7
1.594362184407638E8
-2.6590606793599866E7
1.5651141326235265E8
5336126.663643319
3.69955591891994E7
-1.6667047991853107E7
2.685815911881644E7
-1.4480617092434296E7
2.1962949211704493E7
-8.792496716030043E7
-3.038832238498547E7
2.540103233638655E8
-2.2110123541717604E8
-6.884219365323645E7
1.1352458511611786E8
3.2554843962134466E7
-9.117192289292283E7
-249169.27474129238
-3.715756710801202E7
1.0598823834364888E8
-1.0478571634827204E7
-4.20668455359601E7
3.8914600062226035E7
4.7682544178770676E7
5.918298935738478E7
-9531386.152252322
-2.404784025435864E7
6948073.268460453
-7748865.656095637
-5248.415111067432
-1.3841041434212228E7
158851.64171361743
-6716026.2177469535
-3506735.6691931793
-7197937.014899251
4.661826942490634E7
-4.7299893879951656E7
-8366616.632516712
-74171.80851396396
-2.099283118155576E7
-2.9516904140649796E7
2492380.5336164655
326218.09323124064
4737466.722734103
-2.549342957137326E7
-9729455.95931403
1290349.260286779
3.6705666150739565E7
4.341007873241467E7
2970932.8737771544
-6368137.855950402
2.9658768162864253E7
3.0955066212794274E7
-971598.5420190366
-1384725.7506579016
2058906.535160017
-2516743.0749061876
-5686284.544542028
1.026365511662769E8
-1892694.1121678865
2228538.592304884
-1.6765947121027347E7
-3885509.9207763877
3089920.796050656
5300528.001850409
-186011.49186805892
-7428243.244620099
218250.65910365124
37738.13761349632
-31034.186951375723
-1.0448868664935607E7
7.172990841633643E7
-5236518.117168458
-2.4675771407163348E7
6281578.427277363
228893.4132396538
-7.944672203572093E7
-7.206858972807007E7
1.951802805296397E7
-5.4152299120428145E7
6.603845628180336E7
8.813698921604317E7
1.3132614384869251E7
-4077817.311361028
-9.572982902915491E7
1.144187687774654E7
1744952.3442408252
-3.558236230210737E7
4.254357851006268E7
-3.17736263454728E7
1.2279129059959512E7
-4.060261963030222E7
4.155307070975898E7
8.86119464938936E7
1.677619304442429E8
-3.2693457450771708E7
8530539.718920594
6.859458908938442E7
-3033915.4275807985
5.304360336255563E7
9557387.61951723
-1.2340702061867037E8
1220688.9246210621
4677769.406125562
-1.1896016572063038E8
-4.822356351715877E7
9.857293700192352E7
1.2637255383406043E8
1.7911939115877494E7
-3.454081762500256E7
4.479112251691765E7
2435986.465401816
1.768461534914832E7
-7.660991720807216E7
6877802.9317837665
5.631911650658822E7
3.1663655811379707E8
1.5263337883284591E7
-6.4214022740377076E7
-7380998.882148227
921354.9231885243
-4.121536490721833E7
964531.0463496562
-9187704.274009326
-7.484181221370353E7
1.0373581651271352E8
-2658199.988697465
5688878.695832283
-1320770.3309325825
1.4334287393039795E7
1011868.3021697497
6129396.998570914
-9597118.307885345
5836459.148984823
-2.816826707637649E8
1.069560126474987E7
-1.0138342069406399E8
2.76072895542649E7
7.9434351508187E7
6.024180291949159E7
6016834.090770733
-3.933420799221938E7
-5.1090507005010255E7
1.5839103975343528E8
-4255575.7358379895
-2.3781476018794004E7
-516.6588568686724
