4.311190966896774E7
-1.729446222480505E7
2674880.5803504945
-7400293.278070609
1.2487906145863993E7
3.0688392362083245E7
-5.479940410004286E7
-220864.56414065856
-6513562.151277847
4.736695798194154E7
-1.6911907854580045E7
-1.0322969502487322E7
-4995839.065049912
-7.598280475887676E7
-7.388246136837654E7
-3.566160346351201E7
2868657.394610899
-1.0968748272617228E8
-1.3555158759985065E8
1.3842570829757285E8
3.901038397405785E7
4.776936305459444E7
1.166563854073162E8
1744072.4178420946
2.3164979990809307E7
4.0578798359942295E7
-3.1016744491098877E7
2.3983876162946925E7
7.212566232942809E7
-2566301.220743711
4.843142021300047E7
2.7712813965307124E7
4.030115007286143E8
-5.507864379460124E7
-1.1582732609743755E8
-8143368.314306564
5.340048181540312E7
-1.8899355065152192E8
-2.8234703979361672E7
-1.7814438597319063E7
-3.3321999708950393E7
-7719027.136361679
-1.2568157796589015E8
-104504.07525668421
7671525.065443052
4.027947787021473E7
7.634501158135048E7
-2737476.298971025
-1.6402206823447654E8
-2.2978560127870087E7
3.465360780035282E7
3007026.3551175706
5951960.392593576
9.43757203649415E7
9.602052200180583E7
-2.474815327281214E7
-6900702.688238851
-8.194957941886823E7
-2.3761686668732606E7
6.1259170160747804E7
2656807.7410801197
-4.9078723039393574E7
-2.1020453350318E7
2.1303461941320062E8
4.198811376544479E7
3.1329747263746962E7
1.2498608837728146E8
-5.199536091998636E7
-339002.5259557721
-2.9827694920850925E7
-6.460104924105055E7
1.0640628735646866E7
-1.8833460996514624E8
-2.3918759655300185E7
-2.6531288788896035E7
-4924917.0424766475
-7.449260160613967E7
-81107.82884853576
9588617.693837151
-6.3872592199119136E7
-4.649168534018249E7
9.340833146421961E7
5.1494342183991574E7
-5324105.635343489
-1.007526886456265E8
1.727887117949669E7
-7.459781531868678E7
3.920307476624919E7
1.4427171100748044E7
272336.58107774676
1.3860415636851637E7
-2.7066153654137567E7
1.947242521933799E7
3192635.4701477294
-7.835846598327185E7
3.5009810637583286E7
9957766.644632109
3103988.160622724
4039418.6488688756
3.387255136575582E7
-5.651691087830517E7
-9520158.629773978
3.168156900725957E7
-1.0125975391301395E8
8.924154160649042E7
-7.388609300794096E7
8.003203106729862E7
7966070.91096946
-1.5004777902402148E8
9.626449574594356E7
1.721438346131021E8
4.5025928859415665E7
2.1673337676309843E7
-1.523118998048171E8
-9.204817462570833E7
1.1469112924390273E8
-8.624633346713619E7
-7832546.68880432
1.0559209879597254E8
-3.3487731903939623E7
-4521067.137066596
-1.0710363549411187E7
1358169.4581562076
9238690.478336975
5.330140269837194E7
-3.580008344359312E7
3.418684035407761E7
-7.894058060036874E7
6.359385646414841E7
-4.297370383653472E7
1.3778418497986222E7
-4.193442699617145E7
-2.0338893382586434E7
1.1208850770070653E7
2.301949310444245E7
-1.1983830077598305E7
-3349476.62774318
-4905504.315495209
-6.4736660386704445E7
-1.7032935002721045E7
2104473.663313716
1.7406835564313624E7
1.1759516294876885E7
-2.1064638920561396E7
2.256453774597201E7
2.3523901926078517E7
-2.337919729693454E7
-7547243.830957245
1.788281641381039E7
9.130602159569347E7
-1.0567880414104731E8
1.4622363460152435E8
1.5371163729396588E8
-3.068771703174766E8
1.434116474669871E8
-1.1997254343678552E8
-1.448420025694363E8
-7204461.950613952
2.977119544021133E8
-1.9627866454900944E8
-1.3852403645190427E8
-3.643019216997276E7
1.4280784705136606E8
1.6451797741317427E8
5.277113002611463E8
-2.3977121009526423E8
-2.1270343415221146E8
7.91987524779637E7
-1.1626706287911366E8
-3.804644231267717E8
-3.7637827604832195E7
9.676279251065212E7
-4.4531852935928506E8
2.4049904846531577E7
-1.664193697787438E7
2.567706388361789E8
-8486171.00496669
-1.5392578913375345E8
3.4592127181648916E8
-8.929957630006659E7
5.621808370906267E7
9.203170802080084E7
-1.4850599379078183E7
-5.928426737559053E7
2.173970913116352E8
-2.6337211179457265E8
-3.78119817673326E7
-9.681914287890978E7
3.727656383586643E8
-3.001504447170455E8
1.0030466497820461E8
-5.2293574909837015E7
9.87239579832479E7
-5.993050392468705E7
-6.199616228056444E7
1.566637407599725E7
3.2288745298710596E7
-1.0074115365434888E8
2.3650972766851124E8
8.835956550728E7
1.1643509139868003E8
-3169519.5848351675
4.1655815166982904E7
1.0919792819891816E8
-3.3270780529817307E8
8876354.544846935
-2.277165077248536E7
1.9247373762650613E7
8.884426471642509E7
1414955.6054473664
-3.238990550008681E7
1.2542213850340715E7
-3.7507458151060574E7
-4.603806063468139E7
3.0861617119347416E7
2.1043971183140777E7
8626385.826004468
5.05838648584373E7
-1.679655569822972E7
-4.217889042234533E7
1.4635620204051044E7
475008.20039158245
3407002.3761835466
1444583.971988112
1.5739221256848056E7
-2134780.814222418
-1.0762432039294554E7
-2.6672856503355555E7
2.6836865279602695E7
3.864043466847218E7
1359519.432592628
-1.5246445058055272E7
1.5303456324058821E7
-3.2189053977806825E7
-4776772.948887793
3.826753942914324E7
-3.704886511118524E7
2791551.390583666
6134956.714559645
1.8630544337361034E7
-1.6512580590833453E7
-5.192034608251553E7
-6.79910017213006E7
-2.5083962031879865E7
4.8962869060440734E7
7.74020146061752E7
4.618891939874023E7
-3.47602665300102E7
3.0006445009754173E7
-4.3575420132646136E7
7.40080733357004E7
5412271.349994066
-490390.9245992209
-4.915324013629068E7
2.4808250444239654E7
-5.56233983079331E7
9.00408571481133E7
-2.71719455373585E7
-8.702501777757172E7
2.256617794320299E8
6.299649934152751E7
5.194303676171326E8
5119559.8882937785
2.3826636954247412E8
-4.220614659017125E8
-1.5796650073796237E8
-1.0717884449002954E8
-5.03662924966417E7
1.6714550161462456E7
6.844940685217905E7
9572154.967269454
-2252665.9741669702
1732984.8733532883
-5.055348409533665E7
1.1775354847383119E8
-9.419148076155509E7
3904260.938274874
-4.7244607418743715E7
-4.252142089072402E7
-1.1410831153901916E7
-1.1701793937135942E7
-1.3542045203453577E8
9.049933691034262E7
3944338.77473149
1917581.84931742
-1.7969503687714253E7
-5962642.436100829
6.0345602292198025E7
-5.340355810103304E7
8.388776358214821E7
-5916803.909696663
2257110.1132866973
-1.102496100209809E7
-2850965.7954380363
1.604508101410334E7
5.613141511492431E7
4021548.1239145016
1736334.5604995855
-1.9851567735933453E7
181195.3306463518
5923587.497552235
-2.958538065259378E8
6.76278423618387E7
4.6475945888217606E7
-3.989241913512044E7
-2.1936240370612416E7
-4.199446699622176E7
-2.2848191047532693E7
1.2326141828698829E7
-2.5526825919193853E7
-1.1418322871897707E7
5666706.2841654895
483814.18688168086
-414488.6588274603
-209475.37850195338
99409.61410818293
-2.8009616317466874E7
-3.313461426314433E7
-3889564.6261976482
-65274.204087595026
-17076.271095783246
22049.685061407985
1.134385086640303E7
-1670711.571042517
1408344.0527964134
-8747.606032444457
173898.22727142362
2.0307231573094513E7
1.7519963478387848E8
3.752563686425258E7
274776.39036672044
340048.48237678787
2371125.520406478
-2029802.7735234615
1611562.0320075143
-4095704.5855393
2.73831142192319E7
-1416028.397148155
-2541027.3736273553
-1456069.6805550815
-733937.7400916357
-9391076.689594246
1.9410514581204914E7
2033388.757198731
1332010.7397721426
2875588.651806052
750738.0229884046
-1.7086599628470223E7
6942469.6367100105
4301759.211144402
-1.3655185968289707E7
-1.0773744068364821E7
3221074.379242907
-1.3380380659040876E7
-1.0076537369610587E7
-2340172.6385870078
3.096156191150481E7
1.158951151032576E7
5491260.786278181
969379.2578214472
-1.0253885580437532E8
1.8100319760011867E8
-4.3534621278771415E7
9838818.328656882
19091.186861160317
-1.0124414928453022E8
3.5284726404022865E7
1.5143308451940885E8
5.062287031757657E7
-8029933.796646778
3.659758303712792E7
8.13718222539152E7
3465340.2235127836
-4.527062623503326E7
-3.144740148266481E8
8.631763916230798E7
-2.7379305606108293E7
1.3799780507157732E7
-1.9538039428148407E8
4.6025970229716845E7
-2.607837522584262E7
1.1161837416676898E7
2.007614538106213E7
8301832.685035476
-2.060395989526651E7
-53304.39814411348
1.1858397584288957E7
8.059620714371662E7
-3.780800003924655E7
-110655.75269440499
-4673309.140693869
2813165.760707146
-3902460.4100253046
1457266.73558234
-2301659.158316372
-1266353.2703284137
1.0818754373839892E7
-6536690.466862353
562400.3203023048
-9894751.765068876
1.1567533559476737E7
-7866970.696839916
1.2831908929897405E7
-9030422.839288134
5724589.41099298
876639.1370543429
2653634.6948408205
3307823.473914916
5088410.3626859905
-6963283.347751452
-3182731.547897303
110044.6430035936
3.2450296860448694E8
509022.21980135905
-119733.54383565525
280744.2566515569
-3508130.4801340834
4369029.427777221
-2386618.8135377932
-602426.2781079204
122.92859991399513
53599.03997489737
8936965.9074521
-734125.6835061249
-755483.8586111425
725574.1768572388
-900693.3528115773
4978548.165532852
77885.82936439078
-459421.10063468886
-2059671.692044775
-333900.5852300599
1089813.89395509
1392906.9348221528
-1654343.2300162776
416282.22331449075
-292093.39044781047
-1846836.910199941
-250176.70444544687
1815.39077246754
-1351733.2855389565
-1054446.792514121
-1012665.3979610885
2769007.778349793
2622884.5824077097
16333.040576841135
58014.752181058706
1106421.0920105635
-42880.45513726823
-2129767.1623090548
-2.2467250761475388E7
1.0587153978861322E8
4.2473889114564294E8
-1.0599923534301889E8
-1.3691782870201325E8
-5955537.237263049
-9021690.061399994
-4.815822280481336E7
-1.4941423565546552E7
-2570978.8607340804
1.4280620208915798E7
1325666.8227699841
-8.779113925039662E7
-3.7771911660344325E7
-1.8947836748588946E7
4.3734664163780816E7
1.1788488828916919E8
2.2356060699755423E7
-1.6251530619051073E7
1.643504980007549E7
1.0559668465039875E7
154508.33024818348
1.1060927997032624E7
323347.26848163933
1399100.3233326238
-1723609.700969503
3577970.177219755
-2.2701712364591595E7
-2.1520671552215166E7
-2934307.7255116184
2860323.3264827244
-7660537.163711256
-827105.2189868861
98460.97699389838
7013453.385649557
-1387657.8708961913
-6058044.360381547
-5581886.760674812
-5424541.671628667
2099572.420256618
254497.1875646698
347241.3202894341
-2405002.117352023
2578704.8071415094
5472265.124214756
-2200742.751813135
4729136.924628261
4065661.3883963227
-101972.3137095741
4229744.071709101
-1013066.7941779362
-2977901.767799015
1564964.1894611875
-4279545.394571901
-1.0078144264159298E7
6910921.319483515
6280940.004555572
2643563.250646896
-709625.2859588074
-597301.8501850321
1.038086942575765E7
-6191301.681195638
457968.53880496294
3879931.141255084
287229.470985602
-3828802.4881182155
6101849.085023654
1.8699549447201136E7
4017731.195198649
2.3358160395461865E7
3.092618288159515E7
-2.95135514788219E7
1.8140840071805052E7
1.7052784719954774E7
-1.3100018667925479E7
-3536157.9647006546
-8.503079286253026E7
3071948.8047554726
5591324.465128165
-2.0994823266300973E7
7543989.881606556
-2.6657892764159463E7
7.369940524180603E7
1.4003452889452163E7
-2.3589885207563523E7
1.692277708191864E7
-1410902.408802825
-1.7017318994764417E7
-2.185587252820928E7
1.0879505197863627E7
-89383.82772585991
-52463.971608413376
-45869.30934732712
-28126.718483912504
39951.068371406676
-649279.3720543397
43280.043741363676
-326189.62817883905
273187.94688946765
99661.02904712735
269520.1612035476
-63155.37922085556
-20557.178268170504
434155.2713962866
107058.09294865551
9037.179956400796
41405.04663357799
-110429.84953471027
335516.0299167015
-58965.89508210627
-138106.8534559835
-56144.278818425744
27439.36251220336
9666604.916145504
152823.33298889952
123502.36954287511
-1411180.0491493798
-443.1615995121003
-475705.6349574993
-126122.99225757697
3.1955936610645637E7
-1.4259406072879057E7
-8082495.185777331
4.878105767786192E7
5.054900942948567E7
2.188512082264082E7
-1.1385857174274025E7
7.063959427682815E7
-2.4507358027891178E7
8.042095207846777E7
-3.136442725969492E7
4.3406498721950814E7
-3158369.0754292645
-9.804484186333317E7
-9.931245605134563E7
-4.472082470665006E7
-2.653742608171243E7
-589228.3627231641
-5.726879340440315E7
-3.0626126955878213E7
2.3836202083984878E7
-2643519.8566096285
5.386665115055519E7
2.9891965309523683E7
6.79377850136116E7
-4.435754211445556E7
-4.719093520736754E7
5.689233067317194E7
3.507058361468409E7
-2.114452132678416E7
-1.5926960156546509E7
126201.05971177484
-7.760592428396498E7
-5.748535978996365E7
8.916906407202554E7
6.7818677931996E7
1.9738126892200824E7
4.595165262428375E7
-2.742151289878248E7
-1.0060923486001477E8
-1.541703696706005E8
9.591068702037428E7
5.173396954891414E7
-2.4734715922147278E7
6993413.757127363
3.519336945017774E7
1207530.482664338
1304988.6051344322
2.7659305841795187E7
-4.09955910337756E7
1.3348347501763798E8
2299971.571711706
-6.2009753164603E7
1.6930099890622208E8
-1.4300173129188463E7
-4.489503462242039E7
-1.504496459331454E8
5.165944794762601E7
4.76812555090074E7
-7411539.593557581
3.799242567186419E7
104478.58952343893
-5711813.879094792
-1.4485053322572336E8
-5.294809483996219E7
-2.0019769701589715E7
5623128.440251204
5906167.835338715
5.550587946343591E8
-1.3909565544479582E8
-5.819886636389894E7
-1.9280097327027928E7
-6705576.079975086
5794319.13024711
1.170563159375415E8
-3.337824558351669E8
3.948447989570196E7
-501199.81442270987
-2.624249680043793E8
1.0583301657230298E8
2.2541889407643425E8
5.0488010312828034E7
93345.42943127408
-7026541.350530781
-3.1138699680863358E7
1.8534021803995788E7
-9757693.098428411
3744702.512998051
6543034.759254261
-3.580144266923917E7
3076128.3351591434
3056935.8249885202
-8193660.929453782
196517.24332109082
4.30199696225451E7
5173136.400125079
-2.8061082635498676E7
-3.570956742008016E7
-3.465950170774294E7
1.8954663542245094E7
-72242.34115433654
2.2324135676767085E7
38176.247116635444
5.1359752965719976E7
3.4230398969559036E7
5757699.788904084
-706815.8188029886
616.6743892796553
396732.2724663519
-9876712.118798913
-134747.94474335483
-3698.241805932269
-1.1800682735451858E7
-5881740.7444984475
-9324.555203438897
5891344.750974412
-4.5938021144047305E7
-408947.1193751489
-2409021.6769278385
-1.2572471725226218E7
-6.994879807740188E7
-8543318.881713882
-1.0566493937159315E8
-1.9905285626354255E7
2.1446727156343885E7
7.951792438022724E7
6.844919781816328E7
-4.865518551887653E7
-1.0441334994285533E7
-1.1774388878691535E8
1.2763041217400052E7
-3.795397696751769E7
2.84812323489174E7
3.884361916807943E7
4.7442751612379454E7
-1.3183000754073063E8
2.1206518039784674E7
-3526132.202034003
5.855509075277242E7
-3.930855383154761E7
2.640697714401967E7
-2.946028173404539E7
-1.0585854280837325E7
-4.409016014141612E7
3794415.355279671
1.6171398645543376E7
5125396.998813938
-2012055.6319250867
-1.756493933133773E7
3.125689085630307E7
1.9084890567914356E7
2.670931506187494E7
-3.9758979846265085E7
-1.0702553106123434E7
3.3665045461252466E7
221141.12799895942
-5.270363960621359E7
3.1701460991321117E7
-2.7928008254449453E7
-2.4407391736434653E7
8.247110454273343E7
1553476.2514268789
-5424056.819118586
2.136233306096487E8
-1.0634217978267083E8
641946.5869250079
-4.28166467512199E7
1.325591420558945E8
1.2465221497409426E7
-2518419.320261958
5996081.713618782
-3449674.9449347234
-2353470.407315232
-3730597.9894051277
2108987.011304759
4.974849543976E7
1.5585155131653259E7
825539.7187794598
-2.4848522235156134E7
-1.1413691388603188E7
-97870.7755801494
-1.7284489981063876E7
4.447642889228377E7
-3.146532713171506E7
1.1456454040197447E7
-1.1981538879245514E7
2720364.014491013
5.2395271483719036E7
1.0471125245485833E7
8838069.824073985
-1.3597469962586619E7
3.374321478168478E7
6948298.905787059
-3381623.429851445
432282.17357048794
-3566017.375411669
-5232528.644584418
-1.6969827910168655E7
-339642.89507437125
-3.2322032960951716E7
7216659.76726117
2375778.107654896
-1.8721974650114987E7
2878890.044281697
9845706.73559513
-7787325.233094193
-1.3340910380575558E7
1.438864629742149E7
-7143896.659273596
9461565.024677575
8728088.876011299
-1.1187108203976205E7
-8.775411679107663E7
-1.8639457433733648E8
2.7987075984468482E7
-4.570532463809894E8
2.902640889111805E8
5.509973464850428E7
1.5077519542581627E8
-4.916123007137652E7
-3.3245227625188522E7
-3.2166225236067635E8
-5.651236791457136E8
4.830292364296725E8
4.3435193925440687E8
1.0077917390858828E8
1.690705977904963E8
-1.1510129097007949E7
-2.0625226941627257E7
1.0166561859951349E7
9.307222410349125E7
9577034.54927818
2.346058310333523E7
-7153580.121778426
2.7052067903056264E7
-9101851.439526565
9634579.506326409
2.7936295578594197E7
1.287235977110019E7
-4.607204433073661E7
-1.8338793635619327E8
9.481010233097626E7
9883496.288166145
-4.511603411879497E7
4.388343146258608E7
-1.1254407765220644E7
6.706714665686125E7
-9437853.849006744
-1.2704278601696E7
5909129.7660776945
-3571574.3555849465
-5914030.913268027
7773158.868260618
-2.7933629013318423E7
-2207892.843932063
-3.166702630542145E8
1.0858020405708951E8
-2.204729844726884E7
1.764424674038471E7
-1.8898690534842946E7
1.2185525658405997E7
88727.63030799961
1.074316018090384E7
-6676999.0793058835
6.425505017480204E7
1.2672782992016783E7
-8781393.811661107
-8170207.075561076
-1.5683965439227976E7
3625051.1085921037
2040261.3012035654
-1786157.163836205
354167.717346829
-3121.9702415052984
1431217.8664864881
2314437.7359030615
8883984.231103413
2392814.9452648615
-1600711.1615294
1.933802799582177E7
-1.2186283645837583E7
-2915046.4746876783
2966983.455882447
-1.4000465419627959E7
1.1185942216790417E7
-104316.02291237285
203754.32441604178
5912713.952971535
-9954691.206200192
-1.2772638029652812E7
-737454.3828566021
3841499.7755744946
7254153.07821834
113727.59419775363
256013.4568479719
8608969.409702277
-8287479.795660017
-379161.1531776637
-897650.3992410833
-3080857.2226964124
-1.8789645258271635E7
-2896820.469593294
-2.5242745138067506E7
-74205.77807676324
1311240.6565609842
-2.1181860452494852E7
9499461.084093412
-1351928.6580763608
-3835844.954905552
1.1056944214816483E7
-5138136.55393566
-326113.06641875213
20572.687586519758
-7352.634191322245
9853883.886864917
2.2068636992659327E7
1.0619400483592486E7
3737765.818721352
-7743872.599396237
82220.17257737293
-3272791.308148738
1.9684375157590955E7
-9950851.012832224
-3.4414602495811455E7
4.027977868819784E7
-1.711663342302041E7
2785183.99557663
-7782922.969055089
2.5681710955834076E7
-4988758.978835131
2.3362223131375127E7
1.46557236913149E8
3.2004406742705412E7
-1.154933259274587E7
-7.181226558129004E7
1.6100657811218666E7
7204834.787854919
-4.63520674456432E7
1.438310101612942E7
4.893383968305887E7
-6676783.769660944
-2.949243047893223E7
-3436602.499401764
1.3275413253366841E7
2.9465281472798906E7
-4.5154573430814035E7
2449246.657410774
1.3270912668640882E7
1.04346505228882E7
-7292205.878441194
-2.9520205568412803E7
-8336664.407308663
-1517513.8674864047
-8998020.807384139
-3.748542903567804E7
6150652.415910983
-4484235.533478235
1.8742482068741623E7
-3498714.481497955
-8106731.568656296
5.423588599105322E8
921646.1123727676
1.0919196579768543E8
3218372.871852426
-31062.310411106173
1.3155565822989933E7
-1.3624770394653378E7
829388.2490172846
-3.6824079658933684E7
7.586070971290268E7
-2.8803267798645496E7
-672850.2051943883
26077.79766731658
2055227.3254935637
1.3787715287010062E7
-2.919141396529388E7
-2.117383011416048E7
3.6107894845790975E7
1.6981480444666478E8
2.8670951975565005E7
-3.783994660910842E7
-1.4085295372817686E7
1.4924633330416548E8
3.881306835408682E8
-1.1144610592465576E7
2.559414654732422E7
3.609950755105211E7
3.965990093310473E8
3.3450791480796684E7
-4.8868448093715E7
-413.7265262654827
