5736026.629989819
-1807277.1969232012
-2984636.033705825
9170296.339049574
-4124550.1842863597
-2621485.8039952717
-1.3449188426831227E7
7855685.784429541
838839.6724990766
3.181774351012335E7
-1.2614646782506004E7
2772376.5163578675
1414095.4571978424
-1313831.6376235045
4334617.88245124
-6008387.007735201
-5296580.336956363
1.1716070788852056E7
-9398487.578399798
3974663.0704291947
-1.119128762043319E7
6527405.51674128
8871462.577164901
-320305.4476494025
-7014565.932202125
20601.275666083864
-236846.8430199447
-7366055.284246728
4399691.717047505
-6117500.999312492
-9333850.968645515
-4115275.1570899393
-4.3806421209873594E7
8338375.12071425
-1622090.5609900432
5610460.205874613
-7395359.373910331
6905984.012539791
-6922804.797809917
5161239.218985056
3497632.9874448446
-1.0676829788797243E7
-4197463.447319569
8407235.374381598
946405.7932203418
-525617.3768089022
-3073724.445840743
1242206.7989222265
2.9264094478889957E7
1201.1011099025882
-2301883.2967496538
8928972.832723923
5159420.254156497
-1.6191143065272942E7
-4547029.821575916
243189.98908448563
4577343.957618736
5221804.395353977
7103650.281850562
-1456909.693229011
2375357.2299599657
4300359.790960735
-3432712.1358525744
4310518.404577993
-6420665.635578482
-7352560.517796295
-9418080.00442663
-2772530.6977741676
-18558.50401314731
-3661214.792739136
-2342303.654048099
1.074186401210221E7
8689269.369516734
-9129385.195772894
2369673.1952087604
-1494819.1403479343
2454523.1617084504
776261.9579858789
-1085115.5295407365
3499702.337715773
2687065.11366376
2215730.6054057577
5157491.933388531
979670.2059753843
-5778818.279040753
-1677225.822864971
8426678.557079092
-1540054.0508476375
1522951.958969485
2894885.1836646865
3462998.3213030123
-7215192.35035636
4586556.881826886
5351721.522147426
-2.2428516472630695E7
7892480.768834326
937962.5311714726
823730.4066298967
5236441.441698727
7281873.928514955
-3141896.050425455
-4016718.849070416
-6523004.677027119
-1032812.2882074526
1468144.8505341348
-5125020.672778703
-2.116710502410156E7
967922.5573272961
1.910977317028056E7
-2911499.8498291885
4858952.2219352685
-2162069.517311523
4186094.610456986
-9929488.630070005
-1659790.4064167493
2261726.9262413825
1.4449382849285355E7
1053574.5788873336
8205198.722593446
-1701259.6610614054
-2071991.909026344
-130289.19129531653
190226.8236683272
3964045.479057068
5436783.690028886
-4242824.888076274
3872592.5059121526
-1.0926080302293928E7
-454965.0969306082
-5027143.8682694025
-6984158.130424123
2681958.128837468
615066.6960886089
-7434547.633095497
-1706344.5392027274
2.2836639606780868E7
-3740890.4403691893
-287401.5603436876
4563662.877420406
-9591408.914372286
4522118.683180431
-3608213.177440768
6600573.459114255
473928.7353885241
-2057038.5233300428
1937232.4418750566
-3168363.2613056498
-3142549.8216780312
4901163.779327142
3143823.085141676
6514472.087947396
628963.8980731065
2980672.835547444
2749589.879858669
-1.4695943238647008E7
-2114867.7271032273
-1.1221426456993435E7
1.757431873412033E7
3.66498419057422E7
-5.857400722162479E7
-2.077391904109015E7
-458747.22838943754
3450869.6759667136
1419852.0046828848
-2.7763169698235083E7
-1085615.8178811658
-4.0636509739515424E7
7727419.068052139
5.2321722892039955E7
4907340.940792262
-1.8802883738635916E7
9632531.216458652
1.7037083880657226E7
-527903.7339201765
1.031532719371978E7
2.2875436568358213E7
8328677.827872747
-322611.0980981098
-1.2906093305916501E7
1.21732782660106E7
-5817007.6393137425
3640144.76078325
-2.7743145569829762E7
5717125.641244099
-1.0018682995813195E7
-1.7522104744439047E7
-3.3338738040475763E7
1.2410551822451865E7
-7312171.02686215
6.863361700471187E7
-925319.6579277386
3658880.2513180124
2.65323537622809E7
-2.4493081253210165E7
-1.3200344999314675E7
-301336.027674123
-8640989.8118524
1.8785397495942038E7
-5.212763974831811E7
5687434.5274172425
1.658231328017692E7
4055636.4947341396
-1.504132091157164E7
1.91478430456932E7
8903655.400515413
-6156669.600178345
-1869037.8291994631
3.1093998627103355E7
-3360568.455302683
-365052.6278052029
2368812.4015780594
3933512.2273515332
2521570.457122715
-3504900.7054977347
-1478501.9787391154
-3203990.159098701
4724592.912766431
1804407.6524304631
-8962.743195995556
-2953632.8100217865
459220.86594769446
-385938.0191215226
1247678.1657821282
-801395.8366057816
-2552362.669879738
-1028660.1655418782
-340363.4998063892
-917580.8726649268
-2550711.8478850396
-765288.7420828247
2175800.2222182755
1607370.4278474615
4290119.692914322
5493659.597731227
-2674197.676099381
-1.7333291738805864E7
455625.96202430956
-87719.5917851697
-188715.37462003558
3179317.189174841
-3603425.109580797
2245708.7395642456
655320.7949398317
4308450.556407369
-2639592.230496703
-5460066.351551881
2217887.610190407
240605.41567166895
-2122987.4687647717
-2903415.434872556
2895607.8337687096
2586510.1988397534
1.3764543792119915E7
2183225.4712310084
-1.37795018650508E7
-3.2157512932011098E7
-6.1693754594159864E7
1.5317614012299966E7
5.118019070330844E7
-1.9648620395204462E7
3.053385605080157E7
-5554355.385322454
2189554.259530113
-1.1762408221905205E7
-8375796.097004939
1.915555131893753E7
6005366.229374318
-1370457.279089825
2.025368710663029E7
-1.2326328344495766E7
426264.45194779616
-349460.5174738558
665866.0299955145
4444083.086987461
-3.424980218919438E7
-1288348.6437688258
-658074.307840253
-3889311.9077435634
1.5861350912696484E7
-1641926.4129776005
6580807.774875746
1.9259436320014913E7
6042297.835081163
997559.1528479398
3897851.909834133
-5265121.72514364
-1.256406649882236E7
-2491432.1932549807
-161919.32906372653
1781867.7341572745
455646.81992334255
336707.2349439493
102655.56151217346
-1127547.4235491843
671990.105057704
-57533.71675714231
257603.79327246905
51688.201752333676
-229704.60670548052
-110389.96999042106
-913452.4365071516
-1.729320744632253E7
2907756.363355762
-1.3632207458327455E7
-2954970.277212937
4567748.072364332
1.3989038837294936E7
490129.4903524988
185071.9130347716
307463.8750581742
-1411935.3941703616
-99492.92080578997
-23012.735225284392
13970.163336589741
-5411.069015719083
61351.43981378649
-2735145.460134453
-3656713.537864512
-204540.09833279654
3507.754964478926
690.598191539617
2420.9230827588076
2505622.706274521
10074.812045242958
-67475.49195694311
-4536.741594377283
-8516.012016719515
6235901.96136888
1.277535779934437E7
2483357.3356766123
596372.4868106415
99.15430412775544
-8805.447348298592
47250.35860098797
-84599.60586320912
-1082053.2110646141
2167096.647617019
215712.47306627606
-2590464.8972781505
5049276.4611051995
214569.33978717632
4226703.607932263
1.2329414477554161E7
-3467919.1760242973
-1118972.9987352593
1189804.6915531482
51396.938239032366
195943.3642120921
-2271186.3807820873
-2039404.001760444
-1999387.584748865
-1.4460109312090084E7
4080419.128300412
111656.99843790366
6328456.639453199
3059101.4438089463
9075598.528608354
-236502.2393543374
603855.0528852759
843264.0261671282
-2787544.4528174573
8429520.127018359
5505665.6999169495
-991950.7964090069
2640.509665553161
-2.87814248650853E7
1285003.6594480309
9919369.54568891
1.6606730551579846E7
546320.931693753
1.3034902875902386E7
-9672021.399991289
-8415045.07940429
-5588506.853699374
-1.077174995109777E7
3467258.8778221635
-2899494.3737886944
851424.2709494702
-1.969511098068378E7
5269814.674733461
4833293.507515728
-159524.8218790227
-1.1378514784388259E7
4274234.72677258
4756634.097767925
-3052.9094652169356
-1207238.9539149462
-2634202.4096011366
308048.1890093446
-2144.480175096992
-132681.19669160596
673148.7820184325
-777584.1688943118
-330647.48171375855
145467.02127469357
108129.55281252267
265841.0004656374
617983.338676493
-51925.64472733533
1174009.1915131756
-1062726.5414211613
3913126.615028693
-3870607.687559942
1676208.3612984119
-1683432.4327593842
-961535.9241033075
390452.1066735823
-1025225.3304796398
-279908.84911999904
-681865.1526657263
643111.9857973468
-515369.089653835
-8477294.4393936
-332984.2161296055
26883.388950412573
-17259.724062151083
4321743.195496427
-2345153.27865727
321162.41993115825
-64125.77393678808
-1445.7461752492216
21750.977039625253
-2104640.590014412
37595.93643728303
2270093.452205584
-194610.08244807046
586829.1563757531
2984851.1662746975
-157512.8836946587
10141.232079605867
-61405.75561068598
-14573.624841894656
-93844.49966901651
115725.98254237002
19285.896727364492
400593.01039025415
-261782.4280866705
1994400.3160739425
-246321.60064777907
18187.773692372513
-534654.3944897347
89161.93996569273
669663.9702368246
-1502195.0537043025
598736.3175258806
-20267.258679973558
-36406.24333325362
250748.60036848765
4743.552040662603
-400181.1874336953
1.830143371309183E7
-2028717.0637660534
-8710760.781913986
829913.7658356794
7773482.563086554
326053.2127718961
2410182.1574441297
-3113546.131344225
3306089.45664043
-1.0197249128532274E7
896149.980266133
1529904.8789026088
1.0189405724655395E7
2.2733277908736773E7
-1889941.7556596783
-7269885.406749129
-6020667.198825743
-194933.19619030258
-730554.9568373349
6213067.5975272395
-1.9438115448455155E7
49824.418181453984
-256745.70144394692
483202.37857308687
112830.62428900313
-1056464.7528244373
166158.30344995184
6261525.725825016
2237275.2076370004
-1820089.5999487827
195371.28643629525
-603097.4466272068
-188914.35610319691
230287.29998715397
527762.7383539018
-183705.4054745347
72069.0452985792
-98132.57993030653
242846.27755773917
-117019.94686945133
-307703.9686383557
-203503.35947543726
-302302.4246710009
421635.37740064255
350675.3654424121
176426.87243490046
106569.66608422647
257855.8355223991
24944.133651525957
-87983.8630102959
-214595.99981193643
-451479.2179582134
892621.7885990101
367133.37360805523
-128215.23862843201
-760987.1338094516
-174167.0390566592
3059.7945070319047
-28160.17241211535
31516.95190519118
77851.51739079745
6589972.766617553
-19468.250266278163
-228691.36748859784
35521.009819292034
-2645096.4693324203
2500810.8475596113
1552883.239605314
-8799221.399230143
-2266554.825771577
5292851.909470795
-2769031.2791320328
-2081079.4041605731
1300107.745696934
1492679.6885227724
-284227.91912906244
-1454013.752632074
-1841411.4181268485
1534807.6911826376
-1527936.9061454302
-6022.7347536822845
251903.90413825883
3600961.162407278
-3290935.6180402613
3335121.1714865593
1152449.7317501607
-3795771.5408141543
-1674305.7082016396
486154.9373839114
1157269.488112901
-26105.27981494066
-2686.8669112453517
-3424.3823883046775
-3972.098212096691
-9885.551643292114
58829.115838402315
-17571.4243724179
12111.277324448198
-29582.64826735322
85653.09757582414
16652.97769882126
-2623.939063647636
-32351.703318705102
-83014.98919326023
-14518.8257571276
3017.218671053121
-1525.9625942208058
-15643.680286216131
9058.38217459789
5629.312857254122
-25716.04937505934
44206.2008580306
27092.618432854724
-98014.55448884096
-35261.24727484822
30410.643825096922
-188859.32784076183
-1792.7049204350762
-18742.66848960549
-168100.01972197788
628802.0609634235
-1999423.8901396438
-3765037.2623784454
1152319.100664266
3558408.7555691474
3925385.611391155
-4155614.7766825357
2.4750676034058962E7
4246288.355147861
7149013.129766211
-264187.93222204834
981715.8215580948
-4155211.236107311
3671723.4902339852
507325.1876830421
1377369.8126668076
3165602.3292071843
-511167.825319223
-1.4826317637292502E7
2424005.21496828
-2.0091843537458126E7
-205906.48158380698
4208051.138304768
-3879627.6301555056
1.161693721213091E7
-2998983.410011395
-618334.2867764436
-5288176.898915574
624346.4994019291
-776042.2677134484
3861309.557822276
3168004.2537086685
-6973667.63683376
3532277.3651262717
3726917.80296907
-974475.2056194897
-3828007.548647821
40499.269311931675
8147418.337443651
-1878098.282038944
-2.9304668806702316E7
1.2855374220466565E7
4412717.649598484
-2221180.8892352446
117478.31792578811
3918585.307430695
4479373.545586549
-959831.5649752187
4372386.105279501
-3739705.56238452
-5079002.124951986
8126231.269066397
-1.1258864676324379E7
1128027.2519699258
-9283444.583774162
4435146.321456514
-4334228.74653522
7176165.021110276
543973.2754657981
-1252653.5597843593
-6465785.328942646
16351.192559401306
-189144.17201521664
1.022319795118081E7
4031501.5119110835
3544198.438724418
206889.7450114883
1586688.4927394143
1.3012817869797327E7
-7099871.732289337
-1.5087504516261349E7
4049257.2104668478
8210757.42548673
684342.4978749808
-2393259.5968081495
6683453.719378008
-2934656.4845257862
410700.89821076085
-1.5025575919274488E7
-4812460.893189341
1.0445853598685816E7
2762806.9482312617
2146.545880083397
-548739.6664212075
494276.6373211877
1874272.2859180756
1330262.89579337
-1995512.8007220274
-812774.387465664
571990.9620391786
-1230864.0587426038
1160063.489522632
1286615.4452575957
-52204.12314463262
-865826.746115818
-1719467.9542381307
2432161.2317788815
3918607.371507066
-401358.2539862206
2288777.764537794
-507827.425529616
2106548.15146078
-1451941.0179417597
-3730227.995947849
476618.453763796
1454762.475427151
74100.2110378233
-898236.439159515
88007.18083967028
97380.80053169173
-52176.68331226144
233910.4802619002
681648.4766850609
385376.8787384328
-7014.8001622747815
-649018.8754663959
-980850.2577280212
15856.268473544578
-4161827.023864375
-1621940.1830223522
3804918.1030443325
-695256.6175203355
-2604452.142010434
4943139.521083361
1.0659144452980414E7
2479981.963743135
229760.67445574666
928894.713359678
-3474466.8957838872
-8965889.787847096
-5216352.281394704
7413254.52777057
-4441729.666825208
-792484.839850571
-5430268.411434554
1.2897100988800561E7
-6353964.55999654
4428906.309823921
-2.387504005285847E7
5181432.918126094
160916.94088792367
8430575.336961513
1707135.4630897036
2497533.810460342
-588944.5613673956
-2861262.4206844787
-288609.8347016621
-1849063.07764008
1787543.1865137392
670045.3777111094
2043860.3660494431
4287081.206903899
6886107.159862377
-1927229.265153124
-227561.7304319806
-3946622.573695821
1989304.9114088612
7243166.225967778
-880094.840068397
-813913.1046871349
1.1406667388252893E7
201898.83406104465
3260268.217065229
-6347789.632008905
-8146322.628597955
-7538869.873870675
3845643.887048125
-9675633.080742225
169738.8012042007
-485205.74534462544
428586.70476421615
563001.2423219684
-647895.4932553703
-311138.0111316191
-14235.989908135232
1762164.7282638673
-691529.3103696349
-1000492.0327117976
4061983.0332599566
4648189.564364478
-2830081.850799271
-2010071.171672833
-4898434.729420503
4813430.475555649
-6357316.199471523
80117.67462904795
-734866.7149685374
2681770.4885924375
1708166.3730695797
-1164879.7491088896
-1525533.1667741435
-1585315.1196960094
-1138102.4667529531
-1378511.664434175
-197507.76837357212
2668932.813392421
-1478199.235928843
2200053.732729932
-66995.46360334019
-1078501.7020690262
-925414.5201875153
-379620.6737294681
689614.8650622502
457942.6601210273
456561.2950394833
-955735.613292277
339863.9101120155
2351691.4414883866
-3167207.0762057058
-540861.8233574184
1575904.6755661492
-3776767.068036906
5408452.609865389
-7892761.320620616
1.1907621955017105E7
-4.321049506978756E7
-2.7612607656050712E7
2.497058684485059E7
-6604462.229437222
-1508945.4500941937
4.004544127065021E7
786911.6321475614
-1.8533697035800304E7
7971452.917818916
-1.0848782687993584E7
1.2629652200801805E7
2.8388449140734706E7
8184934.860224722
-2703017.8024249235
4994534.350088598
-2.5734375496864304E7
204150.98052156524
-1.1173237997884069E7
674845.9789445903
-2229777.284780821
2103896.9123701653
818835.5440856934
-6276610.004147253
4567937.538030711
-2368102.932453249
4755152.675019563
-5109649.45271175
5417157.933747849
3539849.9496237515
3632682.382609251
908654.5327293526
-1842719.24763864
4002717.9187439117
-1899265.703151113
-6897392.567192329
-3635084.9003446214
2640120.384614568
31935.081821983713
2174360.2174254134
1968361.7403153419
1.836014092537085E7
-1.1678183034787888E7
-2166524.8749232325
6345423.782912158
511271.7051334805
-2576384.5533240614
-1397.5789423369688
-1713778.6008180317
-2976643.118131319
37250.24473852075
5867156.875325337
1081514.5279830126
1364168.2707724944
-4842341.6003153175
-588268.329711203
2096258.6193704775
1114103.0647894524
-372753.6613430457
281.8390261504057
-453971.43308865
536878.7383858485
4559564.302046442
-100007.25127472777
-299604.5850855299
4373589.315531342
-3535358.277656055
470990.31869017467
-112989.43941703207
1.4082533587644223E7
-3005597.7355521307
320899.979360447
-59059.435371627886
-3070476.707425104
1579494.1870781898
-1074105.7766541992
-71694.69124497585
-2184720.808497368
7280664.730711903
986257.1138374892
-81204.8897073878
-589363.455890257
1409036.1299994774
-146812.58079987668
327624.81568357354
-2808037.63395776
-733216.7348391075
132037.51745497665
1386184.3899050013
-24473.9123894616
301932.33093636704
2914000.0490005696
-193130.17451887124
-999057.1681695727
91206.78671250456
-3461366.4223706024
3193179.547662612
8180.774129026415
554.8228878831685
-1319.518053350753
-424294.33312684536
1444230.6079384938
-256403.2846118134
-237288.15347347126
85064.12719038583
11230.708091041264
-4428.3212889884
-1967925.8146900092
10540.205275123873
-4977302.283824283
1404312.5014121772
4532118.119120692
828928.687122324
-681772.5523735734
-2967531.8645788124
242619.04896953297
123123.48403266845
-4639500.5062713465
955552.6507285873
-570742.9972995156
-3358102.585227141
2271428.553190647
1.1783851424406353E7
-5424925.9548456725
6448813.627260602
-1488966.208608184
660803.2552348153
762291.3291984197
615344.8833955685
-1178989.9878009195
-6841115.176514268
-2612850.675135575
-949.7017879600363
-18579.791651002157
-121054.81330305735
421015.50076124805
4022697.0501576164
-227899.04990388962
274224.7511667797
-569847.4195112695
4701716.043910003
-110200.5523203496
560450.9163789275
-1253316.3821712334
-214578.82468883137
1506670.9269410325
-1.061857706902652E7
-5464140.216874711
-3080595.950029277
902745.8242668384
-885662.2425168594
-1780311.8441884392
-130622.53261059195
551580.1539716657
1448729.6344317698
-5301940.039742474
2545743.188323676
-800005.6700419907
522063.11049845594
1542870.5996282692
556799.78542023
1.5210656022513192E7
-310265.0768655313
5852137.3198472
7870297.725213756
1358530.809044619
-2817586.100427739
-1182478.4485874523
-1.3695503076184101E7
-31003.041516867335
3921987.8651524247
-2349194.261167015
-796032.588684335
7437897.037786533
1015967.0443229319
-3720030.231592043
26.857208819049152
