0.08735357477786966
0.027343250364635734
0.1493948969613727
0.5427436443514764
-0.019837714918430137
-0.2982690821727591
0.14538459054139694
-0.21682753345558395
-0.35947201578025617
0.02583778210582139
-0.4666635868822936
0.008093972570600952
-0.016422405819422416
-0.08167392893257727
1.769187082408405
0.12441651889887369
-0.3243977547713609
1.4780026786405196
-0.28531676957626456
0.37499802127191323
-1.494896375622094
0.07029283749204064
-0.5692598664199305
0.15415251786269105
0.1454330435777688
-0.09396511743819305
3.5952301571463874
-1.5322228108983824
-3.2676838162569823
5.7090305299155935
-0.7832175749895074
7.413014036232029
3.4449660257503636
-11.000664287524732
-8.105563954003781
13.778160575325435
-0.308982732067703
-21.994186752561937
-9.572471544714663
21.557339063847937
-5.11774318912567
23.584342239999526
3.173062501659093
-10.102541009261936
5.184602533201743
-10.008323251940288
-3.47895362894211
6.164209419823782
-0.7595935665887529
10.788162946204373
12.735665813241528
-19.27299281560781
-6.317970273813783
18.975632563989222
-0.6355126356067399
-1.4504103144500133
51.125439210387135
6.901391971240784
55.068755921025044
-0.4429111707328884
1.120412598221596
-3.1402888104889763
11.200353668663052
31.49745931897029
-25.071051624096764
-0.020293674611302204
-5.663980179743289
-3.5986355417872677
0.01890141543246256
-4.434148368200209
26.75456513216415
-29.51768597600817
64.74542858445895
-13.665451217837361
93.22917632930722
13.913500949485172
-3.5447319963232213
0.11695715731506447
1.6238031133595463
7.647604266204119
-19.088150629385318
13.367595558761437
-0.555190170463315
-2.622688898025684
-12.936321243479098
1.2897883774015897
-1.9259720078770364
-4.922554343987395
6.169164003601626
4.575351308743547
-0.6660228172214722
1.3882526186742539
-0.3246564427309851
0.028011737483641
-0.06701534123532618
-0.06969002148533536
-0.025049587283132023
0.02472336173771704
-0.3047381204456056
1.049869851644376
-0.46135659616840174
0.443632777915054
0.9819979556711584
-1.1485896210949895
0.4350976928853504
2.085845843556042
6.293740918536935
-3.158203861988697
-5.533277899581322
-0.4975002150767051
2.5144825837999436
-1.644638651160837
0.10362211964491161
1.2488519160736833
0.3667477815290488
0.38054191874378035
0.5142776788366787
0.16836483313545955
-0.12981154138827639
-0.23738292186793233
-0.05634844255571283
0.0745122615751256
-0.028879738903292543
-0.21760759037067443
-0.8780145719432492
0.7561772036717037
0.1007642173070717
2.3947228476398617
-2.1581077961884327
0.8884677864603474
-1.2053088865120325
-0.6938064328662558
1.932883713750066
1.255492192273561
0.2845419613471546
-4.34553685068975
1.7742707084379865
-0.48827725815365625
-0.7643609913492381
1.0616934166740437
-1.5545901589025903
0.3412206127306049
1.7460044661262573
-0.3476120346677913
-1.0904876352057336
-0.32222698848581666
0.7249034185791746
0.06411635109403153
0.08059591703183897
-0.2084105188461957
-0.6330257781280271
1.2225566030561799
0.9633357699571083
-3.077896028095914
-5.2317594163654615
-2.2030466853062167
-0.047398172697677377
-2.884397838556525
-1.2020706351340344
-9.609332128321233
-2.824994348913213
-0.5154588762581944
0.42897430758618776
2.199122442533266
-0.7375077171296497
-1.814069358349038
0.94600598529084
4.197689103020537
2.39254826054877
2.2651127775999336
-1.742546146707877
0.23338658315226904
9.425548786471042
12.995738831409712
1.1357576283441513
4.494286919414682
1.7274498216395098
5.180850593611317
-3.7853387559176728
3.8804278672123034
-94.8588771572043
14.3005541831789
8.834386098593738
2.857409765404228
1.5039032647634925
-9.988718846082934
-9.623913269451918
-26.446969356939235
-31.270831494843765
41.31941952342766
-12.61995099366501
-14.452310728874778
11.114096139742186
-7.150751216318762
29.598744931740523
0.57444858224019
-4.354171038992055
-13.485489925834539
-46.98571217883511
-5.345231447376268
-66.8064633925411
-2.5610769202170105
18.53061543318898
30.552838268146182
13.352186225682354
-2.5188599936015996
38.248904332655165
21.77644334304736
13.088328250969681
-0.6246923966829101
0.04559437318102087
-0.606340525668302
0.2646520155698286
-0.04109663020294168
-0.0036968019689376476
-0.04956369262637379
0.010581447825992433
0.003961824380565893
0.02891603286583781
0.013492169046643668
-0.01185725066907302
0.015314660575632112
0.019652605548596252
0.013163511566277736
0.028413112658847526
-0.0010215129339345552
0.025255421571972067
-0.04942761314958585
0.019940145515486448
-0.03381258052108622
-0.05695047485748202
0.037330508381594726
0.11612006947466735
-8.818589901943229E-4
-0.06920794242885116
0.723457023226365
-0.8894601556027208
-0.057125395381066583
0.006952934898841756
0.042711817700351415
-0.21379240104896322
-0.1512854975524746
0.14995789355015296
0.0683165015238078
0.27353130020807576
0.509440901862211
1.7642080689686392
0.14883963041725645
0.2910916045437994
-3.1097251225424007
-0.8111034080830178
-2.029315731911396
0.5140318292389335
-1.4627373374635215
1.4405212738911775
6.220433256454295
-0.1402266411759887
-2.140679908284029
-10.17583291403049
-1.4142098031822552
0.7713754238314585
-5.658805652063776
-0.27574599810196887
4.952772560986639
-14.953522098403626
0.5849951656369956
-5.434541839982705
-0.6138371741494463
7.819352703057083
-2.0667961292534627
0.10423251646444075
-0.013306381804725226
0.05682334960904107
0.32034005161596346
1.4889373686950103
-0.4028506044624331
0.01863721725959793
-0.18526901760386116
-1.2641966903355548
-0.013456150855013248
-3.5419991438869496
0.4841563604052936
-0.20262211805790278
0.07430616830570112
-0.07704367096345142
-0.3399546639890575
-0.3411111662955775
2.1498148078002246
-0.00530979691118838
0.12661835277219818
-0.02539459467367897
-0.09330878167716736
1.205660086009404
0.009421395300086224
-2.200473516326884
-0.5749218295043707
0.4636884673722544
0.3454581879158149
1.238099286744089
-4.279552695027412
-1.9540487795000658
17.900597705942623
-8.853413791141618
-8.652814766185703
6.947150622481248
2.4718095521097614
23.903669735611714
7.359774099506438
-2.154643643578154
2.864498564577643
6.15765112634572
-0.377384456999435
0.0067999351756127
0.015472005909174498
0.015401775905086767
-0.003253543140078969
-0.18654801767190474
58.51153186084199
1.207026471914152
0.022195006975466766
0.017792881643528116
0.013326582922274741
-0.528830396905181
0.010426988993347232
-0.149946012715496
0.017431345404485158
0.02216885766300349
-10.742163485931393
33.93534158126617
4.551988295787271
-0.2085943281921606
-1.2391656697949132
-4.996709036028988
-1.0476947491487747
1.2176522913796073
-0.6182083741495623
-1.1151927416941074
31.835144887426306
-8.635201106799904
1.8174713439447034
-0.1403367868806523
-4.632352661115634
218.50036780211983
1.5020834785765365
5.981750169760571
2.7753547425695277
2.284811168263689
-8.150692937749936
3.9799408641089595
1.1691135262994279
-99.40288228975292
20.11362571523068
-3.668525511693855
-8.359005719274814
5.3155989579339264
-0.20225644193409031
15.143812318044187
1.3400358901341523
0.87741829474749
-0.10487392959060297
-0.12554215943649252
-7.338533785157912
-0.028517547958557463
-2.2647337108925836
0.019723756830057282
191.1020213649071
453.45756329383227
-32.59544017627664
-10.695957868165536
-1.8675046255330534
-15.987702180744023
13.473604317354393
3.3894232307334895
-0.27891517965556667
-100.14622643664916
-33.39315555686314
2.671871757616364
4.410224437036525
110.95557507225901
0.8961247689557497
-7.571076796161699
-0.3175781810009426
13.024162946422647
25.62120811618674
19.133886250345657
0.02356930377400964
-1.1343479938981678
-4.6509389300114865
5.548106316631686
0.024048195012381233
0.30689554109609646
-0.5430252137838966
-1.3154346483257626
0.00836263042353307
-0.43554317476769394
0.8433693208357437
-2.9167138106697776
0.42339222526231624
-0.04666939061042857
0.26171209732797107
0.32104781865228105
12.677562545074327
-11.488933931063892
-5.245490172673204
-1.1557615753434145
3.7124368058998685
-1.1030720965179326
0.5633725869968141
1.5482114776117575
6.487552941927076
5.060314925132582
3.218542895018946
-29.87845208023763
-2.6970306714236703
0.009974225457176045
0.2832970632635909
1.3718693981553118
0.29376708678845204
0.15874111412289488
0.45060793478734135
-0.0031170346602293363
0.02365342512519701
0.2706449728012159
-0.004558041887552906
0.1793488671484521
-0.06347325842204156
-0.10965370106348843
-0.48680100083501915
-3.5947104680878974E-4
0.2182195041511069
-0.07759389712390932
-0.0028804900015986126
0.02112888152151453
0.0010890926176604756
0.08282855613735081
-0.053383395499581605
-0.017671326544238027
0.0055023125224450044
0.021033010108888403
0.019791424082247683
-0.02899591611941128
0.04114510122340994
-0.040112556470611134
0.03093319228592151
0.05136171571857305
0.0187247748924264
0.019878546853243917
1.4121872759627102E-4
0.0035746950005443702
0.01000392557073903
5.079832265241708
116.7316934795643
218.24363590966414
-47.68479872723803
205.72674207657576
35.7980350392108
-14.85927927343949
4.100382214956541
29.9973793332217
6.418794957697537
9.121461586247596
7.388999357744123
55.73261875682169
565.9928643061987
25.044054451589947
40.132214897476665
38.701388219089246
6.54890395276305
4.76102872992328
20.594093574521033
77.84323193923795
-0.5941723796164623
-0.973239082597606
3.7617566571429055
0.3430684981542708
5.428521633482498
-8.229825203064253
2.200223133717971
-7.601558469660651
9.351970296088323
237.121993505567
271.6178037165291
84.77824830443095
-195.5052074210095
-0.6005291189825581
-6.847871533612839
278.14127358761846
127.65357952445838
-56.35520145466254
-11.30596541443101
46.87888738698858
263.877886209027
-402.4048166245469
-56.015570702574266
172.9585102572604
215.13341055059803
-3.526765277742834
-204.48778200546613
-1.730557644705164
-106.09456169504615
8.604989713716675
-219.48678190642102
-31.00390081561434
209.43763851261696
46.46112332243786
66.2921998450164
-104.90063413326281
25.831177377075583
36.94553676037903
-217.01167113066253
-17.362866911296596
-12.549787126992669
0.06978994243227447
1.2822926325651187
0.018084935418079682
-4.042003965303108
5.493743746178263
-1.0042191017816728
-26.760767610901883
1.157670503607837
5.2392371456202325
-9.680486745787599
-10.384268443936751
6.444275835766511
1.9821276141931679
0.025883457269967595
2.2673167749441663
-1.7053489021071349
21.460876338138288
10.925573778026786
0.0466860461995205
2.9315763496659386
1.837974541445403
-0.030910326240767123
1.1922306458903815
1.4841929346768086
-1.3098877848247976
38.989616346090415
-20.28434598054599
0.95218265867162
-0.003166187246692452
0.021008773691257202
0.01711975041451548
0.008815300607245708
0.01889190413041123
-0.006859256542422648
0.01939009766238113
0.023436521227964035
0.00964831706789039
-0.0075805993304938835
-0.006838678153643577
0.021912680059242687
0.0070648109869547865
0.005286211083260219
0.015261801998687133
0.011235267189977749
0.014847530960391778
0.014914802645844584
0.0037444966552063075
0.012722648537903487
0.018174292525318665
0.01736248770151213
0.012456124848908769
0.6185000088470312
0.016427720883308596
0.012856738619065696
-0.050834246931915815
0.02145176668734733
0.019374322395716816
0.1920486440493964
0.6356786229563484
2.064237676615289
-0.849171763015618
0.5222958414878717
2.9217982735060732
0.8879173490808808
-0.5956407550056048
1.1232053143264908
0.24891478145640264
0.7323269837112018
0.058390255867379254
0.05069733980980847
0.08580354072699238
0.08255574071446639
-1.2482601531046702
2.0416043045306456
0.7303591366291812
0.9447899129510456
-1.1619501470328948
1.2976530090531369
-1.1490538399996804
-0.13624763605993453
-0.9149047705422032
1.2314284468093581
1.0749361314787556
-1.4323859992209453
-0.11747405151768453
0.219701394708078
-0.7653016005948686
0.0527570723245831
0.26524117595738583
0.09699923841494971
0.15717511222948244
0.042847298143753515
0.4919245577259483
-0.184094452432946
0.5921943990793435
0.36414679752518175
0.2811902711127476
-0.07335134179148593
-0.24062812594898947
0.13275678132945348
0.006922396365049127
-0.021082461814943623
-0.8425574446660565
-0.2614534431209427
-0.061540855335017984
-0.5359430907373601
0.1513245131886149
0.3354103212849149
-0.398132666821115
0.09213851601454039
0.1829304661102486
0.3303160282699521
-0.5258184954964839
0.2895047709649738
-0.7381201297881548
-0.04759512828909779
-0.00518437674588348
-0.03473431416168543
-101.3904065799761
0.018737557654885512
0.4628819679282869
68.0324446009034
146.57919927124146
-1.7061379230931495
0.9575736960428692
2.519661962383739
-139.65047932147957
12.355664433885313
9.205597165075433
6.5149379956311
-27.836427047868515
1.3405857663442973
-125.42427996144603
26.85416808810051
-0.8741445405576369
0.2624963790347523
-14.217330609494374
-5.114161703833524
-2.0310541469371755
-74.70915983450668
0.02126361735479515
-0.43025318417881964
-12.038946696259979
-1.0071025624829673
-1.889810055872014
-0.2653542076661892
-0.13794039756318757
-5.656753337364248
8.020943158630221
-0.26244762805364763
0.09258234515522926
0.029347447006060373
-8.331096795896109
-1.5027977928546585
-4.0267133799259875
-11.07821317669683
-9.882002102398443
-0.4704849131803568
0.05705393179713368
-0.06389483255451973
-0.100615985366015
13.632497783550264
0.39381294057561117
-0.020149980749164832
-0.20411827998226154
-0.011463651411020227
0.019649332130467243
0.03896277242039517
0.010482331772704875
0.02583807768328108
-3.0689530142139905
-0.03877078829292007
0.024098777231561674
0.44766679713503665
0.0743096472895132
0.002253246482768114
3.332600148617258
-0.5434298982261939
-0.30730455965211584
0.47048488653000353
-0.9498298054494706
-0.7905660811760962
14.173069462825174
-2.4994654413187054
-9.91712393738562
45.511122522753645
-1.2575111541349704
-0.12550288145479366
0.07222539875030053
0.2519874977558823
0.11876963160533428
0.05060882088380063
1.5294658435665798
5.998030284005763
-4.745878106640654
-0.13403032023329983
-0.2091229118395464
-0.23025779656548626
-0.06642134552876383
0.08716479126669882
0.05235056830214584
-0.9850887253700762
-0.015850426250344274
0.5357392333695822
0.32326489830430855
-0.34115156732813484
-0.0799042236824278
0.07842296313711275
-0.0867878724768973
7.726077196607978
3.983114444341708
-0.2515720451499593
-1.896585666985594
0.8848385507547841
-0.9869652377983434
5.694643948853934
0.2742785120501045
0.5580221566030152
2.5584774555741374
1.8560419564079993
-1.1304925697954973
4.727594250753044
-10.649678334264646
-1.7702756528486645
-6.037907248265657
-1.1130712515748105
-1.2576946353716258
0.011008112226870932
0.12249311357675662
0.022447808368768307
0.06033150812967333
-0.11943404265677932
-0.10014390936464332
0.8540320532364591
1.8747884241631254
0.3909019651812159
-0.12492897008487311
-6.573092045221304
-1.5513412150456511
-0.006335418877287772
-2.167807553830602
0.003161896476486746
7.726897598308809
-0.445318551807951
1.6117918092640218
1.9476397530265444
-0.09744611191220842
-0.08976502457310122
-1.754647160421329
0.5788173957615007
2.660215148450088
-0.1388991400816231
-0.13928602780315213
-6.342245212893775
-0.7874981798513373
-1.009568433049502
-0.06016309981912656
3.428827735065719
-0.085592332737003
-1.0365434839986032
0.4126540481209364
0.056333113156424766
1.3853756316327441
0.2331329549444715
-0.25798750979252405
-0.3549424713115669
4.679626212771294
0.7213019362713958
-7.852321377115782
6.2456416142795295
1.125557928010943
-12.540468363207312
63.73260736513897
-38.33360393826815
-32.89961360443354
-0.8215353072159286
4.935577038704994
25.871391698272827
53.04310295935463
29.801716102192533
-9.45542226430484
43.28171524060493
-27.468230948595764
-16.679484480309643
-27.1862112161257
-2.835663456508764
-1.671575058873737
-1.5499168929388656
7.257195088993294
0.08187402501237558
-0.0029202704088345257
-0.05631415733809462
3.655022200243232
-0.5144861892882211
-0.21699758301765146
2.0198987914426727
-5.230540846171619
-2.192593332985023
-3.3381467015921613
-10.889183125655112
18.69547324265082
1.4065174803338762
20.57389915271286
34.33039675310455
-41.41279637075716
10.142855305305046
-0.6081640633007388
8.922808495490996
23.960679074697975
0.7870203442142524
-0.5708547715725957
-0.9644336431632966
-0.4188550530788161
108.70336238964616
21.292020819530386
1.0480737146673451
-7.842467516138455
-0.6683332065540871
2.4136781139323027
0.024099580540272666
0.8961805177026849
13.03061656803611
-5.189474880702086
-0.5673282757469922
2.108997218865051
10.234466376259817
-1.8151228493283444
-1.1054454503791573
-0.22839952276085687
0.11853452817449121
0.5051905254316057
0.022835147451296018
-0.056823049532716864
0.27690380919657986
-0.9641227787947761
0.0500677517018878
0.01552296977276296
-2.905019412625682
0.4447131498697373
0.05044808836983321
0.015946929199890356
2.3457183037245324
-0.054453922979251584
-0.007073598519929732
-0.036430743644075544
0.010707210869173795
-0.08861314325717168
0.009109051307680097
0.023899078676259407
-0.01582944467646597
0.1570435562507413
-0.038525581565638706
-0.02124176077586185
-0.23360629485353254
0.041966446109573216
0.006319856922090058
-0.012727779224376836
-1.3604177254800225
-1.212895270999272
0.5283741599789114
-5.184143039127967
0.21929875810352262
-1.0332289392720715
28.91805049117742
0.7632905627546356
1.7243154114766734
-0.3659847598026705
0.27395595561314395
-0.41531516962182596
0.025063121690572607
0.024018064092088877
0.02004030272463049
0.1516015199526469
3.1609554570296896
1.7897306705296145
1.0699134472571212
0.7940813876408873
0.023070942032404118
4.350460466984765
-4.0706825260280945
0.06647727753527356
0.0446790941456002
2.411598318773625
-8.998879186318243
-3.622206764879659
13.345463277413446
7.792482729002359
0.16030911429993136
57.003052122223146
-4.654473376303326
-3.052207895563284
11.02380969887083
10.504117159745343
0.9963424108200845
-12.226317909177563
-0.39457098824888
-26.53901879784381
12.524105706950388
-2.2798874863566994
-2.469032331037571
0.08958785959713227
-0.00624801807081408
20.997110732692246
-27.602139221965935
-0.26607906242540735
1.2878867497499642
0.10584222410131952
0.4636353903509804
44.20945123768355
-1.7321828404990371
-0.011449265697800618
0.3577453508098652
-5.395341988074921
-2.520916875084714
0.18045767965271753
5.444334760866618
-1.5275762011939187
8.115589589173556
-32.64765537908264
-0.9166951376991674
3.902323029638434
4.356407333056021
-0.2914527232711566
0.7696643329204866
2.3617901516581816
-0.9839920977238963
-4.943044300463348
-0.028354891005214114
0.10455097840880938
0.10490569541165522
-0.0023568222323070926
4.059606868736625
-0.9195581905541398
-16.583009207282842
3.023214055128421
-21.789328230868755
-14.602418837597718
-2.4442490299402433
-59.768282140397744
-23.043361206783498
6.270767819297075
-43.20087152900147
156.80401598427406
-6.6119437274177715
16.175021888288164
133.21835876852703
21.706300247172255
11.09323765368718
-0.9759004120112733
