2.846691061896313
-1.4937725742005172
15.42004899455945
-7.883318147161288
13.952121316932812
-19.618637544666704
23.336215534066987
-50.26923568908659
80.1582891584089
11.080250316809451
5.294914337606402
-4.423211481004275
-0.31240527132132906
-7.94333618010815
38.9225051949039
29.879051521273556
-1.3069409509177536
-8.04663391232511
-49.196462494140206
13.028327345149254
-18.00237725678853
-30.67743907792501
33.97252279262195
2.1476107910752233
-0.40090559360011907
-3.553182692942361
21.10227685241562
21.55144365603813
128.3266235742778
-16.904628158057786
7.903526845987441
-0.7155291943790734
-0.09963753217913443
0.022819104789317177
-0.0372794547784995
-0.2986072369100625
0.13546775425598856
0.018412673622166354
-0.023882974218112626
0.009827272134380043
0.14563729034531733
-0.20339858112627843
0.007790930012984739
0.1351479323861443
0.005324918503769808
0.014754392407064847
0.0017176925094141875
0.053938941701881904
0.13507737400553915
-0.009604284942489712
0.08562682185534916
0.3078215960701996
0.5801940655112962
-0.09139857421180793
-0.3586085295093434
0.05350362883660061
0.021750412034564324
-0.3052128437712408
-0.5520907585159847
-4.954203576688667
-0.0102659873564296
-0.011474791352835115
0.036024161425584886
-0.06359312789131591
0.023847745054746048
0.018166623055840686
-0.08326687165058555
-0.02371580882121288
0.023538462574933947
-0.2842246075927426
0.19899665341741987
0.046951834498147875
0.07546131794098207
-0.10209862853482865
-0.10271854237374829
-0.10411419461213933
0.07031729237910404
0.02129946892063208
0.0518101769045453
-0.004601749332727014
0.03365328781375108
0.14501964576519247
-0.02197159712749101
0.03872288026990392
0.10433656955985858
-8.00380972492699E-4
0.08738859359250346
0.06833447903538804
0.018298132761739826
-0.013499637890990413
96.33710361576291
38.08927741299606
-5.233838591195866
3.0482798454969364
-3.2019729757090514
0.6622197628278318
19.427093549737414
13.66149207307308
23.429248566923274
-32.59259968335678
32.42724087251881
-34.910945228319264
66.5910535304505
8.37707892821906
16.963396241878115
-4.429307167190057
78.3274818090517
42.48973954720281
-43.7649475973265
8.636806403100385
32.47056980694763
-17.071932028337578
2.3806136769761017
80.8707856727191
-122.8628375856938
130.7757699608109
96.49637586272232
15.483763296403207
-55.13482331002919
7.764500582727174
4.964817512870469
2.197888997756592
-0.06726142926069484
2.3363808565018003
-4.716379474653053
-2.766781021369852
3.293077609235536
1.1483317295783295
5.029610006926647
-10.653065968167374
3.789187794560047
-14.833824084649516
-3.3578757647720896
-7.036204816012328
-3.6352412000575853
-3.818649506993909
11.497786913276173
1.1639238462680024
5.903269980091555
-4.051975219295599
-10.37696655860226
-4.902384685734044
-14.52288690316878
-0.594281125220983
-1.480350979712494
0.8529392830356373
1.7091531616680675
0.47420407223871597
-0.6960368657855271
0.5384041291846661
-11.434098896649276
9.311850813098486
31.255198800654153
-16.532499179985972
2.0893164304376244
-1.4542512112200277
3.231438186634177
0.749760903600253
-0.754036579863328
-9.656246976558881
-6.289281605193959
0.7426866372490012
0.09465981200126974
8.827439547399367
0.5878208418685597
-1.2139345179471335
0.45295403669775236
3.682876503372984
4.934715923052678
-1.376802853986969
0.32543817332740316
-0.10350514462789286
9.273792116344039
5.9146748681944175
-1.841320108441135
0.8460685557304035
0.334675209463952
0.06718517711485464
0.06907966005773518
6.377051481603008
0.2553366280125271
-0.6105179485561042
-3.634524467422757
-0.034954695929430596
0.03520560217676757
-0.34914181013878104
-0.6117094025524302
0.9408463644819948
-4.249194427539196
5.845942130631462
0.20158469252252023
-4.182749039185664
1.3093843137963839
0.3775241417006044
-0.5632578633708186
0.00345125261952459
0.04949376197961018
0.36148374998021804
0.39483338680493263
0.3216767784308034
-0.7876441470034401
0.022040836174441646
-0.2713710285304872
-0.6076249561546019
-0.5590412945929989
0.4540379082068726
1.5719220051468397
-1.0301525641157714
-0.05769082564297848
-0.01333833696918828
-0.32442554059586726
-0.2990551682102491
0.013666135724815828
-0.08186310290993094
-0.0432299746462697
0.15759557028535764
0.009148455961542689
0.07744034183392105
-0.0687470918974545
-0.046887556596790954
0.28372746129791754
0.021692829506766632
-0.15729641374405795
0.016982872796499755
0.08313475651590732
-0.7063439470552334
0.032845059955410275
0.4138577033098647
0.05709784574309173
0.07611493474911624
-0.03120941371378876
-0.314591853324581
-0.4534714386719063
-0.10945440210026253
-0.054960885768610065
0.5176423754544531
0.4091102360594769
-0.024702396056132937
0.1778227087904589
0.04211826371761392
-2.684824996329677
-0.40662524507446046
-0.8250849872658276
2.1941194880966304
0.9792966244091065
2.671159175818321
-5.668310598245235
-0.22608613278494144
-6.302760647353114
-30.450731083706962
-17.344395050008863
12.04798755517955
-5.211965143573672
2.6884610790746
-13.358062481627712
2.0719007253367643
2.5124098051056056
-0.04185915351658529
-11.629876484439931
-31.86200680759108
-0.33457771856412083
1.2668758970762837
1.7496869005856497
0.691485263555841
2.251158224284067
-2.1694371633323213
3.748447053253465
-1.606999328905638
-0.11591946405381044
-0.22379741169906428
0.26786906599677945
-0.15337756302389807
-0.3427789690512558
-25.34826747408154
-13.222514306375606
-3.234574846253294
1.6756448917357372
-1.9362797521130142
9.289640791948926
-0.012531014065958083
44.23513667249392
-17.267920929553537
13.010190524685436
1.7544479209351012
-52.74713337289917
56.43195687033694
37.58637459187963
1.967267792834496
-0.38882675519459636
1.0290720208628634
-0.8300778764906953
0.022318288420859117
-0.030373240482191862
0.06770144669822098
-0.5571369096249925
-0.7411495551867208
0.2577766302373908
0.07107313045272944
0.5732708757200117
0.005170252722432931
0.038403331147695646
0.8653169654393621
-0.14581231889350124
0.334417365844414
-0.010283376257942194
0.01739038919428591
0.763992293502379
0.03601410615688164
0.010156910883171808
0.0027930367174863434
0.018888828887144632
0.023413659612937433
0.008468149984906085
0.019267723319867477
0.01926004784608545
0.019980492245873054
0.025512550821360207
0.007799491921138577
0.005398727966319696
0.027640064433686426
0.022157974342783396
0.016595967330347582
-0.02702199333136995
0.018045902286744714
0.018233277252347205
0.021707743128458988
0.027607499968494608
0.519252415749234
0.8070720854784885
0.0029178449639380914
8.26619690729416
-1.0832876359521275
-47.45499804217769
-1.3553426363849561
-0.491256838847941
6.278744358276067
-4.525441619494607
-0.4855433320843309
-4.33938463162102
10.219163681787956
-0.026465124721035013
11.822853358752692
-2.483671829285632
-22.770833596923925
-1.0691065888402749
1.0367105339623088
1.3646519718045345
0.7659010515303921
-5.475795535714975
-10.212761271939128
1.6932649384438538
0.8597197373547703
17.65534521019873
-0.21074447659074227
32.97054093272841
0.00591788885909467
-0.44266470933243196
1.2894219606281399
-0.5605293738177971
-0.8325313763163943
0.011727082808821045
0.02824178804471886
-0.017317624489407803
0.0209866527116433
0.024562547324866502
-1.6307860155301241
1.019216159390668
-0.05809718746311123
0.4587816007297124
0.07004247181971415
0.18830011792703785
-0.09256500771581201
-0.12752419605673584
0.005560091527686786
-0.27654441207641256
0.37409920359229315
0.07313011479944277
0.027390437840074486
-0.46214941873022936
-0.07320788540618521
0.016698088733076964
-0.008324281877865512
0.05200984034028195
-0.11712624662492654
0.03869279017924245
0.029351514756636884
0.008830656224429096
-0.21217874550578236
-0.014886445298556449
0.029947896684701995
0.02034831893746955
0.37663747805392755
0.036191958685998254
0.1105757622455963
0.1238910543859561
0.019380646402757197
0.09917287970802509
-0.02302699643232449
0.02054243962785732
-0.08974525905455209
0.020931565155078855
0.7182431098359757
-0.91411480748511
-0.24448468280957322
0.2549798776414268
-0.10411671129706157
-0.01388227535061511
-0.2792265832686269
0.018709149514483103
0.02737781045108255
0.007443247031440664
-0.13552282021184173
0.1892518510475192
0.1295468427071522
0.020477734619633786
0.010885516117766265
0.005191313874989947
0.028416180175196926
0.01607271837167018
0.021393471371677856
0.0037211579507709035
0.025230062908993586
-0.006062820054139669
0.014598443005383528
0.017525237141356342
-0.025849023119236505
-0.0019823720972183385
0.006969229047003
0.0017804071825518813
0.0062366913190455625
0.02392082727880011
0.013889953461496194
0.008037072930001991
0.02428019164634774
0.008512906867907318
-0.01265702226453119
0.008549596216915022
-0.0027303223146153193
0.009806232744805375
0.01976183992979361
0.012090396946323075
0.024119544321251483
0.008064301963432887
0.019721164593312
0.02173880082502622
0.019840111744701683
0.0283109281113849
0.007077596428599251
0.013868514870620581
-0.0264927685623058
0.9335692042991497
-0.5935275693456292
1.2793509424313814
-0.4880893422326051
3.590182004530633
-0.010233493671726905
0.025364368627609536
0.01697414193995369
-0.004976291177954783
-0.002707973253841949
0.018743648226954946
0.004931246105497135
-0.07618927909600902
0.3924054188252959
0.019054225603013016
-0.007227576985392194
-0.01359890627455577
0.028070582251621352
0.01220926933466862
-0.0027289276543916454
0.04844164226738325
0.0101440556877879
-0.001519144771012092
0.0024168227450926598
-0.007665025055656766
-0.007389901699470616
0.03606836120032678
0.03778001578061324
0.007718556997018624
0.01317174801795387
0.04262870644117145
-0.15085641472868802
0.019824228700836596
0.10524103362034731
0.05973990610435507
-0.0315689525146444
0.4783570385412539
0.053446473824013435
-0.11113144276182874
0.07369773781262555
-1.352126932512988
0.06714361571098884
-0.03399121470179729
0.021746117518195687
0.1119863173269626
0.7159834643411984
0.01939416173740508
-0.12397692780426889
0.09634582763942504
0.11409617705555175
0.01987761653351015
0.09394493760366449
-0.07979826332894395
-0.03155403841592097
-0.12517656040416886
-0.09789595089492885
0.1056166682506447
0.09531967341874702
-0.007076952949141474
-0.05334689069177159
0.8871404543672381
0.11055494608090218
0.02657839648804651
-0.03150558356324211
0.02252163575555093
0.011744629840597454
-0.03050712413424857
0.005694188687364909
0.032077025876738365
-0.024237198895012434
-0.002911411851170499
-0.009757721731649136
0.0525836390345348
0.04121277199129108
0.006442442315892536
0.022781582726150305
-0.006161044574836863
0.016896918232867555
-0.13508151955988693
0.037102508798074404
0.018116639783697947
0.014021297665867634
-0.021030685230135005
-0.0012944982105451877
0.008270841337303948
-0.011612460200888458
3.0596746785005924E-4
0.008355787492468597
0.06915934815532099
0.031998650703204255
-0.003942941668293866
0.026162814872887342
0.021319705247298613
0.010977941423384227
0.023526617821885653
-0.008542015830500606
0.02414703185026656
0.029185834448929807
0.012015303405879526
-0.009440336795284726
-0.008516139126056334
0.027288474804884253
0.008798012574565155
0.006583059512018273
0.019006625783874027
0.013991593763192213
0.018490046567441347
0.018573822136246962
0.004663126568092547
0.01584387079376464
0.02263295504687716
0.021621992941018763
0.0155086543101436
-0.0018417016619052232
0.02045790266990126
0.01601085694966089
0.020244695025458035
0.026714486478629625
0.02414811433209861
0.021153321803853854
9.918768102352908
16.377083263404007
12.646269355458196
2.734420887803924
27.97527428047349
1.2823748935768804
-26.27521945545864
10.137701033248977
2.012733135554795
-108.06799235821379
0.30414029680269716
-0.1725889872727164
-0.23051463315917947
9.601248030889355
43.22389131143401
-7.155766699433194
62.99212734794619
1.694813594419252
-4.967576009020047
-0.16432283697786154
-31.263665930198798
2.341026651901089
-17.943236523016978
-3.0974399709518163
99.27589980785179
-9.203648823972348
0.5823272455280857
1.290957049767663
4.371056284341205
7.4511701807965975
-0.6560330335520246
1.2352611394288753
1.5193759800850752
4.6892584659173515
-0.33055236613832695
5.628663662089609
1.3334939424595211
-1.56650475341721
-16.416174748850068
-13.591911870245545
-40.39493865792525
33.43530645799572
0.17165896756018878
0.1976675605431257
-2.429015390862099
-18.26861396151915
0.30538531364679394
7.0672890159621415
1.2077550599163807
1.8911834241592045
7.79773645714218
3.7133402777537206
-2.0033968965836286
33.49172218545771
3.969249512521574
-9.5413726470297
0.14385714570376792
-0.08375227249475857
-0.2755600412621778
-0.11998026367176703
0.12015901330208018
0.02331210768608501
-7.680597166583372E-4
0.052542748604672396
-0.17156023755305733
-0.04594172052979297
0.018415884694527238
-0.014818351645206819
-0.1884890642880848
0.05854121810827125
0.11860663609442293
-0.0723756579966814
-0.014958662666140665
-0.006062328941338439
0.1067423086956005
-0.4105767097658591
0.004244966968094005
0.007978219690128019
-0.09274384383570522
-0.70978925519483
0.031493254716070944
0.6084120236526527
0.02648017881920436
0.02158749750171146
-7.72249422026787
-0.05087699224376513
-0.020478366322109937
-0.29776592048915734
0.034131857467389906
0.5588134055579596
0.06213917801678418
0.011327713787852843
0.023990777224384603
0.026275276999593967
0.014571809726073432
0.02322091152488457
0.053168067538907425
0.014433200973972823
0.07874758615057785
-0.009373253660785343
0.01858102643333954
0.0057843338711959505
-0.0094859475024703
-0.04243112672630724
0.011476942784300092
3.058129145221379E-4
0.017439082492114157
0.01592319895696744
0.024469865723717822
0.014593249300717915
0.013053941621622633
0.024553856992884385
0.004046139053260243
0.03119007919288751
0.030010883025938042
-0.02842715111112496
-0.0012330739850181488
0.0028060280242410236
9.236808014551924E-4
0.004732151777261576
0.6455750417061722
0.2553861910296456
6.738953683694809
0.2794159371138681
-0.022524406487872923
-0.3978759297975749
-0.21904184261214932
-0.022757417937399257
-0.6448045752581877
11.591140016574535
6.238138802432356
-1.4190619345834703
-2.0498649480053066
1.1285561343812
-0.32970389414937684
-1.7062995792365427
4.476752323591291
0.13336904083216672
-1.1503955980931302
-0.23606378028200195
5.412476397258462
-1.0985842625033835
0.46023918984385875
1.6061434674333224
0.11278931082622631
-1.8457743275390095
-0.23253445744950316
-0.9682986932932716
0.3487505130667404
1.3618037162144196
-2.930867668977943
0.3893729765131775
0.6318972628982613
-0.06337396652153532
0.6048039450294554
0.1475978976267671
0.17601805691319505
0.05696293809450354
0.09364840369614746
-3.4948668505503426
8.349949458768092
-0.07819528882712871
-0.698569306699812
-0.7659099731613425
-2.5987789477286296
1.338987661130514
0.09663066007154185
0.04727840322151253
-0.0353668263168248
0.24994026553607238
0.028903019877994082
0.12529345946452788
0.08576440304789258
-0.132569737297982
-0.0811484168207586
-0.2177983764560053
0.004028897913307923
1.1761994879852675
-2.5734841891335782
-0.057598115243830884
-5.348279522748498
3.8996413792874236
-0.2042073694447798
0.26037648000765784
9.03318566001313
-0.5369672575160869
24.248714221591296
1.306890547870582
-0.4142128406782316
0.8613691038291563
1.6690381210025855
14.389711532474331
0.3370863441128434
-33.77759517413381
3.3524718601585453
-3.4123195842866663
-7.480398520243882
1.1297341719718428
-0.5233137159109552
-10.445824014286748
-0.45921114411574737
-1.518143660512879
11.178504477278828
59.53239462580289
-0.15863959091083796
0.45465890154854105
-1.2031762758883635E-4
0.24524723098307094
-0.05886637904385476
-7.075387201815523E-4
3.7967076709028853
-11.035437477344376
0.24914664132949482
-2.2911196319690657
-4.025584795908198
-1.1829970038827624
20.294539513405148
-14.324797461145337
-14.68237494893073
-31.453060522442527
-1.7553475784110488
-2.783901167114016
-9.816154412369936
17.888720402412076
-0.8985806675489665
7.706112867363605
-10.392957028139348
-0.3082362479254016
-4.111711130333148
1.5248091706974107
-0.10402889954624596
0.11998226739751591
-5.578728244849144
0.518202451289289
-3.321008280081249
8.53443593430247
-0.6445787817179167
-0.40152415654160295
-1.9836776213863994
1.2611106965498298
0.4596163154227883
-0.20561019900555466
1.1318604307111353
-0.24177019739998454
0.10521998450567902
-0.03275229787428882
-0.4947249985341557
-0.08939828549272774
0.014493228681554851
-0.03181798627291231
-0.12038475957095708
0.022222673894925746
0.01465737950217105
0.00248010711183815
-0.018792793703103387
-0.8079941856530115
0.4966445620905826
0.004055980979269637
-0.06836573028436113
0.029560210534921277
0.007296403979483362
0.030011881589374144
0.03049858496168989
0.17451347693792008
-0.019661731619750863
-0.01925586328866927
0.01662696793521535
0.012225337285371039
0.03800546875914676
0.008337146851637032
0.027122050779295425
0.014840706159182574
0.016543326798287898
0.028652251676165696
-0.030809223032388523
0.04201937215738566
-0.016920644874000537
0.02564113999528433
0.03275963110730051
-0.006923535026294304
0.028715608001775292
0.016147435355650684
0.014311208832132433
-0.04492604398859784
-0.007066491273767131
8.801143972652929E-4
0.015209292310530226
0.0046452412715659525
-0.013993280146121168
7.955378591191436E-4
0.020731966704067503
-0.015222159508549283
0.0023333172981244888
-0.04256613609784152
-0.05993921985835023
-0.01260589569594663
0.06860934452542926
-0.008898462455392978
0.01208388289998084
0.0018274505531275624
-0.00990665935003906
0.04572095532964741
0.019779488759521152
0.01859924110963418
0.011356583443874706
-0.23621876990322674
-0.001856447174836163
0.010212120898591309
0.01992396925533049
0.01016544839258202
-0.051031953203929115
0.029812298361152848
0.029910368571996963
0.024956750822619302
-0.02265988757942249
0.22341633601384692
-0.060900374844528996
0.024954085152651795
0.055900074973115846
0.028730890918300077
-0.032847095183826454
-0.011500158905160979
0.019654090035049403
-6.356750833594547E-4
0.024220998111622358
0.1617590065099612
0.2035480214440653
-0.011376561679323223
0.24358647670527805
0.01600831874644798
-0.1956222301402458
0.056426080622243496
0.02876102243487088
0.06629434757482867
-0.028404956000267368
-8.971093947995461E-4
0.11103547255505164
0.005580454199979046
0.1633199752690598
-0.0068398900193435246
-0.03752195364992907
0.06335916975406874
-0.020810100143045164
0.013218937835526513
0.020027082143828666
2.0320748188384155
0.013563074690580832
-0.017994255279342244
0.016392662783393866
-0.015713733361827138
-0.08143550556125383
0.06374013395597901
0.013627842934120915
0.010644906448443153
0.07222030703874806
0.004302327407837916
0.014954354830401077
0.057884230780426725
0.02374327843378238
-9.083606662277864E-4
-0.5043325182863172
0.7057749064400451
-0.054259436804553564
-0.16135251765473438
0.024956606002125327
-0.01790020562294856
0.019661836888943175
0.0316621288412114
-0.013278831506374319
0.002936423820984524
0.017425045438946282
0.022502327087435763
0.015260035890019237
-0.06589763150409975
0.014354940100541426
0.08187057553209579
0.04147558562814245
-0.034390922107043524
-0.41400834730724173
-0.038887574241351565
0.4650683635358045
0.2568739134929947
-0.09834304152372893
0.5199818978780275
-1.245881625746621
-0.22933073929600292
-0.1997753593677769
0.781591843255258
-0.12805883314676847
0.09150647675779718
-0.9699881074339588
