-32.80901895740507
10.956179239422568
-24.496740527204995
19.664637825047382
26.928245073390762
50.97399762932766
25.070241750008975
21.032515370017773
0.1803459944194137
-122.14406266669896
14.037302304195618
21.557420280998006
2.0225195051939022
10.5585457275447
-9.664648765229527
-61.86908036840767
-49.138629072146315
53.33928871224724
58.3287863947931
-19.423227099068068
9.051349488943485
32.71506556766126
-58.93017828189165
6.786242281530272
-55.66848647986183
-10.515691215355925
11.813114192789868
-39.90684483086903
-26.075865726300545
-11.17366527202768
34.22648116386072
5.997334123994064
10.133395839449696
3.0140771553000816
-4.515707900456133
-4.355002265350836
2.2394814730817365
4.196898223490195
0.5200854632719192
4.361139747666325
0.044358867668857244
8.899903958565819
-8.264218597427174
-0.7403106086858938
-0.5562431489360534
-2.170620805131995
0.019945528077968996
-3.772550836747643
-2.0532177639099523
0.6382229213557618
-0.06699481365401193
-12.767130095943726
-10.589235007114851
-3.6878702577538762
3.5041371886779515
0.5933277421557008
2.8120374637509506
12.53620374223547
-1.466007851038831
-2.131006874474436
0.054646279191330464
-0.6337650306827486
0.9096035089202626
0.13806337669447197
-2.082199313874852
-0.14597648547376535
-2.3856074111901555
1.4747869257376531
-0.029655512425015563
-1.1729369855352474
20.50328913990455
-0.8193023692466849
-5.926771072842139
-0.44837390568395546
2.338205497383877
0.6600166746787755
-1.0907894301055028
-0.03441826595169872
0.11368512263819952
-0.26218008355553696
-0.38910928176515397
3.5498486767123394
0.5445940904197691
-0.691266492528768
0.6610085301890354
-0.1669958628038224
1.6529921311940743
-2.427251937624949
-1.3664971410390077
0.7910084398321366
-16.763689374075888
10.323580920954283
-0.7629367006668288
-1.708810725353975
7.754947469569617
-1.878752159436445
-7.122662977791864
13.907013931036927
26.173760299872825
-6.44917718241403
0.33241131773830307
-14.731590680244617
11.67909153482965
-28.556722931063774
5.1922098369193765
-14.390590203257178
5.5854991550407345
5.832261668931308
-3.0369041958411818
-0.6352797283866355
0.564855853355829
-9.989133263121369
12.571140814280907
-1.015533520628261
-29.00106949516693
55.074753354842066
23.527605634411277
2.5633031037453238
-10.26935870445147
-2.876874928755651
1.5451046290425632
1.136232444614604
-0.23298382577751373
2.993227102466199
88.02082436564886
21.512465310704936
-10.17836052663567
15.409139105162199
-116.24448434616417
-144.5360130847398
-18.9716896113798
214.76187011177578
-143.34764839798254
2214.0774412326955
2.5401271958399234
543.6139851798679
-537.673883477241
55.059229471826924
-87.7947557366819
-75.9889480043225
1045.6438964899771
141.35854861875148
205.63225873778094
-17.75853689981558
-33.17975143606947
18.658620175170103
30.495913630729536
12.048320502784408
-13.607625411494443
83.4340168564748
876.573066504428
845.6608810885459
2143.2100833178174
781.999948911534
1985.8627872546103
99.40818933282085
764.5360546059172
64.76685458696517
32.294331808330305
-546.2099762187511
-873.5050629743314
-23.470253836270167
328.463716937641
548.1011330673243
-215.09616801642107
-34.692481905418326
173.94306223695796
244.3566542193482
264.1369418860669
18.280387770098216
-91.17753785157754
16.380368961714755
1639.0060445070887
2054.1952199089324
-63.14030617684099
27.57474127426727
14.029943634054206
320.85569510984885
27.629733017930114
-123.87745096807565
170.93707874014586
-8.124347046912819
-50.80408770223439
-2.7381968968941326
-27.58774007893552
-32.18293398723458
43.91672136785201
59.27283360754201
26.453102441999082
-32.94378220637195
-5.320639843327858
957.9880487485025
-235.22141255559373
0.437646160695882
7.221107768240168
1.0051478128720284
2.402088934859605
32.80424329050205
-58.01545713346078
11.833860442425223
-6.201894505226579
0.8072300165312006
-2.8150817000227404
29.840918449485883
-103.8774367170344
-17.637785925837623
53.14716448950237
-11.679504086253015
-5.002633747948249
0.07643410252963714
4.5356661684303665
4.564786413544861
-0.47385883303189513
-4.972959502944635
-0.0181259315925865
1.2726978530908921
-0.3881565815025709
-0.2744853131730267
-0.5844261542446949
0.01704645701450482
-0.7897820500027232
-0.5208331107255902
-0.3988293796596845
0.040113048428156876
-0.109607948977517
0.2506086724858052
0.30933781084767736
3.786426666610579
-1.0094807075319987
-0.20073657793145508
1.0335472105211396
-1.4585354337782193
1.6260687026719192
0.1947470726909811
-0.2747293315538263
9.086037492032172
50.104508459249224
0.9067187395761362
-0.2899923810511125
-0.8951524855213507
-59.32450317695275
56.97166320800406
-123.29825291760608
-39.65012099071444
47.74739572770691
66.29808833077837
0.35484077318159934
-2.5538188843123275
12.449644182201823
1520.7909085084616
-35.614311521554484
-236.92826271089854
-208.02881212301182
11.416787381098272
-291.2929001456851
243.06164595556717
1197.4754331774934
51.22843965014552
1748.7401513346
-481.61402974339416
348.7722423711387
73.94548052199049
24.367521089649888
33.794911339416174
-17.513095179134652
56.3670613291485
-194.10297387470413
-55.147496707106384
89.84894736768399
26.884027841013015
2.3628879433265744
2.4626806474239693
-8.708058000142465
-61.057335608982235
-387.97049140313374
64.32002497550664
-0.03796365806660835
-28.01365645492804
341.9851234615381
11.36451938714007
2.2643064430668445
758.7797142237483
1220.5836812937223
-0.3802019194268034
7.806805357137908
-8.920775604529913
-242.1627642381121
-14.725693023482972
-58.51657354969
82.31667073245052
-26.11990508991421
-2.061530880702723
1.0636236584994327
-2.3970243825496493
5.29932014689593
0.8680479042926876
-2.901893571951336
-0.6256787101709835
-1.564299247038526
0.012637390220095265
-6.3573261703451305
-15.372623856400455
-14.76722827209604
24.873189686537216
-8.108094159140524
0.9683015058703491
-3.906290822610975
0.0014032965892523607
-0.01106893811389002
-0.1518829219726005
0.6588316862517772
-0.0036163393796709857
-0.010668807543923187
-0.02427491627745422
-0.0242657341807184
-0.025919249971794945
-0.09670613654385202
0.13858262463594406
0.1490879891002485
-0.03482301665330226
-0.027916270289227565
-0.020908838621164556
0.37029144919648016
-0.02159938157561381
-0.017631069128426137
-0.027349035393234626
-0.03478198950908965
159.1972426574473
-53.05695614662043
-0.06614246649870001
-2.269495923792062
-2.670901728566684
-3.5655320938432467
0.9251602354119124
-1.4158189392792877
-0.889617574862638
-3.386536879560284
7.410322624364794
-16.703059479829857
6.783962914376577
0.06659868117110475
-24.023027643785486
27.119976405484785
-3.695271426931139
-0.6138828715495711
-2.792507011693795
0.20662625112656205
1.8996051642064593
4.833109187911221
-15.624026764623208
-26.89253367086962
13.496445450795461
3.896850636984047
-2.594110872209889
33.2255758710975
-0.027803343883793543
-1.4333507418190456
-1.59335617909548
2.7133240115482513
1.7727869294028924
-2.451307922143548
5.48361319851268
0.039027085733129276
0.3455019461025056
-0.030945730846400583
91.85348245399342
56.92644805796399
9.556288009098775
4.0331809335270705
-0.07755026788104673
5.1506869267041155
-16.135971355262026
-0.06631335962164694
0.4385895943089637
-31.409410007939016
12.959880480519969
0.24917408176165648
0.04444306683908761
6.836717522136982
2.116607451849949
1.2015749089092926
-0.009103668814347975
2.3841696947006086
-2.389235017776107
2.066393257123819
-0.036979229538961066
-0.024578705625985506
-5.226245548743722
-0.023820381762955544
-0.0377305961160982
0.04105238213972872
-0.07212590012428421
-0.18334346062929932
0.02568314823228771
0.048628070291624366
-0.6460623754422905
-2.4727243724455317
0.32178738866006407
-0.03367301720036892
0.27452047954217773
-0.08274110570386725
-9.428500374491803
12.483661956934197
-0.4906044393408073
-0.1411291357487266
0.38219874162928436
-0.20866224492608063
0.4979434267212125
-0.008657032937625044
-0.8077185414107945
-0.6892541975397628
1.5622306917049642
8.1093039485901
-0.023347774458115533
-0.03269941993447145
0.002730811914289245
-0.1634352398479913
-0.38441457703857423
-0.014490312521733993
0.028044116391821257
-0.012366205922674258
-0.027637288240995473
0.045011064384313224
-0.027416623650422998
-0.08607603373435331
0.05637854413785102
0.1077458806895199
0.1364866026241442
0.020586394898622455
-0.09908106413111317
-0.06294123547081995
-0.039840338587517996
0.04631299604162288
-0.03198687722379487
-0.01095560084109622
0.01846239189414352
-0.009069702716797723
-0.018448142111419867
-0.008352015909318208
-0.02978604642283027
2.9071478476186704E-6
-0.024627798938094785
-0.01926531721129677
-4.986990934991358E-4
-0.03815230694525179
-0.023621194326984275
-0.03507515656632404
-0.006821057115408041
-0.01926324833558117
0.033730925718024274
-24.843286427283456
-7.50131320589242
-32.089009497295066
-1.9617250493634235
48.35895048015413
-0.05434632899105895
-4.685592127293049
1.9774645113503768
0.10079628776153163
1.9543271414730183
-0.21749951239933604
0.015203059847910875
-16.999823752422675
-66.2398100552449
-0.5648591676703855
-2.0851451866433806
-1.5870909467598167
-0.03304547670144707
-0.024095694262639532
2.2906664007083326
1.8834343610292161
-0.011248752389267617
-0.04537211033910512
-0.25435431832257216
0.12836602332102917
-0.7308969578134199
1.6427560095633613
-0.7223601788539871
0.30111347237984154
0.3599446798712144
-0.051335092884114975
0.30170974134039596
0.0025395969487924724
-0.24342508272072444
-0.07079761219678403
0.06348038054741723
-0.6766650015133913
-0.008971964409973337
-0.0052642186551815654
-0.13883055916903334
2.3600725016444186
-0.19775817066414533
0.08826510275098329
-0.04313623862278879
-0.19166778078554145
-1.2279570027845983
-0.016188339147884787
0.1114513814140731
-0.2634969413938488
-0.19010060202017787
-0.019872264398569584
-0.24171634135972564
0.11095632532894134
0.10875291196693744
0.3197067550991341
-0.06251111672217775
0.003485813602606712
-0.135982230180269
0.18639695605049614
-0.015479828248831807
-27.687601499025543
-2.2759250087029814
-0.03660851531966909
0.057464061774068625
-0.028374438105038854
-0.21194806356528187
0.7364437884625691
0.02217363969756488
-1.5760916627095076
2.8488524534790405
-0.3059871182732818
1.049732602326269
-5.808506987038374
1.3688876006967694
0.3991916807127558
-0.02801148931724957
-0.24464132883480966
-0.1267235773869538
5.95270972501506
-0.10555850897925968
-0.013316085402009193
-3.0745962486116283
-0.11720789018782427
-6.654781966877994
0.09258345910231765
12.153288387229377
-0.2370126216261341
35.48393485492978
-5.430269864170424
5.00511777936114
0.004967612275613502
-0.03296186737197607
-0.026860156301386627
-0.013830830167354433
-0.029640589520837767
0.01076186925700359
-0.030422233431282898
-0.03677049332077619
-0.015137776249777411
0.011893641063873408
0.01072926801095412
-0.03438005779089257
-0.011084393056496658
-0.00829382983946193
-0.023945966047303743
-0.01762765437033998
-0.023295141047273097
-0.02340068776296972
-0.005874954978080136
-0.019961291256400747
-0.02851468644085375
-0.027241000905197866
-0.01953896142287718
-0.022412107000043213
-0.025774393075498857
-0.020171672882003316
-0.01891987634035888
-0.03365690444614236
-0.030423587923619547
-0.03567434041576061
-64.04133226135
-298.71230398004485
-613.1980464014118
-281.9831784410102
-795.8421687145798
-24.901640526455722
36.36858012847687
146.64447164877018
-80.39051575337248
323.52802671362423
1.2877543483968261
2.1001147565814673
0.8107975398840743
-23.07090842741079
-148.72165008561404
216.86422656095527
64.56727490607088
2.3400781844454728
-53.82598853616448
130.65816144027832
156.84383250133445
-136.17021427343866
472.1628603870211
2.2564359252962927
-195.8901599694639
63.14836652347219
55.97207715673608
-67.13451346640313
157.34180302595053
-219.00250430746067
-25.00565700286621
50.31569889282498
-33.851909948818324
-7.101696322190768
-44.90041852365272
2.1665873303135887
56.02233086394292
0.05841081699385615
-65.12895033917543
76.72817105026705
99.174615148991
-4.725401771890562
12.254661775546104
-2.0589384479969297
-24.02937707731643
-40.72994112396618
-2.040580504156835
1.8243720354260657
36.290061359756436
-2.534939422117196
12.150607177810096
55.997285560477735
-81.99689915518563
-108.0840455556248
52.346929199608624
121.51206587081134
97.81828261475864
39.50161081420486
-77.00346375077507
-0.3503434575268931
-9.892712492982385
-0.02936991684941594
-0.0730659737379952
4.861580867156279
-1.8963323884538867
1.3551375747496792
0.49771613181044855
1.172547670605241
-26.39805186661445
2.3093198127977477
7.011225061478065
4.454172354653784
-8.593772226867559
0.020932293693212964
1.868172256794947
1.821693012117764
-1.4244357120689892
-0.024243167335146705
2.0422836108021976
7.748898009657089
-0.8301180545197676
-17.93390973790935
-0.03336170616448297
-0.04787429394414086
15.767830701641934
0.21906590804610448
0.042554922327213036
0.3217970694186583
-0.07574981238125428
-0.2521684193194776
12.905623063064185
-0.0148120373314844
-0.0363177773850161
-0.03310441167086294
0.0410755349422435
-0.1439792147390764
2.651309482612292
-5.645244218210613
-2.2108790919611914
-1.7854670930508285
-0.03303872111046676
0.0829093246444582
1.6047468981685113
0.27910747455349
0.05018844346135496
-0.04560435006314501
0.00423980728418573
0.025335328309272095
-0.03082896364572684
-0.46972710585948935
-0.016446330201859507
-0.043816708457752346
-0.7259938303389346
-0.19439212361307878
-0.0378099522105495
0.02593671502497837
-0.2587136880773365
-0.0035352435915856715
0.14407653575394966
-0.01110142891696335
-108.29943314363841
0.519771314765417
0.09397583202633912
-39.19799912526818
-160.63303421600688
-207.88072138219462
55.00514783747683
-9.537786315974374
-22.090874543148015
83.02984396577759
-5.3870408209969485
33.17806718134745
-20.013478646269512
-11.296058533030061
-32.06978692097447
-0.18036555923418587
18.963888040778528
86.93374737775632
19.22577104018977
-4.407427185990607
48.217922164872036
-18.306385884607614
0.8806884354613042
2.5111793901149198
1.0021488844486464
-1.120805794683143
-0.7662324144006941
2.676647441192934
-0.6032727994894062
-3.055947704568888
12.6506816821254
-178.33320223665632
4.620119226498618
19.37402459167233
-23.369933078452096
-7.687094970193951
0.18878448323738067
22.887711697611024
-5.291198742643018
-4.731878834892172
-25.831474931480777
22.936334108386447
3.120835749538465
-9.437309936761379
203.593019592715
9.52685399224795
10.069697975002969
-9.616146509515152
-0.9061947475408747
-0.1819652694599959
0.21526852301427668
-0.23600304520983048
-0.25323802759219877
0.2047803298449748
-0.10343024286611974
-16.034350904224247
-2.8508721837123674
5.063273557642811
-3.0312862501099263
1.2881518600365633
17.260409740122093
-1.7573994874516676
4.223471358055841
13.298500832874051
-14.187844611189508
-0.4383691540743084
10.020665880338784
-4.225353162716342
-0.2319196985401671
-3.9963380412027694
-7.806921389338698
-138.39406032590313
5.001651198528889
59.12467762049401
7.89951108863292
-5.221806980094851
-1.2495473891248972
-34.85130562986729
0.6788271321116366
-5.600044785898257
10.545613924878884
3.0358940297881425
8.127884109939668
2.1386268135384143
-0.7597117189223083
-0.4303414222887226
-0.3106105355922507
-0.5449077629408686
3.074790825969765
0.11273127707486395
-19.264884989567904
-3.042888078166204
-10.033412624599354
5.91837045197664
-6.346971057145722
154.7741983620418
-10.4512831182214
-22.36885762590473
16.969246218867045
26.723564128761815
39.6882792511758
142.59247666878383
43.53324698093015
-33.45706010350007
37.823183557460126
-117.9051464331927
-67.33590844814793
12.819828551526419
-6.19826425321101
19.743818669968398
-44.22747460372798
-1.0421096775700598
348.4343291931576
4.45844757805554
431.7193616527061
277.47163735534355
12.371905639683018
-6.839980636346694
4.0971511152927045
-26.844087937245213
-0.20148295873970007
9.127848747739
-7.67907802400608
12.181748482115193
-2.772845787991196
3.5129799195496956
0.38304132584073897
-17.41555856802409
-0.3142498824768972
1.086808066676301
-0.5467126549611756
-0.4863185425738484
-0.030050788369678443
3.2604042791076435
-0.2205785658890918
-34.05410338522219
-21.937632319950456
-0.19979877299041612
0.24448738067699827
-0.028351881217400152
0.0771790379965396
-0.03781120868630534
-0.0026570202249156676
13.306226430027548
-0.09478053883170422
0.4535022830110392
0.006903343620188898
-0.033934800724659334
-0.8102252295593102
0.03338732361649792
-0.053692304461733446
-0.013267318216834138
0.020308298407470764
-0.03604954136593292
-8.500438043881226E-4
0.09740803044604189
-0.2207678787765934
-0.04010571408883201
-0.04092038040271275
0.25951397915457025
-0.07451487163647245
-0.0010919647245239458
-0.019175185261392433
0.045110130530518044
0.08690477792723249
-0.014311132155173727
-0.01922306272131573
-0.0557703445201069
0.11036782424934112
-0.05442432602590282
-0.025219295708585967
0.020544344781534774
-0.003016045370578879
0.047186263309858145
0.05240430867923005
0.08580707240089616
-0.021454353974882576
0.010036730225390124
-0.016842166168398346
0.2850866265950765
0.112750950217142
-0.03888582206955065
-1.0756125748596888
-0.015500004179076836
-0.022320068200713788
-0.1732047565253806
-0.002363910448728551
-0.0408509395053032
-0.01947443401399288
-0.016514580308900642
0.039784590321135
-0.037603634053012924
-0.03768331529719597
-0.031442377842270504
0.0018389895470298217
-5.032408705179559
-2.815768245413018
-0.1116596022845291
-0.15396276016139754
-0.03619732129470611
2.168192012704861
-20.62639434588324
-0.03256865713782235
12.877661616301475
-3.535760922126694
-5.11133511576269
0.3320468316524968
1.4557330836094768
-2.9704699392363927
-0.07003655767847289
-14.97497900439548
1.5056836507033338
0.9453518625845831
0.8683747435170186
-0.03671512582791969
0.04293993183720944
12.961291437126302
-0.42357638958680993
-4.626022253894282
-0.4366456762855836
-1.0391761462988185
4.575927563628885
0.0589958131632946
1.0078225792983395
-23.87963047279766
-8.072999832685946
-0.026120121962509422
-0.9179302523886687
-1.916801259635244
1.4331201646444958
32.15447869686002
0.8888481073409139
0.05750150880075329
0.1670499455239313
1.6424348544148097
-1.1690318045958106
0.06616743529603937
0.8871205392343079
-0.2624747606911074
0.023774588861192172
-2.027831518358572
0.6843037921589661
0.7902363748064118
0.5494507736365056
1.1183874475408317
-0.1805103734501547
-1.8794084449823913
0.009100810448543691
-1.0273113316273508
-7.478944786447603
-0.02799820789989768
-0.03364702829532952
-0.01869484944643003
-4.045429467144289
-0.1822077008186248
-9.718453860838512
-0.31019794175796317
1.1865584340408255
0.9212962045094992
0.4537435264853552
-9.449445682221027
-11.045303447599068
12.427509885984943
23.99051323281456
105.33246102755241
12.856846556675881
0.05222924383773606
11.723901610471174
-3.065786155537929
-0.7111855442979771
-1.0378112228042056
