-0.07348590312856493
0.04045773262660622
0.034573661360698976
0.05200476152337421
0.01842728122759821
0.060171872057789295
-0.03120099700592574
-0.007958365271747639
-0.0015119345305174051
0.04392557852754729
0.09056472773681587
0.03201899632274116
0.05096295766717439
0.058702962591885836
-0.10959658362876228
0.007637312139578622
-0.05685345101173744
-0.1514048540099199
-0.0854701105266376
-0.0682845471715012
0.10471792311743605
0.04853357325340457
0.03933187515613213
-0.0769458510625643
0.0053166150304532365
-0.026660225506449215
-0.11516627264179581
0.0738485434505928
-0.08500754068317096
0.10138812480479922
-0.220003846128813
-0.21583992769038948
1.4024693394066914
0.24265638151388277
-0.12939129390365176
0.3778186783650292
-0.12730617677862133
-0.4602876757197059
0.08017855628885005
0.043548279506823606
0.8395036705477634
-0.2771908362065544
0.03900855818468586
-0.041172157388357444
0.015638888131988715
-0.0035393832152551354
-0.1614263440096198
-0.21799481103776458
0.592901721981737
-0.14341230489162607
0.22789166587521337
-1.4145843347292653
1.7674650483680006
-0.021491304067884437
-2.053118677218156
-0.03297915363040074
-0.054741200664982545
0.8681846920878029
0.0409075455829314
0.10052496333764209
-0.01361369168543927
0.03167965917113715
0.03699785376419375
0.010581179424296327
0.225733491815978
0.025567120713906252
-0.2509393929423637
0.12440044470086678
0.02678397448973681
0.6068636892610538
0.6346441025246744
-0.10170961797846968
0.15507989206177444
-0.07242093169827245
0.4263011831458861
-0.5746776051107241
-0.8594167424973097
0.02290228207434379
0.0485223977552832
-0.03892002913046529
0.00799235198533836
0.10769034094525905
0.31471200236148933
-0.08420126730515816
-0.3854399216759105
0.037604172906509324
0.28233701066459704
0.4886311698502052
0.15861114906725327
0.0548853474491406
0.08043369440248482
-0.019586654919003046
-0.001147310855156716
0.047498423213925
-0.13693513987250525
0.07742453589749293
0.02710527891070977
0.029966603023026884
-0.030567223902057343
0.004219917843110944
-0.0017590636974832885
0.01692450438653336
-0.05850097683195715
0.08560596293397622
-0.0013458996714685427
0.010988671355010563
0.24707163618770686
-0.0010126890820470514
-0.5908649332310771
-0.039925508981466254
0.37603077121431344
-0.0999065435301169
0.014936624355463897
0.022522319080565584
-0.03447313887774624
-0.11175568741188598
0.1755418463350346
0.010957437237681283
-0.0012542773182423563
0.04901142973552007
0.010198163066063236
-0.005163828530303655
0.021031488850401767
0.018837285309471482
0.034936585769712536
-0.012873772086188603
0.017273738545025927
0.057289566167007734
-0.07121983430285125
0.1017877140474406
0.00240582243259271
0.10611207836215307
-0.046334847700759164
0.005871638656332983
0.03163181321168668
-0.13198676516679098
0.02745475990719327
0.031053906364208246
0.06589382298568475
0.11745946376307849
-0.1628907650990421
0.031677524489431765
0.006023976922510266
-0.008154358265444882
0.009556949257972527
0.03224367455400957
0.008758809787323395
0.028677987378080628
-0.006593184489966183
-0.022788845621934724
0.06652543577360277
0.08264573407744802
-0.1792003559280393
-0.0714832306532095
-0.09276010690168304
0.03696967030222415
0.08835990852423548
-0.0203143169049908
1.811805685504139E-5
-0.09000006476411371
0.06348452234573014
0.028444127181431085
-0.002234750494643625
-0.05824719045843008
-0.04581451264544331
0.007770856320160701
-0.07522596569882424
-0.05585576384896537
-0.04421209803625404
0.07163270864604507
0.017665766297555265
0.021670935971428405
0.10000727450550487
0.10256843881878915
0.021525536157464484
0.0013392607745038795
-0.01441331022804757
0.10863730081301824
-0.08850174313403077
0.21729685896157583
0.44465210395256505
-0.17893827939939122
-0.08012074265358689
-0.001956297363465819
-0.08812383419431111
-0.20283156452476964
0.2848907183957488
0.15679742957155043
-0.020457872062752017
0.08768297537424213
-0.15775405614555613
-0.04910722176342183
0.034251838454364206
-0.14074875470413814
0.3473967263407864
0.009483040264047
-0.011355856691073932
0.04298587579820013
0.1080199631285898
-0.04835844289637673
-0.6531229370779118
-0.08297918928748045
0.046535879888315104
-0.2665809729475462
0.05282644793183658
-0.04995318980858641
0.04198026216277238
0.05929577323203972
-0.003969209887978723
-0.01397108276547423
0.018725533235502242
0.022238988508887534
0.020575391722399895
-0.0077974052305886275
0.010235240798267153
-2.711986738123565E-4
0.011859383997333344
0.03072538538707887
0.016791808344930506
-0.005026133438063525
0.012725633708343573
0.02334223763381377
0.013069397651578748
0.024599940484632404
0.04142724518096746
0.00756985112892958
0.024549013199890217
-0.013966879350693798
-0.007685216841394062
-0.03008999906781231
0.007585700656898584
0.008374919941652063
0.009966533807077706
-0.03179479479425726
0.007892367773384774
-0.004131974061592519
-0.015482528584265274
0.012281204353795466
-0.015227136893171341
0.01363717635667954
0.031858817313912026
0.003734201509302334
-0.04304219419222343
-0.008945691211759584
-9.75047956485791E-4
0.056599482574406425
0.012604613607045113
0.021203292101898374
0.043868566864537335
0.09390851364134627
0.054410465960075385
-0.015688544497855998
0.054356051993229515
0.0351342122916961
0.06013605588549813
0.03230086880055662
0.026844535764039727
0.042066003100539935
-0.08695029302444897
0.03694621661468435
0.04264288738280638
-0.22359755397461578
0.046166177922283114
0.05318068048679849
0.27835372653870927
-0.02810079016229152
-0.025876172241935117
-0.04305350839401198
-0.02337426062249124
0.05069642756174421
0.03138524503929228
0.022527592504385262
0.017544947120780686
0.012134092216503063
0.18543077335303404
0.0084475274285616
0.02557351943811209
0.01246081686375458
-0.1272130189721265
0.03070366640498202
0.019850277005429285
-0.09631407142370728
-0.0335439846696886
0.021534784069699685
0.18205250433307504
-0.14458326159956467
0.023407023985394432
0.027083365011878142
-0.004517770357449701
0.0188674510382364
0.05489566904874333
0.021645120028886033
-0.0014613410286058756
0.002324001828202051
-0.060503028740311514
0.0053985243935206345
0.027373221579837966
0.02593893016758404
0.002793791062279552
0.02201929559694313
0.005681251483832007
-0.259913908474895
0.0036535183454579883
0.18648084727710965
-0.025340904366752407
0.021134956181542562
0.3089826063790624
0.017936256988710805
0.012850554263643997
-0.0010433281957360006
0.043569953066262795
0.027348334422833628
0.009635748827959966
0.021924380498857653
0.021915612928137887
0.0227221040345934
-1.2050976788057455
0.08130546469846983
0.002714192187066462
0.03145111021295222
0.025213142857268875
0.018884239537487302
2.774475233545221
0.0204852094389757
-0.014172362477065333
0.024700833214250373
0.03141405571960706
-0.08014923461505398
0.2588747443994955
0.05588192578669013
0.017604237439519135
0.03592918933179028
-0.016103256887500486
0.20885505679357425
0.10792892830346609
-0.1453355613844329
-0.3283041960444526
0.8739424040222824
0.28265479424688367
-0.19795754387296838
0.0010875618104979857
0.2947093250575295
0.3559956602378099
-0.04728296917783614
-0.025229458629971616
-0.1968443322869483
-0.2590637261768286
0.5340068001429816
0.14562477143478975
-0.1370910179749908
-0.24426111203364523
-0.7797522880298119
0.41702631080866875
0.4573233575003651
-0.22349339210529107
11.695834973573893
0.31380390931614244
0.023279108472968504
-0.06607953663104028
-0.12805335516774366
0.004899345113604649
-0.6787556830444634
-0.01382024312729399
0.01932508265152698
0.027949261293498638
0.06485086216222741
0.9210180337973781
-0.7870209786556224
0.06308914632467377
-0.030922399716331657
-0.04962862609407979
0.29039185375124477
0.02341578671142855
-0.02835073309585756
-3.0244049609034436
-0.3316640396485219
0.10923522427803606
0.014626478041860222
1.72087082569619
-2.27061258242069
0.22768971914314431
-0.006428277460196679
0.8488809361725279
-0.12033548630600838
1.000048840928896
0.033398537392801714
0.004551015753444379
-1.4322083770825291
-0.019457235745553338
0.034077149191034904
1.5316950455444562
-0.01541974210817979
-0.17254201464686583
2.0389368464083706
0.4054597790136588
0.5335994952104652
-0.2768437015575915
-0.0563989894449885
0.022075890335233505
-4.0919416688737975
0.27827944118335035
0.21003712849708908
-0.13777851871486946
1.1698010355770667
2.573780905049009
-1.3103108014685285
-0.8449649565726703
-0.8868878844262261
4.879255927620795
0.040357598748897196
0.0220069806177333
0.6907466670533858
0.004300458362447978
-0.7750191274609208
-0.5923638812002131
0.016864516935042168
-0.9429540845016534
21.150944647312013
-0.020494941857488392
0.019512462167318913
1.2638164180781104
-0.728059246693926
1.3665350364170268
0.8559478884278641
8.403061884726464
7.622742347943502
46.306556213686164
-1.790607345441018
3.0253952201769274
-12.346220395357975
10.061216993847724
-0.30435223898154823
0.20390639020642667
-0.32879158449361523
0.7864844341886337
0.6628486041004846
1.1924504449253839
2.7953059352154717
4.6690142336431375
-2.1547553680936504
8.118906366902788
-2.0539628689439753
-0.6712603426491234
-0.6369380992691771
2.3053954558190957
0.7610524423965063
-0.9444937190667739
2.8904029453461066
-0.2556533014757626
3.5051899541307643
0.018717024156183128
-2.277163420651825
0.5880147372418961
-0.18426381698048266
-0.7154408411640275
0.010075979254656562
-0.034245806334123635
0.004873487466409334
0.02664871878867972
0.1973091145256945
0.05267034362452432
0.008196710594851418
-0.17071638388644989
-0.5256851723016431
0.01762996102582455
-0.11331539667355643
-0.08030369249813445
-0.07599803370646122
0.07693422473859246
-0.04970884837922504
-0.13211234150515347
0.02898745334687382
-0.0716441557226043
0.024230395646764755
0.04299510940361914
-0.10275920226718356
0.02163735979658785
0.16991550844423436
0.13008233526103916
0.16074803556686162
0.05955353343913833
-0.17831166697056983
0.02123170855870614
0.1253632583404495
0.05662782505097973
-0.019975450284275838
0.5385661688145434
0.010865276017802232
-0.1105505797173886
0.07704404129203975
-1.5214821223680786
0.03873691434440276
0.015077479824842638
0.021209654467434825
0.10455048754887429
0.8072799268329816
0.020980080737016477
-0.1361709402360531
0.1117393171918221
0.1324378406059194
0.02275895366691081
0.10350246662410538
-0.09403533760524362
-0.0696897540912056
-0.14674641508505315
-0.14823552219142944
0.1547748225951338
0.11570500229121534
0.0017151540817386605
-0.01253119032996485
0.3782656905025828
0.7359309727482934
0.030445265974588763
-0.06459444756307514
0.025626946421101027
0.007762551980957025
0.00674798874467818
0.0053191696870188935
-0.012068444763514518
0.1700327668765374
-0.03908263502504695
-0.1365373012301073
-0.24592994013585923
0.06087688636932124
0.00673982691300894
0.02570030439511158
-0.018144981264638316
0.022879103342471438
-0.2084851160323819
-0.04426820190619947
0.022190265129568294
0.07091583080254327
5.664591280184652E-4
0.2970975249372503
0.22598246210040113
-0.2323438515590641
0.053987869482743756
-2.700148333560462
0.15099544569518034
-0.1553059782295611
-0.004486599272369084
0.029770175681834
0.02425929219682489
0.012491593368948823
0.02677049656780264
-0.009719799401609079
0.02747645403934252
0.033210013445530595
0.013671988115531887
-0.010741981934187425
-0.009690355222100584
0.031051042977528604
0.01001109326429845
0.007490739795560525
0.0216272813793668
0.015920771767028413
0.021039476728796663
0.021134803374715832
0.005306084144141152
0.018028443013785794
0.025753614481556882
0.02460325968601264
0.017647012182948323
-0.001580349848014642
0.023278663227337997
0.018218453424391726
0.023133908320437137
0.030397912441087825
0.02747764919633758
0.024212311174564294
0.11604179372152677
0.08638125902607582
-0.07992518505317152
0.07395115507656527
-0.13706277204522316
0.010816197597890972
0.023354218256223424
0.056630025126694884
-0.12781228008608575
0.17006940311426952
-0.05187350871852708
0.04600723630189006
0.018803994848260265
-0.02529534874390364
-0.0446909523716515
4.3003122257505194E-5
-0.21201331547658595
0.04684247363061152
0.035300769082499066
-0.014657719493312
0.04626378099076749
0.02360531011198147
-0.1495730663575575
0.11565128725835726
-0.17141620853594558
-0.10024725755729866
-5.453725912773326E-4
0.03590044321440197
-0.06754518994209623
-0.035932611932587906
0.032304929382234344
0.02686232402540411
0.18975046389598413
0.019150522178652946
0.1104272189608908
0.015175766815252715
-0.032229026017258126
-0.11496992988993626
-0.002795389304059194
0.013693805481443095
0.030275040367213516
0.014639554337056345
-0.019451673628031328
0.02650922538860984
0.020841068473806932
-0.23195729911403218
0.03684235032676344
0.09196402609716912
0.06863702540327038
-0.15106944562445013
-0.030656327430699404
0.38104356208753426
-0.33897919720808783
-0.08023128748374739
0.00545904558572379
0.014319268272170518
-0.05469358436933999
0.020201339168634532
-0.08038570347416485
0.03603821930183997
-0.6151265989712825
0.026526397867691225
0.015152486207496894
0.46110403946036577
0.07848209780459557
0.08157867356130878
0.02548935652251433
-0.06217337622062224
2.896496668540095
-0.675229649961638
-0.5583795540363524
-0.5278706086804326
-0.06882572727524411
-0.010052034943411718
-0.13611357753431044
0.444138749644473
-0.04303521776162416
0.009988030862580932
0.17125885435808746
-0.30539564381154877
-0.08155451177960311
-0.5638196193814771
0.030131298155979928
0.026378236100294716
-0.09270096661820004
-0.21048724447822004
2.288902232254339
0.13519018875303782
-0.30614994983814103
-0.07487040963689091
-0.14045938915912654
0.012675979723609863
0.02708640291456189
0.02991740507106395
-0.08083279578222202
0.036825793192329266
0.02446622325136874
0.08084467295641706
-0.036182429929540336
0.05322687894444823
0.021079219691955184
0.00915086983966977
0.007346186934577737
0.13976632039999254
0.011525903001552845
3.684489696640563E-4
0.020228475989660693
0.019195409298335474
0.027843800637271265
0.011176592838972488
0.014853835006083173
0.027644530247681452
0.016224466948896524
0.02239474848387573
0.03414882013543427
-0.0328960974575101
0.012318413565082793
0.003192926594292246
-0.00940692340265343
0.005730909887061421
-0.01978212921527087
0.037112728483375844
0.0015009604388326679
-0.014971451840672624
-0.004879270583093355
0.0261338518500754
-0.016524109596518424
-0.008858447572208288
0.023550777114228233
0.00531435102939888
0.022755627422654884
0.01479969776702776
9.469384862816863E-4
-0.021816066322621917
-0.07338278893331651
0.06297270347523923
-0.0157078547644472
-0.057382725198797606
0.004411292184420736
0.021077653425456082
-0.05520576363533361
0.07170903216315232
0.018768852890064
-0.011313379066392735
0.01671837422207191
0.027471570633625108
0.023293754625972905
-0.0044188540101907405
0.04923790775219389
-0.03816454710123631
0.01642484182244945
0.07917300216407654
0.01278671521436037
-0.017551761436960592
0.019031424370764907
-0.014305515811830555
0.0021243601939402133
0.004439135470745256
0.01519678425039465
-0.0438011735276941
-0.050986374317226475
-0.001451960527760207
0.006551333259509962
0.0261390046181512
0.010035719170081754
-0.04153771681806007
-0.017771005048114474
0.11734001933507557
0.02571933805781159
0.025339582771731144
1.682115196005198E-4
0.015073608586943245
0.05650473462602555
-0.13127824483962894
0.026423518681705723
-0.029514824997911922
-0.2981042921809875
0.025544841056634064
0.010647443877047124
0.2083459766403984
0.013072183479608866
0.020567152593453007
-0.019999417783249623
-0.011363052548100083
-0.05798386846040488
0.040079601206420734
0.010336703590628835
1.4275058455637802E-4
-0.5511767699028041
-0.011494705713252824
0.020520920400659205
0.02567068899568617
-0.0015299828403970653
7.465337981038829E-4
-0.058717268052489266
-0.1239785347314302
0.08301293655291093
-0.0027511672945474868
0.025996644393451694
0.28070925790626017
-0.0843251723255852
0.014948877710675199
0.04560330495790055
-0.013579088616924286
-0.9518383541943093
-0.1331038870774758
-1.1572978940500993
0.04491246685857475
0.3421764888977995
-0.515218553750794
-0.033510848676997
0.08547353679414305
-0.004712499637024376
-0.20308169174036478
-0.05660286842870358
-0.1398340942476277
-0.5824996289677683
0.18933840882074862
-0.1474353031458091
0.24645722812457646
0.10033015122681561
0.2151844316528606
-0.05702514803838615
-0.1748601193161811
-0.5860657568937078
0.41416334444192243
-0.2772716864803261
0.018004145734785988
0.04798347571115883
-0.08100884690116651
0.13967248456479253
-0.006111832592627193
-0.1447728763941774
0.02474084374232075
0.2068829181681602
-0.13228881997227404
0.017756423492551163
-0.027852868938385306
0.17027460556933505
0.05748734532142742
-0.13087411780939096
-0.045721642072330274
0.8272874075453444
-0.03506620588843984
-0.013932300664879167
0.07180933937239996
-0.7911421341551569
0.6906604269661686
0.16240752325238866
-1.125950285752069
0.05510414558044863
-0.904019691522186
14.23372831576555
-0.6136603641975091
4.610462023674471
1.1644929849051588
-0.0985455582942058
0.07688670557073832
-0.18433055252613814
9.481380928091027E-4
0.03019924478711956
0.03414995640314504
0.039313431607174196
0.07355590390275955
-0.13836577440909512
0.2398847670429005
0.06629391748582174
0.017305712760552813
-0.2859890877966067
-0.0199121557037044
27.35568296340738
1.1713411295157725
-0.17151661126874762
1.8522746495549682
1.6037999906191174
12.463656469754227
3.338914985252694
-0.5381496632873919
-0.43198523183104987
-2.0785500109146864
5.89524098406438
2.879873054052646
3.3833534417708973
-1.7130886512299
-2.1002435741509977
0.48851446628652734
0.39673409580847385
7.890339659434532
11.352090144850422
12.048469677022496
2.0554832700209027
-8.323618987398321
-2.8290584063818294
3.410674311575655
68.67391972132478
1.1064241380262085
4.118222983376077
12.789266664998488
3.3674724750509295
39.54216292708719
5.573105033747351
0.075038407467929
-0.03759693210092217
-0.06639171601571343
-0.12407640402989993
0.953496764218375
0.12665476727582592
0.036373176800606956
-0.10264791686709852
-2.152123604875404
0.9298745996407004
0.034513068019662314
0.034034446653510936
0.028397818050046465
-0.4181932556587907
3.262868830587883
-0.343202658313804
0.3591228090987134
0.20320401654596193
0.0326923411830567
0.04401534951502073
0.011367726310876014
0.020715388556938812
-0.0366675149595741
0.03604161027644915
0.18711500095754813
-0.18220980488118152
0.16646560451329037
2.68949295365026
4.1872233687452045
-0.6943437851953624
-0.2354422345517078
0.009274340082863076
0.12002946254560391
0.3333414481666885
-0.0013867942074319807
-2.768098975129378
-0.16587554453775158
5.158131669439438
0.01956191780462376
-0.01811779622271905
-0.02767285352318841
-0.018440839057178627
0.022315584390207397
-2.3600256069530965
0.6369830572642032
0.01771586636289279
-0.043724996941596664
-0.05290669599119934
-0.07648306695303708
0.3779886389276066
0.024876362456745644
0.012184697623307896
0.015734696310808205
0.19787332442413622
0.007980350527612326
0.026927046803868735
0.042537475764240516
0.006881852423236248
0.04888471067191159
0.45244928807451057
-0.2574616638344586
-0.11473521855751624
0.034162800656686684
0.0017079520321575223
8.784033897210366
-0.022064507924711478
0.06231444973778368
0.19332024181278798
0.15295102817607448
-0.054027309600106974
3.1428599406690205
1.4969004569903115
-0.09232835403695601
0.29550635514705126
-0.7615654174659562
-0.433971896104016
-2.8426954888642237
-4.002800928127464
0.18225242459542368
0.1562159785961926
1.3770817533614215
0.44774244607052915
0.25011657157714945
-1.7122916786871898
0.2586708008316583
-0.0505164329230327
0.7240211607566692
0.03591331938503027
2.376078305357344
-0.9658500311003814
