33.626394729530844
-14.285454959401687
34.830648436132144
-108.19884929178826
-21.142882561028692
-46.600087919286835
-119.98942369336096
11.104311370565163
32.61775988923645
106.48738609500572
-20.05082507694367
1.8743473301276108
-6.534706612702615
-36.93754677554593
15.86181576145757
43.276373448942195
115.6485261193831
17.49085413195939
-21.347111028881063
57.34833915030139
-46.67646199165536
70.09544336587898
-9.160768181897541
-19.138210668495535
-7.852079118074314
-39.50331523617766
-52.889696516887
31.037297430088998
-18.721050410920853
74.49718393658084
-9.210048389447184
-1.1785993194653936
-0.20134128494767836
0.326139298702489
0.12402248045123061
-0.5316760034031466
0.13424100622706567
0.1598737392435803
0.3122569252173108
-0.31310957086890434
0.0011946831765563743
0.5571995765094752
-1.69498661521303
-0.2190701747096977
0.032520794875315645
0.009585126211416694
0.06421811113658092
-0.1544854625864003
0.29712832177162163
0.3842407840926741
0.11115371273977606
0.3066018557797716
0.6534333997491734
-0.14085827156055256
-0.6648283611411316
0.08569133070793297
-0.21428512714854828
-0.3392673043745393
0.1915792787763008
-10.61025991334239
-0.04849335856684557
-0.11063701950113344
0.29809925709142854
-0.09052978218119602
0.13357013531573278
0.10992047158105459
-0.23437926689659966
-0.15128326572516096
0.11653491792117664
-0.638360076630436
0.10595060203302935
0.006151914158540254
-1.0384028538843206
-0.44867379223101334
-0.24566479702596283
-0.18267385698664126
0.3205939321834018
0.10372023419427182
0.22617164925951977
0.08609510055154272
0.2348424349716774
0.5605000850811765
-0.052361104156920274
0.025681630521517843
0.37229960654927824
-0.022680907362565696
0.25639809697063537
0.12433601847561639
-0.07024829678117249
-0.07324457080801128
-31.60892402099908
13.065197886732792
-1.1909124368528556
7.165182938210041
14.253576910339158
-18.141087746514916
-15.496456587438539
0.8554225847755432
19.971056783918065
-26.80595956561918
31.729532075637287
-9.823357514077722
44.19017725283224
-69.12262435643872
-3.8755965713840017
17.62237565862639
-28.788773241190242
51.319719609734875
50.183216317799186
-7.032111760525399
-24.70698332222015
3.413917594737382
-6.610615788357261
11.828512391237647
-39.64557131134196
59.683655942645046
8.870392740961776
2.960953092628463
-32.47225905238754
-2.9136121099026346
0.7155350522713487
-0.27509411875851486
0.13830600787351757
0.5506173076896287
11.066910071868106
-4.084113313086394
0.35020745299604134
-8.540754098171316
40.11650326309041
-67.28194416922578
58.05060486335043
41.97742944044587
33.831593351486845
-255.02862793360168
65.01596525308037
-294.13639699501266
67.43100025794303
-29.060340868676917
-22.254867360327605
121.38643964540286
-386.906329231939
39.68051378869292
-146.36581777708722
12.369040584861347
17.282350383091615
-16.77383080965914
-30.32449612320418
-12.188859953237083
14.608778783133737
22.912893827326478
-110.75404196187469
501.68933266797137
820.9505397364286
258.5918293307785
307.3238217050618
-8.070058730445497
44.913455113695356
73.27869064269186
-226.6521669987854
-229.9211602812932
-198.63173238850658
-4.828276100497415
18.90172580506461
131.32126383032437
-22.088110990007483
13.900689873047376
-37.51938631854623
86.98848172827871
-2.2943285288827338
-5.30617637287864
-12.228684567046386
5.584651434918198
94.81819809106999
321.1213349955201
6.988631076724272
441.28591409498665
-5.312633423783647
19.555379519553146
-6.395003712430952
-740.6801193120799
-0.6801178174838508
1.3467553173092601
-1.6919170301820885
-0.6699636536760183
0.7938340483439894
-13.126868485777171
-3.2898006486340736
-0.33133513195625125
18.984759322366408
-18.50622238016249
7.10921667884666
-75.27591985787654
-60.73808894516371
33.63337504298747
-0.6291198043186617
-0.35038712047317794
-0.5424853082585946
-2.1957840025611683
6.969569736080451
-1.9169582779950627
-6.266414025955554
0.3838499453256885
0.8463748429084911
-1.8298083615006993
-3.190517993613216
3.6161509348926217
5.513651538071695
5.970889418943205
0.9964948027377956
-0.05638002614692441
0.12876367306533898
0.9607877450068091
0.29577265111685963
-0.38723287282901964
0.13239160677587078
-0.7532906855695934
1.3015197895944088
-0.736207507960005
-0.44183405008537036
0.9463899287510715
-0.31430374259871224
-0.012110601265997022
0.04799081113890947
0.09416050887463288
0.12200046925727694
0.19678543269495735
-0.33446050410557954
-0.3166241481266865
1.1566768609360116
0.43357691492797434
0.939668462960708
-0.5839997080366022
0.9788087684255736
-0.05529257313187774
-0.2524079865356945
-5.837944008043759
8.344954534965943
-0.03506244220165845
-0.7008325594178737
0.5623797324116451
32.35043902042007
-28.871308727014213
-150.26837726142656
27.85656655368059
22.944171180365768
18.383606092590327
-108.41689064311775
-1.3758463220707653
23.858817422666128
338.63291166929605
41.11030118767081
220.42901365821487
451.78501413977284
-43.10419322903509
386.7529761298897
30.792888260293083
-184.5465330554949
1.1276343258601602
-110.20773573660071
781.9551871412694
2.7923336530367133
-37.888390511931284
-10.59084742032137
3.041102829591302
1.2083771023302121
5.755380500338347
38.14032978739249
38.80600210699362
6.101570023839479
1.4563391765558484
9.776437479678053
1.9732384861266516
1.2024687169209267
77.08369812040722
-817.6841157547542
127.5880933256427
1.9056860303986385
-69.91610050305344
606.456080043345
32.707504083452505
71.07304599574681
759.5389151946732
1591.7089723513784
-2.739181561172944
7.97858999152298
16.1075909316278
126.97939651692073
3.640353220618816
-48.505477334355405
100.20519537457464
32.43842247625639
-1.3810788560103782
-5.126556342127773
19.968282734364703
5.01299595239046
140.4623312561467
7.98374232670686
-1.9576172805104761
-3.48389439467497
4.698020778707244
6.634064757853349
-0.19189134210339423
3.330684916553269
3.4128310551722647
-0.7842670020817496
-0.10724657764825042
0.1995185938846355
0.18351059046638837
0.0464710528477114
-0.013732168190398403
0.08989645892536247
0.11499003329202688
0.04192436784235012
0.09539121548263002
0.09535365989163232
0.0989599984856471
0.108991766594662
0.023532642103169413
0.012331337155080295
0.136841249927043
0.10970035587986884
0.08216380676976151
-0.10581030729215582
0.08929624238633956
0.09016685036435719
0.1074713378443946
0.13668002880797048
-7.0127409527012885
2.516889472389452
0.026544752124623757
1.3070454948060393
-12.753256277377677
-3.1653507924496207
-0.14950704677558352
-0.30484765702519717
3.1271332199890813
0.6986081744506691
-0.4001635751490649
0.5245111525878617
-1.327909750491521
0.09817074190527823
-3.3139092314758476
-0.9173817748094438
7.6665126825712
-0.08392514403768607
0.20485326049212443
0.19449792879470654
-0.6979262688105187
2.8160548511225136
2.7624136491564264
3.3699785044752275
-0.8900030918574879
-1.591511700677578
0.2964973485257738
-3.8484055040091008
-0.07019103764190013
0.14045753797598537
0.3964732166816371
-0.09191939183249387
-2.4271934681654916
6.617668474999801
1.9382663521702055
-0.21375827832682007
0.15237192010013434
0.12160498704302208
0.669525864304687
0.7266620396509601
0.4714656122899809
-0.6605508165666132
0.3257645788625794
-1.682030747280714
-0.644139208346617
-0.27083709380712023
-0.029135839734328484
-0.936349204074877
0.5291144259147117
-0.31013199766544375
0.12620770619049526
-0.042563678347665154
-0.11868258063031034
0.06772414760292475
-0.042953244819078217
0.006042863799330854
-0.635032975348948
0.2801714724143993
0.1453143488932719
0.04270978124730678
-0.7345198460235177
-0.05727117313254505
0.1482669342334556
0.06492364671681071
-0.005746174545337309
-0.14579057626058742
0.09721091184999056
0.10231475255537036
0.11766321242057483
0.08287262361647453
-0.1105718671867211
0.10205413151893074
-0.07249459964139665
0.04057031617822586
1.9717555660374793
-2.7931445786003084
0.25747738769964046
-0.2571518502007354
-0.18036145071804918
0.1949705384918266
0.13089883034128472
-0.032616095154411634
-0.009869897005631562
0.07325842781399884
0.03305444360831854
-0.27619224328313746
-0.017395227401571022
0.0963767921341654
0.0539685229244486
0.020455604985219967
0.0840061320972462
0.09823237480707152
0.10008882170061974
0.04076637919857592
0.11278265200644937
-0.017318391363577677
0.09692064713472155
0.08206878964219384
-0.12379195142258788
-0.03195806082981075
0.02127323494237395
-0.04580047011060743
0.034603273185981664
0.14368837962677744
0.0707136806303151
0.039656012124836736
0.12012359834081164
0.041891283109117584
-0.06240298793091626
0.04452799094028391
0.03950059469423859
0.045809528822311305
0.09757193714530268
0.0572881331253225
0.11784481478495416
0.055916357593805886
0.03475269432809888
0.10776129703402698
0.09707527548774797
0.14019105353390426
0.03603444642003146
0.07001080200245911
-0.13140506414112477
9.176733677888185
-1.034313184105242
-1.0090416588514508
-1.4679532739537202
-0.9363370061363121
-1.966608984774481
0.20508561783123652
-0.8862223454247818
-0.04710023836634331
0.38962442491374627
0.05529391340090161
0.1500390711239293
-0.3639476731252043
1.0822159076423712
0.031677190639406855
0.21288770907287244
0.5371620812894101
0.07921719026737087
0.04192993961214856
-0.06646919580579393
1.23226401870119
0.05316851028834289
-0.0028084075466616723
0.042223325773153346
-0.0038329300448026273
0.0838254617867244
0.04313241442329387
-0.09137670895507981
-0.03325092821632148
0.02290010904817365
-3.8862428525300126
6.370760845654916
2.2808396373087927
-5.749858166460126
6.702292703940426
-4.467586667741024
8.494234240800283
17.842763359511643
-8.13656841042893
2.451673568080853
-26.50457611608073
15.550571041593628
-18.82565622526073
-0.4722582403616787
2.3975598917007863
2.493982940791005
0.5776270421328278
0.6807892199046134
-1.5587299307046905
-0.17980102238044157
-0.6465418151678286
9.963373879238423
0.39302705514012987
30.186275544802967
4.449018619166934
3.697248715219822
-6.186826405595852
-2.298439987850745
-3.3864671097868984
-29.13759857464795
3.6037665032453416
-2.068624324074954
0.13215436555878948
-0.012988829789494496
0.11150078155467283
-0.0017314568463980746
-0.2414693140048714
0.019409737525595574
0.6162101737536752
-0.5717401182747938
-0.13832208579809124
-0.01235653243686704
-0.2224202600142898
-0.3241648845311693
-0.014566495721291619
0.1121915406176149
-0.0048987992379454625
0.16217985487861983
0.7344396782741061
0.1021106925948996
0.09724699736235848
0.21206342935298153
0.14838456201094166
0.012665621322567952
0.06030974377661068
-0.8580291129858638
0.05983335652892855
-0.06300042991533879
-0.20328810091045665
-0.04611125402618008
-0.019520832434112758
0.12952763903301598
0.10555022840548499
0.05434991765702756
0.1164762765668079
-0.04229006505642023
0.11954784072022498
0.14449409378799719
0.05948572008988051
-0.04673749910871287
-0.04216195380244628
0.1351005895757595
0.0435574613261939
0.03259160607475781
0.09409856661610888
0.06926999695044112
0.09154107037515719
0.09195582894341266
0.02308634517390146
0.07844030495304875
0.11205190442230084
0.10704680327585338
0.07678070303438286
-0.01713412354791061
0.10128359067210116
0.07926702496118818
0.10078473753013177
0.13225887116383256
0.11955321106673975
0.10631254174727961
-46.768746829979015
249.87011950731278
126.35190753839183
-26.433102370069367
-414.12745345985934
3.266898226858482
12.244843411036456
-193.45605539503111
-124.32756623629578
-375.3777753271585
74.62199253754741
-10.566277585428855
2.043603709290025
17.83909114073008
126.97535162579786
-63.81856771361878
-163.07687209690508
9.473172928848367
130.64856231449681
-1.7638465587478258
-10.391856780397903
37.96121035596394
-19.383944909941242
150.29806492314796
98.63681995533871
138.4154767788462
14.023431836578927
41.44855063536411
-97.54759078436234
186.14672809298798
103.87052507687201
-47.38644645289654
135.64741042770308
27.018993974419168
-1.9670630243709653
3.9794312111734187
64.00218642522091
-96.18506611846482
-10.682846446972096
54.209296408173245
-76.40323340828922
-8.919391057102459
-7.111100331627055
8.796066798754584
101.0797111732289
99.46655342579515
9.76033720720123
-223.85100278451043
-27.37786970593437
2.1623063938596325
-38.272955113556755
168.78543422241165
-166.1251741436945
7.498529980884627
-58.70441264219727
5.620396600274604
33.36224695244179
-81.56885649468028
-1.7127624037477747
10.377863067469553
-0.013091690213187955
0.11541418171140792
-0.006034590562937306
-0.8705897501202264
-0.93089674349932
-0.14642473133124376
0.08947351492816807
0.12470025537185934
-0.11121151011096035
0.4533531985295164
1.4756025490419715
-0.1604510302525672
-0.12477052983640895
-0.05438333729016687
0.4541760826982261
1.7078531272438908
-0.16609111192373174
0.043689470989947556
0.06446653955555844
0.1387005127047338
0.4630862794831784
-2.2083316903443904
0.13109885386140158
0.10535277469093386
-46.64732568798621
0.04513938078016085
-0.0036920996833721747
-0.023203615286609445
0.07665597192991118
0.17214661931535652
2.039681719240832
0.056776172698517695
0.14828867669606363
0.13007617661262363
-0.12221060490060727
0.13916314291362145
0.38337334375925786
-0.21324798209679283
0.06671029747328742
0.18063438918140928
0.09836546807325419
0.1950667941484042
-0.664659142956793
0.38755418904339334
-0.08543924088180252
-0.001264971659382839
0.09164766473971515
0.06490672835944901
0.12114613622732794
0.3478471686039137
0.06462784094660558
0.12546633935227103
0.5587079600358266
0.059876169906709145
0.14857876604864295
-0.17422904080290633
0.2142213714982912
0.01389216667876791
-0.6326696630597017
0.031003224394315257
57.85970265075669
1.296012053377981
-12.998104648876998
8.060514985688178
29.764796376056132
-12.051322184503055
-11.789726729477572
1.9835687790670407
-4.845234241162036
30.692217876779782
9.017974027923282
4.406756132201154
-16.39054646108721
-9.307704947420188
-8.98673636549195
-6.234885615737264
17.530114097153366
83.38642799796712
43.92169944911568
6.687257958616116
33.517731753013116
-4.5694339312308365
-0.3347902187521009
0.7253504807363277
-0.023874129197123926
-0.91795618473879
0.2501645359685291
-1.326265757485913
0.042718226492723964
0.7683782933478172
-5.353385852283685
18.52913090996884
-0.6778776906721203
0.8224275082347973
2.201729120965165
-2.878046729583008
-0.01388142296655116
1.7739008541849088
-0.023416148550175975
-7.8486711896970105
53.7633842994086
0.4028638653562526
1.3546936325723489
-2.7907896173892257
-27.113784388418537
3.665437790814684
0.3279507994837671
1.3995520100923595
0.02432103464326187
0.0981875600251198
-0.11445797758039213
0.0162489349097597
0.19668050976184975
-0.07404231746463752
0.12724488252280497
2.4277022710793577
0.48758657492798335
-3.2025459229930475
1.0114596904113675
-0.4054189132348896
4.150864045554557
2.181653335143269
-0.863569514787294
5.115377421235567
-13.22589875772652
-0.5077783087814334
2.960290559830576
-1.4154403384715701
0.053207995177491293
-1.4012071715946772
1.0847619381132565
33.015268874884995
-8.661741810144557
-19.48976074305191
-2.9094965823440693
1.447505733318185
-4.402708567148027
0.30806738245990356
-0.06468399634108411
3.911466655143534
-4.594596069755013
1.292968783244176
11.06819573083
25.68483332591461
0.10764839750304891
0.008942213912073282
0.0669767250012541
0.20942231322209504
-0.3950413859817848
-0.03233825741049105
-3.4949869918414165
1.5512515066001313
2.139211226961891
-1.0434904266935177
1.2934230068099113
-12.656425588421998
9.26742458636925
-8.345497707771246
6.4804059671206335
34.41053409429845
-7.4932008270436405
-65.67178380027333
1.0642846816088956
-14.78264028692095
-3.2665776964866615
18.148983015270442
66.49135483430639
-0.7008982977454438
2.2973785014576014
7.405723976927225
-7.763415774695888
-2.3163575717539238
-76.82700576893036
2.6539175292462707
-79.38058299388582
205.68197131251554
5.198082249574173
-0.39981628452369616
-2.970148801813127
-9.59412144251283
2.1004765759466375
0.11938621925613994
1.0444661616262685
-0.11779533666585938
-0.3480085715108988
-0.2779162038634625
-0.7498073820089929
-0.14955479990058482
0.03935872009745566
-0.0803548960003825
-1.3252269491984947
0.08422812431647168
0.028387490088554755
-0.10850841966933471
-0.04672576834196279
0.5431821625362198
-0.11390098999735072
0.07582972695753191
-0.3557807675308921
0.13309780514140296
0.06497361809725981
0.14858371260214134
0.17700039169066437
0.34004921346779643
-0.22514560146159257
0.00472157856799924
0.04482879174067094
0.07584526775907172
0.10910060700075218
0.06133870813143719
0.15489788605248164
0.063054169943144
0.08052176112433865
0.14184238732725957
-0.006427590909314255
0.06969141777146634
-0.04065359107917449
0.12732377776980933
0.16227548336958267
-0.04687091689971216
0.09659836305643965
0.014798352060373594
0.07050485794766626
-0.062200010076782886
-0.03627192697242255
0.01794393550515604
0.08362399586241409
0.019215574845209943
-0.05703331755962654
0.010070936040648217
0.1038866159109721
-0.04925622455812691
0.003980600355680046
-0.21341944159866819
-0.31663440975904206
0.08771924319827722
0.01513772697166246
-0.04233911749440551
0.06013192827355902
-0.036361015876787535
-0.01330189538176113
0.2322788172743988
0.06902587526176834
0.0916410328465387
0.05306651003514267
0.10114341385791278
-0.006219206071302342
0.05175346426215463
0.098037200340681
0.05297336818954934
-0.2615834605185734
0.14759479180055615
0.1480811389202993
0.12355662139929259
-0.11414439974670627
0.2291051882368912
-0.013167687946736773
0.10794169604045337
0.003202134320573419
0.1422417460064277
0.01971339640867507
-1.2844204834608342
0.09763075535554451
0.20513320013854014
0.3580975889566938
-0.16362379498210763
-0.1050538268534472
0.2918479819051218
0.08122532162966761
0.07032123805743835
-0.13855691593318636
0.20077488572311272
-0.03729769791560899
0.27631024993395353
0.042473148796554276
-0.0025846347299143648
-0.07973967783203069
-0.0036846834508556304
0.3144849467788593
0.1103296054286173
-0.13187430359778185
0.16925371607091558
-0.09370886553245575
0.0630959214833142
0.22633291496982214
-2.8772573437578144
0.07413215152010412
-0.08374712502437877
-0.07674925195503596
-0.08007436593302214
-0.15324548036557312
0.12070427633438599
0.06666530412421695
0.06676496484748404
0.08909213367451305
0.059058390154548425
0.08601486681954848
-0.09467549995276986
0.10854053760153089
0.05135148544154259
-1.0327815533517448
-0.05092618759744672
-0.009768459437394336
0.2720992142436297
-0.047292755782744014
0.006768486722537201
0.22817936998057722
0.16011996988790508
0.030764480478298016
-0.07700652687071173
0.03678745035297022
0.11335442575957423
0.07551379993910405
0.1677462502513515
0.078926784120191
-0.23053284473252011
0.11154021003578164
-0.057055600845225755
-0.24748513077636106
0.045539535132564514
-1.304943668759604
0.5554587995838591
-0.5989875505965716
0.03343563853569852
1.2895204145402146
0.8596707765412939
-0.5124601523171304
1.264055778370014
0.831468426428242
0.017448989110219252
-0.8514162330820028
