5.361802788853349
-0.17603414737840278
3.611709921378456
-14.467600799795251
-2.8120690412712848
-13.008604981576726
-16.649523872792557
-5.029118066906797
-6.908433968912139
28.212438676817154
14.366420230066778
-0.953864154191237
0.26591235939550384
11.571493205213947
10.363985601883398
6.86055947442936
20.52160248987227
-65.79421812642926
-11.42494088993261
-26.390504786353734
71.89658343211983
5.018168381867364
30.404630763054648
-5.240250054766592
-1.63608948128513
-5.846222618373448
-11.442344750449214
-16.045241983197688
127.39705575091531
-69.8793776049905
126.82538988879517
-15.717407504408316
-1.3875455482979684
0.25393745353940284
-0.47310440319451885
-3.7222542875969657
2.210250606401122
-0.9176981365807999
-0.7747360767424342
0.8561239158816197
2.360438888169624
-1.8939666302068885
5.5358848006538075
1.927303277372995
0.07872112973941267
-0.029944006203653825
-0.01214437359945945
1.6464381394258945
-0.21442691514277845
-1.0145890226469998
0.8677658137321501
-1.67194538606218
-0.4077326217132605
1.007988511226011
-1.0437589178618611
0.7112019956215986
-0.2128318005489497
0.8989676441468559
-6.557551278373568
10.932467493095759
-0.01595389445569236
-0.24596976463386416
0.4591159943645536
-0.0803006697365995
2.3626596160451934
0.024925884799387996
-2.835869227036511
0.01934697566351379
-0.017668960921947256
-1.2497626212111181
5.337703693279157
1.0527288277221647
6.178182575147649
0.013490541617614002
2.9720865240971706
-2.013092731585615
1.5938065866179476
-0.020527277990423688
0.0676400986722088
0.3254117899972862
0.2963536394845371
2.1999014110146873
-0.023528580753276934
-0.2847808810656732
1.2932628960076293
-0.5638577847792193
0.29405835145240083
0.22425934641579284
-0.11294759750802028
-0.7357017718959226
-9.810864207112818
-6.935875340730794
0.2810067267336234
4.46341733393621
-7.490213181066475
2.2044431654319214
-1.0198889847179022
-3.177863620514763
2.5689659924552135
-7.572915295363211
-0.24241859403498398
-0.7388616852522012
19.92277335797713
-8.87700160128475
-25.508333094229513
-1.0229603994377543
-10.307314498490463
22.220476738802635
20.89498813872557
3.4157399884961865
12.631962191082039
-15.71256140302369
2.827704288100977
32.47349965758067
50.09808702084368
-40.83231749425519
-112.80385150467579
-1.9725962473890917
5.412983298005617
1.2298552489700936
1.0299399998921879
1.050146793065674
-0.5931071364220242
-3.342818856887197
2.3764758839134092
17.942639386070805
-10.8009301286838
233.42437102577875
-108.84799606605998
254.2518326344011
-94.47051143370196
-122.6555163071767
-19.764529354117986
-384.12286930523516
112.81275564195823
-216.3283341016269
-21.39510371270179
-25.69075110037866
203.33644123067734
15.303558565428725
-97.24819160278294
86.37808549580353
106.95044979467885
1.8410573145884828
-21.827390370146496
18.40411787596528
19.67861474823311
-6.829946115409244
3.16725250250543
-66.11257991291717
-62.389672186302064
-53.35486012091883
143.18029119016364
258.0920352075857
168.0311350038315
30.525698701473623
30.759473995609618
12.384798559097037
157.486920873813
641.8874032460559
-1.0083618049073833
8.246836354714151
12.963640994061217
38.86690527894212
8.218169798791642
8.58230769929493
-29.80324208453963
-150.33792962861716
-25.411531223792867
11.482690215021911
15.495652564813138
3.761733822681907
-392.350361997854
161.2590556636088
3.390765532903093
-262.4549272983783
-7.032969100822062
-2.7694718552491944
2.495330964246098
407.95763836696665
22.29928890299601
-22.005272969824265
104.17735873243446
2.7611539236423077
48.06812993305286
-19.867396418545997
-13.319529776594786
-24.381969852768673
53.81391525742122
-115.22475950472077
8.41097482895803
-72.63061104577014
27.650113993327466
98.39643785259541
-2.1339816866438084
-0.4719041031437188
-3.454932916602596
14.268577849766839
-20.28193768103371
9.806113680769004
-10.187735219371122
0.3963462312446374
-4.726739577550991
-2.2489702223637975
-17.518033205405118
-3.177831749946293
56.89203181243588
-44.53047586814563
-1.2448558145801338
0.009170208355173279
-6.348820713814415
8.571031170257026
0.09992252916145566
2.8837475620380144
-0.5518378986843504
0.8442312852783757
-0.9741332951623556
0.3854742045423735
1.9925606613024127
-1.252723410661466
0.9392049088089625
-1.8034705007195357
-0.0054199966905591765
0.10235501099498526
-0.30266873129720273
-0.6125353369850856
-0.9193133621966922
8.233608908454281
8.79980711412035
0.2940530551133364
7.545169527555519
-10.795516181165453
-3.082378095852639
0.9143748644951989
0.31729722736860266
-4.183752879716647
7.910825005187374
0.0601517613935094
1.7395421855216187
-4.002653429477374
15.95084926291833
9.83618765145066
-40.9282022130396
-5.930411285762605
-29.19944345298873
-29.023512348738976
-102.81830211642911
2.8204283062225945
20.50457710383528
-491.83396680503597
53.92913905743133
60.41204840889134
42.05548267680247
-47.103735322121395
220.6084379435098
-6.346233500335629
-424.7923724652068
-3.5815664490007206
329.65928427238106
-144.8999678213788
27.5112432603161
151.6094325141905
9.406362904275852
0.11513012432630519
47.5175472328852
20.12368321060479
42.035570867081915
25.34659734100172
-6.971972428512286
10.749213912127443
0.025695809620361755
0.7342330953461108
3.2530652544348686
-37.52067351214421
80.9408136304787
13.831417141581511
-0.24969199756301141
-42.05938453299834
-91.00369307445732
0.6587525645267372
43.89900782457548
-24.928403408366886
47.02272860655951
1.0115008814190984
5.387734904473663
-9.091460389962375
66.70835159480329
-11.318173217391926
-11.64891318355135
42.42424062841611
-4.13664640004905
0.1933404045340192
-0.07830945243297295
0.8373536344818021
-1.169505702881784
-3.6445309942393935
0.37855979958978897
0.18701014570889124
0.8922515942163448
-0.04266908792529405
1.5041530438545434
87.81219140184695
-3.0256982582160843
6.41961580678756
-0.2359304624157721
0.18511119551208052
3.997409197337717
-0.010056096081366189
-0.0021475987669224593
7.116040381520991E-4
0.09640083015930624
-0.009991879112656641
-0.006356549867079162
-0.014463164245043288
-0.014457711425322409
-0.014993486596279495
0.06634267537125142
0.23162233005855365
0.0055181238415529235
-0.020747795944975896
-0.016632708339775402
-0.01245763172895837
-0.1566403595758086
-0.01334728670045626
-0.012094915056779442
-0.01629474583663844
-0.02072335168654167
32.04150081650868
-2.5421866529468797
0.00402808576620473
-2.0627727383634515
15.122952787423069
-18.692007431840675
1.8452568504389122
-3.129818783841621
-0.6463191195734008
1.4326853079252702
-8.751057106133553
12.63906316599657
22.19259198061703
-0.24231145138683677
159.87436494349393
1.081959925301721
-59.48199174205457
-4.410229643851882
5.843096028515928
-0.30513503009352877
1.882204872870956
-2.4959361875652397
-27.785825991528124
50.711462685236576
-22.350125213416042
3.200155471373171
9.720624619270264
9.055762149650644
0.17149620105602845
-3.1153279790873936
-2.4150293056661085
-1.046665842140662
0.6054331536632257
-1.7254366049207701
-6.892808380890508
0.1023996378481187
0.017170681379322192
-0.018437682047091442
-30.340684264034707
17.665472221930457
-2.151175603805599
15.391428297451082
1.135987897647624
14.123088891368198
-5.0013353718082625
-3.135674343696629
0.04676360473682216
-10.43193778849979
-3.0407399860337083
0.7871879333431976
-0.05033723723690118
2.8366946567000246
-0.8100491156992446
-0.12560983440907475
0.013198598061295315
0.49074641085505255
-1.0510747610154896
-0.0801198915385142
-0.022032482605349134
-0.012233489754500207
-0.24083005248450642
0.06059656312373475
-0.02248015200065444
0.13545877400031153
0.3729728645900232
1.4358540391874648
0.074659261487386
0.024504272211514723
0.4714694004929906
0.3150903412976844
0.3441762026881496
-0.01514955320365528
-0.11006405674361601
-0.06209482968381964
3.3271219147524143
-2.984325204135528
-2.3782259642965617
0.16462755598066076
1.3430260840383845
-0.006736413899917203
0.01583072929399907
0.05831187552710416
0.32219052819361105
-0.005463361901932647
-0.7813899365403543
10.528394951245623
-0.09322474137207416
-0.06283720091894032
-0.011102254598107457
0.14317771179256847
-0.1649017132116848
-0.011496309669374496
0.006987423092953924
-0.00979741551201145
-0.015143954757121327
-0.08862425905833173
-0.024283455418102916
0.033216664236265216
0.00777058497008988
0.014609206453178748
-0.0011286294697103265
0.03556707578255271
0.027448176914127948
-0.04708888959736276
-0.032932873459454774
0.028210233600359128
-0.016395132803676035
-0.006448917496934729
0.006979953380416845
-0.012863598842196067
-0.022502967980367855
-9.229322098782259E-4
-0.01181524551784587
-0.048138391272814836
-0.02292001676215663
-0.028060105019949134
0.016769887418498393
-0.04487227462425949
-0.014406150505095788
-0.02191779783634378
-0.007446112566411022
-0.013421735767310239
0.02004896570853877
-11.270977604341846
-7.995103015731493
15.3987640358985
5.544901627029478
49.11300993727977
0.07609115926230142
-1.4789860645845732
-0.22676483705074552
-0.10832361621435652
3.6436852092526175
-0.07493421052452216
-0.1258886536669797
-9.597328838477464
4.197471360418598
0.19321785798397337
-1.6940646544284488
-0.3520482998515184
0.13902230118781644
0.02033043618736785
0.453098664562837
1.1449581753406135
-0.0047276049424789125
-0.004222570586820497
-0.04043008078364231
-0.07496199584194252
-0.44626240138764056
0.5373220317073761
-0.04708020079832261
0.11215387694184614
-0.1877562017343849
-0.057567985806852726
0.13346498680996813
-0.010469736319291203
-0.09646700337002183
-0.015030947728103903
-0.011893413944052028
-0.3487816185196742
0.0763653971493178
0.04545533848437171
-0.04001869421258657
0.97613467223161
0.03900493458809887
-0.1040186950005517
-0.009632866989065455
-0.036995999129146376
-0.5398303558956243
-0.012063236106839069
0.0912439389161096
-0.07904262629939342
-0.09156531377681038
-0.015921116507233
-0.05281607844517994
0.06739276313559618
0.12941415993449157
0.10839945004729225
0.15117387900194162
-0.156567247515441
-0.08842240748999526
-0.01885919275342847
-0.08659975804015689
76.99092523633065
2.6855629597974575
-0.02375553636839165
-0.2897955967467995
-0.016905688196557307
-0.047709890443376264
0.13859985548503573
0.02374764323337893
0.464273218890077
1.4770416773439805
-0.1414913743505508
-0.5142377800444324
3.2868925800312634
0.5781671672118561
-0.15038875064383284
-0.015864107259832498
-0.06142687344536082
-0.08746247074507314
-2.5544168015062123
0.14000963389137927
-0.0073773663601016636
-0.11466031177848156
-0.7073272455953029
1.8796433476094407
0.13223835196785383
-0.10036078028478056
-0.0739557277625595
-3.754884657277169
3.093962363887487
-0.9675459361225824
0.0029597380052633895
-0.01963891023591418
-0.016003468266890003
-0.008240504974396143
-0.017660069752094613
0.006411996745561344
-0.018125778642314714
-0.02190811835316267
-0.009019192674493038
0.00708631418494696
0.006392574433782044
-0.020483877968551154
-0.006604158573448199
-0.004941521655932244
-0.014267169090707656
-0.010502679287421428
-0.013879407340521274
-0.01394229280732821
-0.0035003391092772863
-0.011893076407988704
-0.016989248859084715
-0.016230378134250132
-0.011641471151765925
-0.011720221014268136
-0.015356562963830835
-0.012018423246187652
-0.01369604824762581
-0.020053018167187086
-0.01812644516232455
-0.023416705277041285
-42.92812061405086
26.15821724224465
51.07444903797531
12.894108381243633
364.2506966040189
0.8813085390170985
59.78186096604928
-17.177021529183943
123.48991544601265
103.79121068637696
4.649737918651919
-1.2160490754759308
1.174221990323632
17.94794139293553
12.057992379885556
-6.77767588550272
-82.99329739362265
0.6820951838322864
-32.16781740653777
18.458516830587055
-11.445531572062682
-15.087198507957995
-15.645109413334167
-43.60463251111181
-77.5336187780223
-17.049963502346632
-2.797442995556167
-1.439973284925607
-15.884705317183878
7.676439320313336
3.5490318551133435
-4.644967459098564
19.10398559717787
0.07243635272507251
9.839186705571093
-11.579751288281653
-2.5596378425786774
4.365629734509522
26.25945236966155
-7.978225061150101
-6.275225575847102
-7.940518469045329
-5.253209433208629
0.29169107291348545
3.366330826342281
15.561608209312906
-5.416304117699547
-23.521133088542207
-3.3473581961752226
-2.335571579750881
-19.571291295300167
-1.6932701921174882
9.778781232441341
12.068930427405835
-46.34002368298049
10.729430827274003
-9.183473209525859
-17.348237940470064
2.564330259323358
0.002422067139611853
-5.138336619090659
-0.017498986793607105
-0.09955607762512562
-0.40630187165354237
-2.6232557419972937
-1.047937291819989
0.004443156782384734
-0.7843074155109196
1.39926258568836
-0.159433875296693
-0.6740934170001311
6.455898903670638
-0.5333966325748182
0.04334399397720939
1.6722101043323339
-11.34624082151837
-0.1629434218487542
-0.021082359393929127
-0.4855387528218229
-6.332211157677852
0.9017047196694163
10.158236029396935
-0.019877136974381135
-0.0014359207053895318
126.6251751645722
-0.6525073756406201
-0.9353579655337102
-0.19656387067012487
0.040729862175135724
3.439151482755521
2.0107131556427578
-0.007672050529222098
-0.028572859620545076
-0.019790551510833445
-0.5671866172381503
0.26274526859345765
-0.5417632098404678
2.4885475997625974
0.6637100783556507
0.6923886570531241
-0.01964592354702039
-0.08719470367731014
0.4744731971577466
-0.9794341677499426
0.09439327703618892
-0.014049724339913194
-0.008756723376558776
-0.022447940725364605
-0.018368111325357806
0.021203152568283548
-0.009798838120978261
-0.01536296753948436
-0.5511655646170066
0.02963784030189302
-0.022527431353164686
0.03634273020921439
-0.1744080503461838
-0.0021063227833407515
0.5141106936524173
-0.013586915757462507
39.04181386543275
3.3716178108451573
136.32716012144832
-112.53492526596563
-90.68519276093332
344.0890735608286
-18.48124922211803
11.226478776827456
-20.513543015929272
-11.129228151785243
-16.18368383202762
0.16771191064960508
70.85023358790632
18.428045249150312
-1.3279919982584032
-22.62493683683049
-54.46016785427942
42.45076734144301
404.6802882278643
1.9271861527317464
-174.56106613015146
112.90637772544676
1.0690464598956175
5.572728213060102
0.4302024133175435
-3.4005880116450524
0.9309296447683834
-1.4575229328187427
0.9098410210976323
-2.174672488033384
17.572553936877053
87.34727595603565
9.796174599234428
-5.730217186002622
-5.551047428993903
25.500547541548546
9.653070754409919
-36.25588575621602
-3.2584847487906723
20.582066000538415
-82.66631258886646
14.45127151366002
-3.9365100091803678
-13.662176000904282
-101.26916870289821
-2.2568984963782572
0.17436472110190018
1.2638746389053628
-0.05772120168221755
-0.18344660301850307
0.07724426670823653
0.023257850651249495
-0.13403133092056746
0.08249010444348216
-0.16689120331506788
9.60318406935631
2.292053141210578
23.29144465148094
-25.442947746825585
-1.9104359497596821
14.950007859796733
14.223030333337126
16.933194325803555
42.67267920934569
114.79451323677942
-0.7099841916328018
21.751641631575563
-46.81325169824406
-0.3449224157286368
-8.634754829568374
-43.29500848797495
43.02057581306917
25.538350601657903
5.196054956334829
0.4051011410295369
7.007708714563114
-4.458837140782781
16.03669042046574
0.33523707882127535
-20.443730679769885
-16.0808595672398
14.015468775331906
8.891624180199583
-10.75562106486134
-0.43270823033462
-0.6984595041180854
-0.24810026844431657
0.29780504811137204
-3.5333843087940586
0.35652327198256895
171.98661749495028
5.240933873701683
57.59012111604839
24.488989081396916
138.45652229326808
68.59003094776524
60.67460407120916
-46.20731934770101
207.48020209049562
363.7056750970387
70.41221683782088
122.85956780340273
71.117716172426
-162.75958163028477
17.843619385421057
-95.32581448171744
115.64324823622098
16.188125013864955
69.97690492992393
72.2293833723951
-36.33623086284588
11.269061489511795
682.5831433293065
25.478621803964387
248.17158012316955
463.3771425648629
19.36970913087693
47.197871731858456
-101.69398917288378
320.9453793647944
27.15021043647597
17.394364818853497
10.521121627993121
-12.275525007575622
-10.382558856915292
0.6652837529700911
-12.479982664649832
-3.6626912665891496
0.3901854403944239
-0.053941624238724575
14.920074836904435
0.06613822869866016
0.4817205781349027
-1.6472806851067432
-0.14827012587259003
11.12034986545634
-72.50529882919376
0.02434065033635748
0.10441175058186668
-0.017206492901447365
0.029895669109562224
-0.02252818177164232
0.006999137168914416
5.307085637142217
0.026609806793888583
-0.20219735478110998
-0.017909598806288198
-0.19889142084393308
0.2255598545039873
-0.0025450619750195585
-0.10285362684310233
0.02331546288413879
-0.019135825197901083
-0.021360591841968094
-0.035019871082913906
-0.06650703148538485
0.012133093573981414
-0.023171650331736005
-0.02617353535356523
-2.064349594272197
0.5946641218442504
0.007938357322301824
-0.008547371561636924
0.25122105406867984
-0.12745121795858025
0.005048124076151343
-0.026096303131001336
0.015998037219713577
-0.04064658943399712
0.10519113577711425
-0.016427871860811006
-0.026948153072802468
0.032764857599601134
0.038246106060538694
0.09997483874349916
-0.259713639656468
0.17652731785394235
0.01305740862690232
-0.017975037756382616
0.7707392501702501
-0.18584369796175043
-0.028152063132442538
0.16369779569947523
-0.015082521944794014
-6.289055952265817E-4
0.8108038729872062
-0.006831636116920641
-0.00965775439223723
-0.009397381574893802
-0.03198490150421709
0.044856896625008004
-0.02239287516248094
-0.02245198180560405
-0.018733587787381073
-0.003341120306066229
6.831769719913893
1.8188950372338746
-0.0045441786634209105
-0.4070952673516104
-0.021566616225530896
-0.49838111509589855
-2.1570036697706394
-0.016033745676769608
-1.9884713896469384
-0.24636020109904233
3.251230756345171
3.7362151357102973
1.8216034997407835
0.7542115713766993
0.016848286074072422
-1.2623629195532124
-0.023954943641935438
0.07606656667029375
0.38806353872611693
-2.340965032436682
-0.020427617768597466
2.7239948289121965
-0.04774211704012113
5.802825793857121
-0.274347569902354
-0.279785901372626
0.26421784205906457
0.027021327522232578
-0.5035508676762425
-3.1632344135168027
43.583241004959206
-0.017907913491944052
0.20704149613216724
0.8973884387078985
-0.5170487554398276
-2.1050621190142937
-0.8068793759329635
0.007581577683620468
-0.045556669500284336
-1.6608846217846132
0.1799092728643186
6.513241548151902E-4
-1.1326218076799432
-0.13158682597721733
-0.2983502563300888
-2.4395067703130944
20.531403752660783
0.7811877586121004
-15.350861798737265
2.9977307294613227
-0.45049379825851715
-0.5233617455847277
-0.006793364746723297
-1.4548524692258782
0.730292041761399
0.02356331399128323
-0.018798026838454208
-0.021889338964613467
-5.608391260993768
-0.3422615649022067
-13.295610674720393
0.721520280382856
-1.3801390134947895
-5.811104200689782
-0.6995285742785018
10.837999824986387
6.207280351735714
5.7096779886442235
4.665011634583165
-36.85942444229144
-0.7876425111204276
-1.1006703173476067
17.849692787877512
-0.6003987361406907
0.2923843381754359
-1.022528189989452
