1.9473281074990408E16
6.286783299250807E15
6.672603014142368E15
-1.6647814146867202E16
3.080951195314986E15
-1.087175486382302E16
4.9840901087711394E14
6.284155345113621E15
-1.0809083251262828E16
1.5359355727642192E16
-2.0691244850814315E15
-4.90330282610585E15
-3.960399852096929E14
-8.499347469178393E15
-8.986021378416023E15
-1.1786614405853342E15
4.2424714702428375E14
1.8047415229299316E14
4.630631065834832E14
3.1025506643067455E15
5.794019693531736E14
-1.0524124598095324E16
-3.893506328529244E13
-3.6478068858990955E15
-1.8746494509010418E15
5.3999005971133775E14
-3.7697098006261164E13
-1.6500120039738565E15
-1.1078599540789748E15
-1.0980040866229842E15
3.043846883835744E15
6.978918549964775E15
1.925118052403757E15
2.7411868881065445E15
-1.6339529618827988E15
-2.1787478140382092E15
-1.7914291058187812E14
2.653721534173878E15
8.275014993599941E14
-2.839218430006004E15
-5.259863546726956E15
1.1342324801780955E15
-3.1143785822035045E15
2.3431175534430845E15
9.581793536651208E15
-1.492446273636147E15
6.566310624105955E14
-2.1723194304266768E15
1.7219110062121868E15
4.839930325613186E15
1.2518039864972908E15
2.882432473428526E15
-8.062102687069976E15
4.1866119972615105E15
-7.6418991460391E14
-2.5496401965227425E15
3.2480243664134245E15
-5.068541160155294E11
-5.18707847600719E14
8.376229250581122E14
-2.3501832517277838E14
2.817441586631382E15
-2.1624655412118258E15
-1.6114904427152142E15
-1.652651791533241E15
-1.4421122774765328E15
-2.736380893243449E15
3.7258017253562745E15
-4.040123230512207E15
1.450461899378031E15
1.4734874015317915E15
-1.1869117565038988E15
-2.3760916689845795E15
4.133376459138802E15
-1.963065375173719E15
-1.497006044897333E15
7.869187671281129E14
-2.680166439275087E15
7.557585094437481E14
-3.3270790274024515E15
-5.073471350753842E14
-1.1086831660616042E14
-2.9015763241039635E15
5.264160922029489E14
-9.153757257047135E14
-9.472006676579502E14
-9.572671368790969E14
-2.481321002175108E15
-7.573285631215238E14
9.656887412634781E14
-1.8001872030538882E15
-3.385096556490009E15
-1.787518314957875E14
-7.505426684919776E14
1.1218602212594462E15
2.639801993331087E15
-1.6387905965996262E15
-1.460500828287879E15
3.5070628315333894E14
9.101475427123144E14
-2.864436316164297E15
9.727029240325442E14
-9.761046177694016E14
4.0242544121744245E15
4.67923678562355E14
-6.413557680580636E14
4.711690012979964E14
3.169289176334903E15
-1.7746478002056255E15
9.538956714246142E14
1.7905674331669E15
4.659530021275175E14
9.088748568171489E14
3.6214273233169755E15
4.1199582174868845E15
-4.937867494653592E15
1.3199347474369575E15
-1.1937012264495918E15
1.1822892343770742E15
-8.4900247335935E14
1.6941410018813535E15
2.678153793854037E15
1.0211910857163334E15
1.6751752663750165E15
9.042314716729809E14
-2.8659020317429135E15
-1.177268816071022E15
2.5631816760502355E15
3.625867897005962E15
1.2000633373942953E13
1.2739662839513135E15
-6.758525989662375E12
-8.806878205862098E14
2.157194181519228E15
-9.19213114255377E14
-1.2006867908677692E15
-5.223005797118148E14
-4.4610494986185455E15
-1.6267458597857808E15
3.9786015258068706E14
1.575069776979274E15
-2.6488783816740625E15
1.1175146197595403E14
7.215930198095504E14
-1.5748591171653988E15
-6.959239453589592E14
-1.1059345205936581E14
-6.524307097086069E14
1.952501258070296E15
2.260863308650826E15
2.979960316670751E14
2.7994208122737875E15
-1.2121135046106732E15
-7.840315597351639E14
1.5399348220304075E15
-5.723712148733689E14
-1.5741847072154334E14
2.4595770956938705E15
-8.319997385924808E14
-2.726954719886161E15
-1.9063783660749985E15
-6.483712012113712E14
6.741009330798068E14
-2.509129226802237E15
-2.137861627716286E15
1.409265013517101E15
1.1309528494785985E15
1.5960067706636988E15
-6.699097864403074E14
-2.1294607340206738E15
-3.714797534886486E14
-1.4426922406218922E13
-3.339172840874315E14
2.36057737032769E15
-3.505710877136534E15
1.8106297778180772E15
1.656190239254866E15
-2.867166365231236E15
-5.0929188586288494E14
6.815961412005391E14
-6.320839169005592E14
2.017725544955168E15
-7.552139171668839E13
2.733043434702873E15
1.466453818137621E15
-2.305009773270304E15
-4.28901343971773E15
5.372160097954E13
1.8534396439324098E15
1.555150882954252E15
5.911819073593771E14
-2.164836032469287E14
9.661938644298304E14
-1.2508907987285272E15
-2.252029629781431E15
-1.1960238387890368E15
-2.3147585779830755E15
-2.141591237385947E15
-4.5497708996366644E14
1.3831084536475012E14
1.3914756779693245E15
2.104567843233564E15
5.871975844262101E14
1.2121023473741898E15
-7.619152589804886E14
-3.2379029897408905E15
1.7450906709191016E14
1.3706491404034105E15
1.8616988401219038E14
2.457302268539913E15
-3.548677861206712E14
2.0311315968818062E15
1.8625736028621715E15
1.4269136017804542E15
1.281453754318021E15
-8.908802360645625E14
-9.885711750353955E14
9.232423236023762E14
-2.8332398473662615E15
1.6682426768499765E15
-2.0540712472082228E15
-7.442169967267705E14
2.8063040707232816E14
-7.223146329045992E14
-1.8014731442949935E15
-3.335869429212478E15
2.256196084046085E15
3.648570445463957E14
2.5734455625775535E15
-1.2856308846170078E15
2.305235818182786E15
-2.2862498666198875E15
1.0904405561785806E15
9.277130502234706E14
-3.5066948792830035E15
2.6681999166252672E14
-7.4949821818935E14
6.993628957970465E14
-9.457669861744745E14
-4.306913354124512E14
-1.1535234674765528E15
3.0418049456396175E14
2.4328178931218235E15
1.0824271084326269E15
-1.3762399650429235E15
1.5824010959609442E15
2.777691062978402E15
1.1470001560229705E15
1.1165807313527421E15
-1.4374148032462752E15
-1.2852681712256892E15
4.530807660939571E14
1.7817770795944092E15
-1.6191652470965542E15
3.7203728344675615E15
1.3121872458726198E15
-1.6874537574633668E15
-8.113377951339294E14
-1.1438398857134798E15
-9.43181476643216E14
1.3530404761647502E15
1.2316123715233692E15
7.040781310255996E14
7.528384804053191E14
3.245277080625577E14
-9.731120006011214E14
-5.168442972833132E14
-8.385241656148258E14
-1.2929032267575055E15
8.23148590683883E14
5.53848375073655E14
2.891490488950464E15
-3.9710095689888206E14
-1.7659815286669956E14
1.2489047144278285E15
1.0514832550374069E15
-1.1569117240608688E15
-6.952107818715372E14
-1.137599904455038E15
7.392417598096706E14
1.4943846937984802E15
1.948652153449996E15
-9.715518776560328E14
-1.3127102530901765E15
-5.896665944730966E14
9.847810842536804E14
9.339959627694364E14
6.03578326761404E14
1.6055053296907998E15
2.0416465158701295E15
-2.6786155757292972E14
1.8845909784208818E15
-4.78173555978583E14
-8.817665397145958E14
-3.039755318056726E15
1.5855047795752452E15
-3.57580980666307E15
-6.090306371235305E14
-1.6813039795745118E15
2.184822972995256E15
-1.775507158722233E15
-2.3507106106064475E15
2.9188347165326597E12
1.5297810196443685E15
4.22984827887079E14
1.2470203758291278E15
1.0316798844940236E15
3.8055762988006274E12
-3.211665059988494E15
-6.699767079502318E14
-1.464611082871419E15
-3.7088777205366805E15
2.9809068391164625E15
2.7578171423061855E15
9.683161936330675E14
-5.558289077903428E14
1.4610383266954862E15
-1.4950845030997525E13
1.5658998319030865E15
7.104253579902096E14
-1.4092360038928395E15
-9.320662554647684E13
-1.5127425182794768E15
-1.0308351962918452E15
1.8062394685403438E14
1.1824871742948305E15
-6.98836580268678E14
5.4692639338641144E14
-9.220718866482145E14
7.887828308034421E14
2.981774205008188E14
-7.835060810677695E14
6.11398708325794E13
-2.3103217527524234E14
-4.917362542392245E13
-6.458782896973391E14
1.4956452648556405E15
2.4826708660922925E14
6.598316748524639E14
-1.3520682079578844E14
1.877697376243726E13
1.2654045920895182E15
-1.3804393050839902E15
7.823558608077964E14
-5.032283675231748E14
1.4363675207254492E15
5.851385357372045E14
-8.362294219869936E14
-7.405480230086912E14
2.0502195796197125E15
-2.0326558853919935E15
-1.0872851955598834E15
-1.2490819418457228E15
9.624988048549188E14
1.1269855847989575E15
2.7091115368382025E14
-1.540141563247662E15
5.084120420174391E14
1.4092062996858135E15
9.661308161475358E14
-5.984285871008272E14
3.5850719828063856E14
-9.193358567075945E14
-6.8786523310499805E13
-1.3561554891912642E15
1.6542550848074972E15
-1.1774685833958545E15
1.3937544476419268E15
-4.5705459294974325E14
6.594759031166464E14
-3.781742686023381E14
5.0001561479596925E14
-1.3509636903462282E15
4.876556653191194E14
-4.352730452116574E14
-8.055736457977345E14
7.897324053966576E14
-9.2119121698766E14
-1.440123090015952E14
2.4620307847212645E15
-1.6660582043847308E15
1.4110292869141548E15
-1.8322856329939542E15
2.1735857016537628E14
1.7343855473481053E14
-3.40227301069053E14
1.77884667125657E15
-8.645815634883419E14
2.273006372873639E14
2.470622704762719E15
-6.102238757546609E14
-1.9665759750053712E15
2.2092130387248638E14
1.8447614904641078E14
-1.7724830389075802E15
1.3969980265803422E15
-4.224265531234884E14
-2.6814579059968528E14
4.185666924922937E14
8.336465038659239E14
6.7801426485827914E13
-7.908562729739265E14
7.032579123680301E14
-1.277102665329342E15
7.895326809555009E14
-1.917429939227134E15
1.3611480351757475E15
6.813305225787936E14
-7.706815795784845E14
1.5193384252876005E15
-1.9907343996150645E15
8.401842656908165E14
-1.296194950154637E15
-1.3142563375015735E15
-1.3311368752867483E14
3.53988862802903E14
5.668140091801538E14
-1.442223196176585E15
-1.3210641134185952E15
1.9928183415546312E14
2.1706380369123654E9
-1.4210870892181555E12
-6.6442854984134805E13
-5.894132567221674E14
1.8370896091151055E15
6.276634095668546E14
6.748282161637433E13
3.140765581450061E14
-8.917555003047752E14
1.9723449166399468E15
1.728341802395776E14
-7.256711360236346E14
-2.9059903538107545E15
-1.8805340302613606E14
-4.644010456369586E14
-5.520141118778236E14
-2.622312168225245E15
2.058138881654752E15
1.02193680633713E15
-4.9536615929207245E11
-3.953007272703015E13
2.35666948549524E14
2.883082576343811E14
-1.238353400688965E14
-7.858102240484228E13
4.669774972852304E14
1.349476807999229E12
-1.994814847289572E15
5.184038314799768E11
2.78109385189734E15
-3.155082963566028E14
8.808200555445502E14
-3.839859497032285E14
-9.31405124044028E13
3.331476189005688E14
1.4245705295728208E15
3.487006246932598E14
-1.3266109477498042E15
-4.188705050808624E13
1.0400157036692678E15
-4.0215677734544844E14
1.4101630451937238E14
8.53955176491015E14
-1.7741743921091975E15
-2.162796369353933E15
1.4678804814428002E15
9.709066333259724E14
-9.177491655977232E14
3.946579097692461E14
-1.3597433705869922E14
1.798301043116429E15
9.711831679693794E14
-5.251202444813085E14
3.7348061559538044E14
2.25433257269868E15
-3.253583954726916E14
-1.1420821702763628E15
-1.2035855614490835E15
2.344086863359457E15
9.121302673879828E13
-4.8789712326697325E14
2.326744924739852E15
4.744736758116494E14
-1.4319462095509302E15
1.711031434868225E15
-1.0594509670798038E15
-2.582960180090451E14
-8.633335103336788E14
2.3253316475642825E14
-4.644448063411005E14
-1.487901256025609E15
-1.366217060805723E15
-7.396446537192332E14
7.210890973026609E14
-1.6323037832177178E14
-1.378515126896145E15
2.5400140747540185E15
1.3241947478534295E15
-7.209205319399702E14
7.65477686006796E14
3.7092900541950406E14
-1.1518547984785035E15
-9.01500987875961E14
-9.219884352483609E14
-1.2424510524281966E14
-2.619026707335797E14
2.2835088854372E15
-2.168883901567005E14
-1.185912568805897E15
1.58575442113013E15
-9.05478432070285E14
5.0278051641069225E14
1.273113249677289E15
-2.494229535828367E14
-1.4048619053069725E15
-1.3575194569206828E15
-7.91543357103853E14
-5.987175032363642E14
1.2871385966087828E15
-8.354214459163068E14
1.3160920151104718E15
-2.306053639154936E15
1.7923316321054305E15
-1.2577741836436695E15
-1.3145981993960975E15
-2.529455723019633E15
-1.8435853142692822E15
1.8253345284572634E14
-5.28607551889703E14
-5.788999609551418E14
1.6736149155967022E15
9.055229165280494E14
-7.879237096084135E14
2.1409886078335138E15
-5.087862817861508E14
1.9318840028322165E15
-9.881036480087888E13
6.109444791904971E14
-1.0817746114785021E15
-1.0953111963616636E15
1.438968055536208E15
6.773895954623499E14
1.5945130766474945E15
-1.8379980669842768E15
8.85204719571054E14
9.976843559127522E13
2.9317360368380406E14
7.006499264310256E14
-7.165679453096034E14
8.792695612092018E14
-3.8529889656857E14
-9.531480118587294E14
7.062894991701091E14
1.3275534176410198E15
-1.0327427806989406E15
-1.0231858598586874E15
1.7336517647988322E15
1.1640717536657803E14
-1.0245986101907614E15
-1.2529913315584222E15
1.2017759596498588E15
1.501771175524761E15
7.289739264765412E14
1.135418153001208E15
-4.437126755144873E13
-5.451969506152145E14
1.1249434661218651E15
-2.1981012847157795E15
-3.519521094303881E14
-1.4975190791458138E15
-6.098714121590306E14
-7.649172605893769E14
-1.1455093614181162E15
-1.592290829079059E14
2.140837336496517E15
1.939916985442628E15
-1.6337765484000656E14
-1.870458178860627E15
-6.704459344836252E14
2.891274597363342E14
-3.814277252115604E13
-7.987027835161386E14
3.432238615295548E14
-7.026485546913422E14
1.3486092454636685E15
1.0857006328728345E14
-1.458722333171516E15
-4.812699044802123E13
-7.074221063146118E14
-7.519780684746781E14
9.733639692797225E13
1.5264639613293988E15
1.0281675874650962E15
2.011316976148917E15
3.3867568644717456E14
1.0824176052732614E15
-1.525347671316356E15
-1.5314436726472128E15
-7.594253875945173E13
2.4684715311466915E15
-1.6499856606802822E15
-1.6517044569268422E14
9.692116057375805E14
1.2509988940355032E15
-5.4939681415418406E14
-1.5374079221404642E15
-3.1750286725168994E14
1.576891570529871E15
-1.656796374096263E14
-1.2711985705416066E14
-4.8011473291704106E14
2.457017758812747E13
-1.719476031389092E15
2.5610150764586653E14
1.282383432454188E15
-1.3737156484674515E15
1.0072485698530771E15
5.12436392837478E14
1.3336614755307835E15
2.633189978862541E14
2.0832230576295068E15
-1.6559761038522532E15
3.7009771600215844E14
8.498810571635276E14
6.222866323954633E13
-1.4474213204620875E15
1.8175537903719865E15
2.353314231519622E14
2.2453034344455005E15
-1.8469304714603492E15
-6.066999254932846E14
-1.5569368676042642E15
1.3620580958773927E14
1.91012266138235E14
5.912035153920339E14
-6.271364372501268E14
-1.64309473114466E15
-4.018056500119721E14
9.768053158810014E14
-5.837354083427668E14
6.17711450645063E14
7.418795903158198E14
1.8199619019842018E15
-2.701206886375824E15
2.5388984385825128E14
-7.173903337100112E14
-2.8969328213293925E14
1.3296741837530148E15
-9.174963044147762E14
3.303949673397722E14
1.1316309406087392E15
-5.511000389729286E14
-3.1962856778889544E14
7.77424177120384E14
1.0657700848136824E13
-6.598718005942039E14
-4.2530634371225656E14
-6.386101864836094E14
8.37151910026623E14
-2.2632249742033075E14
8.272421562614564E14
8.859615954541505E14
-1.8240852481542475E15
-1.1847144539614366E14
-2.156300978462394E14
-1.0799945592273169E15
-1.4783525059988808E15
4.6289600295328594E14
-1.2768151125333578E15
9.513863248047936E13
-4.2174659198680175E14
2.1418440771253065E15
-8.186043877829288E14
4.218564525987032E14
-7.952729705172252E14
1.7725958742470308E15
-4.628315375468218E13
2.455953021214498E15
-1.7680649170468962E15
3.856872409872812E14
1.9373853751799855E15
-3.5560034178695775E14
6.434537426287534E14
-4.665638741985234E14
2.3411374597250928E14
2.0513981453033942E15
9.40535806963468E14
-4.0065720220088075E14
-8.296558671087879E14
-1.2866260903257215E15
9.002179490680916E14
6.584242019387881E14
9.506624408717195E14
1.9558067505858575E15
-2.6442979180560685E15
6.544503710352554E14
7.357993112704904E14
-8.956270075023402E14
-2.1618607929907915E15
1.947063046577887E13
-4.8131819457055056E14
4.9422815329909244E14
6.085494344895779E14
-1.913449349640532E15
-8.832541632211402E13
1.8183121743396753E14
4.063209933118522E13
-4.198447755617222E14
1.737729312481873E15
9.308614236194391E14
-3.700314290914168E14
-9.572541554916488E14
-1.1593413243888942E15
-4.773266540643162E14
-6.038477452680614E14
-4.257201354410161E14
-1.6588330115449515E15
9.160657308617034E14
-1.2272320588215E12
9.646882847149436E14
4.076960162380631E14
-9.818991012333075E14
2.4306623190257225E14
-1.915983339862043E15
-2.7474314499216047E14
-4.496724264040426E14
6.416187227896189E14
-1.2766690812429358E14
9.69078639929847E14
3.2625185660465925E15
2.41528927551477E14
-9.94535680458292E14
-9.757411282436139E14
3.359431472991529E14
1.0276890583883619E15
-9.63105377655876E14
6.877032004950658E14
5.50532573803039E14
-2.268906111598551E14
-9.983369523408778E13
1.871870087022051E15
-2.6107796430174675E15
-8.232374379526248E14
1.0379461756178388E15
2.901940990504389E15
5.3341740257982206E14
-5.957055544805726E14
-4.9874143468577456E14
-1.5875740055791178E13
5.454530296302181E14
2.044975939178812E14
-4.1829683767490175E14
-1.4080135189159698E15
-4.887718930028467E14
1.1142392830519421E15
-1.9368645967682378E15
-3.614212034085188E14
1.5099576570434945E15
-1.4175913507154005E15
1.6557498718891506E14
5.146840979949695E14
-1.261217706485118E15
2.60453878136695E14
-3.89371413669045E14
-1.214449961766933E15
-8.218228667267826E14
1.2089280028315835E15
2.2051482866320525E14
-2.593713490237545E14
-1.6877666221585825E14
-5.92008209207032E14
1.0455146256328319E15
1.789613893984287E15
-1.698345121907415E15
1.0500298767166176E15
3.7890879273170475E14
-1.3086366733025833E14
-1.6190722546501653E14
1.5678610020196828E14
-1.4880544274220362E15
-1.700171063342097E15
1.8380310470277785E15
-1.0422496123694652E15
-1.4172768334946748E15
7.370886843315618E14
3.955186941878571E14
-5.443635993534003E14
3.2971131458206185E15
-1.4646128550727645E15
4.8647044968661494E14
-4.600723137780352E14
-5.4108034961399775E14
-4.907569574415898E14
-3.8908783068391725E14
-3.212617823690312E14
-7.34379366117687E14
1.3816105275613882E15
1.591626258263272E15
-9.550172849279726E14
1.1624065862693818E15
7.623075742786102E14
-3.598233330267185E14
1.2319863747808298E15
3.7241021163011306E14
-3.0655392055037044E14
-2.301384622032658E14
-9.230869478450214E13
-1.3182396189481334E13
2.2526816073399528E14
3.710999463939763E14
-1.0911311837559225E15
-1.249169571316996E15
-7.215718488235124E14
8.820889498603569E14
-4.8709349598364956E14
1.2731601089943235E15
5.336369960791284E14
1.7714040221491318E15
7.088637961005247E13
2.567099522505298E14
3.101088313313252E14
4.974257029251484E14
-2.1538984807338668E15
-1.6005976166469992E15
-1.3588305818175635E15
-5.697248289381335E14
-9.476996527928274E14
4.9889974893564944E14
-2.223396194310449E14
9.151570728231475E14
-1.7819206821209142E15
8.542298949587335E14
3.103028891356663E14
-1.3222241950969485E15
-6.6335152680914E13
5.737969908812955E14
-6.675742251875734E14
-3.944885929543794E14
2.6572965749037834E14
-1.3735085217842285E13
4.950325518150424E14
1.241557357849814E15
-6.675372855132651E14
-1.5042732356948557E9
-8.184177042172391E14
-1.5481211539336132E15
4.2185913326639175E14
-2.8669308029271095E15
7.02053162920844E14
1.0423476862919831E15
-1.0540934644094766E15
-2.5089495480853422E14
9.371604552744784E14
9.561284583617526E14
-1.5792964293154365E15
1.1554344922741015E15
-9.532435951143069E14
-1.7017121785623118E15
-2.200409511595761E13
1.6834021922068992E15
-2.847748825302991E13
4.7218790341869306E14
9.467144851201222E14
-5.214442190207405E14
-1.0175273899194411E15
-3.9751417084226094E14
1.76101931655837E14
1.175357526870901E15
6.656489246291208E14
-1.5974036251892608E15
1.707474419107268E14
-3.565153119690775E14
3.245665326778947E14
1.0459218821153527E14
5.0501094409211956E14
-4.610091772517778E14
4.788463594135186E14
-7.571819257114291E14
9.185051187525221E14
1.3389620866027197E14
-1.8253783987505047E14
1.9316045251163785E15
-1.879518296694135E15
-4.082468322799972E14
3.2949139987063825E14
-9.579118551096117E13
4.364602240099843E14
6.022119494973192E14
1.964261798006434E15
1.2545707522816653E14
-9.793457370439465E14
4.055402193220071E14
8.359727769234936E14
-1.2706473961393485E15
-4.076797045850399E14
-7.548022363168608E13
3.0808585411448756E14
6.418457930597479E14
1.0750100126965132E15
-1.3946369860217856E14
7.142855812294941E14
1.2406015947589388E15
7.174700237010275E14
7.901525809959196E14
1.5353170149848678E15
-1.0194499911529529E15
-7.488437019867589E14
6.523958005306191E14
8.382146274789852E13
-1.0998749271255911E15
1.396365516739916E15
2.5872887264087555E13
1.990296806867505E14
1.0563495958652156E15
7.758518102870872E14
-1.7481080518706705E15
4.1595528296525894E14
8.190798027623482E14
-9.685293420201044E14
-4.6271099223501356E14
1.0744175151079346E15
-5.648786281807972E14
-1.6106314219588882E15
-7.979618872175849E14
1.5850881334112316E14
-1.3996864302601758E15
-1.634364246270583E15
1.0163374987503779E15
-4.562382248917522E14
-4.9560742037683556E14
7.775721161381445E14
-2.0106119006699153E14
-2.1271580933233238E15
-7.483760185490375E13
4.221123467285553E14
-1.3815063502060738E15
6.377738144088295E14
-3.3539374181511425E14
-5.190976923722232E14
-4.890886769904632E14
1.1643886275736068E15
-2.2383489012513878E14
-8.61283859475658E14
-6.623681120409976E14
7.737122260641189E14
1.122315810094211E14
-7.057364724066619E14
1.697510939550942E15
-5.336118963262963E14
-1.4040737211996905E14
1.414345610042225E15
8.690072455760484E14
-8.871631084300006E13
3.9682512169523294E14
-1.1387820680673748E15
-3.687424003617888E14
3.679393851802438E14
-4.478663103292595E14
3.799128690111324E13
1.286461414077212E15
1.6016844272959748E7
