7.267866170489792E15
-1.460426246438829E15
7.127278021465242E15
-3.4845340905026495E15
6.22522863591634E14
-7.345405899365782E15
-4.476185693946623E14
2.564882348671102E15
-3.535576633242473E15
3.115121447618873E15
-9.791633648260116E13
-1.9298962534303048E15
7.302108218089904E14
-3.09555210919677E15
-6.464867505192302E14
-6.911287100307405E14
-3.004641499141889E14
-2.5296237631835925E14
-6.893744259094171E14
5.110537919899945E14
8.638290895297502E14
-3.522599277336841E15
5.126012708620231E14
-8.600583124798131E14
-4.465339122137899E14
1.0785614109038502E14
-4.113578645220192E14
-3.330696060815607E14
8.750561615710594E14
-1.8388308398080482E15
1.6803166550174538E15
9.239419574897891E14
4.533031427100997E14
1.8669319930639815E15
-5.049464203778791E14
-9.507687492684075E13
5.531153606785455E14
1.353293719252512E15
-1.440067534495736E14
-1.4342102576524225E15
-1.6119216478637392E15
4.245125745866769E14
-2.158020261930026E15
6.987245449791524E14
2.698250823739844E15
-6.742472709025604E14
-4.501911226593071E13
-1.0194796656823672E15
9.140469910191471E14
2.3357454052018655E15
1.1580230712864712E15
2.6495919866878E13
-1.9214479142674748E15
1.5568568495191865E15
-4.3525999567611506E14
-1.0383429106546404E15
7.99584451184019E14
-1.2523293207760048E15
-9.167455308539018E14
4.204323127426894E14
-7.083008627243069E13
4.992658538929391E14
-2.706280620396027E14
1.5254186669596445E13
-6.462155469645438E14
-4.795020046009849E14
-1.6339557003042538E15
9.529731839108019E14
-1.6466893933046832E15
4.4632619859001125E13
-2.0183258222012062E14
-9.041347024369101E14
-1.3097794016058648E15
1.8266107906480552E15
-2.343413264115217E14
-4.6859827051099794E14
8.501312020161794E14
-1.4961034805494322E15
2.777564655796993E14
-1.8152424140338418E15
-1.9969682061936384E14
3.462700940128914E14
5.091616908873361E14
1.9166424888885112E14
-2.1784649890610262E14
-9.051338242669121E14
-2.4024077730516684E14
-1.159848520782801E15
-1.8629041832886075E14
4.027110261683029E14
-2.314536275987094E14
8.699990398168908E13
-3.586756886721463E14
-3.289448494978413E14
-2.5102469006243566E14
1.2025366962881352E15
-1.3143367856268232E15
-1.1279396270063419E14
-1.0820432680408873E14
7.189185199400186E14
-1.4815750167453375E15
-6.398170556713628E14
1.056239742593209E13
2.2691289267247425E15
1.0290475619656372E15
6.295141130352389E14
-9.912124928578512E13
8.852101122254599E14
-9.702960754039088E14
5.0560204324081775E14
5.834516396057259E14
8.149513562532426E14
-2.7945080423676E14
1.2686117471307158E15
1.630048333550063E15
-2.527302033391899E15
7.402492916867734E13
-1.9652145366985766E14
1.1674020265837102E15
-7.453130675588402E14
4.435242349567612E14
1.0440766635702574E15
-3.1143376397610625E13
6.714502700884751E14
-7.261666265587465E14
-7.984687505192298E14
5.7433611733167234E13
1.1314733000459138E15
2.0426250027866915E15
-6.115246600949484E14
1.8461124783301072E14
1.6006147386401616E14
-6.449738178341192E14
6.963371126450206E14
-1.4732691689096975E14
-1.2385679810091852E14
3.842386610388356E14
-1.9491006908817992E15
2.4195115645534528E14
3.666595822442545E13
3.884741057019266E14
4.673557374784312E13
-1.4574470540969566E14
-1.2108822256080462E14
-8.01696081005114E14
-2.1684843794849816E13
4.1310985879282944E14
5.733769080996607E13
8.80504241890208E14
7.040976160127401E14
1.0976917062076106E15
7.737615431934948E14
-1.322990012239797E15
-7.942382849576399E14
8.081649581408098E14
-4.088141896325958E14
3.359171001383427E14
2.76114400115103E14
-1.701630472264743E14
-1.0056281920210072E15
-2.793467256072807E14
-4.479930946375595E14
3.426455155501688E14
-1.3551958709150055E15
-2.711400733845022E14
3.6739785952099625E14
8.55692637148409E14
3.4254500141594832E13
1.3430364849047916E14
-1.1260363812292715E15
-4.2173043273760775E14
-1.461779048754116E14
-4.879731410445247E14
6.748663905703474E14
-7.087864670569052E14
9.181384046112918E14
6.308771191264978E14
-1.4854925252853432E15
-2.1968630696498348E13
-3.8735941607277525E14
1.6808530815581572E14
1.0391092683799072E15
2.060705458219302E14
9.389112539708198E14
5.1305930608452475E14
-7.012249254429292E14
-1.7774446559928722E15
2.556828095710183E14
5.839761818292516E14
4.867930803925225E14
1.5953130824747347E14
1.7649498116708218E12
-4.899118638746663E13
-6.752941563569235E14
-6.918285873324128E14
-1.0083870980714766E15
-6.244305119130838E14
-1.1293109492195612E15
-9.26006889346104E13
-2.7688388819534284E14
7.196845282860541E14
1.1361626940550965E15
2.4261674040149934E14
2.7466408710762772E14
2.298662985084496E14
-5.231975540921385E14
2.841862964886623E14
5.943888002192428E14
2.128589543521949E14
6.579855577641085E14
-5.920991983639169E14
1.0088626579578002E15
4.9258157593618556E14
4.627235512076464E14
2.5332180356692847E14
-7.124700531006815E14
-3.909009201728586E14
-1.5254156546565828E14
-4.3569566813571656E14
7.589538514246012E14
-1.5123563170301825E14
-4.802371076953736E14
5.761044247595559E14
-2.776416745202944E14
-1.2279644639482715E15
-8.714040363491252E14
7.535538007814788E14
-3.6162772073225756E14
5.779241161308358E14
-3.14936082125155E14
1.5200513044031838E14
-5.62379447485165E13
6.643082945769907E12
2.64916245353422E14
-2.315388867984587E15
-6.270821277085392E14
-4.094239330743924E14
-1.454289475900273E14
-5.580177140466624E14
1.8824888864200325E14
-7.803431745143105E14
-5.007639896438901E14
1.1313039176668665E15
4.1997730652702606E14
4.649279147373E12
7.0262988836492E14
1.4070349987801502E14
6.576424563661678E14
6.117277355071044E14
-7.466544955850132E14
-4.38484141825129E14
3.360211261133564E14
6.711825527118196E13
-8.679625288566976E14
1.638053314104458E15
-1.3692109525011331E14
-1.1385635531410089E14
-3.1842958365411675E14
-6.900484896532348E14
-7.266606672161478E14
9.346285018720125E14
3.2686623158066894E14
-4.554082825782131E14
2.4159865013844147E14
-1.823009303790986E14
2.5418095630579122E14
-5.44745903601925E14
-6.867511081070008E13
-6.252466890376462E14
2.4396686492621834E14
2.919392936104278E14
1.2028329181701668E15
3.0744984849171544E14
-7.687996031157509E14
8.402491130203209E14
8.871842747599314E14
-2.4216640301882822E14
2.578355148622904E14
9.565441562705834E12
-2.8563465336582794E14
4.697282121823717E14
7.044663814573408E14
-2.054542577849218E14
-7.743271247658879E14
-6.896206071690302E13
1.1197622340317656E15
6.246019586575811E14
-8.780975372838053E13
4.656406756435645E14
1.1133570410945986E15
-1.2289302033792817E14
1.0958957729994532E15
-5.0527973344073775E14
-3.89559021885579E14
-8.683936280336842E14
5.721580051817992E14
-1.0998416940772784E15
-1.158406555338357E15
-2.2115540512859194E14
5.598965938185201E14
-1.0884890412128409E15
-1.1235072425208806E14
4.1609622680303325E14
-2.7512833984673972E14
-6.920214439232311E14
-8.036411365637219E13
-9.602712485078416E13
-5.26128309548739E14
-9.348577163700914E14
-4.052790569481685E14
-5.704837859846248E14
-1.0333309625518854E15
8.508242043176314E14
8.160823550717516E14
8.793441919659909E14
-2.92055942218835E14
4.6912901636619175E14
-2.8309944026599744E14
2.459516371658393E14
8.400332981843045E14
-5.55702173017172E14
3.3272973866148944E14
-6.115140428890888E14
-6.660364924404648E14
1.5334109767828694E14
3.365392601291841E14
-2.5027458286524144E14
-8.456950090182277E13
-5.661133038939996E14
1.2835412183117492E14
2.6559170970612356E14
-6.078058532998689E14
1.0415985157804364E14
-4.820919558184317E14
1.196911919558756E14
-2.2222276765415947E14
1.134600957338535E15
-5.78743257809574E14
1.2919828917512847E14
1.5144367495232444E14
5.894068627369031E14
4.766784471265276E14
-8.608499795971396E14
6.707169205825404E14
4.21617790691371E14
3.738255839960684E14
8.058933345287516E14
-4.792241382153984E14
-1.3784405764195825E14
1.1968848677318372E15
-5.917049292386794E14
-6.924455186804356E14
-8.495787427401199E14
2.3179932606148522E14
4.021368257321033E14
-2.986855894475226E14
-2.203393985862678E14
-4.318251925028769E14
8.382500106188085E14
3.3687602279294044E14
-1.700850657272832E12
-1.7138737581649682E13
-1.581129094470436E13
1.7663759834230994E14
-5.1652000204404306E14
3.5605162202605675E14
-1.896792009727878E14
7.869720467675742E14
-4.431661852776234E14
-6.901966635930225E14
2.541555108469605E14
1.5763157872614878E14
-8.317683795613744E14
-2.907719184723973E14
-6.227671608585078E14
-4.259505512722996E14
3.074672603759879E14
-2.6694553106399025E14
3.0050943547760025E14
4.2532753748469925E14
-8.102472162843828E14
2.4033613013951425E14
-6.045262184022915E14
-1.3802655943596766E14
7.085788866233295E13
-5.166042546199116E14
1.5357541461694948E15
-3.561247719996552E14
1.944515378619866E14
1.2385683468409725E15
1.5336006489962778E14
8.99920536377964E14
3.430336217209442E14
-4.1264180320368836E13
4.3797261742927475E14
-1.6795927255048166E14
5.286066892781062E14
-3.690715868039537E14
-2.9505759012092875E14
2.5583127584705574E13
-5.633604593927646E14
2.9202018522151806E14
-5.0733441596836844E14
4.6607487685770194E14
1.629337757200114E14
8.974252416268038E14
-4.802252180512178E13
-7.059947609025171E14
4.428197153516007E12
-6.81913093969818E14
6.80603148412004E14
-1.5492543233504438E14
7.924347143670955E13
3.914012310020628E14
-2.5703156124730637E13
-5.1323028031316206E14
2.4882214330557103E14
3.892373856631126E14
3.275507028023156E14
-6.190981718801978E14
1.116739360094536E10
-6.377770478194958E11
-2.7593372415525753E14
-8.918229009374552E13
9.4272881607349E14
1.2897428875657034E14
5.5073647735136016E13
-1.980173148921072E14
-1.5980364520612022E14
6.229163144583479E14
1.8121201664058384E14
-4.999185474357279E13
-9.998836424387056E14
1.3721281447261164E13
-8.701458807089342E13
-5.756214062437632E14
-6.33272068925593E14
4.269111772135769E14
-7.480335682100705E13
4.8809581210460065E11
-3.480467077780838E14
2.8008089774577472E14
2.2528526108498334E14
-2.318703060504635E13
-5.1348425575460306E14
2.2106919595687194E14
-9.41257174344129E11
-1.0782061709695235E15
-4.7765176463836115E11
1.1670994110756278E15
1.2829372751958088E14
1.5384013018338606E14
1.564763612366526E14
2.5414796854758988E14
7.888158321973228E13
6.510599132604791E14
1.4289798100216684E14
-6.570321806285422E14
-1.1509788644420108E14
4.707011351355786E14
-7.299617669153153E13
-1.7941548344900856E14
2.947796745451498E14
-8.751044194938464E14
-3.697093771062814E14
9.914461349908788E14
-1.2709649526602914E13
-1.1586483792032754E13
2.2388866519845834E11
4.653569920153626E13
1.86640634263898E14
1.0097861388481931E14
2.362480211403829E14
-1.1986457475832303E14
1.2372378304187728E15
1.388883419446784E14
-6.334527172214198E13
-5.061142202944902E14
1.1110444457898295E15
-2.5061454507118288E14
6.144973489052136E14
2.5374283136235775E14
5.489679175678158E14
-9.325111683313825E14
8.250022878863559E14
-9.338111375131199E14
5.770475980705649E13
-6.273290834353709E14
4.2079985140921975E14
1.017546715410343E14
-8.201749507985778E14
-4.3308870167153756E14
-1.4412546422318747E14
3.5471205651801306E14
3.434180253570671E14
-9.496781800543005E14
9.45046814651865E14
7.88896333442294E14
-3.298502195596934E14
6.499867967326246E14
3.383832798660808E14
-7.375115335152005E14
-1.6629456874197384E14
-2.4968369131502022E14
4.549283974209605E14
-1.6983497306911188E14
5.1797488942428425E14
1.6957280036904756E14
-3.500347489903387E14
8.86065984049515E13
-4.4942839392976275E14
3.90163639545831E14
1.2265340757799358E15
-7.306438120883397E13
-6.488170176188788E14
-1.7992606718323784E14
-1.3076176095378039E14
-3.0989746474601006E14
6.067763091573854E14
-1.762767042415921E14
5.3116635356670744E14
-6.950261892040368E14
6.703793267087046E14
-5.105650181230672E14
5.056319136700064E14
-7.662195094015776E14
-5.4440943630529994E14
-4.277013102888946E14
3.2926161592462325E14
1.5446913962564597E14
6.44432778654649E14
-3.799166183668586E13
-3.766079730234239E14
6.169096699295285E14
1.2259748816137766E13
5.863577850806936E14
-4.1389678050895656E14
-1.8111838135934275E14
-3.326681215270991E14
-1.0599031406706248E15
3.375144384677493E14
-3.437500876485993E14
7.397383849658271E14
-3.746432502897577E14
1.0351149161536739E14
1.4712770198721584E14
3.2273495614669E14
2.2821884023014227E13
-1.603469682325595E14
4.446325392351287E14
-2.816925053494962E14
-6.503427818475E13
3.8368363648611744E14
2.847273711927905E14
-4.21090129783278E14
-9.062793314240064E13
2.680262625599772E14
1.158547760497476E14
-4.1390410319641244E14
-1.4938602887380544E14
6.400209639149866E14
4.259124938023959E14
7.329811311585179E14
2.308153806946226E14
-1.0664501102654177E14
-9.981549968220483E13
2.6930364799056684E14
-8.669790728950644E14
-3.2783364238052994E14
-3.2770084825637406E14
4.581060058159292E14
-1.9619195448484266E14
-9.676365082279454E14
-3.720184461677054E14
1.0486550103879912E15
5.62508912021557E14
-8.130996051397753E13
-5.25202213027301E14
4.270604760302485E13
2.7117114566459972E14
-4.0085378013621306E14
2.2713428688152766E14
-6.054150535147211E14
1.4506315884871088E14
1.9467513257383753E14
-1.8551591529167828E14
-8.379008576812599E14
8.934790419745864E13
1.3420903781968578E14
-2.4023210616378378E14
4.0576338620293164E13
2.462371199162851E14
5.651540161313238E14
6.511776757898135E14
2.4379763144721344E14
6.489504028472252E14
-8.022141943988045E14
-3.5476804115983025E14
-4.5142525709366356E14
9.081141220476308E14
-1.0052497910071315E15
-2.3118295619290103E14
1.468431329214735E14
2.950817178414909E14
1.3380230311480312E14
-5.6173689751342294E14
-6.065693972909467E13
4.827514736939622E14
-4.8603049209639006E14
-5.430707661096936E14
-2.965338980367646E13
-2.684388983203614E13
-4.0433117794018675E14
3.5642670173084456E14
2.462285204161685E14
5.9755567574276055E13
3.2111724378791125E14
2.2633512573551962E14
2.1138451047782088E14
-1.9673290030023744E14
7.526909719900684E14
-5.007488337001982E14
1.721508411280498E14
5.293605867228828E14
1.247602676023903E14
-5.148306242098314E14
1.18156919237007E15
1.2835646666548475E14
1.2831050175169288E15
-5.4351512770312875E14
-5.110139308395308E14
-7.847214837191725E14
8.029150438053586E14
-7.382683672964839E12
-1.262405458469933E14
-1.428643293134422E14
-3.910083312003661E14
-2.904347901145721E14
3.788171438292009E14
-1.1033695767465431E14
5.0659206602009094E14
9.382720155504968E14
7.226558985008339E14
-9.803296087843566E14
5.613503285390567E13
-3.0967469723449556E14
-3.4581118692082875E14
6.790546125882294E14
-2.1972481292524088E14
6.926104306000712E13
4.282920389822139E14
-5.229684918352139E13
-4.550266752178692E14
3.0075084273058492E13
-2.898381652287974E14
-1.704005836817222E14
-5.968251901572458E14
1.3529196209618787E12
4.580481271790498E14
-3.385955050477603E14
-9.705260502817861E13
7.411280425296279E14
-6.689742714639344E14
-2.494508479277333E14
4.732542385139932E13
-5.509510119513044E14
-3.783018786797455E13
-1.2581863807110405E14
-5.1301716937723225E14
-6.4334236101269195E13
5.538260408651073E13
1.0826713702674418E15
-5.844966849931818E14
1.8354566916886988E14
-1.2930738649762923E14
3.181275078907094E14
-3.084836917222375E14
9.56066436385524E14
-8.725125028231348E14
5.1267540071016414E13
9.139024060899851E14
1.2274371207345862E14
2.9935987718317025E14
-4.798372391919089E14
1.3181328217884113E13
5.6159132222474225E14
8.249429897337205E13
-7.622761565072272E13
-5.948745754083428E14
-7.895444264854901E14
4.445819012871336E14
2.3151564868249734E14
2.569303358306736E14
7.149042280045536E14
-4.6222109505834394E14
3.827905734956254E14
4.156026070265242E14
-2.414990318892758E14
-6.354648573735195E14
3.18544333170437E14
-3.107526252536137E14
9.653702120754538E13
8.914341891921528E13
-8.066480477668314E14
-3.837438413471567E13
-2.4743343373722522E14
-6.7464271704383805E13
-3.6357165599287E14
7.111227941563278E14
-5.50324868739733E13
2.3434682721251097E14
-3.8795312196880234E12
-3.3925324836530956E14
8.155273459764781E13
-7.914208669110304E14
-9.290633676033908E13
-6.036858258843148E14
4.827587910452032E14
-2.0633284033988484E14
2.272610782436472E14
-1.4004079030394558E10
-6.048484342498309E14
1.1685162176841842E14
-5.914357636052692E14
-2.887789728082086E14
-4.408557826016008E13
5.348957281799761E14
2.2266942712174194E11
1.2251606339051585E15
9.844203646527891E14
-2.332922661775596E14
-4.09626622725158E14
9.369174691802998E13
-5.929355583392126E13
7.408125973720815E14
-1.2416897963950797E14
8.646543509759844E14
-2.5424107034717922E14
-2.0126728046600366E14
7.772917413554334E13
5.5580096074665494E14
-7.692497133824611E14
-2.6639975811622584E14
8.622188872274434E14
7.610262460013078E14
2.397870437252003E14
-1.4913129309306994E14
1.0992029857159028E14
-4.082558303936607E14
-1.860780141265288E14
1.3999227807780936E13
-2.978968523101863E14
-7.863264220928726E14
1.928729376382434E13
-1.2909622947910411E14
-8.579367101588405E14
-2.352354136291349E14
8.052864638118654E14
-6.968556049834728E14
-8.866084751971639E13
-3.120085647422445E13
-6.903383663503805E14
6.050905787318155E14
-2.826877118936291E14
-1.0022644392470314E14
-5.581971018854859E14
4.416454438848293E14
1.3699896419130308E14
-6.03024650781353E14
-5.2349122031478694E14
-4.0064007467267026E12
2.1870411783324606E14
4.1909448689062756E14
-4.38485481444883E14
2.1591508506488872E14
2.9050274571655344E13
1.2279279158982972E14
-1.2505036142841802E14
4.311595227713805E14
-3.594604502995706E14
-6.485579900324982E14
6.872074470867415E14
-6.004199786903115E14
-8.745914615084186E14
7.477750582431495E14
1.2358747132996403E14
-8.146136225373619E14
5.795268695755355E14
-5.468966916646671E14
-2.0507277572103785E13
1.7975956055163662E14
1.6499198242073688E14
-2.6015541434595434E13
-2.941044390494121E14
-2.2546780397422906E14
2.0901247989777694E14
5.592839909757846E14
1.011487848593715E15
1.948974142406674E14
8.807324001079597E13
-1.732608764875056E14
-1.2291892103101016E14
4.51815827241682E14
8.730710024923512E14
8.678655444949612E13
-1.5793324165314506E14
-1.7202834360441403E14
-2.357786476541363E14
-4.553991420845332E14
5.342231676631669E13
5.152271273540036E14
5.2914407618775194E14
2.36322895382407E11
4.71164394530981E13
5.95822756997246E14
-5.52324699666062E14
-2.1976746698148516E14
-4.323355855414529E14
1.0221481922496652E14
-5.07451107188158E13
-1.7107954452234675E14
-2.608812847773559E12
7.697916405611734E14
4.9486817093258294E14
2.0446627918272772E14
5.49769116080165E13
3.457458768668099E14
-1.2844801044191186E14
2.4597550424523978E14
-4.545695130990574E14
5.945816864275481E14
-3.585658299296412E14
-1.500995262073319E14
2.9187418186711256E14
1.6629615019874438E14
-3.253898449335358E14
-2.2739474827330425E14
3.4622117384886756E14
4.9699298742316706E14
-3.8550938615210506E14
8.9834336266994E12
2.337740641068304E14
-4.157941865354854E13
-1.3054180986666613E10
-4.703717733447346E14
-4.798237637467579E14
1.5786471341800638E14
-8.676536638104918E14
1.172970953821454E14
5.585717862300926E14
-4.631728783596233E14
-7.409385423306777E13
2.1048950339522334E14
2.3263790702023103E14
-3.665290087944396E14
1.549517576081383E14
-4.446133624634671E14
-9.122251947396754E14
-9.880821537911233E13
1.1129023626478124E15
8.338776336495936E13
6.599011901855108E14
-1.647021771592155E14
-5.628540969170572E14
-5.156162558176665E13
-2.9504942594751775E14
-5.027036253989184E13
9.49387636713428E14
2.876535274560209E14
-2.106682313293092E14
3.3689470567966266E13
-2.928280392614311E14
5.2111944722503825E14
-3.245716785092932E14
1.3384554810555527E14
-6.575124138158338E13
5.102004693682574E14
-6.249507248997212E14
3.91838859211496E13
1.5993096120106528E14
1.9573253392982456E14
6.993363666622491E14
-6.861150598113128E14
-1.3355463811837436E14
1.4320056089064697E14
-3.1157029798733953E13
5.6363492748623125E13
1.2716153416573746E13
8.972613543695019E14
1.2959049181891847E14
-9.70360925127657E13
1.8098997705085508E13
2.6612218832930212E14
-4.8495450788607356E14
6.1681518068121914E13
1.3232404593292383E14
-5.612849688373702E13
7.042784901698178E14
2.5088227379575378E14
-6.6456789100637375E13
-2.579815454852324E14
1.1598153979511055E15
8.10532615442249E14
8.179973417153911E13
8.260664909314142E14
-2.8540477240352766E13
-2.932340365214952E14
3.066640547867326E14
3.049644793410055E14
-2.2624567789913478E14
2.8043582488341166E14
1.5144371691797975E14
1.5427977047996694E14
1.9783848065140472E14
3.231444343358595E14
-6.651362989723452E14
2.6593139942756394E14
3.496784364875406E14
-5.597371516431092E14
-3.548098027191159E14
3.417978040071215E14
1.4007583405142366E14
-7.007787024492228E14
-3.455775183297475E13
-2.1135951217182256E14
-1.6521650081861766E14
-1.7590766047642747E14
5.3241945528570425E14
-4.474805702377793E14
-3.14475970791872E14
7.346050538653415E14
-6.074596299642881E13
-3.214643782694816E14
1.9691160775394403E14
8.839749845438492E13
-2.4696023118285597E14
1.0185427329604442E14
2.5771052985627497E14
-8.178583104293894E13
2.742083759795719E13
2.4556905669258694E14
4.0826357566214854E12
4.046910830193976E13
-3.5422429102695644E14
6.624205093316098E14
-1.7818500904758288E14
1.699295389784781E14
1.062777437616431E15
-4.218528621184134E14
1.615333939985962E13
4.8124269166931375E14
4.644402409385728E14
-3.067053281468911E13
7.089140180793566E14
-7.922516837330655E14
-1.5642423786407053E14
2.188470328699632E14
-1.675004302002354E14
-3.563675220904072E14
2.983192619282883E14
8804348.777699506
