-1.732407240577394E16
-2.737418419934822E15
-1.197612294340807E16
1.7669360542342962E16
-1.9734682066432058E15
1.3794638981099078E16
-1.9688910587700218E15
-6.015113401701316E15
1.0744822711838706E16
-1.620824143919227E16
7.037932132168319E14
5.620425893064499E15
-1.0421665208730481E15
9.227822129229132E15
8.907724607207121E15
-2.0329183136870059E12
-1.636869503745057E15
5.952414064809215E14
-5.750636099142796E14
-2.93727664406711E15
-2.272391446632467E15
1.232884902421965E16
-1.8376298266670777E13
3.294933447623814E15
2.757476422372742E15
-1.1042980461093965E15
-7.311567373503145E14
-8.05496352057367E13
9.642926206641002E14
1.6875539901372595E15
-3.7996228787258585E15
-5.921367964038879E15
-2.1505889584206382E15
-3.4083378414672765E15
1.2499603108030422E15
2.6277165362843625E15
-9.303173873087315E14
-2.6151053628716345E15
-3.4487034107270574E13
3.212277659557825E15
5.970712572004482E15
-7.344505219635411E14
3.7893767081834985E15
-1.765974173879563E15
-9.26329433330448E15
1.5019170517294502E15
-9.595081756075275E14
2.085870789128135E15
-1.342980630158972E15
-6.234012342670367E15
-2.0826119534612342E15
-2.3126372565777815E15
7.158753172826096E15
-4.722267201672003E15
1.0329624125244902E15
2.425937755215839E15
-2.2358659688075148E15
4.157981456632725E14
1.0527998785606341E15
-1.5995934247691872E15
1.655682368309203E14
-2.38992304375106E15
1.927146138132904E15
-1.3078109641405333E14
1.6963709050140705E15
2.2220073697732078E15
3.5739647338088125E15
-3.296453054671143E15
4.816387223565922E15
-1.158615644974418E15
-1.2028237385856752E15
1.637591531479941E15
2.7855844062665165E15
-4.378614626170709E15
1.6095605426265415E15
1.0367158320782515E15
-1.750223668259162E15
2.4137361340174575E15
-5.739494896989908E14
4.2024830588373865E15
-3.8217996663221975E14
5.1597904187150734E13
1.8144552113368898E15
-1.0634276213345629E15
7.291628448387156E14
1.4558270959955332E15
1.2872751447606805E15
3.5313456138899505E15
4.194837346709482E14
-9.011850242179344E13
1.92024563593101E15
-2.906064447794466E15
-1.2158812980321595E15
3.57318410161567E13
3.206828568064071E14
3.3306650532089175E15
-2.2875546737578695E15
-1.0711779995429011E15
4.878929655596977E14
1.800967148392417E15
-3.3292375065967655E15
3.286814507705184E14
-9.571012821921941E14
5.339964105478343E15
1.2168484836945328E15
1.5361051025153412E14
3.004962023420602E14
3.1174460861303145E15
-2.444662736386229E15
6.390800968340278E14
2.1303534316280965E15
9.791651612814339E14
9.043797533468622E14
4.321860981720197E15
4.624271692577404E15
-6.137506130413924E15
7.969994698527712E14
-1.7087006506603325E15
1.318042730126935E15
-1.878585331732362E15
2.1632603689726722E15
-2.753842161722419E15
-9.74818910646454E14
-1.3018916244796618E15
-7.273294310031099E14
3.5804109981123055E15
1.203446146599493E15
-2.7397764670699195E15
-4.1523986554303475E15
1.06757301084598E14
-7.833959408339154E14
-2.064639018346404E13
9.11140250961191E14
-3.263767010679639E15
1.5532733769381658E15
1.0322958869146521E15
-8.002540536423078E13
5.380429585275092E15
9.283862793182896E14
-3.8311908839111375E14
-1.6699228080699635E15
2.349350378445258E15
2.8152271391240956E14
-1.5094689844970866E14
2.207434703724757E15
2.0740823636618828E14
-4.565858821632123E14
5.3467173469579506E14
-1.700067846562858E15
-1.9237735548470845E15
-8.80025129792237E14
-3.056438909808795E15
1.4887935009402958E15
1.089770456138903E15
-2.5812652780103455E15
3.223209797444242E14
-7.65017705060459E13
-2.0123554205077268E15
6.497362305351391E14
3.1092520181895215E15
2.0836233683804342E15
1.2429980503741652E15
-7.380728557116139E14
2.387957863383928E15
1.9532987465536782E15
-1.5406749846712098E15
-1.0438374940863019E15
-1.0329152171950988E15
5.735770874763516E14
2.140336047709427E15
8.015201783468098E14
3.126887715450538E14
6.907934470083128E14
-2.481299284880008E15
3.7533233119890185E15
-2.2197424999603088E15
-1.8270240804241495E15
3.8059723838153405E15
5.0577647982413306E14
1.2067653426159745E14
2.7710474428611006E14
-2.419404943303183E15
-2.4229333221986162E14
-2.52772380786567E15
-1.2892526735781678E15
2.126844599981127E15
4.2660576437534245E15
-7.273204705673815E14
-2.0018906639490975E15
-1.7027898681564202E15
-4.312135470402617E14
3.40860602362436E14
-7.904947472223642E14
1.237665849859954E15
1.878710540622734E15
1.9430173571868982E15
1.9402169368944238E15
2.4622034998965475E15
3.945224038918515E14
5.951181240284426E12
-2.0823348269495765E15
-2.3559333569539765E15
-5.748793782005122E14
-1.1113164742742639E15
3.6587752622612694E14
3.1223696762206445E15
-4.30926523553318E14
-1.8470954822943482E15
9.459538189045217E13
-1.9726634806968272E15
7.121788912589132E14
-2.835507424377606E15
-1.9206528312477822E15
-1.7118309792096945E15
-8.661141592802465E14
1.2436091430935212E15
8.113258553654038E14
-6.076146762205106E14
2.9846716760066795E15
-2.4305217306064465E15
1.6282019966913545E15
1.7740619931929202E15
-1.214846830881063E15
6.91656720865668E14
2.2056288388722512E15
3.655682594333102E15
-2.325866297105283E15
-3.425159506939237E14
-2.495170563458562E15
1.587299216592896E15
-2.522535916005649E15
2.1188086437037078E15
-6.342410181989324E14
-1.0887861532763945E15
4.668766066905037E15
-7.986065947932E12
1.3739287176794675E15
-8.756643059243391E14
1.273854283053359E15
2.3524743376871838E14
1.431162362196174E15
3.866707030097407E14
-2.5140805917124205E15
-1.2556548531118238E15
9.621650864410415E14
-1.0576020421078795E15
-2.190855707733898E15
-1.6013750534570408E15
-1.7046966530579868E15
2.178108032634935E15
1.3084439447972752E15
-5.003755055318581E14
-1.7976888048050572E15
1.8831485293490438E15
-3.603812011687456E15
-1.029720776581269E15
1.44373660989036E15
7.965137266550582E14
1.4216833779837008E15
1.8155468616702445E15
-1.193559820265001E15
-1.3864809922764692E15
-2.3206447930207028E14
-7.214474138995261E14
-3.712305024883545E14
6.82925105436661E14
5.666895083276096E14
5.562522733991856E14
1.3566660791336758E15
-7.932200276580019E14
-8.550527500850741E14
-3.4307689856528255E15
1.66302540096563E14
1.1125268048994681E15
-2.0330742305481002E15
-1.042603457761167E15
1.0458154743023505E15
1.7224720108294788E14
9.409116650646376E14
-4.5241325569210856E14
-2.1436058349400592E15
-2.319226487538999E15
1.0207722579726712E15
1.3178982972527045E15
5.1468676284638144E14
-2.1077901863625695E15
-1.3941739844405222E15
-3.956145835217977E14
-2.2193540365145302E15
-1.8119763602300768E15
2.4142795902360306E14
-2.1957378466066258E15
7.317831481260905E14
3.949904052860778E14
2.65879860048389E15
-1.7016048701670948E15
4.1779674059581095E15
1.7465909338139475E15
1.1638144130182838E15
-2.646084227612353E15
2.3554410641251355E15
1.9324996084332565E15
-4.313734475027818E13
-7.21835492983339E14
4.6970946361985194E14
-1.534561446428911E14
-3.8596467327985344E14
6.443653748417741E14
3.248665830076943E15
1.7082319604620612E14
1.5785156387044105E15
3.458370375177807E15
-3.278088763087918E15
-2.7614000395001945E15
-1.3130780291537352E15
4.73959938430144E14
-1.6663959698406495E15
2.3282207127500784E14
-1.1329639177093692E15
-1.0913230138547928E15
1.4770714702752045E15
-2.689449236743729E14
1.535583566264975E15
1.287568171278545E15
1.6297076428931912E14
-1.373348155351573E15
7.466171253911204E14
-5.099262652298528E14
1.6073940162789605E15
-5.566763867371797E14
-6.248268632994388E14
1.2077428274127662E15
-3.079219618411595E13
4.9702724162892356E14
-9.446825001183156E13
9.21321731945324E14
-2.1785535060435245E15
4.01516556657407E14
-8.646018146282369E14
2.3154075001459144E14
-7.49703300299351E13
-5.5231424018228325E14
2.064645314279315E15
-1.6541008227215045E15
1.9583383259497412E14
-1.5735172551837342E15
-8.782213263197891E14
6.781198432946771E14
4.8409493355492494E14
-2.0411450511899312E15
1.989779836549726E15
1.9810745222286435E15
1.4109311111520055E15
-1.4168432163236665E15
-9.254933375603075E14
-2.954031424504076E14
1.4801686754015542E15
-2.7200868947254E14
-1.690417773082724E15
-1.0175736768672325E15
4.6973808517029175E14
-4.1227765336207825E14
6.392103861871204E14
-9.95260493623398E13
1.5254594469633898E15
-2.1801595153623998E15
1.226374971085792E15
-1.9314824732138172E15
1.0471513338647262E15
-6.322866082038452E14
2.2657903336881528E14
-4.784192812313101E14
1.8037606479808388E15
-5.8299602232711766E13
7.011441441681761E14
9.143542830731652E14
-6.861915607480242E14
1.223731861569818E15
-3.6976413679987425E14
-2.545428031007652E15
2.1928625552332208E15
-1.4248549915642188E15
2.044018454478327E15
-1.1850745922818323E14
1.0994749632884095E14
5.093449640091297E14
-2.6849564448501135E15
6.446056369909725E14
7.3593758614448E13
-3.0960938753829795E15
5.888622734188514E14
2.370523944167412E15
2.1190247354519134E14
-4.022089364846575E14
2.0391473853807485E15
-3.644527048816043E14
2.057465220781062E14
-1.1920506542245092E14
-6.380949758436438E14
-7.256225893091918E14
-1.3005184789620872E14
6.898280511678379E14
-8.203749972385765E14
1.2999984766121535E15
-2.6025501806770406E14
2.018275627312375E15
-8.889540284031102E14
-9.994457551736011E14
4.428982789629073E14
-1.4876380918917438E15
1.8744448849090438E15
-8.03778612260838E14
1.054008873946417E15
1.4162825729739955E15
1.1040394512666623E14
-5.894957015824195E14
-3.1304973727370675E14
1.745068585126589E15
1.2434590017028542E15
-7.17139314887498E14
-9.53512807597666E9
1.6233760469900269E12
1.3078633540584034E14
5.4514658568330644E14
-2.0387706106748265E15
-5.52875585819343E14
-3.170382357590885E14
-4.730955190970898E13
7.138081242306628E14
-2.2169002445837972E15
-3.913747736129203E14
6.995312532411568E14
2.6247898908196895E15
7.707386233643016E13
3.8040311633833706E14
7.992109050695204E14
2.9106769544106035E15
-2.0156753905543805E15
-5.78076593761763E14
-6.058596869333339E10
1.5683724669999522E14
-5.145775551918796E14
-6.186284745913591E14
-1.284275983038684E14
3.870639084614743E13
-5.256987883668001E14
-1.6092600050172992E11
2.177714495370858E15
-1.897872799499309E10
-2.996086639564779E15
4.341567654809755E13
-5.51365601173123E14
-6.978612907850099E13
1.0231687027702169E14
-2.0348786983742316E14
-1.4699076360801258E15
-2.1558433945330522E14
1.3343835344034682E15
2.481938607728078E13
-9.509039626369432E14
-2.5347400159155116E14
3.848922017107515E14
-1.444364792157332E15
1.7479490655424062E15
2.1328836146942148E15
-1.5261200473862752E15
-5.719657812433804E14
5.1988299886651056E14
-4.483569971373738E14
-2.870906787193675E14
-1.6616136635058072E15
-8.883155383687329E14
7.108267176862965E14
-1.6374941496335828E14
-2.824570564624709E15
3.434349709469593E14
8.355428101817475E14
1.2856256560274078E15
-2.781501885070239E15
2.6419751616402288E14
-5.335228197399175E14
-1.9792760673800715E15
-1.329863520093784E15
1.9850791009281902E15
-1.7434828532821675E15
1.3427357694597405E15
7.104754043029766E14
1.158843882608544E15
-2.4716640094664822E14
6.21860655438712E12
1.714255905958731E15
1.3460979260900532E15
9.890904448715664E14
-9.014595131968661E14
-2.5269028210081888E14
1.8479291436111662E15
-2.150192126697176E15
-1.642806160254173E15
8.294838570201718E14
-1.2335400437184512E15
-5.3627919829112E14
1.436345156208811E15
7.315741848287848E14
6.270474742220636E14
-1.5568900329588972E14
9.75315093418598E13
-2.473145481823399E15
1.984369791456515E14
1.6666295032640162E15
-1.1766731776270268E15
1.0716282304253451E15
-7.72338598114759E14
-1.6630828425442965E15
-1.0476632837559383E14
2.0859549344740885E15
7.278315720162364E14
2.3412828509658247E14
6.754926294205869E14
-1.372856795313579E15
1.344647193343199E15
-1.514298059950599E15
2.0649980946707285E15
-2.0325503891534842E15
1.2378392198415025E15
4.5691692133075706E14
2.593098419635286E15
1.571283906498166E15
-3.137178693420129E14
5.0541664178372756E14
3.654354705402663E14
-1.8451890669870545E15
-7.398799952083731E14
1.150811938697598E15
-1.902599280547914E15
5.707782641600945E14
-1.8014514645398568E15
6.803234756802828E14
-5.4022593214923206E14
9.112303015382681E14
1.757396955293587E15
-1.1135941039836148E15
-3.472547493649326E14
-1.7487393958158845E15
1.6270356137853915E15
-4.4542671307312675E14
-2.7762675777454426E13
-4.973923106253328E14
-6.829909509722599E14
7.837424036552016E14
-9.374779093751396E14
-2.040936226599476E13
1.2980842118705052E15
-1.0426320232324561E15
-1.5538365853691748E15
1.4706836909699035E15
3.442266803274489E14
-1.6015573154838688E15
-4.290877678205266E14
1.0733332003705648E15
9.089260956096788E14
-1.1688547264088805E15
-1.2254807190277275E15
-9.575127280814989E14
-8.52412328982576E14
-3.596868339288953E14
6.099133912345114E14
-9.581776122391452E14
2.6427363966938125E15
1.7738046166344472E14
1.5366677527110358E15
-9.793650315865117E13
1.0065727876115976E15
1.5322193266338348E15
7.694252018097591E14
-2.4492799847210835E15
-2.0008427614050428E15
-1.919876651597531E14
1.8035621304124598E15
3.085597909931958E14
-2.6086905747954206E14
9.216550729869769E13
-8.64850601632479E13
2.2453145083374188E14
3.3710635157429844E14
-1.2588488910034212E15
-4.437485430790537E13
1.5153536176502168E15
2.3016206003164506E14
3.612155773727145E14
9.235544214285889E14
-4.874379888962129E13
-1.5771865342602008E15
-1.0289762748118958E15
-2.344488088754833E15
-5.3247495550303756E14
-1.6850098857072868E15
1.8346735410622585E15
1.6657821728434932E15
7.00115049893381E14
-2.56718926195447E15
2.0564280073547055E15
5.4125104085734606E14
-4.318833342736845E14
-1.238728486617242E15
3.141130453955147E14
1.6511584069534285E15
1.0897253285384266E14
-1.303975138833287E15
2.8042219520058106E14
8.594986512200319E14
5.952671956648326E14
1.1336994196998861E14
1.6458762232957495E15
-4.4214330017333256E14
-1.4965942798899428E15
1.0278448512818438E15
-1.357425090023746E15
-5.081897080061771E14
-1.2925236037298512E15
-4.3797879050453256E14
-1.5859553494704458E15
1.8962441987471598E15
-6.711086021181739E14
-9.37002686528298E14
1.5231742500977606E14
1.718353128417378E15
-1.9162332754088315E15
-4.189539341517041E14
-2.690825248513697E15
1.9671493902465632E15
6.102141645036134E14
1.8561956834967015E15
-7.155977494599416E14
-4.756731088766374E13
-6.684365864400352E14
4.8002524887310306E14
1.5857416955765858E15
7.792008167909865E14
-9.782862484872862E14
6.389509733022541E14
-3.324435827418087E14
-1.1830367686904765E15
-2.0769718102503258E15
2.558815967245257E15
6.696500062084872E13
6.9719151325624E14
3.509376157943326E14
-1.5742213005593098E15
8.84866990283211E14
-5.138023376348713E14
-1.261248670692963E15
4.795817856951969E14
3.875903815547885E14
-8.509344663722266E14
4.450790404655958E14
5.926435142188068E14
5.026538581473297E14
6.210701792776462E14
-1.1029789358152635E15
6.331095771538571E14
-3.191945107375146E14
-1.2764960327593575E15
2.0700517634055568E15
5.08163696155616E14
-2.3002580547491697E14
1.3964536533514172E15
1.2355908527082568E15
-3.520050948358919E14
1.3136209275675822E15
1.7571153628657041E13
3.948989568576436E14
-2.609183784947755E15
1.158287678013585E15
-3.351268141850823E14
4.056670754350179E14
-1.4125973794526785E15
2.325892593869251E14
-2.7846500611070465E15
2.1820250460617775E15
-4.837050182883556E14
-2.316008987550568E15
-1.1925463657544522E14
-6.070884736188554E14
1.0917918605967735E15
-5.58682687938043E13
-2.1566018321228302E15
-1.0837920101192475E15
2.504241347168448E14
1.136194873501929E15
1.3801013400875392E15
-7.491596598180066E14
-3.3954653683729175E14
-7.584885026877784E14
-1.7469098372809518E15
2.0482634787291445E15
-5.4011666816269544E14
-7.460763799079525E14
8.708410276709632E14
2.1009985737103262E15
-3.460814867726163E14
8.241034274393856E14
-3.5995576590330544E14
-5.720287593376906E14
2.309329476191897E15
2.376488341017154E14
2.4804034150418847E14
1.9929248669975266E14
6.429930356961809E14
-1.735524831706375E15
-5.717820278520739E14
-3.2645137970808794E14
1.0381389886825455E15
1.1486929931155518E15
2.940620789623035E14
1.3473846514124772E15
2.8992582694836975E14
1.8495600195089848E15
-8.463911924228986E14
1.0133666550048325E14
-6.456320081271232E14
-2.3555353666233675E14
1.1943860655122225E15
2.603661962527966E13
2.2893524438202195E15
2.5266316044870806E14
7.424704117549562E14
-1.2739350232505768E15
1.856981511795949E14
-1.5373401165070835E15
-3.231653280149323E15
-2.1941487126372715E13
1.1284460494939435E15
8.829724709661395E14
-4.746485548873434E14
-1.8129182966409525E15
8.205938590430142E14
-5.187443496153669E14
-6.553399332630194E14
4.762396122646981E14
3.055821836111595E14
-1.9759417481717642E15
3.1487953813181325E15
5.909988739497981E14
-1.7791863509353455E15
-3.0781968134639805E15
-8.465584205632251E14
9.139389112013278E14
-1.1866215572588286E14
3.41556480341545E14
-2.8588875080978944E14
8.107935484432419E12
1.8814906770131338E14
1.5088091279356758E15
4.1208222261037306E14
-7.975162596231991E14
2.237524002314837E15
4.2186415957102106E14
-1.8982432907663238E15
1.558956431235564E15
-4.24348298088794E13
-9.716753543801689E13
1.6789935608316018E15
-5.3611736372491425E14
5.896866180140183E13
8.480023644242104E14
1.210468878260032E15
-1.7187648346071048E15
-5.1003692177456456E14
7.456645430812142E14
6.475402263801921E14
4.1552144233411375E14
-6.869462124457648E14
-1.8104995310557968E15
1.7152519279392892E15
-8.644326027923679E14
-5.802575552439056E14
4.1919049227401875E13
-1.1782912590605442E14
-2.9513608096587644E14
2.002428497092094E15
2.050027114123818E15
-2.03383738900952E15
1.601826874947821E15
1.7151343775895152E15
-1.397544614641993E15
-2.088207937827861E14
1.0763542523075259E15
-3.3375906279528645E15
1.3964287428100095E15
-7.088337681062958E13
4.360165504339898E12
3.161693847148308E14
2.885002914023907E14
5.3099712050944914E13
8.189678849397151E14
5.95538775907946E14
-1.8013359349814722E15
-2.064928762321385E15
9.614977336139534E14
-8.205764189537734E14
-4.224692014615534E14
5.6714989289986586E13
-1.0757205481624909E15
-1.0450454755999868E15
2.830436710724197E14
1.2509122417451562E14
3.533647574350145E13
7.949281049747656E12
1.2763151883642008E13
-2.5500967396397688E14
-1.342235769876243E15
-1.5517169949122475E15
-4.442340252223489E14
1.9928715078449094E14
-8.59231480882114E14
1.6822597178515968E15
4.3567681477254794E14
1.4967084428449435E15
8.996769614032362E13
-3.726995095390569E13
2.7482353613219916E14
2.6373056477115138E14
-1.8363662232241755E15
-1.8943595471420628E15
-1.5853191323251972E15
-2.968376321707243E14
-8.401777193887052E14
6.995142302691202E14
-6.433816492397141E14
9.314106393334814E14
-1.700930556614131E15
1.419695602647978E15
3.250425153957139E14
-1.154095554138395E15
-2.7763000885903034E14
9.969039078943846E14
-6.698355562512241E14
-6.53927745368865E14
-1.7811784516187912E14
5.144871884389829E13
-4.1004485215954694E14
-1.0043071199636465E15
7.040041360263745E14
1.0909731427994839E10
1.1479331704781778E15
1.4813159272545872E15
-3.92918331149191E14
3.282854568072776E15
-7.192360872944712E14
-1.4684175900106455E15
1.2539815732868188E15
3.398745469465001E14
-8.347618070744379E14
-5.849616711543592E14
1.4637951306481055E15
-1.2204415073053002E15
1.389574979745743E15
2.162270323125254E15
1.2512979936320022E14
-2.351007043703687E15
-1.758951113076506E13
-7.961288567132056E14
-4.201900333515233E14
1.0425468696575828E15
8.049692293043361E14
5.750246988164976E14
-2.297165826341039E14
-1.5481478514132295E15
-9.861222105512054E14
1.0141378003148234E15
-4.023388991502175E14
6.850293069124531E14
-5.0152131329850894E14
1.7070040528795097E14
-4.01111968043786E14
5.9020995074491055E13
-1.7372467917896178E14
9.40448863117952E14
-7.86142087535055E14
-4.9717445398287825E14
2.3877276230866747E14
-2.2203712140459328E15
1.8651860618243532E15
5.205088486206102E14
-9.746002842461994E13
-2.1403682469707916E14
-3.8792449134630675E14
-7.295905722651721E14
-1.874127103335403E15
-1.954458315965017E14
5.175257306913691E14
-4.1216801878138325E14
-9.720876118509105E14
1.389879651237887E15
4.6790821374979356E14
-1.774735301525817E14
2.582137745860085E13
-9.028013223265065E14
-1.3027969907955352E15
-7.215672332907858E13
-5.2418451086635556E14
-2.0999711951622702E15
-6.472958461174618E14
-5.2154847563858906E14
-1.7927291589430828E15
5.444716815399924E14
7.185248826195635E14
-7.979119840449069E14
-6.617747471177168E14
8.863080831362842E14
-9.160330970238536E14
-7.145423152464231E13
-1.1380440859365592E14
-1.0347375982261789E15
-7.488396514688652E14
2.0052300159523305E15
-2.825332752280065E14
-7.407718383347134E14
1.3544917488509745E15
7.644908330594055E14
-1.0836408773916845E15
1.1129955425003325E14
1.5445670567459748E15
8.668296530066108E14
-8.000586116316202E13
1.4883078056410005E15
1.5835378953073442E15
-1.3345632503519762E15
6.243842670986414E14
6.788048368992912E14
-9.305920195321846E14
-3.234531400647407E14
1.98924109540929E15
-5.17385360725951E13
-1.9949471783822472E14
1.067837073898369E15
-2.7390039839489288E14
1.0404671431344316E14
5.0498949405955025E14
7.175818360523864E13
-9.385883248988522E14
6.388723340978392E13
7.113758519489639E14
1.0435036190436321E15
-8.617495931714569E14
-5.981420132971966E13
4.925281975704642E14
-2.1710672057521822E15
7.644385586358076E14
-2.6840921385604598E13
-1.5156617007813608E15
-1.0507554993256501E15
2.826340788565297E14
-8.790285475424418E14
1.5481695646646405E15
6.156377273032629E14
-3.194443929789949E14
8.46720340013374E13
1.7211527759737684E14
-1.0662137070320052E15
-2.0600148577217262E7
