-1.9787654019104504E16
-5.323391821051397E15
-2.7380626507408603E14
1.0590466463033652E16
-4.617814816116679E15
7.050523774779254E15
4.545996611323937E15
-4.622533196146629E15
7.577643638750714E15
-6.283669254494767E15
4.3901164473926245E15
2.4622076860379465E15
2.8252806480761235E15
5.85349339496643E15
5.342198322701995E15
3.0583393984648305E15
-2.1629487051497915E15
-1.2408769671533855E15
5.071863012003179E14
-3.1430477738321635E15
6.008574870055712E14
7.826101480317191E15
-6.864199310556575E14
3.454033675030477E15
1.8120889591283282E15
-3.543068643956242E14
9.488603918865926E14
1.434419422636421E15
6.996792519426037E12
-1.0201015599051155E14
-2.1550231190653602E15
-3.6387065783886715E15
-1.861151209363805E15
-1.2720452897342062E15
2.1640811572482688E15
5.946502575191765E14
1.3111139822050688E15
-1.1612722862192242E15
6.292994671111551E13
1.8061426651261762E15
3.9783518215195355E15
-5.745565547131889E14
5.770972633494182E14
-5.754766601556614E14
-8.728675565269561E15
1.818356113818742E15
-3.747340126799503E14
8.329207572903758E14
-2.910091972819577E14
-2.2772823641133965E15
2.3582191832081156E14
-2.4372683358814885E15
4.0743045580095865E15
-3.7158038602621635E15
-5.018908528130119E14
2.404582371022538E15
-2.828682474142172E15
-7.60792337905209E14
-1.3269109124154836E14
-2.298924895614887E13
6.358977353490132E14
-2.3681133572832385E15
1.9975455823235505E15
1.9401094835135165E15
1.557765237397406E15
4.3166112366100706E14
2.4135999518608775E15
-2.628609901040247E15
2.3166509356954405E15
-1.2348354009476878E15
-1.3365459290986905E15
-1.376506853833746E13
1.1702727378078585E15
-2.0002141245028648E15
7.709502559950272E14
1.0880726872058804E15
-1.4806165300787538E14
1.6923608798822685E15
-5.504929268940284E14
7.984483228614215E14
6.852476142414451E14
-4.385387529917314E14
2.3215980436261725E15
8.539308156795495E13
8.027264762939216E14
4.9640207821984044E14
-9.092674082855539E14
1.542282192042613E15
1.0271629407136262E15
-1.5540826535173062E15
1.0069297330932388E15
2.190516486143732E15
-1.070891922017592E15
7.933454492210448E14
-1.3401535689011625E15
-2.4328795964017305E15
1.0139706329562118E15
1.2717905451736215E15
-5.3278583978226194E14
-2.17902418974911E14
2.0592686316383605E15
-6.657878155203559E14
4.056566974150556E14
-1.7528807605417255E15
-6.496526003000904E14
1.6984936957037662E15
-1.3255860670539755E15
-2.0926533197254055E15
3.8453829117084194E14
4.4498775410337006E14
-2.3527041693242988E14
-1.171842122254819E15
-1.0195394620338881E15
-1.867648016537715E15
-2.5217926836566055E15
3.030842063337858E15
-4.7040602302461806E14
2.2241105661541972E14
-1.9255390864575805E15
1.8118858620496994E14
-1.0197333941499511E15
-1.2934195467453925E15
1.0581751575760374E15
-9.809824796498599E14
-6.468433830550458E14
9.881485710992931E14
3.727830023657737E14
-1.3681542837476052E15
-1.6572757771764962E15
-3.837474193244159E14
-1.1988247225467622E15
-9.032345794057684E13
1.3273902919592718E15
-1.0358368655851959E15
4.8741611123533044E14
1.5135426802793994E14
8.105669668387274E14
1.711921601164715E15
2.277384508869774E15
-6.73711248781557E14
-1.229352978531769E15
1.571823136160079E15
-2.3288974960690306E14
8.157712319929894E14
1.0251570481752724E15
1.0765695688855005E15
1.3764570403500618E15
4.1829482954437294E14
-9.252137429156281E14
-1.9820978902628942E15
-2.7107431282364278E14
-1.8794078772971972E15
6.348613900374762E14
3.950912349825956E14
-4.553799667382331E14
6.843849778477719E14
-4.079358719153029E14
-1.7694895214535792E15
-2.8429115246280775E14
1.3524975384132078E15
6.387927024565301E14
-4.767121612972627E14
-3.642233487539658E13
1.184642953290959E15
4.3877258168621975E14
-1.3112060232056119E14
-7.670418725039479E14
-1.3923045823977702E15
6.081318642304129E14
8.745398990926356E14
-4.056404193251874E14
-1.3716473704553083E14
4.421318775753506E14
-1.9447776846599215E15
1.4891020456387912E15
-2.0052865023775925E15
-6.930550077583115E14
1.0504831052219349E15
-2.0312836953050834E14
-1.1869379871562668E15
-4.510345642570189E12
-4.106851509566895E14
1.1668200257561089E14
-1.744541895812183E15
-9.678313101344319E14
1.6868899461431352E15
3.006413146961285E15
-9.243696967934016E13
-1.1465865286529398E15
-4.8977069439754694E14
-6.162849017016159E14
5.944117211397289E14
-6.759472332099576E14
1.2365927893065642E15
2.376459950613196E15
-2.692665350862679E14
2.0004830892608535E15
1.7014439616890845E15
1.750729877828579E14
-5.220025180611447E14
-9.503275251806846E14
-1.9298939729027965E15
-3.719796525678854E14
-6.370377431471085E14
4.409289105903154E14
1.617396662557672E15
8.137613076059838E14
-3.9646259157116044E14
3.41647372603352E14
-9.364772071342696E14
1.0944382109607917E14
1.3692005331532355E15
8.1560254858481E14
7.693283818397234E13
5.754630965597054E14
5.327385461053247E14
-3.613043411704398E14
7.048908205090685E14
-1.1364279829810515E15
1.3841891647390738E15
-9.514542336569708E14
-2.5179842023887903E14
-2.2722841154095328E14
-5.0602218598206294E14
-1.1187551293531748E15
-2.519517693815922E15
1.6677589035225492E15
1.8469823579812078E14
1.7993220224837928E15
-3.311152868058049E14
1.171523165170916E15
-1.3415496252233522E15
1.4891703300781678E15
7.447614600577551E14
-1.3612966240644268E15
6.936290849555281E14
6.237219040818911E13
5.101298542412844E14
-6.122229886376226E14
-3.0160896859412825E14
7.792047080685876E14
-4.7245065406815994E14
-1.3662818776356295E15
-9.85857495847118E14
7.995943831536741E14
-1.4315807629999582E15
-1.8295130223615875E15
-5.803156300050438E14
-9.750471034085244E14
4.362772276590959E14
4.181699658360136E14
-4.532400372387726E14
-1.4404667480030325E15
5.065450756541238E14
-2.778863147508589E15
-5.098090665921683E14
5.524003446946806E14
6.544265126129531E14
1.558930056183093E14
7.13982510782791E13
-7.712838675757659E14
-5.909642267344158E14
-6.43183947068179E14
-5.407743497261654E14
-5.110226844390299E14
5.33261311996269E14
4.093570592110203E14
9.781033554933804E14
1.3057118963268615E15
-1.1644912494415572E15
-7.626387027932959E14
-2.1489139151804198E15
8.905886071960668E14
1.3339237596280875E15
-1.5512380458530997E14
-3.0411203763202806E14
1.133574080669537E15
6.759579901678561E14
1.5933185244149772E15
-5.08590461969231E13
-6.15393624058688E14
-5.672733109093509E14
8.754013004839355E14
1.037214852866096E15
5.6200762493761E13
-2.476196301921399E14
-8.331457736493245E14
-3.4502576694243594E14
-7.423747513114512E14
-1.0017053446641596E15
3.579981859268486E13
-1.0540089011484012E15
2.176639687690742E14
7.56216109159049E14
1.6252494584247808E15
-1.0338618442887448E15
1.2644100877847488E15
7.683660809195603E13
1.184963061873523E15
-1.3261812501277705E15
6.317047975086308E14
1.805987715569964E15
-4.03609165168675E12
-9.42199733655743E14
-1.174382391586693E14
-2.0048780176784215E15
-9.312095172934956E14
-7.882138921169839E14
1.1050021685814831E15
3.6822335559782906E14
1.3986285316805195E15
2.7944809822504225E15
-1.9850295030638265E15
-1.433448465525464E15
-3.93209710533641E14
2.974688752014693E14
-4.0988476301967744E14
9.173912840322469E13
-8.922172059167994E14
-6.036450501389686E14
7.895097938620194E14
5.224995818783571E14
1.3135051876414775E15
-7.594922750082612E13
-2.4478223104434053E14
-4.0087408355929175E14
1.0262986769146042E15
-6.625009973836549E14
4.066525715457946E13
-1.3509231052496675E15
7.890077112522095E13
3.290380308967314E14
5.261313077140625E14
-1.9390800141925144E14
3.153043152402326E14
2.213383155832412E14
-8.35269990211381E14
-2.740663174266511E14
-1.8107688855983194E14
3.217926957870907E13
-1.3569095690773152E14
-1.0653395671918096E15
7.288051379657742E14
4.059082929857432E14
4.897647562888114E13
-1.0966287315147946E15
-5.788847852385322E14
3.789275730631361E14
6.164104121776932E14
-1.0139761992433608E15
1.6062046765736798E15
8.427043885336419E13
3.627878819551756E14
-3.023467357640728E14
-7.611221628481961E14
-5.010433225173506E14
1.0137092620444814E15
-5.2203158233794125E14
-2.0041608218595592E15
-3.6875364135146944E14
1.169314191030196E15
-5.598102464885273E14
1.2054344660120075E15
8.799974556336924E14
3.632895429940282E14
-1.3601929141182145E15
8.445251272059368E14
-4.813238896499536E14
-7.536467947804944E13
-6.933592245007774E14
1.5993021446220438E14
-2.2257887983502645E13
4.165362707461366E14
-5.118254922235379E14
1.949963210729237E14
9.604252473353724E14
1.9547748192186594E14
2.64429910894915E14
3.6395086829510006E14
-1.5721994929955648E15
1.0204803717624078E15
-9.958436663098442E14
8.253433548884569E14
-5.473991345036601E14
1.2729540595999424E13
-4.936360294116536E12
-6.522560862977476E14
7.996632096076826E14
-3.3825218853658694E14
-1.822214204952917E15
9.249242160937674E14
1.2417328346077778E15
-2.65730077454767E14
4.966946063338449E14
1.1249432981388162E15
-1.1316113892894705E15
7.233758380292964E13
1.0332231080859181E14
-3.3452023991220668E13
-3.994646384748146E14
5.389376074009239E14
1.2866821719277782E15
-6.924675405723436E14
5.152445060011747E14
-4.3821182177762306E14
1.0098523590429858E15
-1.2135316528830132E15
-3.856801652401547E14
8.871650405541568E14
-6.75408266900676E14
7.686787555781438E14
-7.771231436647116E14
5.231860671940567E14
5.760529243028245E14
-5.460798903976133E13
-3.947378158537702E14
-7.590067144988654E14
6.995064858516564E14
8.604578405416425E14
2.113985284994503E14
-5.3341051826341715E9
7.067576370528464E11
1.2219025352601872E14
4.819870537297904E14
-1.0665736148102615E15
-4.5008629498927344E14
1.258861785444737E14
-3.7165369258577994E14
7.257139912085282E14
-1.4868003491472748E15
3.7648916426432E13
3.4135283642122625E14
1.7028360431003168E15
5.627113473600112E13
1.1350400220283556E14
2.6063231254291588E14
1.589669200114013E15
-9.41430334306765E14
-9.932377903611538E14
2.4429417951884015E11
2.469446338200323E14
-1.9140951575171606E14
2.817622359788331E12
3.4766661765292325E14
-1.1474702021524558E14
-2.7577849682406916E14
-1.0231851905999144E12
1.2314464689285058E15
-8.347157682066243E10
-1.3111148683543962E15
4.010242893186307E14
-5.671514510023638E14
9.613464225453205E14
-4.978338839369927E14
-2.7854166207599272E14
-8.753705399396595E14
2.1093730880982853E14
4.8882060251640406E14
5.358438273492996E14
-6.63837496092666E14
2.3211061226584412E14
-3.3510126755282206E14
-7.873871149990211E14
1.167393589867998E15
1.1849369121318508E15
-9.791273571564168E14
-9.887064377476325E14
5.839021955388551E14
-3.4104713540093206E14
6.745840242212885E14
-1.461713918082305E15
-3.9586175211248256E14
8.027075102479868E14
2.836767297585426E14
-1.1162660546800525E15
6.013182488101004E14
1.1670030512858738E15
6.535003544368962E14
-1.478574721426668E15
-3.464617570448293E14
9.370840395504816E14
-1.7054982053107058E15
-1.2792981113295661E14
5.970857135936568E14
-1.0487916940337251E15
8.505052815359886E14
-6.549795503282861E14
6.434525751582928E14
-4.1194881017512556E14
6.975165505445734E14
9.776021791235992E14
1.3900942296923868E15
8.72685908664239E14
-4.018701746804201E14
5.0625397980021725E14
2.6332152482653584E14
-1.5300953020657108E15
-9.977232900685921E14
4.361676432074423E14
-5.354877204946345E14
-2.8734072548367744E14
8.077892843887622E14
9.816409419706895E14
7.073694289868602E14
-4.2663152169523825E14
3.820004841709355E14
-1.4093856908782032E15
5.780855818097905E14
9.515868542419461E14
-1.5019667032333798E15
5.2982264240304406E14
-4.634171296089685E14
5.4324077671094164E13
5.806661565717985E14
5.673126217465819E14
6.677346699729715E14
8.313411747465899E14
3.4325953956166875E14
-1.0495251944321255E15
5.855695287780848E14
-5.3564192539850094E14
1.4930489536730892E15
-3.766795516743167E14
7.845785585129038E14
9.849423063825109E14
1.6794786558664052E15
1.0733786740749288E15
1.6415478938414316E14
5.094562257049333E14
5.141345431885374E14
-8.04519033289981E14
-4.8706141332870225E14
4.973147999349959E14
-1.5542843555712932E15
1.2626843932608692E14
-1.8177620233403728E15
-6.93676201634994E14
-4.272382030157983E14
1.0064554460031574E15
5.804257906460479E14
-7.50611929734985E14
-6.772515600033948E14
-8.479927273836754E14
1.3702765826401038E15
-6.305743117711899E14
7.370824233525289E13
-1.629603058604613E14
-2.768434438485068E14
3.6601519647642594E14
-4.834432900718381E14
1.2004429389822428E14
7.988461341008888E14
-9.110244279212132E14
-1.0382699455337979E15
5.88644455227114E14
5.131261723632267E14
-1.8862288123580308E15
1.5044283483544484E14
8.331546138440646E14
8.012656664422106E14
-2.8179100510708056E14
-1.1100188917488555E15
-1.6031122409746775E14
-7.927436483660925E14
3.7873613093624586E13
4.152645894505487E14
-9.455760637175188E14
1.4364104954573385E15
2.587502435008288E13
1.557359880856856E15
9.155423316704968E14
-2.3018621291761178E14
6.00151477218669E14
6.71539932576061E14
-1.386901882498324E15
-1.117976588971967E15
-2.711378476405641E14
1.376232423428709E15
7.787769312972568E14
-5.048209977248052E14
-4.209784333509347E14
8.671626697092761E14
-9.335135097955621E14
9.730214955756312E13
-8.946102018822508E14
-9.702526326459773E12
6.686039098731166E14
-6.497588159108349E14
2.817047000197972E14
1.5560782793255853E14
-7.333968582058189E14
-2.3840301947018772E14
-6.093126625798151E14
-1.1368718791682738E15
8.79438582315242E13
-3.968532765517868E14
5.921797674135332E14
6.627010972514385E14
-1.8065234411744497E14
-1.558926902691224E15
1.1014274623792028E15
-2.4011499219546906E14
-4.4877369976064694E14
-3.032606256201686E14
2.3653192019155506E14
1.6070008394371018E15
4.876662257901722E14
-8.056869462375308E14
4.987710059558097E13
-3.6274191867170575E14
2.2339041613851816E14
-1.0705722613819739E14
9.199917554974291E14
-7.085586816755079E14
-9.079990608622005E14
1.0703715010674014E15
-2.9015751466105506E14
-1.0784766662333781E15
-7.605161074258836E14
-8.421751142956745E13
-1.71463776632644E15
1.168222831615657E15
-2.166790895300833E14
-3.1515865919750694E14
-1.8364487169061746E13
6.709735632017244E14
-1.0029475392475722E15
-5.368480221096952E14
-1.0763959782186892E15
1.0718198067270662E15
4.8567022102876225E14
1.3964227467541725E15
4.2217533388901944E14
-3.7498021545708844E14
-6.547184736730264E14
5.066035301765236E14
1.3179695695800112E15
-4.415415949397119E14
-9.016991369675876E14
-1.291468036521152E14
1.8555056337876447E14
-1.1462694808020516E14
-9.548711673332104E14
1.76245375367784E15
1.2470840987487973E14
3.998771071212715E14
2.7202978548657784E14
-3.879548896052981E14
5.828646281933012E14
-5.829028404541714E13
-5.594785061153824E14
3.374580473056921E14
4.3383579290954194E14
-6.396540072602211E14
-3.100500787177731E14
6.78061730412702E14
1.7282802050976153E14
6.509637986620008E14
-4.8768502585553494E14
-4.871532175697895E14
-1.1215702300112762E15
-2.4840693045376897E14
6.281328088240981E14
-2.6402353447764628E14
6.128642984414828E14
7.697097164735819E14
1.3071550106960492E15
-1.0080994513895053E14
5.883691551284072E14
1.3667261003902783E14
3.284280253114054E14
-6.941429400419259E14
-1.079782005879467E14
1.1697867025828983E14
6.657424623727831E14
-1.5316160428150858E15
3.283487241790291E13
-1.4578669777545818E15
7.603763885152961E14
2.6129492910629866E14
-9.933071500374572E14
5.124014363783439E14
-1.8304897926195366E14
-1.0635954623219836E13
-6.826013451826856E13
-1.126156414937252E15
-1.315016657373439E15
2.8399591920348306E14
3.004030793474483E14
6.875790748383415E14
-4.128342453941578E14
-1.7319763308808903E14
-1.3035191579197052E15
-9.394035132272605E14
1.7015301256237288E15
-2.4214506752110112E14
-3.639616856951126E14
1.0718693977870001E15
1.2611295941552492E15
5.977813046560548E14
4.9364804185382194E14
-6.653451719098719E14
-4.3951653274525856E14
9.116020643739428E14
-2.495935624765298E14
1.3554635960298128E14
3.295312742182164E14
-1.9255468741547212E14
-7.930946778792025E14
-1.3659989001980622E15
5.4578240072414606E14
9.57469764955362E14
7.956339223396001E14
4.816894492685717E13
7.230117396166415E14
4.472590674769306E14
7.738395752535821E14
-7.775001467020795E14
-8.063674730855633E13
-6.268494483738645E14
-5.815708166158438E14
1.2555076392848512E15
2.9335086006358725E14
8.99713026915637E14
-4.38206427909775E13
3.7391232431704E14
-3.157995755871279E13
2.0113993846576753E14
-1.0534276742749803E14
-2.136867388094427E15
-8.834088820650525E13
1.2023531840031072E14
8.093053790681824E14
-1.4003932667618977E14
-7.0192551990991445E13
2.4993784907985812E14
-5.2661634704175725E14
-4.191422896621115E14
3.6226903199723806E14
-1.486468583810408E14
-1.2918920779504735E15
1.3134081049448895E15
1.0808210096302436E15
-1.9113946764484638E14
-1.6919541488112105E15
-3.7597644966573E14
4.08904991662294E14
5.104111262510363E14
5.9332217062745414E13
-9.22604475479694E13
2.7291693245290613E13
3.418197285117087E14
5.113202036314179E14
4.6833524989381875E14
-1.324390867298778E15
8.597669215860961E14
1.788057536716309E14
-8.47195274344624E14
9.537377531727826E14
3.2567341443043875E13
-6.341053991274972E14
7.084444583072536E14
-6.497707297179259E14
7.038132820299079E14
7.739640792540674E14
1.451948431233942E13
-6.1912912823992E14
5.343787723795941E14
-2.612956103979914E14
1.9122411427518734E14
6.334754375583575E14
-6.253406530068939E14
-1.0448683335368138E15
1.2581466711492145E15
-4.976249214135869E14
2.353951344544557E13
-9.513987139512472E13
1.0021158131553578E14
1.4453549184296316E14
3.418354645449437E14
8.72004489866158E14
-1.2054293179026862E15
4.2437400230254794E14
7.845597268563875E14
-2.8864047137532725E14
-6.143970878625336E14
3.5320092566868E13
-1.8298624322018628E15
7.178959904960625E14
-6.054589700733456E14
7.500739933723395E14
6.391851052321398E14
6.085485420726806E14
1.0598449182757631E14
-8.411106541143918E12
3.543351007600689E14
-4.234503994626305E14
-4.681951382362342E14
8.343470369983206E14
-1.125921665772973E15
-4.878900184563784E14
-4.9345340085484305E13
-1.0378214149153095E15
3.225979750157296E14
1.772606355005669E14
3.547962181149687E14
6.5232075429103016E13
2.6688531698729178E14
-5.958379348669845E14
1.8185750273551706E14
-4.895290890151473E14
-1.2648567523680672E15
-4.3963462867650856E14
7.423673888402601E14
-4.8023438353533056E14
6.182779327378331E14
6.072987095334096E14
8.669946817836491E14
-8.841187400001669E13
9.861536094250508E13
2.302963798049658E14
7.150744970108858E14
-1.9090085456482652E15
-1.0097416185560454E15
-5.4022715193167206E14
-2.6449995806720353E14
-1.101053013338564E15
3.1812414492497075E14
1.546715632026945E14
8.076142482238894E14
-1.5256832650819312E15
1.9542417478760056E14
6.304975334868204E14
-8.428277307630429E14
2.978417265543658E13
7.500341870596264E13
-7.551788422222122E14
-1.743012991534552E14
7.440140730972919E14
-1.1996870012320027E14
-4.166458427379762E14
-6.586002131104432E14
2.7371261184189772E14
4.905845322627089E9
3.2833931677919494E14
1.3634003840249455E15
-5.8532849297685336E13
1.7445409555047208E15
-4.066816823724941E14
-6.788625756339818E13
4.1166423404874094E14
-2.7227188343984975E14
-4.131626691420084E14
-8.170217554240777E13
1.3736251919710965E15
-3.539232814706399E14
2.307899222817403E14
9.03917501037104E14
-3.0027701251697785E13
-9.654587962074969E14
3.4617358644855598E13
-1.2381927881136458E14
-8.170226086293845E14
-7.799188257189748E13
3.7336648423284556E14
-2.2977361130785866E14
-2.0304546381143254E13
-6.538178254357935E14
-2.8816436320225156E14
1.6200319393166825E15
1.8011192952191503E14
1.3099294595519583E14
3.1622811500486206E14
1.0586313637553653E14
-7.87445902968175E14
7.823394611625384E13
-6.994872355186244E14
2.0773818408302253E14
-6.052403986148948E14
3.892232718270399E14
6.755293122365905E13
-1.2283986137403788E15
1.2625884548897852E15
1.7653863241718338E14
-8.632475120297342E14
1.0299917382638714E14
-1.127267946634943E15
-6.903903318985149E14
-1.5738794705205712E15
8.589064265621462E12
1.1980911250505885E15
-4.033002827076075E14
-1.6614004448555975E14
1.0405053511905718E15
3.860933319997719E14
2.868183336015518E14
-6.870880411928911E14
-5.391552202843048E14
-6.614503381472728E14
5.599063672493396E13
-8.095832980012026E14
-1.1570843144487377E14
-5.663446521730922E14
-9.526793812203269E14
-6.490984659984498E14
6.274609538673674E14
1.873865800349026E14
-1.9973198071381328E14
3.5110973199605356E14
6.351523536724068E14
-1.6941134481516138E15
3.4283940015510275E14
-4.928264803962941E14
-5.2148651688400475E14
-3.938414059013131E14
1.198522870353742E15
-2.7327383883904825E14
-6.310164258495931E14
5.799377646921062E14
2.981742117196963E14
-8.512514923047666E14
5.1170298140472106E14
1.3245846600475895E15
1.1908524692465672E14
-8.873379886231878E13
5.819751057437899E14
1.1218829215230735E15
-2.0351240885380503E14
2.720828841688338E13
3.620569951973529E14
-3.4293554108391675E14
1.4177443801431903E14
1.5047468686175985E15
7.299992824254253E13
-5.214666367530608E14
6.159825266325908E14
-5.863900974216026E14
3.410411319341564E14
5.589587068826267E14
1.454550587045317E15
-9.7183684132457E14
1.5590610910948762E14
8.136409814157524E14
5.073538778359069E14
-5.286229992000827E14
1.9408754563430572E14
3.959159205065591E14
-1.2260234556074412E15
-2.3415860549686794E14
3.0063683636636894E14
-1.0738674028708585E15
-5.798759727410615E14
-5.173635294043702E14
-5.97723815265912E13
5.813637364636995E14
-3.803730853034861E14
-4.994860353552315E14
8.288332614427341E14
1.8133233348970105E13
-6.512596121474021E14
-9567714.101779914
