5.265757872310368E15
9.056437499886532E14
5.446575703846713E15
-5.417902326179951E15
-7.506629659370206E14
-5.98284444239085E15
-1.3075319990058128E15
4.347834436563505E15
-4.1445561735556835E15
6.584438761722871E15
-7.009343761507888E14
-3.421292507929373E15
7.870833662285451E14
-5.540858840465664E15
-6.826652666103968E14
-7.104821006366839E14
-2.844736591610945E14
-1.6814090119261732E15
-1.3548174024663331E14
1.6002410207259932E15
2.310549762529222E15
-4.573620762183884E15
6.280886692446924E14
-7.765100631556962E14
-2.0653845105610428E15
2.0918665140492906E14
1.5190158405655508E13
1.658064189187195E14
1.2106234823678975E14
-1.99613357798029E15
8.238896249703335E14
1.2012254824930115E15
1.8932045053675303E14
2.5045800579853715E15
-1.2504878796943478E15
4.3773944197797656E14
2.0697391703968075E14
3.836730104175712E14
6.784829458044542E14
-9.506802792039962E14
-1.5929361898260202E15
-3.6441017275378775E14
-2.5390838935173785E15
-1.7048710952544356E14
2.605585372633218E15
-1.930536302834761E15
3.497998143183005E14
-7.751748478663198E14
7.828002917857382E14
3.0468168932884725E15
1.2689506222331158E15
1.3089784711555882E15
-5.213243019989307E14
2.7118445597686525E15
-4.971555333783005E14
4.693904552554762E14
1.3695625578577925E15
-1.3121896225257338E15
-1.0208664299675636E15
7.383392148098275E14
1.4527799359874016E14
9.448374696269276E14
-4.240321464979071E14
4.1127589979860975E14
-1.1261275615010738E15
-3.377622032241126E14
-2.074555442835706E15
1.2133804613487962E15
-2.480700644580901E15
-3.1013898974500494E14
-5.616482589954506E14
-1.3606523599795915E15
-1.0199939830889869E15
1.6086160201149988E15
-2.83562552829778E14
-8.675232946831471E14
1.7706259649639925E15
-1.6040911494756108E15
8.7953923726842E14
-2.5530126733560455E15
2.864603244308792E13
7.488537601336438E14
-8.967831908531899E14
-2.8302993794515356E14
-2.6413532683404462E14
-7.693807155308291E14
-1.2569679739008302E15
-1.170973975527959E15
-2.3059919025670684E14
2.4226576665337212E14
-5.779302565751215E14
-9.513197100260538E14
7.78575037278091E13
-4.194377253126165E13
7.994783114881585E14
2.4928839266387225E15
-3.937091154685065E14
1.6003470009726397E14
2.5928774744020312E13
1.7461497136617088E15
-8.732503704377595E14
-3.2181875113621125E14
-2.916546662038464E14
1.7392681668017295E15
1.1124742664499915E15
-1.6053168844404858E15
-1.445667484826109E14
1.0702104372168358E15
-1.4260761870292705E15
2.9280467579810275E14
4.8768220575171294E14
1.570500881472283E15
-5.874837606217991E14
1.509452887014085E15
2.319865293897743E15
-2.9979051372764805E15
-1.2737730621045675E14
-9.378246077088056E14
1.0803821114590928E15
-1.0516731927469902E15
1.3496197636388712E14
1.5890025338054378E15
-1.2395009466065239E14
9.157742677341688E14
-1.0377007987094251E15
-1.8162493691190675E15
1.830119963596809E14
1.0850603429585809E15
1.6495555556544912E15
-4.494045412551419E14
2.0065587369563534E14
5.762219468916341E14
-2.0367368859020325E14
4.243380217820289E14
-1.28869544582698E14
-6.62311670315744E14
7.17184659299942E14
-2.1301502071230442E15
-3.9500638363911456E14
5.822912791856964E14
1.9993946375178778E14
-7.46979177286403E14
-8.343633809894577E13
2.5773105681491934E14
-8.740126926913318E14
2.559685702484365E14
7.205220166740109E14
-2.8955614041293447E12
9.750270742001141E14
1.2808236487808292E15
5.788651528456459E14
9.691196313218038E14
-3.5599534760127975E14
-9.954374084310675E14
1.2618928822716638E15
-5.4156286068502125E14
3.9799745968266075E14
4.6138837860159094E14
-1.8098940467860722E14
-1.3936057629517342E15
-7.367367926047902E14
-1.4165615094709058E15
9.517781079843019E14
3.45922108253345E13
-5.0866065956790106E14
3.4983445862920206E14
5.1071904050834E14
1.8348764504296225E14
-3.375131938499089E14
-9.470008569296852E14
-8.692140990852322E14
-5.74117988168607E13
-5.9576012565113914E13
9.162653214024752E14
-1.443675582148122E15
1.4187591868347842E15
5.51536242676632E14
-1.40263081868287E15
-3.001086758523652E14
-5.929511372102669E14
7.962064693476562E14
-1.62318173217133E15
2.843391072133332E13
-1.0457875921019926E15
-6.014955426674171E14
5.892351926050588E14
9.411094236332529E14
-1.6482482044357934E14
-1.0565163659031179E15
-8.569206047601616E13
-2.8184060372765694E14
3.0050944912729832E13
1.1036390285196764E14
3.124215168168955E14
9.625749894639342E14
1.539911767800658E15
7.547984385344932E14
1.2711787016202372E15
4.756822281588331E14
-6.806808343703006E13
-5.620281340399084E14
-1.3198505840669098E15
-4.277027297975549E14
-1.1283802379576128E15
3.1314638995947475E14
7.797250020252008E14
-5.174757665772739E14
-1.0791643115954092E15
2.725887940855777E14
-6.590673039297076E14
3.805615324769906E14
1.8010229654339438E15
5.766569158231689E14
6.641807168354361E13
5.3008585135120125E14
-7.892048326866578E14
-5.77601488575773E13
9.276348729586569E14
-4.774893058807007E14
9.416010264727622E14
-6.429464695157628E14
-5.0524919173769575E14
4.8667035540427294E14
4.51972920920368E13
-2.190143103776147E15
-1.7600538830491968E15
8.613655855240225E14
4.067193786293023E14
1.0094222634569546E15
-1.00842731965969E15
8.515552752518282E14
-8.049278978143645E14
-5.317214510859019E14
3.9168534297885956E14
-1.7672456845808605E15
-5.953994960755859E14
-9.094773311072629E14
2.0651529862001603E14
-1.2421172470118192E15
-8.70380700091932E13
-1.1674796456994815E15
-5.755298381280649E14
1.569800057170457E15
-8.710154871994878E13
-2.5630941244100103E14
4.2395010844776375E14
9.940657201774725E13
6.149673518882701E14
1.065777955365064E15
-1.3903655361531E15
-1.6673682099081712E14
-4.9230906779261734E13
5.239290029491289E14
-7.698970808829706E14
1.7833891035944872E15
-3.371686670855208E14
-4.63429026459291E14
-3.1721997234529394E14
-4.638181957365225E14
-6.941245126768774E14
-3.50720555330954E14
8.705308722186929E14
2.8809734765066918E13
7.406320072667145E14
1.2892502622685592E14
4.804237748234735E14
-3.9947250275334244E14
-1.2962322182242283E14
-8.47799262778772E14
8.482340904367298E14
4.6075334344815094E14
1.5431025474645782E15
2.4986600953999633E13
-1.058584707533816E14
1.1688390766429985E15
7.74869264046037E14
-3.2013120503014756E14
-3.45592086252016E14
1.387184124783728E14
-1.2355843610856309E13
6.291014027292066E14
7.444998689554925E14
-1.414828081333241E14
-7.166447394071084E14
8.45004666380663E13
1.1820567773530262E15
3.7796096924397444E14
5.4421984448986664E13
1.295673309698085E15
8.95370321763621E14
8.344600094123726E14
8.983767847999311E14
-8.991521454074564E14
-1.2537883631934736E14
-1.2856153483396522E15
1.8915902256292188E14
-1.8639007028931565E15
-1.0848936667166531E15
-3.0673674519997184E13
5.751483557048816E14
-1.5201403134313738E15
2.05674182165062E13
5.218135501122513E14
-6.893465511072181E14
-8.560301584894949E14
-1.697846894260977E14
-3.5846544972680456E14
-4.57523978548688E14
-1.3924642826663035E15
-4.6697718328136156E14
-2.0484906894687598E13
-7.065838126315781E14
1.0876417975545961E15
1.041835264516484E14
1.096497477657741E15
-2.5880210234251947E14
7.893672706812038E14
-1.420356739920978E14
-1.2475644314163764E14
1.106195074311775E14
-7.470881475285886E14
1.1785939239704158E15
-4.874902546221032E14
-7.096550354298494E14
-8.168634211858169E13
8.64695783550774E14
-2.2339183199634178E14
4.083818492265199E14
-7.914269172645014E14
-2.502944210324065E13
3.6267151379516044E14
-8.431032809479874E14
-2.5210908558012016E13
-3.711696589574204E14
1.9182782367770188E14
-3.66466154933853E14
9.502852508361548E14
-4.1494330029676775E14
1.701793256349436E14
9.145358616494194E13
7.281265730722508E14
-2.3014017415649953E14
-1.1663557264933275E15
1.2179519559361498E15
8.730542647027854E14
1.0210105233454585E15
2.9323706279573925E14
-6.227149653138271E14
-6.223024353162782E11
1.4211828506118672E15
-1.2048694438652132E15
-1.0769150776465675E15
-1.2423918768645112E15
1.1730222273638612E15
3.2750258018880444E14
2.4340033183439884E14
-2.6322736067392497E14
-2.2729234168305772E14
9.876455425245811E14
2.3995071276296575E14
-2.6792748363541362E14
1.4905848507664153E14
-2.5299985628585803E14
-2.8086948479379353E14
-8.490753323226251E14
9.799231498573855E14
-2.6735498166065006E14
1.0872855408198102E15
-2.9832229646324775E12
-8.202434294291606E14
3.9043874803042744E14
-6.08289757074088E14
-9.214724329108971E14
-1.977589952756204E14
-3.356749841192439E13
-8.755755676175302E14
3.505616697443808E14
-8.138174032324164E14
1.996349685722091E14
9.417011247730365E14
-6.634381243562362E14
-2.8575389987960438E13
-8.774744128168639E14
-1.108784030039112E14
-4.595901721818244E14
-8.232348594640745E14
1.744653495119958E15
-6.856785777010364E14
-4.3951475581248184E12
2.111563727634388E15
-5.3833687523240125E14
-1.5281010838541735E15
-3.458253777377743E14
2.882275569045178E14
-7.065708452669374E14
5.776121955984751E14
-3.1381072538074444E14
1.4722430728490316E14
6.685736055995496E14
-1.9444343333090822E14
3.132609474731624E14
-2.2666119219233797E13
1.030185994081696E15
-9.972325765955849E14
-2.0574916040429828E14
-9.149092932514884E14
2.1716635443451728E14
9.660016597987036E14
-8.081888332566853E13
4.04562712309103E14
-4.8384519595661394E14
1.3536791112480483E14
-3.5529014148835325E14
-9.539242795952969E14
1.0935481844351112E14
2.1093787564703972E14
1.2512454303462747E14
-1.0748197690857682E15
-3.349217215267439E14
1.7305133865581228E14
1.4193340386744202E10
-5.87549406515688E11
-3.887548838738383E14
-3.979543398045404E14
1.2168446819609518E15
1.072208171294472E14
1.986181527966731E14
1.82467977915473E14
-1.8216129151859888E14
9.76076900709808E14
-1.507244950218528E14
-1.9595043611436912E14
-1.1004646798109189E15
1.114492065473182E13
-3.077696604320266E14
-3.901510359998879E14
-9.451312675964064E14
2.851325766521095E14
8.11293519200846E13
-3.6178015303782245E11
-1.5841980686059634E14
-4.0719780110683305E13
7.384648201481932E14
6.028518879902365E14
1.2064443784996686E14
1.4298500120210338E14
2.1629506768138767E12
-3.393418195609659E14
-2.952793931895992E11
1.1927842193486635E15
5.794365237935146E14
4.966549552300181E14
3.669052481141441E14
1.2995385704824088E14
-3.0973743944502394E14
6.796765223155475E14
-2.051405635280494E14
-6.97118371006838E14
2.95605891045737E14
6.818032893154009E14
3.049510385054427E14
-7.09865083720014E14
6.594699109126438E14
-4.4856727070841156E14
-7.495160947832348E14
7.276897621910485E14
-2.929849877334262E14
-4.1293057093630775E14
-1.5089503283852906E14
-2.229112777783288E14
9.759319422558046E14
1.2448707340923561E14
-8.397027972469783E13
-1.0371121796060872E14
1.6021135612720948E15
3.3598663299937425E14
8.272377499738134E13
-8.671534937640879E14
1.577198443211754E15
-5.4513773472082375E14
7.618008536992E14
4.373172055234881E14
5.981870349164495E14
-5.713922492072596E14
1.00630253008934E15
-4.499727404002283E14
-4.0528448673276175E14
-9.89093003635575E14
3.0935558309607856E14
2.2331539874170544E14
-9.03447179922924E14
-4.071595419454461E14
-3.061183197619915E14
3.2983897703556645E13
2.245202819234632E14
-8.868585888466758E14
1.0416604218167164E15
3.376244642994782E14
-4.710697673846778E14
9.565582308540609E14
9.452283489452802E14
-7.967041987010729E14
-1.9861635720213938E14
-8.178406150105229E14
6.38392553804826E14
-2.556076378976948E14
1.228385573914833E15
3.435092432050836E13
-6.385725874652014E14
-9.097855519442845E13
-6.211288266453945E14
5.641432184600279E14
1.1590227375799245E15
1.3707917130361244E14
-3.928472933487562E14
-3.794588382988393E14
-3.6651537567863694E14
-6.450889900643928E14
7.869279165280999E14
-9.590052487148511E14
4.30149886151955E14
-3.267835609171742E14
2.9548729759704256E14
-6.163743391199009E14
8.873604376040794E13
-7.814812550176676E14
-8.044271309472001E14
-1.1376871699476705E14
4.437210712454857E14
4.381793910777171E14
8.510311220811956E14
-8.420194196498381E13
-9.15129871535298E14
9.35458667908756E14
-3.0836171460884925E14
6.739663212323609E14
-1.3057997119367583E14
1.35580867332839E14
-2.676978913953489E14
-6.14868126078692E14
2.976479573996468E14
-1.4456559491642084E14
8.833505565069109E14
-6.039036952493896E14
-1.4325543926806912E14
-9.539076060749703E13
2.641867381548383E14
4.121626246261845E14
-7.832171729833088E13
6.125533666876385E14
-5.5460561317486656E14
-4.984930112290903E14
6.7713221568710586E13
1.2146336343093572E15
-9.66348910591241E14
-1.3308102598593688E13
7.081318034275678E14
1.3225615320330845E14
-3.7534140689964756E14
1.4637944744766006E14
7.305748023174328E14
3.9441997040393675E14
6.03050585409299E14
9.277269131118569E14
2.557712438117697E14
-5.27923126092144E14
1.8031438552074962E14
-1.1933991840685568E15
-4.672416381224871E13
-3.131109603862097E14
1.4879285434702875E14
-1.3704526938282003E14
-5.927691147284772E14
-3.2633521513500844E14
1.198458424080854E15
1.2363563531736572E15
3.060868064109968E14
-4.288837933961525E14
9.8608591788481E12
4.253505633712417E14
3.0553963722719406E14
7.032775394013186E14
-3.004014634047151E14
3.3991021897972944E14
7.099914245211976E14
-3.760708963050088E13
-1.0371104066420028E15
-4.316358980839058E14
3.60424099243649E14
-9.531170324577041E14
-1.0466948312181205E14
6.0965387488853695E13
7.047209953685189E14
8.829535950533421E14
1.5907945784455268E13
7.498087897339564E14
-8.147997349341604E14
-4.9695461867828006E14
-2.7337447371412734E14
1.4477564719554368E15
-7.965519410452761E14
-1.2183687746481662E13
2.8158968905936294E14
5.64180730960648E14
4.7451636405861706E14
-7.473297071222938E14
-5.921535593455471E14
3.2301696553234775E14
-4.6786507605871194E14
-1.1706448898710258E15
1.5991702648041922E14
3.283803368166743E14
-4.654785490218852E14
4.3906279345292244E14
1.41676182209677E14
-1.0364918140806003E14
8.15219498485443E14
6.506807173268714E14
4.912475492885634E14
-2.4436617933979156E13
3.4931485307957444E14
-5.680242327141292E14
-7.4921496244005E13
1.9511509039216588E14
-3.9922678791648375E14
-8.970122958827371E14
1.3333412712559112E15
-1.2763327129329703E14
8.930753531263134E14
-8.040326658007921E14
-6.510920742248319E14
-7.261597651127228E14
1.1289583190041432E15
-2.4159760337820925E14
-1.1412542316040135E13
2.1797121304091175E14
-4.0841437983801494E14
-2.6085224427745266E14
3.779180697368626E14
4.8245211889328E12
7.163674119984502E13
9.971349554615866E14
1.4217769489143748E15
-1.4425754484238635E15
-4.3494803947486056E14
-3.3152183190232656E14
-1.2479651320437492E14
6.405009559376832E14
-1.7321614916680216E14
-7.649862787597148E13
8.174567081504794E14
1.8012042606193803E14
-4.0467126236450375E14
1.890649965110139E14
-5.662643022942038E14
-3.4107620055890744E14
-2.2750066100443394E14
9.395681247353989E13
4.9480508248503744E14
-4.10881242118669E14
-2.544544385457242E14
8.198990383623211E14
-9.818733674013176E14
-2.1560313732842578E14
2.6914382345316038E14
-8.498647470811095E14
-3.085424254882211E13
-2.0217290240949803E14
-1.1434815193353965E15
-1.7046701199890889E12
9.748093957366453E13
1.226787605051903E15
-3.625771514442589E14
1.7455752287169553E13
1.3967880448056195E14
6.795730046894555E13
-2.0797995244546316E14
7.700481140818702E14
-1.1472804817805605E15
6.299756988009937E13
1.4069164741014878E15
6.7310959497495E14
1.7698188687982538E14
-1.0331627865888872E15
-5.241533728720326E13
8.436616544160938E14
1.98804229412557E14
-1.248799552719658E14
-1.857519751914417E14
-1.1355973348963788E15
4.4520051912750656E14
-2.829187331189483E14
2.813943892432853E14
8.669824633483682E14
-4.6642298602251094E14
8.806968200236944E14
6.617070771310348E14
-6.475448850955179E14
-7.863182256118426E14
3.042136557926475E14
-3.446090359767058E14
4.151930540227143E13
-7.479279604412661E13
-7.28525683166521E14
-4.511434694708224E14
-4.3074352607964325E14
-3.41207984687803E14
-1.7616764936660838E14
9.339505112097566E14
6.333915752669491E13
7.375394874033698E14
-4.7397944214987375E14
-2.7185810121753494E14
1.8323538436496866E14
-6.345948365759524E14
-3.827407552081168E14
-1.218815913727205E15
2.303062685150514E14
-3.1767611098777156E14
-2.2734593501556E13
4.2909688169492E13
-7.966839284959875E14
-4.125648772483702E13
-1.2767746792363082E15
-9.47465991072694E13
-1.5301904951156097E14
6.3171032935675E14
-1.5656966235450128E14
7.464368047550261E14
1.1282902973491202E15
2.887783010387979E14
-3.188392598689191E14
-2.7178007836874112E14
-1.8522303329312206E14
9.614437698198966E14
-4.835547576609651E14
5.6041463853058044E14
-3.664870323147296E14
-2.6506220884142778E14
-2.85179662487848E14
1.2137894597217178E15
-9.125746862439688E14
-2.3473240329197134E14
2.581013463139268E14
9.677742863879526E14
5.216208679749236E14
-4.1925831673938494E14
2.1879800472388178E14
-4.3317729190828306E14
1.601776420521345E14
-1.1693976111726845E14
-8.373969068457592E13
-1.260193503986023E15
-2.5007506744994975E14
-7.280503141610878E13
-6.815836639720375E14
-5.172845804953442E13
5.061767415321649E14
-1.2455953467641058E15
1.2631704472430602E14
-3.5163198993180082E13
-3.369808185934771E14
8.237341821797572E14
1.985414548191954E14
-2.131046786093371E14
-6.459434593779439E14
1.2433993372350945E15
-2.8144988257624727E13
-4.445425028511668E14
-8.47832528119502E14
-2.8628496910361594E14
6.642979153729251E13
4.090278289591278E14
-5.858511708427331E14
4.336388128070061E14
1.3094993588691166E14
4.833548451314969E14
5.068825048803839E14
-1.7243030516887697E14
-1.027716756174207E15
-4.061124084925477E14
6.916153880452959E14
-2.0622571041545556E14
-7.507286758799768E14
7.020610937580476E14
-4.004585695760564E14
-4.317321965396205E14
1.200690103389024E15
-6.636720486206334E14
2.9190985926709044E14
7.803767193856281E13
1.548878538989798E14
-2.5196384966553125E14
4.000076863458868E14
-4.84627105505679E14
-4.87071818560512E13
5.6138496019162506E14
1.2692320352323102E15
-2.1683477886021197E14
1.1449726785279817E14
-1.7319359525259238E14
-6.589082996857969E12
5.966243533977938E14
7.268302513134179E14
-3.501889332355877E14
3.726381955907396E13
-1.3037091873371962E14
1.124852166935593E13
-1.6593014061443272E14
-1.2066914084035197E14
5.818347553190115E14
1.1143100038066064E15
4.638879388043153E14
-3.818224412839564E14
3.94981933562549E14
-9.79643052107664E14
-2.9920930546882456E14
-4.24974465875585E14
-4.7027661150469414E13
1.2457715597799017E14
8.954112044090938E13
-1.7250568665683906E14
8.88062235009984E14
9.850422404691602E14
4.909718342081572E14
1.6543045009901097E14
2.4872444342630072E14
-1.7574919028371972E14
1.3405600435744995E14
-5.962056170059561E14
5.563593587260794E14
-2.939026376951432E14
-3.210103847901874E13
3.475121865694037E14
-1.08382793659366E14
-6.759784467935206E14
4.246341456928119E13
3.837880874199085E14
1.0648558833488125E14
2.066320727261933E14
2.414361524646986E13
1.0165011035539367E14
-2.9937237239165375E14
-1.3100267612203865E10
-3.150001034880287E14
-9.693687736304154E14
2.441355552832303E14
-1.5509359727256435E15
2.5017592561011047E14
4.0137707301382475E14
-3.692541518054126E14
-6.988222964629258E14
2.3114041454905353E14
-5.396015568103976E13
-1.1644876454735955E14
3.19016994422083E14
-5.410260131226822E14
-9.963082575543188E14
-6.836579040216523E13
1.184722293429678E15
-1.1023616886499206E14
9.878774445598261E14
1.3284279883533247E14
-7.208251588361502E14
-1.3277252685141827E14
-3.3958489655356375E14
-7.036221940824853E13
5.4040603730431875E14
4.485944453593458E14
-8.511159109729705E14
6.7745770567070695E13
-4.5927000924315756E14
4.6804751574786656E14
1.1150023216906066E13
4.388298217045057E14
1.0250092767349088E14
7.38977104866968E14
-4.553036490707287E13
4.162515362733737E14
9.429161608145719E14
-2.7490156338409488E14
1.0418276110708659E15
-9.408599464616782E14
-4.4948774151363425E14
-1.1999409258386459E13
1.730724653547339E14
7.744881218694791E14
1.931692858627767E13
1.1164876409719268E15
3.966911451809545E14
-2.2846861963135978E14
9.135506411684761E13
4.8614010900661594E14
-8.042146563639915E14
6.850196636817686E14
5.027101649642607E13
-3.4452693728310575E14
6.991829392112261E14
3.4270178470058875E14
5.517795683139501E14
3.136460440432924E14
1.6034367434420625E15
4.376616656941138E14
3.410194591842299E14
9.839229944559869E14
-2.008177950619974E14
-4.513671069781914E14
1.893139612039917E14
3.6406350697220094E14
-6.780731852571032E14
2.1708736887926106E14
1.2275853348093798E14
1.971102775080939E14
3.4713285147279256E14
5.669636489635335E14
-8.128130793057658E14
1.1066532479989683E14
4.5723878355432206E14
-4.993093196390395E14
-7.214562976119562E14
6.662032463424708E14
-4.639283878891347E13
-9.115869798333702E14
-5.6265354668374594E14
-2.1873093785137628E14
7.117697762140498E13
-8.68584847337979E14
8.016780594191835E14
-3.3167219936067475E14
-3.5848802582344744E14
1.283220351759791E15
2.0066194581591355E13
-7.044889696861716E14
5.669769419123069E14
-1.772324533860612E14
-6.495652873729589E14
-2.977206520983514E14
5.33419749090325E13
-3.132752443429618E14
2.4893923631891734E14
1.1722894900317986E14
-3.417471178602475E14
-2.0270054813157578E14
-3.331938561084793E14
5.4021087371946744E14
8.745357205907902E13
-1.0912335567323805E14
1.0110282116755445E15
-3.814153617728723E14
1.4505116637519522E14
9.832596678861226E14
-2.0559174626564503E14
-2.9561162736070794E14
8.174974517331349E14
-8.788701781506311E14
2.7854937705325066E13
4.196789140544145E14
1.3124100231718497E14
-5.212607483557868E13
4.54994580206618E14
7824219.5214187205
