-8.357182267653344E15
2.4093929325115795E15
-3.471776142154787E15
3.690868847021649E15
1.759063179352088E15
3.5739740609589315E15
2.1027099358552882E15
-5.05357636171469E15
4.813796240647997E15
-3.576646037106112E15
1.6297250853794492E15
1.0540828336107685E15
-2.101437823954081E14
4.547772689963899E15
-2.4916275312335278E14
4.670860167795808E14
-6.664787518657071E14
1.0269524541609335E15
8.670872545109484E14
-1.0113263958186924E15
-8.173855392891398E14
3.845430885225828E15
-2.5327134169099397E14
4.582530634132352E12
8.305422679406259E11
7.458282055418452E14
4.166874150855888E13
-3.472404574798949E14
-5.761278241447051E14
1.9999010297635462E15
1.6267514354600847E14
-2.7106619614789456E14
-3.168613009954415E14
-2.2407414175208295E15
6.574987803437201E14
-8.305243115296836E14
-1.0420008595403777E14
-3.056889400413754E14
-1.654077508971722E15
-9.653711000865271E12
1.24255554626234E15
-4.62626738893285E14
1.3727575213563545E15
2.5294566823135456E14
-3.0607283441232715E15
1.5598554398542418E15
-1.9937109169700194E14
4.18942422734812E14
-3.7911375731221494E14
-1.7199007065140402E15
7.613174024487825E13
-6.905675816636291E14
1.6311184744125388E15
-2.500791116643406E15
-1.3219504609020596E13
1.050748834988266E15
-1.3624846745733075E15
9.717548242180715E14
1.0421120553008115E15
4.285852659823997E14
3.645640866169905E14
-2.404422353791875E15
9.486902221443752E14
1.0427533965943182E15
1.1074984359426445E15
-2.6632814543807478E14
2.0041621298495775E15
-1.6060363127740468E15
1.5720993846313985E15
5.4563001652394984E13
-4.977393504865263E13
1.3172105069134565E15
3.725067703955663E14
-1.1138847794437772E15
-2.867921727861726E14
1.0582373739732731E15
-4.735292132727208E14
2.663741947177273E15
-9.729888406779902E14
2.0381445470438318E15
7.567331666543416E14
-5.043719917999779E14
2.1338807667880006E14
4.977947852796001E14
4.667882150416902E14
1.789361071272307E15
-4.8119390498102394E14
8.468356681008464E14
-2.3571592368529962E14
-1.165958987079086E15
4.3652658832416775E14
-2.148401600395341E14
2.8093505642967656E14
3.662435308864058E14
-1.3621419633555572E15
-6.513483003015535E14
5.4140683067640906E14
-5.5090279841492494E14
-9.798506384152482E14
-3.829028391869928E14
1.5126885359437805E15
7.752573423719777E13
-1.9780948060025777E13
-9.248763508733548E14
-4.1672034174754664E13
1.4313915921257972E15
-4.7541804922347125E14
-4.615860928671922E14
7.920576033814181E14
2.0875217378446E14
-3.15865242296762E14
-9.850932323605624E14
5.2916859499704944E14
-4.0650523975812275E14
-2.3956643963733255E15
2.631717625609415E15
7.632864546793015E14
2.1988420887778084E14
-2.2437253501585198E15
3.3001479238864944E14
-6.10233534549166E14
-1.6378916899763498E15
8.597513537632295E14
-9.349807192174371E14
2.4223444703704138E14
3.9626141440329656E14
-2.95235340325682E14
-1.4433239293881882E15
-2.63148569976749E15
2.4643989649091572E14
1.0655198611482698E14
-5.318829457402337E14
1.306547325272151E15
2.9249675406925694E14
-5.077088425485824E14
6.008555557020706E14
-6.373465394059496E14
1.0800417023155854E15
3.589336169369719E14
-1.579307633486143E14
-4.043581972724978E14
5.912672407486805E14
-2.2825735886183238E14
4.453471306536188E14
6.663555033942662E14
7.79980299418986E14
-1.5592967761439028E14
-4.910661309960033E14
-1.3729413367016655E15
-8.154587207032759E14
-6.671058293043952E14
-1.1072143334050876E15
1.4488010882744575E15
5.378921350791402E14
-7.164065649730184E14
8.037157618589096E14
-8.800902122317942E13
-2.9236045321208006E14
-1.6182932121186322E13
4.052972509165628E14
5.826361566587611E13
1.0559561625009439E15
4.64275679396726E13
1.0520053006585952E15
4.1128542699583244E14
5.811323173337545E14
-1.317117825733025E15
-9.450561525839162E14
8.76823976669345E13
1.2628311196575898E15
2.7715279360332053E14
-2.3165103113415805E13
8.74765820260621E13
-8.248400760936864E14
2.1962558465536172E14
-4.84906035311727E14
-1.0875462153959908E15
6.832504314463516E14
1.514845184348993E14
-1.1199398914155312E14
-2.7868025350476625E14
-6.9777369222311E14
-1.3078466188038006E14
-1.4497750708075555E15
-3.657851312702161E14
8.45816784840608E14
1.7485815829112725E15
3.04282124067872E14
-6.782343417758631E14
-1.6861830262514595E12
-1.1490935510112535E15
5.954867348575824E13
5.614424653780358E14
1.9135678582013322E14
1.1999649939980658E15
3.652949037970768E14
1.4898542433349562E15
1.3487387890670802E15
1.429064509390823E14
-3.858692507320419E14
-2.5422503656350628E14
-1.3721834255676978E15
-3.151491320944432E14
-2.759390943157703E14
5.124587647609002E13
3.838614340430959E14
3.615041958119969E14
-6.218117804956652E14
6.202290818800464E14
2.401350858679887E13
1.6973856403689938E13
-1.6325071480814678E15
-3.8144514555245875E14
-6.131493489646505E12
-8.455213858054383E13
-2.9674796841845256E14
2.3590766920345253E14
-2.5804439766423353E14
-6.788940943739508E13
-2.7406785596898662E14
-2.3635353660362194E14
7.945893040909828E12
4.673982202042446E13
7.792886403716548E14
5.5030863820853006E14
1.4427971895351878E15
-4.560515565201092E14
-1.4868869767018272E14
-3.455258048792986E14
1.8872548268606216E14
-2.9326721566286656E14
9.54002707974672E13
-2.24190032334052E14
-4.470070006834529E14
1.0869613393188836E15
8.400836503731021E14
-1.4648713290843533E13
1.0680022244042186E13
2.910466466631266E14
-8.435009385013086E13
7.866543753561968E14
9.860393608262664E12
-1.3674596257806358E15
-6.258972231528662E14
8.508193401083218E14
-9.979447206599326E14
-7.515507677573128E14
-4.6502686335545656E14
-6.164137273704381E14
6.100330473708666E14
6.62716324455579E13
8.560314219313961E13
-8.86156730256617E14
7.369167514022232E14
-1.6004226591071625E15
2.6782961800634906E14
2.696253691941683E14
-1.975341778238355E14
4.31444533787448E13
2.4716122932812456E14
-1.5553672418511922E14
-4.7436924597097556E14
6.557193130613481E13
-7.603364219587465E14
1.1120033084597675E14
-2.532627040042561E14
3.86858437640943E14
3.634076349655007E14
9.0730173265462E14
-7.386847728625355E14
-4.765369980527142E14
-6.83694442072012E14
-1.118563013470931E14
6.433395712843679E14
9.133968165648227E13
-4.5283197008327094E14
7.025124775855284E14
3.650745656950644E14
5.032311850154635E14
-1.4761568607113186E12
-2.60593719577897E14
-8.323353134274189E14
3.440457757527629E14
8.977741750004369E14
-2.9938160632091E14
-3.207905318215325E14
-3.047233525120157E14
2.4966272222472338E14
-5.745800639425951E13
-9.447566440940194E14
-3.303417194167981E14
-1.346911507607493E15
7.844661230256319E14
2.0652104710491572E14
1.1492224598258838E15
-6.858112890189816E14
8.415231886295432E14
9.645760452246924E14
2.9279121623859273E13
-5.46227510546352E14
6.833512228534475E14
3.6170975166637294E14
-9.824225302914882E14
2.551294186795333E14
5.993963716429569E14
-6.825361024213545E14
3.0269464325594E12
3.447463639952445E14
1.1164842935470196E15
8.531514085353645E14
-1.1881692040866428E12
1.3756647949963152E15
-8.405274809425059E14
-7.245088440544334E14
-9.11890629381067E14
4.0827836186049544E14
-8.856465737408631E13
-2.823963231621553E14
-6.334553041155478E14
-1.7840110522166875E14
6.525405970009146E14
-4.1408244664161425E14
6.058295900212021E14
4.131011283734333E14
-2.207571889685005E14
-5.0995279757796925E14
9.448156739867609E14
-3.7506551156909175E14
-3.178570940934926E14
-3.841810465015974E14
-4.568162504909812E14
9.185509329840286E14
1.3826226058287448E14
8.158926849012732E14
-3.194306181058467E14
-4.138951842239475E14
-8.101339552918759E14
2.5426990549411638E14
4.852421006655684E14
-4.025461147994069E14
-1.1716810085007785E15
-1.0094767752527576E15
9.804134659930699E14
-1.0240714280880568E15
-9.397078911722666E14
-5.926676496679864E14
-7.279153744355478E14
6.21629312950497E14
4.771213882852594E14
-1.1382185958727385E15
1.0723010584721058E15
3.9875207191801894E14
9.772162834739856E14
3.174823523969513E14
-7.176931611023261E14
-2.862184087002371E14
1.988932316312733E14
5.032006491193988E14
-3.278867030101771E14
-4.3153035974602825E14
1.0033688765160517E14
5.841333400691543E13
5.4129806736535394E14
1.357141464977262E14
2.7637290643057978E14
-5.4859050828996444E14
-1.678661865896677E14
-6.393723567349266E14
-9.684793575807045E12
3.568473276150518E14
-1.295699878150129E14
-3.236861005225234E13
7.26366985130387E14
2.6407242753835522E14
6.534558851493514E14
8.441185803294896E14
-1.103765279666366E14
-2.240689877754252E13
4.744516628178759E14
-6.558600813430789E14
3.255991066225201E14
-2.4097657570268628E14
6.902231079558122E14
-2.2911404801766862E14
-3.698307686332495E14
-8.625785078259275E13
-1.0037904052129478E15
8.158778564213148E14
-2.565374809092374E14
-1.2929453325403995E15
4.6513456495047E14
7.165004654677456E14
-4.837133342777828E13
-3.702575455340882E13
3.4703879080598256E14
-8.029724039213738E14
7.43009574289876E14
-2.9596786172331944E14
-3.545478426224039E14
-8.75033470141889E12
-3.8255141616379275E14
5.870760240169475E14
-3.690129690134961E14
6.602256454924459E14
5.875509627342555E14
-2.8696239429799098E13
-1.3584975846181011E14
-1.3124649594042378E15
1.4329746340402972E14
-9.096020653091105E14
3.189665889163825E14
-1.7815682597950212E14
2.549891348711149E13
5.76133503674718E14
1.6307467041005883E13
-4.6732582189373544E14
2.269642346212185E14
4.025434984869362E14
4.9812297064184994E14
7.76881182367744E13
-9.516934856244469E9
1.4952531939687698E12
1.0270890325321501E15
1.4406567135442328E14
-9.674744692975671E14
-1.0413983215944417E14
1.8423030239802138E14
-1.465984889069704E14
2.473297228202581E14
-6.550254278006634E14
-4.223250337076829E14
1.0865238058040184E14
1.3643393648292348E15
4.757122883298113E13
-1.1718991158268689E14
4.239566518105714E14
1.0549235981752625E15
-4.165749342676E13
-1.642942161457945E14
4.996308064168356E11
3.1942873221985694E14
-9.768394279166489E13
-6.289088034216328E13
-2.7790136769659166E14
3.564386855138403E14
-2.0947746787926075E14
-1.7790785714873774E12
8.058669423321336E14
-4.62577734391401E10
-1.1700767379226872E15
-4.1614265424754944E14
2.0810573206882047E14
-2.00805813408284E14
-4.420224922173839E14
2.583947140356106E14
-8.260673870195532E14
4.953927327135511E14
7.172386652364389E14
-1.8473073720675738E14
-3.663253721846956E14
-3.558208362891955E14
5.739899135086351E14
-7.92782410165151E14
8.776503789736606E14
1.3319892460728842E14
-9.992028384325726E14
-6.665776240827042E12
4.9180229328780044E14
1.446272874405251E13
3.066117758258353E14
-5.487019314367178E14
9.252814103125889E13
1.232783008849457E14
5.7688075443398195E13
-1.208590302049192E15
-2.785833192921339E14
-1.3553491992835962E14
1.095833649267117E15
-1.1182936131317995E15
-1.0842076690405972E14
-3.410505902319359E14
-4.9169699970224175E14
2.210482413456006E14
5.058846676710887E14
-9.123994678161319E14
6.66452379579274E14
-6.195869259863816E14
4.155004156334714E14
8.287879031352211E11
-5.2320410720600805E13
8.379740535347544E14
5.2541757321517356E14
3.0711982297913144E14
-4.240629295876838E14
-8.050289154490577E13
9.975381638024796E14
-1.2344716934000138E15
-5.479255276411762E14
5.74184657215579E14
-7.119509779864525E14
-1.4501139512403172E14
3.7838388986417856E14
2.996407644874128E14
4.993298401791582E14
-5.731687390733176E14
3.7586032141432344E14
-5.261864601379728E14
8.560824572239819E13
2.2445587677227375E14
-2.4874348246009472E14
3.517104920139923E14
-6.251211635656935E14
-3.9402128312375525E14
4.3062970983099194E14
2.5403919113532176E13
3.83050857694158E14
5.578429760764628E14
3.582689371591513E14
-8.576207611007116E14
2.0426628146142225E14
-3.8114175548059556E14
4.2032327455523025E14
-1.9335264240407972E14
4.4521687775489325E14
7.421052975413841E12
6.1512819524346E14
9.621348019048685E14
5.240977101588794E14
-5.568396896234657E14
-1.6975565453557072E13
-5.008983428763757E14
-5.342481830619876E13
3.383308327595483E14
-1.0522775868706578E15
-1.3259922441899173E14
-7.637764717033391E14
-2.4533070635167775E14
6.9184398512351125E13
1.5065373650554194E14
8.879670708171165E14
-7.770968964327028E14
-1.5106677168871953E14
-7.453525090963125E14
3.785892711113895E14
1.1954382712996056E14
-1.3582921921674888E14
-9.253259732833719E12
-2.93822248797605E14
1.3540289940195578E14
-5.0762263050556444E14
5.942267465448989E14
1.2275871112420247E14
-4.9027083687915445E13
-5.495746115018491E14
3.307864592945013E14
3.637407246256016E14
-6.911074351372128E14
-1.2687846628085168E12
4.525297985492148E14
5.725539213636138E14
-7.089459420928931E14
-7.40475558506977E14
-4.198628065360411E14
-8.779044038267965E14
1.4358356183998613E13
2.840519694012097E14
-8.867814076314931E13
9.755812100261746E14
4.065956568910076E14
2.4708787327497978E14
-1.4707607272628838E14
4.516963831580975E14
-8.115336092033175E14
-4.595962110992465E14
1.1054040899003235E15
8.539590080840274E14
3.25711908394533E14
-8.314177310362486E14
2.313894569091535E14
4.3215194859696244E14
1.2020223687532117E14
5.318572391201769E14
-8.174983236483466E13
1.879429004263075E14
8.417034275959677E13
-1.6234793233135818E13
-1.1433946009460052E15
-7.352147492167142E13
-1.806749083129357E14
-4.529129734673729E14
2.3259714580713088E14
-2.05399451899049E14
5.4802886780519925E14
3.627433795181949E14
1.730024533197923E14
5.391420381254747E14
-6.663936600744136E14
-2.857610127477814E14
-2.904653509910463E14
9.140853356587289E14
-3.086615622223744E14
1.7898799718797234E13
-3.47627093205591E14
-4.200396270766464E14
2.3147127470624316E13
6.362327118029838E14
6.027131640813791E14
-5.215688568261893E14
3.776764983793004E14
8.650435828164108E14
5.2651949447954234E13
-4.2876609754213125E14
4.468513566238813E14
-4.4376293123071775E14
1.1304124609839722E14
3.4170076013530225E14
-3.609619871224167E14
-3.866854161395823E14
-3.3241447295687356E14
3.40786765484153E14
-8.3359598197434E14
7.500176453452515E14
1.3653259971513552E14
-4.629632098949795E14
-3.904142921434344E13
1.98148301126758E14
-9.73687844081907E14
1.8802241956915168E13
-9.364651164574225E14
8.179097714696135E14
1.8716882299650684E14
5.397386273266183E14
-2.906642936069468E14
5.78495439289014E14
-1.5216308192457006E14
3.530030722413568E14
1.076232049771475E15
1.911377572652423E12
-3.041441555884447E14
-1.8537883607781712E14
-4.6056512479813156E14
-6.487793256603671E14
-7.481958284553446E14
1.6696771653347695E15
2.0634760316369E14
3.769678503746118E14
3.604914766734364E14
-2.1223168237398853E14
-9.14482898616641E13
1.4595564588159512E14
-7.735572818792124E14
-1.8436469207315153E14
4.117023005701961E14
-2.9509205945145785E13
-1.1943093099602767E14
5.704889411518219E14
3.5476376974799206E14
-2.423792601820003E14
-4.872043490708332E14
7.70534577442997E13
-1.25980872930885E14
-5.5413020410938175E14
6.870469488547594E14
-5.052028748868917E13
4.2266481766233056E14
8.429445969633722E14
-1.1875224935444314E14
2.819819698667339E14
6.945880213121841E14
-2.2526640510106516E13
9.118344674957694E13
-9.22214702199435E14
2.1885143579667166E14
1.1785934876733155E14
1.0304877364770256E14
-6.770879508812076E14
2.6490667300296006E14
-8.689066937102676E14
1.1192886980518096E15
2.5039113739127778E14
-7.951880638116508E14
-2.532035444162404E14
-2.2321290543235678E14
5.573767293429518E14
-2.7581998566007684E13
-7.425790839961509E14
-2.4410063010494753E14
3.072199160891212E14
-4.089816303035539E13
6.357980468417491E14
-6.717101435339154E14
-1.5257244303921222E14
-4.9222875337292344E14
-9.448106159275165E14
9.02241037523901E14
-9.716357655985912E14
-3.350481126911913E14
5.782058927888674E14
5.227528106366616E14
1.1957297803679828E14
4.058124231261153E14
-5.987661524925025E14
2.6006270800982788E14
3.0854470600173225E14
6.78866892717742E13
2.252945289649528E14
7.712724124554452E13
-1.9446597799050603E14
-7.079327986398125E14
-3.534776388786509E13
-1.6522202917433825E14
-2.549051568082558E12
3.998567507020882E14
1.1383674815522177E14
6.910211526732941E14
4.621448206830993E14
1.260227459498518E15
-3.4075769672024275E14
1.6359187202291347E14
-1.41070405799102E14
2.272711597758768E14
7.437946985757044E14
3.0507370630707363E13
5.310337480353658E14
2.7686763566100966E14
-4.720044079611249E13
-3.962372633522687E14
1.2865799502783871E13
-5.047180514946246E14
-1.1396109371985895E15
-1.452513147888029E12
6.415776714323811E13
1.3591983152584744E14
1.2622999712994094E14
-2.963676875474895E14
1.3266379705127903E14
-1.0942765526573916E15
6.056728886630286E14
2.303867242353438E14
2.972423503059288E14
-5.5174699018232875E14
4.292642347515787E14
6.556400926200366E14
-1.4576738846627625E14
-6.160960575484795E14
-3.9513970865712306E14
8.135081828459731E13
2.7385383627147144E14
6.831894290419953E13
1.9740830187841466E14
-3.542892025400989E14
6.046747157728031E14
1.0813615355911099E15
9.26274505416177E13
6.596710867850967E13
5.2531470758410925E14
1.5962319868214878E14
-6.127775486185766E14
5.425718715680917E14
-1.3306214372765348E14
1.0133964845725944E14
2.9926637599689006E14
-4.518998869517049E14
2.7482561578088744E14
1.714962616054409E14
4.2700740487115875E14
-3.6801251089474E14
4.461052020064843E14
3.3124243335153894E14
3.021063489550784E14
-1.9340660458500262E14
-4.158024768502148E14
-4.941573626082552E14
5.833158691817644E14
-1.1602634504935836E14
-7.934715203405406E13
-5.586847537144495E14
-9.31361196255387E13
1.932359416504029E14
2.0551192661605778E14
1.0440306562007375E14
-1.0246877977443762E15
1.3061669061675447E14
8.939304188471724E14
2.582522169447983E12
5.972507546509442E13
6.636904384633609E14
-9.108468671532471E14
3.6804760641133344E14
-3.992895170845914E14
3.694939897705445E14
1.6632270592215434E14
8.169727553450431E13
2.1546417613052997E14
3.4244067757991506E14
-4.635245534546488E13
-3.1784320858077306E14
-1.0546131731967632E15
3.295485557744401E14
-1.3972701729628164E14
-2.5921989751925164E13
-1.2147611317492556E14
-1.857031674256125E14
-9.875555151677271E14
2.92593425854763E14
-7.401158599274664E13
2.762899752931045E14
1.6220402829219772E14
4.802338744714845E13
-4.69831794261015E13
-8.995625930991334E14
-8.208140145021121E14
-2.814758389951807E14
2.2810613275491125E14
-4.013380554996534E14
4.076535124362884E14
6.582298945009862E14
3.694020248549007E14
-3.052393276962838E14
-2.4706282018972828E14
1.1558098227262673E14
2.0321943986137466E14
-9.69294918499406E14
-3.7119265502536106E14
-1.8919444741507934E14
2.5759157017525353E14
-3.2915141740578175E14
-2.253936084396581E13
-1.7764436479975356E14
5.129476148508408E14
-7.324698003348975E14
-7.618388642467075E13
2.4713494128521084E14
-1.866958994403119E14
1.2566395476463986E14
6.327371601039741E14
1.487812363639281E14
-7.136994306742916E14
-3.203689093500579E14
2.366676035715833E13
-2.168380029943807E14
-2.709057982360213E14
3.720815247871816E13
7.151719654623477E9
3.557871390200316E14
9.184479666988518E14
9.423810466122697E13
6.700914753266228E14
-2.297819129223533E14
-3.2633209899536944E14
3.010747360912987E14
1.6448057470065184E14
-1.500683935162825E14
-3.440619214026288E14
3.684748815637089E14
-2.1873347779424344E14
2.638285678988139E14
8.143183212008992E14
-1.2254177480978378E14
-5.0786545123803794E14
6.715766101831282E12
-8.02971553165994E14
5.74997857488813E13
5.29299349625457E14
3.194035179795357E14
3.160730720895352E14
4.444249474627073E14
-6.900652393566854E14
-2.7681995785992016E14
7.569616490419402E14
1.496886619396745E14
4.405123838899544E14
-2.7170688574971738E14
2.9746573928456805E13
-3.860547134006588E14
-2.751579826277579E14
-8.014144443329146E14
5.76478107206681E14
-5.68026249835284E14
-1.1145546380859012E14
-1.3074761264292588E14
-8.572303829843894E14
5.544444622115152E14
2.6396732247027566E14
-2.4552284462847375E14
1.0437291784962305E14
-5.937768816443439E14
2.3297790777612022E14
-9.820524061818749E14
-2.5750240543587244E14
4.679384985831237E14
3.4284689555549706E14
-3.424461623036889E14
6.456337662710481E14
-2.51379699304672E14
-1.9806233023420728E14
-2.3299898245175697E14
-9.141629283276662E14
-2.4316485892658633E13
-3.866454185118177E14
-3.682858349027865E13
-8.446336758544546E14
-5.81764358871334E14
-1.0519497572415158E15
-6.486996938187392E14
2.6249569671151344E14
8.972529631434478E14
-2.0605577893557197E14
2.719798252041942E14
1.8988372373816097E14
-4.4629141418884944E14
3.1660110694421184E13
-1.756768842819153E14
-4.841216744909524E14
-3.4664642145816044E14
5.001972774749395E14
-2.9991386878791475E14
-3.9921397687140406E14
3.1295319027651594E14
3.5403107940750656E14
-2.3312469987252675E14
2.1210969867505528E14
6.939419424852256E14
1.4982111562409344E14
4.047725126937797E13
4.472255380336112E14
5.2146554816949844E14
-8.524915027542559E14
6.456567665689653E13
3.048820957681059E14
-1.0541547919329262E15
4.513273010407427E14
5.63966616202232E14
-3.066447300984599E14
-1.511080891126953E14
4.2963498312734394E14
-1.5424531414205747E14
-1.1706513183340836E14
1.7790921488530816E14
2.070836595490193E14
-5.425236012972154E14
-1.8300076888041628E14
1.3512287035124548E14
2.0989854659920088E14
-4.935654907666045E14
1.1883092888529714E14
-5.085269715244418E13
-1.0012862812354081E15
4.367257609741546E14
4.0261205191415306E14
-8.234439464873345E14
-1.7102128481587941E13
-7.155311028791736E13
-3.878180096392999E14
6.295974738744979E14
-6.0798052507253664E13
-1.7175504518918578E14
4.210799341467185E14
-1.3268360732651793E13
-5.387680770332074E14
-4907968.291503293
