-8.47866845459411E15
-1.2947356615518042E15
-3.766205387319429E15
4.0774728480386585E15
-7.788123492188624E14
6.084302764536625E15
6.088936195204408E13
-3.676309285664537E15
4.290917025679946E15
-5.254060663142656E15
1.8410612814482618E15
1.8209076905667085E15
-7.481980640745099E14
3.6231814574930725E15
2.370750755469793E15
1.0802843297131348E15
8.394081187914851E14
-1.636562651574099E14
5.984934803141642E14
-1.5818935975947315E15
-1.504802089566168E15
4.134665451611574E15
-4.308257471299062E13
1.3568307094895302E15
5.654455070998092E14
2.1428800135846362E14
-5.5835791603211925E14
5.881407229468831E14
-5.513418628366597E14
1.3842054566612212E15
-1.1214354820588536E15
-1.5538786092286365E15
-1.3014201627804365E15
-1.8353923531187868E15
1.0540063066861444E15
-2.0624669660406234E14
-7.208288951809386E13
-1.0763882938821771E15
-6.36317882400683E14
1.3837761117900708E15
1.5889076529726752E15
-1.5418473628290856E14
1.4455610002921608E15
-3.390914573076095E14
-3.8658123654895085E15
8.160411013960489E14
-3.9727666758290156E14
1.0335415333449642E15
-2.5124703279818422E14
-2.3987863191010535E15
-5.213696898078375E14
-5.5182119262064625E14
2.386431547634952E15
-1.84949502482664E15
2.91964624800027E14
9.316723077490561E14
-7.836543519451576E14
8.843894678976362E14
7.355927193818235E14
-1.958616772945079E14
6.020126130091506E14
-1.2130777025302888E15
1.2635198664380008E15
5.5423512422878756E14
8.6796765305125E14
5.012443039559814E14
1.6578123333146012E15
-1.2132573409785205E15
1.77224502622363E15
2.2361037463738762E14
-3.172902113969308E14
8.542920169315699E14
1.2931897310775062E15
-1.8965406121213682E15
5.688359879452712E14
9.08813655490071E14
-8.213572470385844E14
1.737839461913207E15
-8.253556062000085E14
1.616801251932784E15
4.016133062615267E14
-1.4909225304383747E14
2.8302684728026644E14
-1.1570095795506372E14
1.667176724047385E14
9.856952713793152E14
4.0637749259554056E14
1.0138772877282931E15
2.2120789427362316E14
-7.121044841339298E14
4.409388627234148E14
5.91905065776608E14
2.7837970962873822E14
9.444010354076476E14
2.4565431199604378E14
-1.3908545195455845E15
7.129725733293436E14
-2.570707375965536E14
-4.670985945604833E13
-5.674883128140218E14
1.3637593569402158E15
2.0529245484292656E14
6.040581117560585E14
-1.7498866269667918E15
-3.956383418613967E14
3.315417387930572E14
8.201396787003053E13
-1.0687509668442194E15
7.684222519950122E14
-3.4602894121753494E14
-8.09407112769555E14
-9.992966833223674E14
2.4591714102351456E14
-1.5931336166972138E15
-2.088612876104191E15
2.6126703253402385E15
-5.4942423037722525E14
2.5115258382207766E14
-6.128935217110304E14
4.179130394106438E14
-5.685318885473124E14
-1.661715858583784E15
-4.066742312010263E14
-4.091932109241666E14
1.1993391887536536E14
1.2680761540049502E15
4.020620933976122E14
-1.4318372423656E15
-1.8529267777237825E15
1.6790670776049747E14
-6.2336697934801516E13
-1.3202111911525927E14
7.84473905959449E14
-6.327678034936216E14
2.4082260147523278E14
5.5921284719224756E14
-2.356384264133982E14
1.8522246117736172E15
4.6363882664249894E14
-3.7904809364034894E14
-5.5205345967037544E14
8.130411883162528E14
-3.0565018545746944E14
-2.703190595285974E14
3.2890914555042825E14
-6.78135294677421E13
-2.0492360484523147E14
1.697242680394518E14
-5.413181586565661E14
-1.0805855425021455E15
-7.602236933108751E14
-1.1862698571812955E15
1.0965487639679799E15
9.622740299987671E14
-8.337499061980292E14
4.4872720439314375E14
2.5068750328934962E14
-5.122480045646422E14
5.3506288868893344E14
1.0816059815953815E15
7.799711795504492E14
2.692497876855483E14
-4.7127003728852394E14
9.648516472950216E14
3.3489817043478244E14
-4.5471652814380644E14
-7.55416931098655E14
-5.277873256239266E14
4.31854036745876E13
1.2694210843612762E15
2.9597680519039094E14
-2.3570219481327793E13
1.8234407373899097E14
-7.081642393797166E14
1.0556723440930398E15
-8.159649484549769E14
-5.3617779527144325E14
1.4795829190170302E15
4.453518878217275E13
1.0157849826613045E14
5.687480004610693E13
-1.140260742986251E15
-2.206895062996084E14
-1.102040985295089E15
-4.2582041830568394E14
8.745068326998255E14
2.0100454880325995E15
8.032834345968619E13
-8.181963611091375E14
-6.179492682009228E14
-4.278815835949395E14
4.199179506135692E13
-1.9854933121636612E14
6.632962814496944E14
9.66905275026554E14
9.472676199672718E14
7.389058282257266E14
1.1052213153921014E15
2.945777710195977E14
1.1240158698085666E14
-6.269269237856155E14
-1.3238915093564348E15
-2.033851326529667E14
-3.1791371244579525E14
8.286865534945066E13
1.1838149563318285E15
-3.441773289188781E14
-7.418409070103796E14
1.3562732312125635E13
-9.196128087258E14
4.6501115942344856E14
-1.5391582013494635E15
-7.473119464605406E14
-6.663006332177844E14
-6.141805114383251E14
4.6124232509605206E14
1.1931114934516433E14
-2.8898429260114794E14
6.667146916235608E14
-5.622399662418203E14
2.862690514121386E14
3.624712412975115E14
-4.0063545229082094E14
4.377578102499381E14
1.1803603293349132E15
1.0890049463636009E15
-9.891702284271019E14
1.1720410832077469E14
-8.906690383438388E14
4.4524387519469525E14
-5.893516876427498E14
4.350605302913909E14
-1.5056134062091397E14
-1.6886898154516275E14
1.7267388906987562E15
2.2697745547867928E14
6.226958815518319E14
1.436140031193623E14
5.4471814884232056E14
1.8500740597254078E14
6.863370925678858E14
1.7316026421544103E14
-1.3402687980326295E15
-1.8181456256271922E14
3.0067336843198375E14
-5.708234811382714E14
-4.389833859323713E14
-2.8823085440960225E14
-7.252616996890859E14
2.7888971722435947E14
3.139359332128749E14
-1.740184564696794E14
-6.867202436782659E14
7.648316467432751E14
-1.7260913403455962E15
-2.3773318514892656E13
5.4533767476996306E14
1.3773716767889128E14
6.321392418974254E14
5.259502774751737E14
-5.4378488897644106E14
-5.89903394789148E14
1.2423658100233378E14
-5.936188743503629E14
-1.3150908656019303E13
1.2762168285579748E14
2.730064237069571E14
1.651147171773677E14
8.98039095437123E14
-7.762361423996911E14
-4.764068147314985E14
-1.0507859479704682E15
-7.601335130528238E13
4.1971681362321194E14
-4.150144833692987E14
-6.694442566961616E14
4.789517328526181E14
1.2552699258422256E13
2.4363949471285628E14
-4.123400562994978E13
-5.72837242666985E14
-9.728930008358835E14
5.5232800659542406E14
6.79251801997615E14
1.5013835747557028E14
-6.481664785500234E14
-6.946829935137804E14
-3.9037540938244446E11
-6.776789967596305E14
-1.1024437635486194E15
-6.8739754843074555E13
-1.0606654103290421E15
6.770657135373281E14
3.60936819565631E14
1.2002092021088055E15
-3.5315483889134E14
1.514744037687589E15
6.451261477577618E14
4.6912442598325325E14
-9.642962323702652E14
1.179271540435246E15
5.875050010227936E14
-1.860677213536383E14
-1.945970893172885E14
3.744549324194662E14
-4.0945906001245556E14
-2.6506159958395675E14
3.360780148652549E12
1.5442987693845268E15
7.453835262937145E14
5.36577609474568E14
1.0467637699085835E15
-8.760415052232121E14
-8.527708345300374E14
-9.67831510003095E14
8.319208883792495E13
-4.243738053282054E14
2.2012593846856272E14
-4.500798270272648E14
-4.184944775502857E14
6.399479448086196E14
-3.226851597099044E14
7.127610290851938E14
5.59969963794694E14
6.393752916617156E13
-6.249676763627956E14
5.4812174936606675E14
-1.671358675772606E14
6.438086247909148E14
-3.999857762879654E14
-2.5592967676895022E14
5.341063736108922E14
-6.862240198965835E13
4.0377893003370244E14
-1.2990811542366086E14
2.2753635523798416E14
-6.891070436815828E14
4.318374610912883E13
-3.0191861715930055E13
-2.8708401385836325E14
-2.8778030980294225E14
-4.453313759321711E14
1.0231947505335401E15
-8.063613212979458E14
-4.284123426681767E14
-4.6937960615055894E14
-5.2470287470634806E14
7.132725062253172E14
2.1952486631474062E14
-1.2745849714142572E15
1.1007352866659762E15
5.883529433673022E14
8.314322400637875E14
-4.184511420656024E14
-6.679890711120414E14
-1.3767376411999411E14
5.141088211924034E14
1.8385320148260125E14
-8.83465333916312E14
-2.2026516711780412E14
4.792358187263496E14
-2.1779810150407347E14
2.952566465624518E14
2.002676475166122E14
5.492675899967163E14
-4.8208657976747006E14
3.980650787292982E14
-5.483288826904876E14
1.2063467559394502E14
4.745050460667584E14
-3.5563650743253256E14
-2.2496932404305772E14
7.586980701299709E14
1.0628755779013611E13
5.167383315090904E14
5.85951470794118E14
-3.181859769458231E14
2.6805544282528694E14
-1.9879362961598222E14
-5.788482507599204E14
6.856405265824951E14
-3.5189254114945856E14
7.300662831263952E14
-4.800610264146035E13
-3.2136627696736723E13
4.411915127564312E14
-1.4986804860979155E15
4.99252730707858E14
-1.5569455665499528E14
-1.463109644810434E15
1.743238272818899E14
1.2368915413680512E15
2.74856445413042E13
-2.4725321263928853E14
3.563881613051162E14
-6.223153032620614E14
3.091173988734229E14
-1.1231771329215347E14
-2.7259704897447547E14
-6.132254647920883E13
-8.96733894582203E13
2.134130584462512E14
-5.394056425901022E14
5.781275712757948E14
5.931651050866381E13
6.179102814466694E14
-1.9925691399577716E14
-7.415622136629446E14
2.3740934708277197E14
-5.3390858769418106E14
6.416298158938486E14
8.37599615060736E13
3.082931275775434E14
4.6972249914406344E14
1.424732547707537E14
-4.122541365441501E14
1.511881885853079E14
6.550379385723844E14
5.0402043339835206E14
-2.1448929935563662E14
-2.773293548612208E9
-7.926454579672201E11
-1.1010052091678706E14
-1.9320120212791478E14
1.0191253735549536E15
2.597104262388377E14
8.496129547286927E13
-7.344000640339245E12
-3.8413763408791644E14
6.965749235363262E14
2.1308013736976512E14
-1.3385819274961398E14
-1.1352869868681405E15
-5.5415321228314055E13
-2.802001065764334E14
-4.393147402334441E14
-9.719199229593315E14
6.408825214301998E14
2.961768738189058E14
-4.8775387857982697E11
-1.7059573996699762E14
2.903910709645871E14
1.3015525731494414E13
1.7117664145509603E14
-5.103274392149179E13
1.6808098064264625E14
1.5166183875902773E12
-7.693380350463635E14
2.80206276459113E11
1.049001684232168E15
2.513143111530142E14
-3.262192087319596E14
8.539560114948142E12
-2.267919835443823E14
7.934381239499705E13
-7.03426685763012E14
2.933679793196955E13
6.921515858072302E14
5.502753386006737E13
-5.4922554665754144E14
2.06750291332354E13
3.431577606425185E14
-4.240746340004791E14
8.614649012862894E14
5.703021114379854E14
-6.714992555896528E14
-2.100746528058124E14
2.519602825460937E14
1.3535784681029086E14
2.5387883769633234E14
-6.478451442298205E14
-2.894239218147324E14
-6.980015723584602E12
-9.229227381103898E13
-1.2480582606421062E15
-2.6105996120079855E13
1.7899175342093778E14
5.669558786052548E14
-1.0912894621487098E15
1.8098890453758412E14
-7.624140027459239E13
-6.595061453333659E14
-4.7597037040942086E13
5.756099229841609E14
-6.851725877285376E14
4.86609610571322E14
6.38279473839928E13
5.1052096902555744E14
-3.994947053962147E14
1.4771867143199162E14
7.24511234623366E14
5.834479370340222E14
3.9120068675235544E14
-9.066655383973747E13
-2.5058791654457516E14
1.0869792069184491E15
-1.129487657780127E15
-6.086571297732191E14
4.235106444028789E14
-6.869760823023445E14
-3.973821093412472E14
7.750591943726175E14
2.598420147427422E14
4.7689205570014094E14
-6.357629942063015E14
6.881079181338885E12
-8.333563616684456E14
-5.527487855133049E13
3.3288796222215425E14
-3.4092511860181856E14
5.033634115336668E14
-2.536054859658397E14
-9.568391648489206E14
2.581428340339174E13
4.076868976982956E14
2.40515354178258E14
4.701859188810214E14
2.955006851235301E14
-7.060630563212359E14
1.732844556693464E14
-5.0221274165537744E14
5.830025115621172E14
-6.245409156949498E14
5.2525417879939125E14
1.516337491988392E14
8.643498944003102E14
6.020333046447078E14
2.679049226561198E14
-2.0519957859271728E14
1.0829714267973077E14
-6.301502688899159E14
-1.2472719927122798E14
4.420013063191952E14
-8.928115792821674E14
7.416069497304623E13
-6.74107656558965E14
3.0440969395992125E14
-7.954646830819778E13
5.1076995279234325E14
6.469004340467318E14
-4.993732179667305E14
-1.1301238813133698E14
-5.5981577225360944E14
6.640710226129312E14
-1.5647450484646318E13
-1.7167914942026094E13
-2.0147823278330088E14
-3.3249930578046294E14
1.8763870342785238E14
-3.9633355772781506E14
4.728188137077895E14
2.4784745849040116E14
-3.0717935401563294E14
-6.110567196858379E14
4.1345243802937225E14
3.651264165356997E14
-5.345582726086447E14
-1.0963834237698527E14
4.607210483441828E14
2.5451923361831644E14
-5.654544107772834E14
-7.977529512091661E14
-5.941792309055151E14
-7.519607325177259E14
7.562121800787886E13
1.9774052165696384E14
-1.5570095524788322E14
9.704583618432214E14
3.978077430554598E14
2.9992620483116844E14
6.757932263982815E13
2.3521972573423728E14
7.094619139047974E14
-5.9896770779843625E13
-1.0362955225223876E15
-7.383111057247268E14
1.1157039142985594E14
9.469489088927649E14
7.207777462780447E13
-1.596557012629878E14
1.6597400519164812E14
9.409599895448528E13
-2.2008414473714945E13
-9.11988751084402E13
-4.1038955030882006E14
-1.7933475524119297E13
7.626664758787845E14
1.450459656755464E14
1.7558452517905562E14
4.738043167346537E14
5.52950807703769E13
-2.6902396935887394E14
-5.5085547388523356E14
-7.021576869348381E14
5.2867866587188516E13
-5.940635047885211E14
6.614103986574799E14
6.41673037356964E14
2.1729765916258003E14
-1.157968716262774E15
6.739266494345022E14
9.159969001470108E13
-2.048375169887221E14
-4.5200324706557375E14
3.71472519564234E13
7.570557190863375E14
3.6506844646746456E14
-7.277915179030915E14
3.185232957789851E14
6.942419878056686E14
-1.984629839415289E13
-1.511686767364455E14
4.9235910117848325E14
-2.6331019776143953E14
-1.5068045768461775E14
3.61408704510084E14
-3.6561838079028875E14
-2.306471642387441E14
-2.956023665081486E14
2.421265568295437E14
-7.104633131043926E14
8.944265723760256E14
-3.086649251915236E14
-2.9548530644577475E14
3.3701925192374895E13
4.6939499362551906E14
-1.155111626239606E15
-9.558442894381148E13
-1.2321400740978025E15
4.610919685388833E14
2.9438480607423394E14
8.156150026636709E14
-5.3703392381517394E14
4.210015710708265E13
-1.4372511610554922E14
1.4874106172796875E14
2.7562966807548572E14
9.631287920203431E13
-3.1293796445836294E14
2.1939719452795503E14
-4.0630630784118425E14
-6.149034396903916E14
-9.092908217008722E14
1.3633621514502985E15
6.518436747336633E13
3.5841000399838156E14
3.10035854790162E14
-6.994799173241554E14
3.5681073575105644E14
6.008301924019578E13
-7.202099538101152E14
2.4574032365747402E13
2.233463901124411E14
-1.2393517966121123E12
2.7880512814082544E14
4.2384406170009206E14
3.163200818734129E14
-3.989213224792901E13
-4.844591347190499E14
3.023887869202093E14
-1.063922992613224E14
-7.936728813776864E14
7.551895652391802E14
5.44153353575672E13
5.615678392151713E13
7.990401997661719E14
2.566494016710398E14
-4.7323386749602445E13
6.90406089258688E14
-9.838049046616369E13
-4.35311455252977E13
-1.07823780376824E15
4.2000505118011625E14
-3.6852303669173794E14
1.8697086503323306E14
-4.044159665064357E14
2.03684678735456E14
-1.0345457729538132E15
8.458601295562108E14
2.7912045123280672E14
-1.0549142038348372E15
4.407067293872457E13
-2.195500274937639E14
4.270077515771162E14
2.24749308616772E13
-7.140456093655326E14
-3.585471445486961E14
1.415617036988842E14
4.0252233773690175E14
8.737667368118288E14
-4.1056705686316675E14
-1.7267264886750938E14
-3.6762083880965844E14
-9.310158218210252E14
8.86471476836294E14
-5.2600626168074944E14
-3.601638933224652E14
5.2334551293845056E14
7.696571023900964E14
-6.677252792585373E13
3.437197418890527E14
-1.7358092498455112E14
-3.4664388201333215E13
8.429753612548026E14
1.3147467168586934E14
4.497935252639156E13
1.2885619374449306E14
1.4316620459015575E14
-7.074927761917115E14
-2.889425346763714E14
-1.259555042324762E14
2.1704232979549125E14
5.3750402631155356E14
1.0118055481819052E14
5.664692828488949E14
6.280560569077274E13
8.237515668260819E14
-7.265647058901179E14
4.480875748400923E13
-4.2995096966011025E14
-9.535665851651083E13
5.4686806842329794E14
7.721110225305872E13
9.188540774508379E14
2.76915847389732E14
1.4731292108728397E14
-4.4410887510855344E14
1.9766968543684676E13
-8.583632395880179E14
-1.1087804340758874E15
-1.3381815725978434E14
4.635675308372731E14
2.4899239282118262E14
8.01555000753064E12
-5.065496942697208E14
4.8787979898379094E14
-7.189154300381006E14
-5.630907112774011E13
1.3150780877532136E14
1.3558860494801791E13
-7.113980421658005E14
1.012935355981342E15
3.3276958603431594E14
-4.8178063279897925E14
-9.751151955976942E14
-1.9518082966151053E14
7.965251870238373E13
8.69405843239528E13
1.764035552290127E14
-2.2068969273836844E13
-2.4677504419322812E14
1.948535916831406E14
7.951415291185375E14
2.8125918318815128E14
6.3863643423786305E13
1.0041427154779078E15
2.1680600732924788E14
-5.894478081059346E14
8.856475128169844E14
-7.5097047276591E13
6.1983903805186125E13
6.284134120510659E14
-2.6875959257976588E14
1.6612809318766503E14
2.4745595898283134E14
4.963239973688951E14
-6.266168885059736E14
1.6172826144390388E14
4.4136695981146994E14
3.711601905311877E14
2.7424131555281453E14
-5.1883708182303956E14
-6.05950958865454E14
6.797660409061019E14
-4.482118213637717E14
1.0120046276951734E14
-5.297848779723032E14
-2.8068086476091533E12
-3.505091305697735E13
5.80935316068661E14
5.2861338589911725E14
-8.891322597108225E14
3.8176111338460694E14
8.100260495309884E14
-5.587275292873218E14
-5.3187166205902695E13
5.736849360985051E14
-1.2007825637150695E15
8.59915589833545E14
-2.0942644320335988E14
-9.671541935604549E12
-3.950868060556895E13
5.119389459160622E13
5.502910014386395E13
1.822555153859676E14
-3.152109672720614E13
-5.677766043488784E14
-9.89738469992044E14
5.072575567432186E13
-1.9654491981995497E14
-2.850288521197011E13
9.720398369957969E13
-5.68403325048027E14
-8.164515237655982E14
7.105601737406247E13
1.5778552146983775E14
8.773602400074862E13
2.4523649259273694E14
3.8780964131138575E14
-3.8098804385951525E14
-3.278091800319602E14
-9.10566528869246E14
-3.9793513628904925E14
2.91326338636568E14
-3.8314372290480506E14
5.598184400469748E14
2.0865746483327527E13
6.12836749014968E14
-1.5966311499914238E14
3.9961242260195125E13
8.901705531345375E13
-8.328506912158066E13
-9.401034924511249E14
-7.366492176527655E14
-5.1156593732966544E14
-1.2962506185914202E14
-4.185111785084419E14
2.4936826391417038E14
-1.407493145552798E14
5.974816296951559E14
-7.01040720660736E14
2.0258184046675822E14
1.7950841182201238E14
-4.536450105436378E14
9.818473169721669E13
4.4099498747023325E14
-1.5816941326868653E14
-3.495329003458567E14
-2.1663149844851762E14
1.6331619598865534E14
-1.1816863483146717E14
-4.3910851367578E14
1.0517886637246517E14
1.3054545778921204E9
4.311438626868218E14
6.75053550130845E14
-2.3930804238666278E14
1.1769419145068562E15
-4.2171148573909875E14
-5.938900131186572E14
2.6979717393374775E14
3.0728203063421375E14
-2.940615986059313E14
-2.655099636628446E14
6.776979069525651E14
-1.8292080003103544E14
4.100363985856303E14
7.934191013712981E14
-7.640826111689317E12
-9.281141105437321E14
4.9102312569708055E13
-4.656781953949106E14
-1.9483598974138206E14
4.7140695368829056E14
1.0597383172642033E14
2.627866944348158E14
-2.1641027986414378E14
-7.342940834946771E14
-3.3581741269069994E14
7.643117736903412E14
2.7208947767954375E13
2.2805948817276512E14
-1.9672240677964312E14
1.1396599211902006E14
-1.646606355922138E14
9.189737736374677E13
-4.5053154550778494E14
2.7415807954937203E14
-2.7847289849153797E14
-1.5716936377627753E14
-1.534750681352187E14
-7.80765863103659E14
6.926902359017099E14
2.950240173784488E14
-3.213661485855858E14
2.1966284150382334E14
-3.122687775071582E14
-1.2507040299329288E14
-7.924979404550716E14
-9.146237499008003E13
2.9745066585141556E14
-5.862953403908363E13
-4.4188125463749625E14
5.07510355372592E14
-1.307115841278157E14
4.18075100736611E13
1.0236810317621362E14
-3.715843977373148E14
-3.1166758472297E14
-1.0838698746662239E14
-1.3349824252246877E13
-9.503432487380928E14
-6.526693855161119E14
-2.1512822273034744E14
-1.121704107576004E15
3.6333804401187806E14
5.200663480163012E14
-3.896754703373468E14
-9.744689604417666E13
3.256476891532464E14
-4.9997191498711825E14
-1.2013663433905536E14
-1.4525820024080766E14
-3.6171585400300206E14
-3.329665792550101E14
7.076309029568844E14
-4.210414229706244E14
-5.4309327120277306E14
3.396940859585752E14
5.166481117839999E14
-4.478177248821313E14
1.8723090244919266E14
8.005797430959898E14
2.0700535044695353E14
1.3258302385520869E14
1.5115768213174128E14
6.250259758294028E14
-6.068163218307788E14
1.1789916199050928E14
1.7146172618530675E14
-8.347259738204776E14
3.9032701559790206E14
5.259033617645775E14
-1.1204033588998098E14
-2.031317058510289E14
6.603019564788675E14
-2.799643486734886E14
-6.399336770837674E13
-2.6986328261262812E13
1.7665436977386962E14
-3.93946638308699E14
2.07829145745358E14
2.0789711978259644E14
4.322966687175061E14
-5.997877974967456E14
2.104708790196726E14
1.7654482719463022E14
-9.152293143779918E14
3.730328313912741E14
2.1370838813023494E14
-7.898265353865686E14
-4.0913696486116444E14
-6.451021657951949E13
-3.751766545803992E14
5.467007603986061E14
1.9797521088732535E13
-8.3514429950319E13
1.1364697492015302E14
5.293435862217997E13
-6.142411966478781E14
-7072202.436987136
