-9.57803286940573E14
7.854672884993584E15
1.7176282468906012E14
5.782368314441032E15
4.975285418774788E14
9.454339250835858E15
-1.7470266362614202E15
-7.229443298375863E15
-8.673590877564695E14
-1.7777365835698832E16
6.097802004014539E15
1.2368488619143038E15
-7.134249708970813E15
-2.047437373216558E15
-1.6079095606905512E14
9.327191370588766E15
-2.681318969996974E15
3.587149520144985E15
2.828896577532976E14
-6.561700664120221E15
-5.405192269118593E15
-3.354170146398083E15
1.2082555835262434E16
-2.836602255978622E15
1.6438063879651798E15
6.615934340489036E15
2.084988209615153E15
6.052262634714815E14
-2.367797857137468E15
2.881515790078452E15
-3.2615705466600835E15
3.562670804454373E15
-3.693163442335432E15
7.610499501615462E14
8.167999673112964E15
-1.2612087030105745E15
5.950314825701044E14
4.2776509662488485E15
-4.404041972502842E15
3.0344287682216915E15
1.061267600196715E16
2.1334802947161252E15
2.7465056049323065E15
-1.314167720448241E15
1.3832860717161066E16
1.1329885546824822E14
-9.434506791252469E14
-1.085894427427028E16
-3.258166576727017E15
-2.105583713151173E14
1.1260543913423132E15
-3.760779875484224E15
7.472588845584447E15
5.375221332051264E15
1.688578409985218E15
4.13037181625161E15
-7.823306643393172E15
-4.4153571236496445E15
-4.2581090324318875E15
9.162352346907192E15
-2.2242935907278575E15
6.488975022273306E15
-1.7381536110969318E15
-3.508050450269027E15
-4.4525006901839985E15
6.843965140753969E15
-9.603470386337155E14
5.824528151623119E15
-4.381665971135625E15
-1.184063905791547E15
1.2943046920419212E15
-1.427525582928056E14
-2.9214909080945855E15
6.211142830550427E15
-1.0122215274646212E15
-4.0436780943017475E15
4.0956498428279805E15
1.2368871414083565E15
-5.914156694192984E14
-2.946405958185095E15
3.1449731718561445E15
6.907172868054472E15
-2.3855720635856925E15
-7.764862513855254E15
-1.7731313340577898E15
5.806295856010569E15
1.6084113434017E15
-7.400045563723911E15
-3.4239610849599835E15
1.3583744761737382E15
-1.3233175806787435E15
-7.896911535296075E14
-9.617599253649924E14
2.905390967525215E15
-1.2706826509801662E15
3.0225881530276635E15
-5.917352216617243E15
-3.3254071226601195E15
1.9913927593163768E15
-4.1482653694064625E15
5.109841439315976E15
-4.246480446792798E15
2.7670829424729025E15
1.4188277512613145E15
1.3863260313724102E15
3.9070007332373625E15
-3.0744094201719606E14
-3.984613058119488E15
-4.030749829917116E14
-2.909538732492295E15
6.38236237404229E13
5.44408857063171E14
-2.580030559645975E15
3.1222070284579775E15
5.82045817380665E15
1.7624760922841462E15
1.0390612090103139E15
-4.954568429419645E15
-3.5445379788336565E15
-3.3258312069014675E15
2.975943013680063E15
7.111820591184486E15
4.1010285565351725E14
-2.0599241273152725E15
-3.614796443015442E14
-2.1924642120488255E15
4.552695630241334E15
2.329245894799331E15
-3.836459521115211E15
2.536113030985485E15
-1.4155028312288568E15
4.509971411100354E14
2.397331407309477E15
-2.8262125066408535E15
3.9028404480737025E15
-4.1672717373323785E15
-2.922252584799868E15
4.1166988932835225E14
4.4337329376014475E15
-1.752095114855397E14
-1.421176285912485E15
5.4677351739153016E13
4.3439514696452635E15
-5.49407631887126E15
-2.2901568959104895E15
1.2057864359713047E14
-2.0063579040445435E15
-2.718315420965941E15
-6.44673252716126E14
-2.264874561359923E15
-3.420403757618983E15
6.272088050784946E14
-3.095977740591499E14
1.3114998869321482E15
-1.125531016598466E15
3.1316943992220365E15
1.0756890898115502E14
2.281747041764012E15
-4.0154734946624265E15
1.7472917023403818E15
-4.862131770102507E15
-7.935870928221254E14
-1.092875545602272E15
-7.391654081022074E15
8.511954883334159E14
2.0826710644725425E15
2.689302447165052E15
-2.6246094651993945E15
5.593897628839557E15
2.3155518267633785E15
-1.4449452865335538E15
1.1436728630985162E14
2.3813193365306555E15
2.783425261657975E15
3.17817314718701E15
1.127079081939611E15
-4.040999280390774E14
-3.610831189779418E14
-2.835505407185982E15
1.1823749475651018E15
1.6588409881520795E15
1.5323776346665182E15
2.375391152505384E15
-7.385277233736275E13
-1.6868367306084312E14
-4.156230893009001E15
3.5779791770165005E15
-5.70030685693577E14
-5.193272264885705E15
2.3886298656235685E15
-2.5652610776368135E15
1.7586887316193328E15
-1.0022630892294844E15
3.1841241589437555E15
4.401392038371917E15
-5.699980352034085E14
1.9198345441541402E15
-2.0018606652888644E14
-2.2095887089025518E15
7.46952946914396E15
-2.6773537621385105E15
2.585492769267222E15
-9.292601666510886E14
-2.616891490451872E14
-7.582634635512316E15
-1.4142779092637532E15
8.438325162175544E14
1.350174906726036E15
3.113971042148252E15
-2.549924142866748E15
-3.4848578803341756E14
-3.7493714717627455E15
1.5876486039078025E15
-1.701226899611859E15
1.7051511744552115E15
1.9453604251170615E15
-2.9797199669748835E15
-4.102027811636512E14
-4.738226207127447E15
2.7024334688131875E15
4.083527023982856E14
1.12375544137798E15
-3.699282852549898E15
4.4482636204991285E15
-2.799533618578378E15
-3.9848009765474835E15
3.079816892303811E15
2.0720631023230762E15
-3.61372909785288E15
-4.787774019801557E15
2.6706391424670705E15
3.8884894254475455E15
-4.792506702965741E14
-1.590138358855843E15
4.000920208248673E14
3.5535014199453675E15
2.1624648003888852E15
-1.5286700815561618E15
2.1215233288164285E15
-1.1340690609778855E15
-1.6385373839095878E15
1.8581637337445782E15
9.553263491381935E14
-4.171033563738573E14
2.8970422710723244E14
-5.314364953402865E15
3.1496728862370745E15
-1.0289033961427846E15
4.045061999608371E14
-9.171537511671016E14
1.9588211555317772E15
7.769215589825189E14
4.0600089655830906E14
-4.113074469612451E14
1.056978669047077E15
1.2782015322201075E15
2.7871648710894438E14
-1.7165327638888258E15
-8.06816465991168E14
2.5927156068436085E15
7.623223139735944E14
-3.244670091561169E14
9.870609954141356E14
1.8067280181306015E15
-2.5000755474690595E15
-2.4950457585985645E15
1.6538310809676597E14
3.523564377218625E14
1.9548772359604815E15
-1.6714078920486372E14
6.5098330421176E14
6.778819731563136E14
-3.3141516535867135E15
-6.347849334790776E14
3.446192962955745E14
-8.112276659019808E14
-6.042429734006619E14
1.315977254290576E15
-7.028494026192022E14
-9.79742867677503E14
-1.0276809906198875E15
2.2049573747177628E15
1.40192599682087E15
7.792333383879836E14
-3.333275987903947E14
-7.304154527885366E14
2.7625453360419735E15
-1.390131720446895E15
-2.1760032084362192E15
-1.8931938513403475E15
-1.5488709119344798E15
-5.732518971361252E14
-4.6128169871100975E14
-3.079968843854936E15
-1.2037344405267158E14
-2.974542235449209E15
5.913972233506914E14
1.4335053398281498E15
1.5889361893105048E15
-8.744587269749786E14
2.180059234839174E15
-1.348195763171451E15
2.8119763650522305E15
7.098938804782034E14
-1.0391530938937159E15
-4.959306202249104E15
4.031378872778749E15
1.9408058073295732E15
3.8253264199834355E15
-3.086042727950235E15
-1.163206646003535E15
-1.3888068666541615E15
-4.502524071001904E14
1.186867483496663E15
-1.0900800357297276E15
-4.991778499833383E13
1.0759297179154831E14
-1.974580860604532E15
7.16475338624749E13
-2.5305326179243635E15
9.335828308779069E14
-2.675501190851477E14
8.595571216273052E13
2.0478317283919462E15
-9.923501571251029E14
1.5142388555812205E15
3.280973958402753E14
-3.1531759906144995E15
1.3411548716999665E15
-3.229494514866478E15
-1.522932307004941E15
-2.1418575473037342E15
1.6709065529793218E15
3.406706594400808E15
1.961614691092035E15
-1.7184341577175695E15
-7.864560272692419E14
2.4959351763071375E15
2.4812735597738925E15
2.9637188412448835E15
1.6708221666008738E14
-2.0282132734950812E15
-1.2348289228460038E15
1.86108970041576E15
-4.9103536088236275E14
-9.089979361991632E14
-2.752597385166101E15
2.649310910093448E15
-1.1558075273181092E15
6.618163871744512E13
2.6892859025298725E15
-3.5047513393358905E15
2.8339709253267056E14
4.577228616500749E14
-3.92531846879529E15
-3.925856199100774E14
4.70454068950009E15
1.6094462962123145E15
6.536773710319114E14
-1.05660985452504E14
-1.7865471193267665E15
9.435376861445109E14
2.7260142835088945E15
-8.49585590536148E14
-6.86214507762794E14
-2.271157852116679E15
-2.8025339841361445E15
9.086006735533116E14
-1.2370776911027962E15
1.908083896544579E15
2.7650532783243994E14
2.7291570434612428E14
1.2030524971327505E15
-4.0633955228518656E14
1.2662299677653348E15
2.6189640245109125E15
-3.0127069429336794E14
3.374642028301378E14
-2.9562608820983275E15
1.1811507392730018E15
7.916866378689424E14
9.568409608401984E14
1.0474841430298345E15
7.224090627517456E14
-1.2146640864085005E15
-5.00999587482421E14
-2.8720095104672935E15
-7.91145126167977E14
-5.4971449167229725E14
4.716620292298935E14
-8.676535363678676E14
8.264647140637982E14
-2.0860791182639092E15
-2.0663853143231322E15
1.0143575980379456E15
2.9554106654148875E14
-9.203784985810031E14
1.6800165136822715E15
1.0834173499502416E15
1.9242090533080722E14
-9.974026423570818E12
1.9793469057544482E15
9.996600822047122E14
1.6420340187395952E15
3.0273336717764165E15
2.366844296483538E15
3.889339737401708E14
6.433369226967874E14
2.0005360131588538E14
1.136001875876071E15
-2.9571095069699975E15
-1.911403939248562E14
1.6734851083036138E15
1.2728624103991098E15
-4.0311256762665065E15
9.186923488757615E14
1.4491097764121115E15
-1.5581799223607045E15
2.9320280160073135E15
8.814329343517178E13
4.6314079974665294E14
2.2203850312566928E15
-1.0177596640016801E15
-4.507315524813835E14
-2.1391557277311272E15
2.758197483288928E15
1.1800155142382172E15
2.5118772438894045E15
9.618449386517596E14
8.988650917451228E14
2.0747841680168855E15
1.9769304844132912E14
-1.2533991543380756E14
-3.041236661792873E15
-2.2827381570151565E15
1.482104752319676E15
-1.255409546261894E15
9.924485970061754E14
-5.2464922970970794E14
-4.564715176221696E14
-3.0081676569215445E15
9.791101899830945E14
-1.3503467424758678E15
2.796932595428726E14
-1.2150969295707872E15
5.283960260796396E14
-3.351006251855874E14
-7.733368240507462E14
4.553486007744668E14
-3.9051551879299006E14
-1.0600725269303272E15
-2.767319661706669E15
1.737881810885299E14
9.161267581757052E14
-4.853752193355756E13
1.1730755595570085E15
-3.214073270114643E15
-2.254239405868404E15
2.544601475750134E15
-1.933811506398527E13
-3.552191544190789E15
2.416219306507441E15
-1.8473243681959295E15
-9.56202356174096E14
8.78012858433364E14
-2.8709799908990285E15
-1.3425054179638353E14
1.0690447660057551E15
1.0909096782969141E15
-4.9574083989399494E14
-4.202904136709749E14
1.1006026723224469E15
1.707938124449528E15
4.109770913662146E14
-7.6237574642787E14
2.501012633953196E15
-6.82808518755481E14
-2.2069556087313168E15
6.03136214003712E14
-1.177637068734464E15
-1.6270439515952744E14
-9.438102549724572E14
1.1082262554368974E15
1.9319485660842058E15
-8.890829131645294E13
-7.848829267569155E14
-8.478938197950814E13
1.7181447239373658E13
1.3680432557831819E14
1.2470449827910905E14
7.818213395344669E14
-3.233702460025546E14
-2.0187221691713978E14
-3.8060421220453106E14
-5.84871725842755E14
3.48517249828933E14
1.0790682992943382E15
1.1670593660505266E14
5.216976013982803E12
3.590248662587484E14
1.9054689496421944E14
-7.253745827983747E13
-4.766495811246333E13
-2.6531408975045128E14
-1.2917409336019998E15
-2.874136559022565E14
8.859479111025994E13
-2.6362359618413897E14
-3.504003304928195E14
-4.932448187851615E14
-9.759274282936444E13
5.474869825204348E14
2.5222398903039097E14
7.609126482151892E14
3.452741704358868E15
2.450414821382409E15
-2.7805099988782588E14
-2.391711952681142E15
-3.7237523636338994E14
-1.6157055112041438E15
-2.0843273583475698E15
3.265405067733614E15
-9.404933738874116E14
3.43424603343893E14
7.913443627020591E14
-1.2971915401309288E15
-1.4869116156601992E15
8.392367625301741E14
-1.3096074330118545E15
-4.162760070659747E14
1.2020096691607562E15
-3.459382077115312E15
-7.822857955759024E14
6.541562887500031E14
-4.5004968443727325E14
7.960971691559188E14
3.4392081194455165E15
-1.2508430121463135E13
1.745884122212151E15
3.819567860618074E14
2.543308518918822E15
1.4053457610337885E15
6.664468094130574E14
-1.6954246984454478E15
6.579948252807529E14
-1.016273619202546E15
1.0297549119355624E15
-1.0232690237183016E15
2.334226301343661E15
-1.4323462675901482E15
1.4833876870585038E15
4.0474303689850556E14
-6.310772327087786E14
-1.3466296212621422E15
-2.4310568059642725E15
9.323668409847261E14
7.310496582996546E14
-1.6559714288740705E15
2.9417842799215165E15
-1.691045756359367E15
-1.0024792989068048E15
1.791484967653416E15
-2.2237006024352968E15
-2.2439079564867818E15
-5.119173561304407E13
-5.459723102413419E14
-9.178070984745508E14
-2.4986629585527247E14
1.5603066365549065E15
8.395077078062588E14
-2.7773812047255378E14
-1.231144236212137E15
2.882482104624575E15
-1.0101726433046379E15
2.437599510621994E14
9.640761449844351E14
-4.4075583610518435E15
-3.934757061622475E14
-6.523690421524238E14
-1.8673026928359562E15
-2.0947168664517242E15
6.631776497546835E14
1.0336917423484085E15
-4.2713438477916975E14
4.432250788117108E14
5.0618810959737294E14
2.4121540564852675E15
-1.5213354199050822E15
-9.243144411019234E14
-1.212182835570918E15
1.589945940131389E15
-8.372596065806428E14
-5.1006556483738725E14
-1.128333803756891E15
1.4093920295347998E15
1.029968466733299E15
1.0813527350451854E15
-1.127449942027674E13
2.370861297638158E14
6.494897593241556E14
-2.34129648521108E15
5.042735980927317E12
4.5624201585633456E14
-1.857461912769728E15
6.771536758825512E14
2.1957248664623338E14
8.276185506201334E14
-4.0518735440704925E14
-8.262254005912922E14
1.790727715800574E14
-1.9116747067564832E15
8.37281905962825E14
1.6418474824980212E15
1.0383305275153299E15
8.462576664441558E14
-2.562118364639359E14
1.5820429632878025E15
-3.157625633660223E15
-2.2800088687418835E15
-1.290345865956319E15
-6.964313868806202E14
3.898930562235701E14
1.611800667336737E15
-1.7756364851397325E15
1.9240406282401222E15
3.2422160118518885E15
-8.963149177200292E14
1.1355568567035742E15
-1.8500600909415088E15
3.551481884054698E14
-3.8826917779602145E15
-1.06318865123324E15
4.676153909200378E14
4.072775868226665E14
-4.9118692596615825E14
2.5255295963457975E15
-1.1170970433991286E15
-1.3523926043973902E15
-1.194306330154114E15
5.4663625874667836E13
-2.9857091806098246E13
-1.6310127994991238E15
-2.1865784419756352E15
-2.648733622339081E15
-1.1084812888372862E15
4.522648986972311E14
-1.840420241798274E15
-2.761464726576759E15
3.1797397770146665E15
-3.218264860861926E14
-6.667436203314324E14
-5.842224474109848E14
-2.149335090827674E15
8.899387484079118E14
4.598316454036638E15
1.996176195511463E15
-1.8042157199454425E15
1.2037082086490065E15
-1.3042924193285048E14
-3.3183639627448365E15
1.1651995011287752E15
8.882714769932645E14
1.7117911545130665E15
-9.915825410030856E14
8.688329312417516E14
3.6194656473858E14
-1.8214867898161728E15
-3.6112419037278675E14
5.0936487528778556E14
-5.5427141138613256E14
-4.580922613075253E15
2.0847373449842125E15
7.424986666889091E14
-4.2934052317470744E14
-2.6640819513713144E14
3.1231439752489515E15
1.2470406003536095E15
1.03176342910953E15
-6.441326430844412E14
4.550870984028125E13
-2.4224439868494797E14
-9.002269623438328E14
9.582574666202028E14
-1.4517217538978455E15
-1.15985803383571E14
2.456684815541003E15
1.307351199326964E15
6.721336057705945E14
8.945143989117705E14
-1.8046101589503582E15
1.7055664133209218E15
1.2217506279791742E15
-1.672639844373376E14
-3.281527898052287E14
1.7071488714387736E13
1.9105930051465635E15
-2.1214917302271675E15
2.533604081015857E14
1.6023719739051502E15
8.810101310479026E14
-7.571571996410346E14
5.410209997276044E13
-4.12304991424662E13
1.6139216625594875E15
1.4415643230865285E15
3.370811938175963E13
-9.054394632829468E14
-1.6381393421371562E15
-2.0521317961604145E15
-2.858644803565939E15
2.320496053321156E15
2.9131210905451885E15
-1.4351749854599662E15
-3.3930509583143375E14
-1.5188224711383018E15
3.254506393259642E14
8.859807102448888E13
-1.8302476727566898E15
8.000054939992847E13
2.0581455553568298E15
-1.4563430367989555E15
-2.1632244893883035E15
-2.628868432179607E15
-1.723696244380937E15
3.1128301989728E13
1.1002804531801174E15
-1.762463517241893E15
-2.8917204689208395E15
1.3051882001526938E15
1.5511023224966745E15
-7.797388344871256E14
-3.540058511550956E15
-2.6277830725817345E15
8.206718872805521E14
7.701825083982808E14
-1.6779971434309885E15
4.8949220288674225E14
9.928657864680181E14
-6.368385675639884E14
1.5071804609435982E15
-1.228502522710132E15
-4.643110082876116E15
3.1117042852424606E14
-2.8582667474220005E15
1.8275262243688838E15
-5.794330971311575E14
-1.8175094785528685E15
-7.9306926647653E14
-5.737999997529412E14
-2.1831564717061618E15
-2.5219182455772688E14
4.596326314894946E15
-9.402850266824E13
-1.1826745161735122E15
1.7477452952134035E15
1.7647436293933575E14
2.1078370666892925E14
-1.81644880208622E15
8.790967176080516E14
1.3490290562372648E15
-1.0767919655358374E15
1.3866033042423985E15
-1.1917161553876652E14
-7.033315263784461E14
3.2793127369767725E14
1.1686348043868672E15
-9.666392582332532E14
7.412819749797719E14
1.293507263229881E14
1.5621929680659848E15
-1.61272760322713E15
-2.060742609912539E14
2.4962884797793715E15
7.211706021331052E14
-1.3240855684854095E15
1.871677537050881E13
7.523807674653898E14
-3.44422078843202E14
9.63631855557398E14
6.676001337232299E14
2.4475712355460175E15
-1.6369089634767342E15
-8.198976910230759E14
1.6494104507156365E15
-1.2760186739049105E15
-4.32930274399195E15
-8.773680058333192E14
1.899982653390866E14
-1.273802869555682E15
1.3031519042081105E15
2.646380910093484E15
1.3644300179092638E15
-1.1293096338509005E15
-1.7089121047088875E15
-1.2386241572611888E15
-6.507632388623846E13
2.433110522705093E15
-7.871763581356848E14
-3.6865457545059725E15
7.062122529122686E14
7.14832389519324E14
4.4315990822352344E14
1.7805734764987888E15
-2.4146812446505266E14
-2.2133970221575725E14
3.6520169464222625E14
-5.525651669985876E14
-1.6511639541051897E14
2.93645160721042E15
-1.146011705187027E15
2.818875379862051E14
6.000733029302906E14
-2.103987852527028E14
-1.1899277511309328E15
-4.357190174813102E15
3.880441920834124E15
3.108389287913008E15
5.074434958169994E14
-6.784190951062858E14
-2.49985464255058E15
-1.0473089253986959E15
-6.045919023618914E14
3.0108830184892295E15
2.0971451753151422E15
1.0146055319406909E15
1.2582416340875008E15
2.430620635967895E15
7.101793933362289E13
-1.6353417444024798E15
2.848286198433638E15
-8.019045903206555E14
-1.214106648264363E15
3.6498358469197135E15
-7.041103013228273E13
-1.6902025390477172E15
-1.1596740928466275E15
1.71630585570396E15
-2.8126547744715578E14
-3.2628660400521015E15
9.362274522190386E14
5.780228306977124E14
-3.3261593946498305E15
2.172620287008054E15
1.788711675462816E12
3.0476341331069506E14
8.472229409168105E14
-1.8086959854330125E15
1.528858442422534E15
-1.6005222040384868E15
5.423841018681405E13
8.482607197726088E14
-1.528788968990092E14
-8.751088365507745E14
-5.925667936076648E14
-3.945363918174903E14
-1.359986348142518E15
6.497765644761997E12
1.8087759767317016E14
-1.8797902437019142E15
7.418084502176294E14
-8.199220659547986E14
3.87726868370886E14
-6.701599579954511E14
1.7539410823007565E15
-2.5866856050521665E15
-8.611484232457351E14
1.562302248629677E15
-4.653693723074567E14
-7.849453082754599E14
-4.093562627095412E14
5.5015435464999644E14
2.933278847519236E14
-3.0341256980712215E15
-4.5914718242810656E14
-1.418989967747472E15
5.951412080286562E14
-2.3574212306235635E15
-5.3679416825403706E14
1.7975569434762685E15
5.780805165306479E14
-5.2774695333188025E14
-6.93253568420516E13
-8.60100000873436E12
-7.220728250680755E14
2.081582681802774E15
-5.477082850513219E12
-1.8832646004986372E15
3.246356244655662E15
-4.4633646526439475E14
-3.7780575283108756E14
-1.717955569134665E15
-1.5115790705297822E15
-6.382037231886952E14
-3.8598064293992025E15
6.869585210927216E13
-8.015582024682128E14
4.743228567538056E14
2.75556666278948E15
-3.7191321856307445E15
-1.0246232870639659E15
1.4531147573040272E14
1.6340530886291345E15
-6.50466922340228E14
-9.531397149669215E14
1.714589666488182E15
1.6827169327651998E15
-2.051831445358814E14
-6.394597736413079E14
3.980933392996577E15
-1.0138887932036238E15
-2.272042647823399E15
-1.0668950708144506E15
1.4453517475659628E15
1.1494158225213195E15
-6.80744671596699E14
2.896377707674129E15
3.0579169127560125E15
-1.2263783742107988E15
-1.7146557427666722E15
5.212729398007044E14
-1.8961632627139878E14
-4.001457194990168E14
-1.2206395656805694E14
9.641916295249129E14
-1.506326745379286E15
-3.2394792207501235E15
4.5781911194765425E14
-9.170701983630505E14
-1.348981390453569E15
1.5423651238390782E15
-5.118338467707856E14
-5.699465420985278E14
-1.3787501529267168E15
2.732252463813271E15
4.9996724914698175E14
1.59966453435032E15
1.7792381723983122E15
2.7353436700817945E15
-2.9134697437197015E15
-1.533082436981796E14
5.5497124332060125E14
1.5122890081024292E15
-9.281704371295146E14
1.2804757853982085E15
-1.6712504960970342E15
-1.619260973938158E15
2.378411848414135E15
8.785395019151908E14
2.6554465906847025E15
1.2646162049577525E15
4.3574593161788294E14
-1.5401325912538415E15
-1.663212191355666E14
-3.4157523543712505E15
5.125961584423992E14
1.6595518410889575E15
2.282473372339793E15
-3.584521503891993E15
2.3637940537397515E15
-1.1720417858781168E15
-1.3423004039287712E7
