1.602580225008212E15
-1.0504727303742068E16
-8.558232752150274E14
-6.887674613034473E15
-1.333538549400003E15
-1.220055549357155E16
1.727320932902531E15
9.71088895251382E15
6.792921891628231E14
2.3551106620181676E16
-7.345707294171414E15
-1.1182951788097156E15
8.464969317626672E15
2.321747200529954E15
2.2961333474671928E14
-1.1475091533300826E16
2.906969496961521E15
-4.55389683058345E15
1.2022522567553638E14
8.440720112641275E15
7.559276868273993E15
4.4263582418978955E15
-1.5673921548663424E16
3.7475763580970325E15
-3.1524525063991665E15
-7.731378119023244E15
-2.630765858987995E15
-1.6474245487656775E15
2.9352461755852025E15
-4.0872208555372305E15
4.3829911942751815E15
-4.717655443544583E15
4.2827934889679565E15
-8.937099113496849E14
-1.0325170752285444E16
1.890198145925737E15
-1.5538341828893332E15
-5.25389767840192E15
5.961092331632732E15
-4.492384050073958E15
-1.3028469820686658E16
-2.6984046925953745E15
-3.5824020367846225E15
1.0043509674535045E15
-1.7771369925689484E16
-2.5284893259970188E14
1.0669654141532548E15
1.4352491078223578E16
4.576161835441668E15
2.548580462157051E14
-1.3344107524931148E15
4.4576985744620885E15
-9.529890197445324E15
-7.656745649044884E15
-1.8648319361074822E15
-5.415692010168932E15
9.919368960008874E15
5.573106854377614E15
4.919938079437607E15
-1.1696496310915436E16
3.3101606094554635E15
-8.333342500800712E15
2.630313771253575E15
3.9689879383719935E15
5.767398407384029E15
-8.606590398378313E15
1.2313893089303245E15
-7.563372587935703E15
5.356807625030468E15
1.4601159365174305E15
-1.3345508623292032E15
1.8260004589455746E13
3.145784021837117E15
-8.003524082859736E15
1.641045751417072E15
5.189704006923402E15
-5.053937317937963E15
-2.1759038014490172E15
1.324122818694264E15
4.2160070097774655E15
-4.060646753840268E15
-8.913280104495644E15
3.2874499851034845E15
1.0201704182406938E16
2.655483761489286E15
-7.669005614158602E15
-2.2272951294508865E15
9.288464749244704E15
4.61657309634731E15
-2.1765831358E15
2.4469172644385145E15
1.2634167078723048E15
1.4412394117955342E15
-3.864759133474378E15
2.1209238388145195E15
-4.0966639367903965E15
7.591032539116938E15
4.308258759877092E15
-2.678161193931143E15
5.092696286415087E15
-6.587814690312915E15
5.886626740531276E15
-3.9829278831034995E15
-2.2168735491995238E15
-1.1001679856311434E15
-4.971537246528559E15
2.7192203938494284E14
5.133935164066954E15
3.285765507435803E14
3.6440867450663635E15
-2.0022309247791953E14
-8.147707376000554E14
3.2213606777365305E15
-4.133354555812079E15
-7.247133707057289E15
-2.5768303666849295E15
-1.2571805017883238E15
6.28513696375537E15
4.791996550882996E15
4.166550181326965E15
-3.6586899327440165E15
-9.64019709495921E15
-5.148327802772184E14
2.459893111198592E15
2.0453341258461145E13
3.2836550457773955E15
-5.698564392454569E15
-3.3266170436173495E15
4.819325291225295E15
-3.6846670623708935E15
2.0433678052139278E15
-6.031544408402134E14
-3.207770081268636E15
3.2808664543201235E15
-5.225461881765201E15
5.801726350447446E15
3.6366529881371195E15
-6.875769083199522E14
-5.782476827913027E15
5.696857143125948E14
1.8245300877433998E15
6.826138896937389E13
-5.646990385742476E15
7.594722488661279E15
3.2825357790024495E15
2.3187542251359753E14
2.34877289287451E15
3.32138354433972E15
1.0557073692698154E15
3.1033251747871425E15
4.296580583011284E15
-7.23702604301938E14
6.941149035942309E14
-1.3282960144281735E15
1.6663830909081492E15
-4.3510764409939815E15
-3.5581693028270244E14
-2.9048653847298795E15
5.35982499350638E15
-2.1752907161701405E15
6.421832350190973E15
9.643593670423062E14
1.621895257322211E15
9.778943940499634E15
-9.751606429280272E14
-2.8987285865486295E15
-3.1908023545943155E15
3.5228108150785995E15
-7.014892105901024E15
-2.8105704745301545E15
2.0074955398388425E15
-2.8741376754392406E14
-3.510489825898801E15
-3.839723259836749E15
-4.617747483672601E15
-1.7291755518665445E15
3.9425011272093944E14
6.526588591625004E14
3.92451037473754E15
-1.148979331404372E15
-1.823312602467662E15
-2.2366339868532485E15
-3.076017367355984E15
2.4764374201238586E13
1.5160046643066853E14
5.12310358106984E15
-4.976785114346793E15
2.905209162642371E14
6.69651962180592E15
-3.240842641433777E15
3.3529656996684205E15
-2.2086736713218585E15
1.4249161651999952E15
-4.2543943913314845E15
-5.603443423847471E15
1.2435161177008485E15
-2.3921133231846745E15
3.293219705407565E14
2.738712608911508E15
-9.73633943188145E15
3.572352163497624E15
-3.581523773042575E15
1.181348410048876E15
3.566317634407108E14
1.0094798528883444E16
1.9851676515956255E15
-1.2401758662617615E15
-2.0661061800924255E15
-3.794331368214565E15
2.9529234180260575E15
4.7202691823228294E14
4.994637353836511E15
-2.1593746512891118E15
2.14870358972988E15
-2.3176677371869915E15
-2.6646587577064035E15
4.1014654694106905E15
2.5395218076221275E14
5.841956865575452E15
-3.1403296640239305E15
-6.50393331476637E14
-1.9775183049885195E15
4.938563791021515E15
-6.184036884084713E15
3.5203637367351285E15
5.248564621373952E15
-4.021123311115904E15
-2.5274872843910935E15
4.670380632018936E15
6.594640682540882E15
-3.2386776679640035E15
-5.03408816463546E15
6.3189909285672E14
2.5761442897618205E15
-7.068946188291718E14
-4.910099250956904E15
-2.5704100248772895E15
2.0816713875541948E15
-2.658832138636357E15
1.363748712287835E15
2.0739284226005222E15
-2.267387453008501E15
-1.5086650781396608E15
1.1657089764387572E14
-3.696527683393989E14
7.088526798870873E15
-4.327746538184794E15
1.5148693244926932E15
-9.25267481901804E14
1.148641614463767E15
-2.664077102607276E15
-1.2375172857538438E15
-3.598574453985365E14
3.618038283448738E14
-1.4927773662079612E15
-1.7568036750565122E15
-6.642854170388042E14
1.8871475840577195E15
1.285124037662197E15
-3.0415162826617795E15
-1.0607593857382911E15
1.8934572284488384E14
-9.796278334491512E14
-2.4731683213154895E15
3.265848948442161E15
2.929566742861329E15
-3.604975031161253E14
-6.761453088525778E14
-2.583462565068298E15
1.5383831363591394E14
-4.3766019041620725E14
-8.729877999462355E14
4.684455445955051E15
6.027801357908556E14
-9.506643809839064E14
8.765714605358078E14
6.294299019667362E14
-1.5576933315345778E15
1.170540985768284E15
1.174998396742351E15
1.1739716090129118E15
-2.637849665657343E15
-1.8093275082856642E15
-6.561361963290486E14
3.373723257739843E14
7.47267951796074E14
-3.4686988099112235E15
1.8915433904297235E15
2.9143837148710265E15
2.3412626979289395E15
2.090399896089088E15
7.854623486502305E14
4.770793528747038E14
3.969050680801946E15
3.493569881215166E14
3.9270005082639055E15
-6.184336491185802E14
-1.852472136417719E15
-2.1424492255619655E15
1.4423556698209178E15
-2.9095851714888645E15
1.8390988037653915E15
-3.6545247254472545E15
-8.27593224119121E14
1.2466640449370778E15
6.573919808472548E15
-5.192293055635842E15
-2.575197879871478E15
-4.916221976685529E15
4.3071374754185655E15
1.3076914944154148E15
1.690397573228073E15
5.4919615196960856E14
-1.578680637973671E15
1.220644777624895E15
3.376107534282378E13
-1.615411542536328E14
2.8212757793338535E15
-1.8908791857935838E14
3.3060808131154845E15
-1.275115831505996E15
1.760043708318589E14
-7.686030903436708E13
-2.816543463378492E15
1.1883136730602418E15
-2.068053280791163E15
-5.816952680451232E14
3.984642048068178E15
-1.6119847908836788E15
4.0982585725946815E15
1.904692603941293E15
2.4916664376544675E15
-2.2612904191851425E15
-4.106627355111724E15
-2.5925422813892105E15
2.3941474423158995E15
7.475448833753194E14
-3.312793017987188E15
-3.3336120822294745E15
-3.8902239444344765E15
-2.1340012863519272E14
2.5916171227894535E15
1.652842598475391E15
-2.5225271940242015E15
7.715269265229705E14
1.2300729240986898E15
3.5911276669833725E15
-3.430167468851476E15
1.6011608455544582E15
3.590501449570065E13
-3.6102190319063575E15
4.708565404920947E15
-4.6136642254965606E14
-5.91949442378211E14
5.206487411367015E15
4.3642667226810006E14
-5.835689274999678E15
-1.769914557433182E15
-8.261859991842762E14
1.1150164462047723E14
2.5645824632498675E15
-1.049289964918834E15
-4.00037883561626E15
1.0416448831940364E15
8.242194470131104E14
3.209862377586093E15
3.8218881742750195E15
-1.3537437622957188E15
1.793223122588647E15
-2.6846731112117615E15
-9.02764870654556E13
-4.1027739377784544E14
-1.5954744642667742E15
5.372655066593577E14
-1.852673458679879E15
-3.4449384370807795E15
5.2957412698387756E14
-2.4092542846624072E14
3.615062912413227E15
-1.6646442982788635E15
-1.0509100361862116E15
-1.508417650772514E15
-1.2796238542189315E15
-1.0106758317416401E15
1.472488728828901E15
7.47130190321793E14
3.936214073436302E15
8.97368542450846E14
5.301682071749741E14
-4.83261109725344E14
1.0446766871855429E15
-1.0586204885688039E15
2.4882056611902795E15
2.7200009795872825E15
-1.128073424795138E15
-5.958916236623456E14
1.4186299303558178E15
-2.4204406006842395E15
-1.3581566746235052E15
-2.8977974301654375E14
-3.356270776225086E14
-2.257325972384205E15
-1.0896682406093202E15
-2.2928847991939975E15
-3.790840078106853E15
-3.176493736129283E15
-8.64862687817108E14
-5.730769120115249E14
-1.7407520969124425E14
-1.5495758107943462E15
3.909385950149217E15
2.103580558578402E14
-2.2966169261238445E15
-1.6102520477374495E15
4.988188382579676E15
-1.2768938307206665E15
-1.7604959811447478E15
1.9060791684343828E15
-3.868845713545121E15
-3.3159366584327356E14
-7.914015140332674E14
-2.7803816618895645E15
1.0246599857761465E15
2.1434323122631716E14
2.848075926554876E15
-3.988458100336952E15
-1.5101636813628458E15
-3.087579012401405E15
-1.5088803966010858E15
-1.2514475461167792E15
-2.6691895475181545E15
-3.047714582851926E14
2.1556626966149688E14
3.849136926216739E15
3.006117271674977E15
-1.7099031225563032E15
1.8542002581377538E15
-1.1481616778590158E15
6.350196742860268E14
4.0387797869415606E14
3.99780306530261E15
-1.1627586694033858E15
1.8091770566925435E15
-4.4470126198025225E14
1.398417271434683E15
-6.42620754833102E14
3.707823718639854E14
1.266482176536937E15
-4.004789737953686E14
5.190534939340241E14
1.5760037287450502E15
3.674370175085489E15
-2.2932481536667325E14
-1.0913518686032982E15
1.6694219396159603E14
-1.4587601369358155E15
4.4674500736161455E15
2.9746068828596125E15
-3.020378840816134E15
2.1204859888543288E14
4.93022468673434E15
-2.8710054607252395E15
2.2346041772833695E15
1.4212596728252112E15
-1.329548651894379E15
3.7804123348078755E15
3.5697364511000244E14
-1.234429329949959E15
-1.409458193512696E15
5.134620047509824E14
5.52397498416437E14
-1.5635265214454955E15
-1.9619798690467698E15
-3.7588458551272494E14
9.715387551043855E14
-3.315834030263727E15
8.616677138231749E14
2.7141446161763445E15
-8.19642431859619E14
1.3892540656397962E15
2.5916097962696766E14
-1.4017633781797138E15
1.5396963038435185E15
2.588894521586839E15
-2.0061410969104578E14
-1.0680534917252532E15
-4.046722185895015E13
1.2924860486390642E14
2.408230771644288E14
9.780288250682581E13
1.1155909000809601E15
-4.618063822432549E14
-2.463277942634845E14
-5.058258834753467E14
-7.942251932844496E14
4.795007752116192E14
1.4342137751214398E15
1.5314207409874894E14
7.003157402804158E12
4.4174389039234294E14
2.5373803452209438E14
-1.0408174856973811E14
-4.647029109394612E13
-2.779296794117403E14
-1.7268416677465065E15
-4.30319233270236E14
8.267978699928116E13
-3.4950218705837806E14
-3.8751048552032556E14
-8.034587401986E14
-1.72180535356627E14
-7.61467239142024E14
-3.341519328454106E14
-9.124628368183238E14
-4.513320932796347E15
-3.318815336950559E15
2.975714660386992E14
3.1807063558405265E15
3.9709218667928556E14
2.0182033815044015E15
2.77150929299492E15
-4.479824374496755E15
1.0321455681413354E15
-6.327581182128512E14
-8.615913574691449E14
1.8384382745376995E15
1.7508081381682512E15
-1.3766222524486282E15
1.74932935998536E15
6.424224524608165E14
-1.6603350610707992E15
4.631599048767266E15
9.592273335644732E14
-7.477521400726298E14
8.610038159982134E14
-9.902401762547108E14
-4.29253535518923E15
1.3144319720047481E14
-2.200520943752125E15
-3.850208244880126E14
-3.302791716018265E15
-1.9868326300690435E15
-8.652593120247694E14
2.328089729563559E15
-8.718338416201222E14
1.4714219716293955E15
-1.4965461553616432E15
1.584140399393256E15
-2.901013021975143E15
1.8846936907661328E15
-1.872837298180314E15
-8.50240519258282E14
1.0278324221831402E15
1.8032421426421412E15
3.1590791032414075E15
-1.10697577660002E15
-1.0630468246199538E15
2.0465111701735072E15
-3.8438563374397E15
2.315350838883987E15
1.2354649475266825E15
-2.350828118430532E15
2.650067459090136E15
2.8800727827144255E15
1.7148266480019967E13
7.093786278914954E14
1.3216170834365005E15
3.281690359128784E14
-1.8758954524634088E15
-1.1576771837553912E15
3.072494726695452E14
-1.6345987295626122E15
3.7187184335811345E15
-1.2227121202507992E15
3.721917152691033E14
1.2474244186169045E15
-5.802577983848352E15
-6.135864655919801E14
-7.893477898623822E14
-2.4892352010437265E15
-2.732109333726789E15
1.0125210067160049E15
1.3606836698789785E15
-9.914253840153618E14
4.66432659433603E14
5.69825858665366E14
3.1226387896014735E15
-1.8441005745399852E15
-1.0501927677372126E15
-1.4577571842813012E15
2.282221825411195E15
-8.975667567869775E14
-7.934680496786566E14
-1.4433587330255908E15
1.6308853308974958E15
1.3271716055784645E15
1.4420303222954585E15
-4.208451974675236E12
4.020939330999205E14
1.0718918008432202E15
-3.0745038102656885E15
-8.810045627798884E13
-5.0737642333097575E14
2.4883046214135655E15
-9.792595964258916E14
-3.0854259636217244E14
-9.939030774777708E14
2.6686004775620966E14
1.1197205530695874E15
-1.070678323734312E14
2.3411898384621225E15
-9.757186662388512E14
-2.2286021800552518E15
-1.4377026320685115E15
-9.586642959514315E14
4.055160843873393E13
-1.994513261862754E15
4.151461934182754E15
3.0025923750163395E15
1.639075544601869E15
8.030157338139364E14
-3.6449524527062456E14
-1.8506779560108312E15
2.346704302932992E15
-2.332620816668146E15
-4.3721293433829335E15
1.2827947934522165E15
-1.471174056844332E15
2.485506032563892E15
-4.0881593703476875E14
5.197143867161258E15
1.3636602362213138E15
-7.068709325970021E14
-2.0437702717491866E14
5.1394378474761075E14
-3.324283688266693E15
1.572099176252381E15
1.996526985902313E15
1.8719408234920832E15
-1.770212853214819E14
6.6419933084872984E13
2.5576741883549705E15
3.0654237898233685E15
3.5633413963257625E15
1.3277219296169848E15
-6.237815664511879E14
2.344837306142496E15
3.546699562849907E15
-4.103375925966815E15
4.466894397885703E14
1.1349448215449335E15
8.101182250446736E14
2.7146602498011605E15
-1.1381457154898252E15
-5.778403259730812E15
-2.5836596381889015E15
2.294838297680053E15
-1.2933161663139482E15
1.1069971843540328E14
4.3328992759237245E15
-1.5144543434363562E15
-1.1789070728836215E15
-1.8426756109950432E15
1.2268387203335248E15
-1.1969084788317725E15
-5.1877410997686244E14
2.521538815476935E15
5.615959220388635E14
-8.878919511954715E14
5.738665097842168E14
6.197934028328782E15
-2.686058162747475E15
-1.0121441352535551E15
5.2161616174408506E14
1.7607697230427612E14
-4.0601284101813515E15
-1.7070869208932505E15
-1.3124650733189652E15
7.839116443266815E14
-5.264301472659623E13
2.475681619218803E14
1.2716563983753208E15
-1.3398427099700618E15
1.9334476276476395E15
1.2800183636400303E14
-3.067982419420743E15
-1.5555707664036985E15
-7.702078007827041E14
-1.06775153537563E15
2.053673228215159E15
-2.2614242960336285E15
-1.591312655752189E15
-1.2842860493135905E14
5.555711668186763E14
1.243775588679088E14
-2.384901995617841E15
3.006852667591544E15
-4.511091363609859E14
-2.2926692757092625E15
-1.2623500497928098E15
7.760071836639555E14
-9.60233245751819E13
-1.5131961026851127E13
-2.2175215435820542E15
-1.9808031427171845E15
1.702687901663593E13
1.228893304243057E15
2.256727906099749E15
2.46471989369834E15
3.884754400938946E15
-2.9207437703737625E15
-3.5381806998134795E15
1.9758230540473468E15
5.1571503025563206E14
2.0224328133198345E15
-5.3410082460466025E14
-1.5592675476363469E13
2.367016236209028E15
-2.827164347571219E14
-2.9101806585431265E15
1.875271874765381E15
2.867874565750802E15
3.5065814626805675E15
2.1884441335760222E15
-1.790423074966037E14
-1.3458593859857892E15
2.438890084871649E15
3.864566453624026E15
-1.5550157850564452E15
-1.9356508702549768E15
9.829001568850468E14
4.652039807342987E15
3.506409345826769E15
-1.2305022710234095E15
-9.686311003396622E14
2.274413636964267E15
-9.690118975232504E14
-1.2815013840439785E15
9.800941535267184E14
-2.0644243438203672E15
1.7737248909364085E15
6.047607965374985E15
-5.4710110988627975E14
3.7034197013967495E15
-2.5696715886792655E15
7.590339541861715E14
2.45948863222017E15
9.028321401859054E14
8.747647543749729E14
2.8345448291660685E15
3.402434546681596E14
-6.228330561388894E15
-4.745240073802303E13
1.4420210133885778E15
-2.492227808102117E15
-2.677547739511093E14
-4.116574658152723E13
2.2952292120687365E15
-1.2133140865805225E15
-1.6654955756799112E15
1.5667956813608705E15
-1.8263499014717405E15
1.1735818843273427E14
1.0451014862665592E15
-4.154694704577107E14
-1.4734125600089872E15
1.4919806951816715E15
-9.831658611245172E14
-1.7639327015720728E14
-1.8802159605624085E15
2.0495760797256072E15
1.7510088600839488E14
-3.103875951567607E15
-1.0144159100268674E15
1.7031466060058762E15
-4.1934924277418516E13
-1.0749088608454452E15
6.414236310791369E14
-1.223409891112969E15
-7.404590851575052E14
-3.096522961519054E15
2.1139567844470728E15
1.2568868550337668E15
-2.2416068562883348E15
1.7007099493635625E15
5.708321654216426E15
1.0231897973589229E15
-4.8069344629425156E14
1.893037576787507E15
-1.766658580488117E15
-3.2474160131275615E15
-1.9323644909067955E15
1.4656542084485485E15
1.988883192513676E15
1.7642085599721808E15
-4.492035837890662E13
-3.422715802895503E15
8.61571304152188E14
4.82486799849785E15
-6.502732795763155E14
-9.832038655186751E14
-7.907971718993876E14
-2.309895690875447E15
4.1612419835175244E14
2.855654839720496E14
-2.775323119416943E14
4.933008338647268E14
4.399782857544679E14
-3.688897245188358E15
1.526885880962922E15
-5.062661743092966E14
-5.636702047725864E14
3.5836967726123194E14
1.6350956746438125E15
5.633592674408087E15
-5.266387644092031E15
-4.045171806815832E15
-7.821751077169652E14
1.1954675397605128E15
3.3250797105033245E15
1.5023260209073958E15
5.2373397546293656E14
-3.8972034181084435E15
-2.678820717043329E15
-1.5648443501187732E15
-1.8377960430393925E15
-3.181008504290129E15
-3.0708791865714575E14
2.1130664161438415E15
-3.513697246297147E15
9.838408756612302E14
1.6944244092161945E15
-4.533532705901915E15
-1.575657359299115E14
2.252253747635254E15
1.141879384347593E15
-2.0985296315173465E15
4.516056563675361E14
4.3831938154737235E15
-1.3033916668469355E15
-8.242032894699872E14
4.185021016409582E15
-2.8437278858694385E15
-2.1551502644415068E12
-5.429403447398801E14
-8.934509667468366E14
2.2199869771073335E15
-1.9959121364814318E15
2.1209308005911778E15
-8.643747498296134E13
-1.201170108031108E15
1.9069939121160606E14
1.1556301580619745E15
8.789732703346908E14
6.491312885822042E14
1.8253389355896558E15
-1.1634925526556564E13
-3.604751978879904E14
2.5302823351545265E15
-9.78707491374641E14
1.0748667178830458E15
-4.518174786627604E14
9.152221359864851E14
-2.2232438818299772E15
3.318901589431975E15
1.0210005137563921E15
-1.917121961881296E15
6.494086317672618E14
1.178323565722549E15
5.473756530340507E14
-8.253396358102069E14
-5.989374686146152E14
3.9792069339046825E15
7.67948202688772E14
1.8351417396383372E15
-9.462270507742008E14
3.22223390409543E15
5.758858464076404E14
-2.317821701588538E15
-8.51102834612036E14
8.740804473247924E14
2.9365115862269594E13
1.5630814995354766E14
9.292242396819361E14
-2.76116506322469E15
2.2390065980524962E14
2.301907394275927E15
-4.3304407004155555E15
5.655574764874208E14
4.2321317561607206E14
2.415217893895298E15
2.1546616383617712E15
8.973782682903009E14
5.267101169226463E15
-4.953889363290761E13
1.1595834224212302E15
-5.1086471402333756E14
-3.9078725779130195E15
4.943761937580622E15
1.253030960266411E15
1.0628723508289811E14
-2.259876641578402E15
8.94943330684051E14
1.237355021389941E15
-2.4631006638018105E15
-2.260545548325166E15
3.935448354553414E14
8.630818160513915E14
-4.970146242326772E15
1.4241025243213438E15
2.8110106718178075E15
1.1741514057337405E15
-1.995956053147407E15
-1.7106245753405582E15
9.370171581591841E14
-3.618800251753463E15
-3.967230417276879E15
1.369997569689014E15
2.36386058126769E15
-6.463199042153009E14
1.5308000485212025E14
2.922548217982585E14
2.254323848282348E14
-1.1258577578686658E15
2.067245364842661E15
4.3069285126690755E15
-6.176745559102162E14
1.3115596266312252E15
1.7378536415104042E15
-1.8352084370401625E15
4.6547833343509344E14
6.793507149354582E14
1.730886634552969E15
-3.486128595973015E15
-6.727384989132291E14
-2.1869514045408275E15
-2.3291142264447625E15
-3.543073793415539E15
3.829905536551221E15
2.4812741810600375E13
-6.050239699332438E14
-2.084001343654136E15
1.395200802718382E15
-1.7063247691018412E15
2.0153839794532E15
2.0592999931759168E15
-2.947479057485595E15
-1.4257325448494702E15
-3.2975579199739985E15
-1.6361900050641178E15
-4.717172585994863E14
2.0893361440618918E15
3.3494379510700925E14
4.421724994343881E15
-6.721902785774369E14
-1.955367025258143E15
-2.911142176705108E15
4.704581981148155E15
-3.021496969883229E15
1.5227585005912668E15
1.94022899993987E7
