-9.452145927840224E15
7.5197237944432368E16
4.4486199731512495E15
5.316660000776292E16
1.3182023315436018E16
8.6288139728383696E16
-1.732484201014723E16
-7.065951189509412E16
-1.9611746983790775E15
-1.66917642332816576E17
5.0242477053954504E16
8.608977800744713E15
-6.3014987714097792E16
-1.4751671137051008E16
-9.599578404332556E15
8.5658187737931952E16
-2.8041487901359376E16
3.5064890636447636E16
-7.738121189712511E14
-6.1856221197627176E16
-4.7769676008099656E16
-3.045437083783164E16
1.14812206857750096E17
-2.7840997053542124E16
2.1052136321785288E16
5.076506652671724E16
1.9586048243024764E16
1.0807278326081438E16
-2.3573893582025644E16
3.0520436947308748E16
-3.2952102496266116E16
3.2096865649660224E16
-2.9274349696642808E16
6.966779884199047E15
7.3363186702247728E16
-1.2947329186326232E16
1.407156720773956E16
3.5912166492467372E16
-3.8698902993122312E16
2.813855414832772E16
9.1747974257735296E16
1.878040915844112E16
2.450228113494488E16
-1.0993412577631896E16
1.28103050944984944E17
-1.6414732729589972E15
-1.02557243862344E16
-1.01831297857358288E17
-3.1398050495303028E16
2.3413580453840275E15
9.052637126060418E15
-3.223630368666652E16
6.6964760197830984E16
5.259071551682172E16
1.4082178079775808E16
3.8898292347615328E16
-6.9455912802958896E16
-4.5011817519492472E16
-3.6584093118240488E16
8.1584405304939264E16
-2.0231438176464716E16
6.1547111642281384E16
-1.7210026653041992E16
-3.055628896090174E16
-4.0807113341233928E16
6.4201762005056928E16
-8.996517424039407E15
5.5292071530815728E16
-4.1058088480565928E16
-1.247882615185103E16
1.352226175405633E16
-3.9224083318937355E15
-2.5995902647470072E16
5.7787317029340968E16
-1.1833474310983458E16
-3.5715334793277968E16
3.6116503722429272E16
1.5632814342152748E16
-9.966699434363346E15
-2.9035054312261252E16
2.9207838870636316E16
6.643736766292956E16
-2.3889737152151504E16
-7.2769976860661712E16
-1.7847551895325878E16
5.2617091409327472E16
1.714513777887945E16
-6.583054058179296E16
-3.3077857204716196E16
1.3993885665655492E16
-1.6725186043133334E16
-6.376339395842089E15
-7.674597378954257E15
2.7121862993851304E16
-1.2469022432159134E16
2.910689960801352E16
-5.3607332024253968E16
-3.186793276605086E16
1.7684467563367356E16
-3.8743006833625096E16
4.7802506772103784E16
-4.2986399505957864E16
2.7539096375663824E16
1.6930747621829052E16
1.0840244554073096E16
3.6375646370253624E16
-5.2849636059384506E14
-3.705678809794316E16
-2.352975618351352E15
-2.2206372950962084E16
2.0431107890496025E15
4.899203283950417E15
-2.4782192563655504E16
2.5131483586751632E16
5.2376702653130576E16
1.6007966085092192E16
8.7086297822857E15
-4.3018630011658064E16
-3.5048805707711708E16
-3.1378984240862236E16
2.9149102736039788E16
6.488847622286232E16
4.803423122355895E15
-1.7606476555618864E16
-4.1947158061697245E15
-2.2246616475945564E16
3.8415350032943056E16
2.1826772739297332E16
-3.4970062487852656E16
2.7743195643237904E16
-1.3273469957155724E16
2.59359033348788E15
2.1115746706511324E16
-2.1429605395809244E16
3.6142839585800768E16
-4.0395861213285872E16
-2.7034703449415096E16
4.520635292936071E15
4.1991204180702344E16
-3.410195877678271E15
-1.086474291728808E16
-1.2330344404840795E15
3.8765584406418728E16
-5.2475974141614096E16
-2.398385732165954E16
2.9234319717436306E14
-1.485995312092811E16
-2.3708800654659456E16
-8.166335535444986E15
-1.9701140653890536E16
-3.0559032915937904E16
8.204750757089227E15
-1.3911039686739778E15
1.1766194055380648E16
-1.3013214802786242E16
3.0615474823155276E16
2.7404513094584585E15
1.9572666970976896E16
-4.0611434964616008E16
1.7007457348386902E16
-4.4776231412233064E16
-4.545598696529921E15
-8.019347601285614E15
-6.588937787881312E16
8.894326588546664E15
1.8201262473920928E16
2.4198101866701896E16
-2.27467111558815E16
4.8653609368026976E16
2.032476682029248E16
-1.641093740531199E16
3.0874757607138825E15
2.3109805169618688E16
2.3050469265248876E16
3.2060917418065728E16
1.0761837470789948E16
-5.061138156887733E15
-4.654203829619528E15
-2.8211181801909548E16
9.669853267357364E15
1.5419537850434816E16
1.6073675235742074E16
2.0954126917785324E16
-1.2718015503262745E15
5.024353612023059E14
-3.7725787294291368E16
3.315135647615598E16
-4.989029584317565E15
-4.781406619304408E16
2.2318377828594024E16
-2.284358106716592E16
1.7180801532699308E16
-9.32642628408843E15
2.8046572503959796E16
3.9627721408209216E16
-6.987022906835899E15
1.7862105059547614E16
-1.0658951091358642E15
-2.1803496980204816E16
6.9553204228453952E16
-2.614761463495208E16
2.2923050443449304E16
-8.197511820839889E15
-1.249008882904464E14
-6.9683839086208208E16
-1.3358569071359576E16
7.555505740898136E15
1.4086427569378132E16
2.890081585770424E16
-2.4294526989239908E16
-4.674637087656976E15
-3.3809389465044388E16
1.4717906086811844E16
-1.6037605655636708E16
1.4498670069716516E16
1.8533719685726328E16
-2.7730332357705108E16
-1.4642501444461195E15
-4.4109010745676408E16
2.4315905873613768E16
7.031115468468802E15
1.1162229023050212E16
-3.564893743893602E16
4.4262748889101496E16
-2.569410627072322E16
-3.833343491227004E16
2.82474109486321E16
2.0062193770482008E16
-3.429250648833856E16
-4.5460476948266E16
2.3339745303188012E16
3.540711059320508E16
-3.9759177788560275E15
-1.7637453337517194E16
6.766399059771091E15
3.3664511072829724E16
2.0610256665719132E16
-1.5416108515319014E16
2.0663007498466424E16
-9.119062719777112E15
1.3622502133765908E16
-1.5365474394099528E16
-1.1268230127101948E16
1.8634528236350398E15
-2.3874240067137135E15
5.183017363374076E16
-2.8580763516095688E16
1.0104856411065722E16
-5.210344452913932E15
8.378190283631401E15
-1.6884534533526546E16
-6.323530792776655E15
-2.9865872677632285E15
2.422007746633061E15
-1.0377942378854034E16
-1.267345706841152E16
-3.6211053266704E15
1.2188351827628458E16
9.75755219547654E15
-2.2772907442147012E16
-6.323378789163363E15
2.893198670448928E15
-7.525895385056923E15
-1.4996686827783456E16
2.4136473821949664E16
1.9833841695931084E16
-1.0636657081465051E15
-4.600843626549533E15
-1.8510600684707116E16
1.553475231669964E15
5.057770194370278E15
4.861871831150559E15
-3.1856260841816168E16
-2.006172111161174E15
6.267842286960129E15
-7.818416966856254E15
-2.9750464357254865E15
8.78152072308279E15
-6.860751777299805E15
-9.508295244474622E15
-8.938711899178076E15
2.1280105011854036E16
1.3714785826758552E16
6.005554693868341E15
-1.6969184661110695E15
-5.797589656437138E15
2.606569131793646E16
-1.2477009718113392E16
-2.2502337161116012E16
-1.6288172473578806E16
-1.4473473935837642E16
-5.383695026769371E15
-2.3436794263583565E15
-2.6893469014038788E16
-3.807098074523153E15
-2.7268795915349628E16
5.62554753278998E15
1.4376744260350588E16
1.5191995764135936E16
-7.686414282108609E15
2.0693548356106252E16
-1.2672370168054038E16
2.7766833795721724E16
7.985054197481998E15
-9.926244292955256E15
-4.6088044714888368E16
3.5999153319004644E16
1.6060191117829444E16
3.6756712688479224E16
-2.948218024483516E16
-7.820850076902701E15
-1.167818315923344E16
-3.347882885563515E15
1.2571022217865308E16
-1.0816780205572342E16
1.1971506407485014E14
6.421055702235536E14
-1.9986670909280384E16
-9.729100355036204E14
-2.2449449057642272E16
8.937934532413695E15
-4.147146214763692E15
1.9490468866392192E15
2.0661285516419084E16
-7.344814250611984E15
1.3174844972767322E16
4.644035600842256E15
-3.088396558059772E16
1.270908959064959E16
-3.1112678968855944E16
-1.4093259424445484E16
-1.8982838529721256E16
1.5919278128827354E16
3.0200002344666376E16
2.1510597288103444E16
-1.5861792372839372E16
-6.192630891628842E15
2.585791893019984E16
2.2012488090199012E16
2.7386680582499508E16
1.5047882284428802E15
-1.947676867204384E16
-1.347134981602045E16
1.7726155568560166E16
-4.836359862779697E15
-8.884077571587824E15
-2.4782100105602344E16
2.4026587992968048E16
-1.2153758239894288E16
9.3763219995894E14
2.340684595010092E16
-3.2280241103377632E16
8.881581816131452E14
4.847513254326179E15
-3.5245155732074588E16
-3.4433004079066175E15
4.1968837129536024E16
1.463236043163431E16
6.790502399279723E15
-1.575179592914545E15
-1.9257260351068848E16
9.051980994812162E15
2.590341311692192E16
-9.355561167070822E15
-4.275523278683469E15
-2.1859667911024836E16
-2.6130621316281492E16
9.262786483024486E15
-1.2288763414533234E16
1.936601797305772E16
8.73426948033988E14
2.652646491465121E15
1.1342698416431232E16
-3.694885440947216E15
1.1971045415755662E16
2.2098747162565876E16
-2.899329937084361E15
1.440199001759407E15
-2.4916501874800784E16
1.1731450849415952E16
8.252353390349853E15
9.454824623104916E15
9.081565010975588E15
6.156789432149483E15
-1.2296639498850902E16
-4.839193648677317E15
-2.7061069449277812E16
-6.560154210914232E15
-5.17790012670682E15
4.096564250410671E15
-8.651151010016503E15
8.684085851207049E15
-1.7778169165580538E16
-2.0568150615494676E16
6.219355148526313E15
3.9387191054483315E15
-1.0523998068817394E16
1.5282432035366838E16
9.250176496366674E15
3.0921980117701445E15
8.580886228258316E14
1.6134808423681624E16
9.65018508558383E15
1.4328209178313334E16
2.7706994935256668E16
2.2294787965367572E16
6.019998433726371E15
5.085104234584286E15
1.3655324620299172E15
1.0309885476250246E16
-2.7539816205730196E16
1.0462068418382065E15
1.5001970191521478E16
1.094935980844447E16
-3.6953017501326728E16
1.003368012537825E16
1.2447799964722354E16
-1.2502389830314684E16
2.8057495885434832E16
2.7522004297120335E15
4.4993679045547855E15
2.0980046826248684E16
-7.909457015324405E15
-3.0716093556229045E15
-2.0233525919121084E16
2.472866831162044E16
1.1332476896002176E16
2.3189750331210124E16
1.1816389922320292E16
7.638979937280573E15
1.7957768666366108E16
2.0745225870837902E15
-5.848040720720831E14
-2.7704086568186864E16
-2.140036587508304E16
1.2550882812449966E16
-1.2866386856962386E16
9.377336225598084E15
-3.882285450023226E15
-4.1283816041922915E15
-2.7360389188514896E16
8.096189799008393E15
-1.2713345971394342E16
4.575142038646213E15
-9.734587514163262E15
3.302442450207409E15
-4.0492855907512955E15
-7.183127853854044E15
3.5916180302385475E15
-2.066676525567659E15
-1.0896576423378652E16
-2.3960504841278856E16
1.9500932429827638E15
8.352569192781312E15
-1.8341579260328385E15
1.1962195865569236E16
-3.1157796128431184E16
-2.1523885440680276E16
2.2580395980511504E16
-2.0218761755433447E14
-3.4359212899419248E16
2.2119351437827664E16
-1.7336727852095478E16
-1.0923625620163022E16
7.560360856025772E15
-2.6585845619198328E16
-3.5280956697106085E15
8.912339941181503E15
1.0503739437222282E16
-4.701891761118291E15
-4.70098142918327E15
1.0637681584917256E16
1.5140978004790682E16
3.718712036504139E15
-6.705824982905436E15
2.281309700818318E16
-4.503941616956141E15
-1.8811603103374416E16
2.571242985860748E15
-7.908419555509713E15
-1.4202623395219425E15
8.830745596007279E15
-1.0997522479607724E16
-1.847275551541332E16
1.4267961474963198E15
7.734226755278912E15
1.401523529861132E15
-3.224294506710853E14
-1.5229351644303652E15
-9.612613996278136E14
-7.716991980259022E15
2.862941738038868E15
9.140432045308099E14
3.742314030891818E15
5.638779455779786E15
-3.2896085556898085E15
-1.0294366240384196E16
-1.260448646426006E15
-4.963940317984731E13
-3.5527994340006805E15
-1.877572628757173E15
6.637582558300818E14
4.954720392323665E14
2.1453328717581395E15
1.2954647456103552E16
2.927553952884457E15
-8.387521636515795E14
2.5565456375139095E15
3.5224775635236745E15
4.89896322218602E15
4.201140692828065E14
3.4180887995841685E15
2.3489364088971295E15
7.779242818517391E15
3.1007251332263272E16
2.1726887492454032E16
-3.2977441013988375E15
-2.1947798633792936E16
-2.257534591660099E15
-1.461366881621045E16
-1.9935405833501604E16
3.1079970767990852E16
-5.296622204283062E15
2.932722619128611E15
5.646940523008824E15
-1.1898091627673388E16
-1.1151707768531308E16
7.719925244844673E15
-1.1930066413101476E16
-4.4253397012658295E15
1.0577143250343974E16
-3.2145324118188856E16
-7.016012727085332E15
6.019392445446295E15
-4.0344056289524645E15
7.708057958614086E15
3.0618825663747512E16
-1.1128706324809686E15
1.613924160277147E16
4.226635485584079E15
2.2965538058987144E16
1.3692173532283576E16
7.577353455206809E15
-1.5994149567039742E16
6.540880141770867E15
-1.119940991819981E16
1.0020289789308542E16
-9.972166218039218E15
2.1138913061660944E16
-1.3322847611160986E16
1.367857168611146E16
5.940394813391232E15
-6.761581972660043E15
-1.3140763006927764E16
-2.1509558050568204E16
9.077767542826526E15
7.264291983380878E15
-1.6959060302971054E16
2.7399772304273272E16
-1.5558189683863604E16
-8.804390417392446E15
1.6007802447234622E16
-1.8409076396922416E16
-2.113910466539612E16
-2.7956315452716234E14
-5.494311192846956E15
-8.150770763479831E15
-3.343179111024889E15
1.3411281814861808E16
7.626798603337892E15
-3.519909625545494E15
-1.1068511360954688E16
2.7494088785414736E16
-8.606856086344662E15
3.664487639748995E15
8.727411741703761E15
-4.1338644362109504E16
-4.537958545184712E15
-5.479036538010214E15
-1.6728535430370298E16
-2.00721937345557E16
5.734215179258531E15
9.712079245451174E15
-7.264014788177729E15
3.7455775747199335E15
4.600229397867765E15
2.0483210625020424E16
-1.3671952143626236E16
-8.973904070717698E15
-1.024887995407354E16
1.5609271833936912E16
-7.872621548645198E15
-4.881723703659885E15
-1.0249216341011374E16
1.2695135480819586E16
1.0443724095308584E16
1.2364555325695794E16
-4.9671969066562206E14
2.619118863252522E15
7.997321175570491E15
-2.0396133654805888E16
-1.0412131035751992E15
4.3768736714621015E15
-1.7310350764752832E16
8.167194834116753E15
6.76481085473806E14
7.828052938216524E15
-4.984188752969612E15
-8.526717461910592E15
1.778508695757959E15
-1.6566300076288024E16
6.826921665118047E15
1.6045356206399474E16
1.215667563737821E16
7.308335927803501E15
8.230231293595445E13
1.3915659521093538E16
-3.0103117410429544E16
-2.2308033960978024E16
-1.160033335920477E16
-6.128327400984894E15
2.4678550495185355E15
1.3756646313460904E16
-1.6153599406433448E16
1.629069016140518E16
3.0662667441171928E16
-1.0567769364802304E16
1.0291645364479188E16
-1.7368749691403778E16
8.055246337048448E14
-3.7349900689373504E16
-9.404177503790288E15
6.148537859092733E15
2.9889445311050105E15
-4.627214552313485E15
2.2683609026657848E16
-1.1502924298073042E16
-1.334929473390741E16
-1.212221950538357E16
9.879864058233324E14
-1.046285513616512E15
-1.6514815615804066E16
-2.0842293435928716E16
-2.5050016148536564E16
-1.1051213862754782E16
4.347215606175099E15
-1.6928562989793E16
-2.5439654736902088E16
3.1028098051750932E16
-2.687469255048132E15
-8.531165341075076E15
-6.194890977004722E15
-1.9513575061722696E16
8.292185726931093E15
4.2574283741270024E16
1.8346461837016012E16
-1.7331658194942814E16
1.0383688288763234E16
-2.7041938920830195E15
-3.2100789639162112E16
1.145050684875465E16
9.885169197491838E15
1.38045733119523E16
-8.968205348365689E15
7.459567119362578E15
4.650813469658065E15
-1.8568135469433172E16
-2.541500248092493E15
7.006071361365745E15
-4.671897819083564E15
-4.3869408510004536E16
1.9377910169624316E16
6.812671243207544E15
-6.321221780385339E15
-1.332174227024556E15
3.0306263750624372E16
1.1502401577600514E16
8.875440260391437E15
-5.881487953547804E15
-1.0014459457800883E14
-2.68579123053423E15
-7.444360006914895E15
9.017883949943704E15
-1.3543454747564298E16
-3.544412936929865E14
2.2254959636804676E16
1.2665543572105452E16
4.631133179276713E15
8.062233712801025E15
-1.5479857297349534E16
1.5279473238007116E16
1.274586288095313E16
-3.972092918335931E13
-5.429399562040739E15
-1.4332961375895975E15
1.7084915313111064E16
-2.022714860218012E16
3.0554179396065685E15
1.4708273369920404E16
8.607525930660621E15
-4.454010399423697E15
-1.8039221527634633E13
-2.0064416785878803E14
1.5065875030655568E16
1.4454118492124464E16
1.6132583531115758E15
-7.672026558368678E15
-1.4551902334646676E16
-1.8058281797574988E16
-2.6573874770681312E16
1.9335620856430888E16
2.5239052508688064E16
-1.5011332716053928E16
-3.3200025992528155E15
-1.5644259682202118E16
1.9263396525475402E15
9.309136294881044E14
-1.6639257944804982E16
1.1778061982868314E14
1.9925515906632856E16
-1.4406753592109878E16
-2.1250890509549264E16
-2.582196090921562E16
-1.402139524708152E16
3.1340708213969106E14
1.0571253224622968E16
-1.6785766360768508E16
-2.7361335972618516E16
1.064268644579605E16
1.6029201181444414E16
-7.808439949521792E15
-3.3658048029059832E16
-2.4008757132018176E16
7.985733481889709E15
7.553805193376027E15
-1.5970777380972564E16
6.233938304401152E15
1.0621543466656498E16
-5.464365177611197E15
1.4406163497885138E16
-1.340396407870087E16
-4.3867561472282288E16
3.1311414306826315E15
-2.5964039436155188E16
1.6726755133951064E16
-4.93873607024156E15
-1.707164414265224E16
-6.956303006024842E15
-6.709541464874323E15
-2.1538234449514596E16
-1.92272664251229E15
4.3571849268502544E16
1.8210674656042105E15
-1.03284921865237E16
1.8126590654702784E16
2.9007412823573255E15
4.930808440018093E14
-1.5622229744991262E16
9.407719141058798E15
1.3470863874070676E16
-1.0667998132852778E16
1.29216746405864E16
6.486935382812134E14
-7.225779567278395E15
3.467283532569669E15
1.047754203143399E16
-1.1485999739853396E16
5.804978933082054E15
1.1803553956110275E15
1.3286398590320962E16
-1.4441147725453732E16
-1.3177189673270298E15
2.4134508805793876E16
8.029007657403725E15
-1.284689118557798E16
-1.9560640404945972E15
8.403565858209781E15
-5.207218161301902E15
9.101605701931228E15
5.707243040331318E15
2.2629505708750072E16
-1.5482019139042062E16
-9.270790177250564E15
1.5646034099424352E16
-1.274853099335004E16
-3.965582567752004E16
-8.572584339246173E15
2.988591605333234E15
-1.1590677556342132E16
1.435778714200803E16
2.3777127153617508E16
1.3290419111071498E16
-1.2833137927424972E16
-1.3941699365567188E16
-1.0501354207258634E16
-5.6264496609400844E14
2.1713605918491656E16
-5.224384330763242E15
-3.36139522738367E16
4.619658207694292E15
7.610275397176337E15
5.283037509147658E15
1.5973339411327562E16
-2.8886379277214705E15
-1.8293575962030675E15
2.4898500969098865E15
-4.065183188746144E15
-1.9491502286264968E15
2.6733517069075504E16
-1.0457601750482926E16
2.0929445758681488E15
2.908502060195013E15
-1.5513080921325472E15
-1.1444970219258918E16
-4.0157992986100136E16
3.64283615584492E16
2.7968673159579312E16
3.5107555405031455E15
-7.601894715794214E15
-2.330142154522924E16
-9.890926687589504E15
-2.6347732359944685E15
2.7196566172080972E16
1.9246264085533472E16
1.049159943153205E16
1.17934212363679E16
2.2193812417547192E16
4.189096156430554E14
-1.5454210269749302E16
2.5350170424839608E16
-8.257695692231471E15
-1.2040048171761628E16
3.310098736853342E16
9.46329405132975E14
-1.553512231216554E16
-1.0098167082460368E16
1.6046645920204626E16
-2.0025392939575E15
-3.0813651489743984E16
9.594857679483466E15
5.721721116554259E15
-3.1587717612594892E16
1.9798272722099964E16
1.442034865125079E13
3.001949788495391E15
6.637466214077861E15
-1.6439580768491736E16
1.4892364727496736E16
-1.4745827891671282E16
1.2089743691871872E15
8.918567208790241E15
-1.0726405392780368E15
-8.115886672418887E15
-7.352849141161115E15
-2.518658971473384E15
-1.3310006761059422E16
1.0102559898290931E14
3.361165743137539E15
-1.6865319382809186E16
5.845130581567042E15
-8.521014122901686E15
3.502938040323655E15
-4.76330644103359E15
1.7122861394930828E16
-2.4191609712157616E16
-7.106932288184512E15
1.449871041474712E16
-4.90784396810592E15
-7.045187889821607E15
-3.8424713490095465E15
5.488266226981817E15
3.405704924602946E15
-2.95592863762805E16
-5.71264535081442E15
-1.3473720150311852E16
6.22207654346915E15
-2.244230417387538E16
-4.149183578589222E15
1.5697766324071884E16
5.331016295256615E15
-4.345763994244682E15
-5.601233582826889E14
2.550804421290864E14
-6.459979022446771E15
1.9446117733378328E16
-6.64788881139595E14
-1.510005110331482E16
3.1897132139877792E16
-4.638212477463076E15
-3.461331454934371E15
-1.7637606583076618E16
-1.5677472658590106E16
-7.93833749291423E15
-3.5449877610582428E16
1.2811883011765814E14
-7.808863066430647E15
4.2238045247726455E15
2.679289255646986E16
-3.454183949465622E16
-8.681629778375117E15
2.945803176692228E14
1.645306164413164E16
-6.260323849250299E15
-9.641144816821448E15
1.667191731521487E16
1.5730947594007088E16
-1.5120799408895478E15
-7.077865530271111E15
3.4926396954632E16
-9.960745847350716E15
-1.994430739361332E16
-8.130208734520104E15
1.3300506514112968E16
1.223730416535923E16
-6.62847267287301E15
2.609780600675136E16
2.9306107614420704E16
-8.992778409291431E15
-1.6143206196348496E16
5.171632023025687E15
-1.0191634569143206E15
-2.8426649633201345E15
-2.0789647898386062E15
7.08215943337137E15
-1.4378977884927186E16
-3.0905653436192908E16
4.3568119717663535E15
-9.750408457456604E15
-1.2983934468495982E16
1.3619257513428002E16
-3.202027734050408E15
-4.814404677432632E15
-1.1694137198554554E16
2.4510641584202032E16
6.823444319473122E15
1.4477692972190698E16
1.622977399754512E16
2.5920807045714424E16
-2.8117305097973788E16
-1.0673608396672662E14
6.422153791570522E15
1.5097896006488774E16
-8.195600782104765E15
1.150577212292576E16
-1.6025196678828312E16
-1.58519964308747E16
1.9891175587680836E16
9.16144424098649E15
2.39491706463807E16
1.1193944134959972E16
3.529968712186932E15
-1.5555061543882042E16
-8.85651436653527E14
-3.1720614557452132E16
4.993396760628775E15
1.4564182748542254E16
2.1194253922723688E16
-3.3379569684805332E16
2.2901755043038932E16
-1.0935073978744024E16
-1.1463519752876168E8
