1.546164821005544E16
-1.17865103958322528E17
-6.050673226481892E14
-8.5193662353350368E16
-1.470184571368963E16
-1.39224424918214704E17
2.6035862631034688E16
1.08240845730833584E17
1.0798822212836044E16
2.67509669042664896E17
-8.8475696255712672E16
-1.7147679485399144E16
1.04986819267315792E17
3.0885733564055828E16
5.452073829344732E15
-1.38992446881964928E17
3.9746219634784672E16
-5.4597083467634872E16
-2.813019095480208E15
9.7556690478817344E16
7.7629003116060576E16
4.895937495043492E16
-1.81446666020161184E17
4.2059008317821864E16
-2.5489669138499356E16
-9.3418080283317712E16
-2.9895904129505224E16
-9.90157823073664E15
3.5790291059608584E16
-4.408624940700572E16
5.0359927103186168E16
5.2068967349088088E16
-5.3034800756011024E16
1.2142635826753734E16
1.22446337259331008E17
-2.1456668172298548E16
1.1186640946463058E16
6.3829590779920896E16
-6.5004776468130096E16
4.5077817180175936E16
1.55508533569244736E17
3.0515241275808788E16
3.938017530509864E16
-1.8010387893184174E16
2.07791201666920736E17
-3.3213520468803694E14
-1.4852196120590172E16
-1.61106141827829152E17
-4.7653302089526472E16
-8.65873892055854E14
1.6112233439621928E16
-5.3723110197684752E16
1.0912923247978728E17
8.1899564687058384E16
2.6102819969827024E16
6.0612666872078128E16
-1.15488499806471104E17
-6.7874040049375472E16
-6.1201954990524416E16
1.35493322453737232E17
-3.2084379755855616E16
-9.5847514191692656E16
2.837955569744396E16
5.2909780507359424E16
6.4808005275293888E16
-1.02456112668213232E17
1.326312054254235E16
-8.7129901983815024E16
6.5501512241691792E16
1.722435573942829E16
-1.9809077491883048E16
3.0431131057744945E15
4.2972566594597512E16
-9.1657592349605776E16
1.6305232792587684E16
5.9870825088503552E16
-5.9998286621942136E16
-2.006439821020154E16
1.0130843819531528E16
4.4871843065922376E16
-4.5541611559474424E16
-1.03599194416542432E17
3.6321913610347256E16
1.13870673957503248E17
2.5711819703184376E16
-8.5564192791647792E16
-2.4515122123798764E16
1.09302315287000976E17
5.0197154299881352E16
-2.1572895073971652E16
2.2822290857524132E16
1.1757194631551428E16
1.392444184513263E16
-4.38440441230354E16
1.9373156505178224E16
-4.5322063223916928E16
8.899585442502928E16
5.018198042319556E16
-2.9690733793904576E16
6.1441979237104984E16
-7.5394412196345856E16
6.3049839341998456E16
-4.1957681653167696E16
-2.187989423526936E16
-2.112115534927728E16
-5.8633337394244664E16
3.5150073491127355E15
6.0542216445165456E16
5.327103529162469E15
4.1719554364752104E16
-1.654191946801934E15
-1.0245344833887642E16
3.9005897403436232E16
-4.4407069807306904E16
-8.4782213876255216E16
-2.6823295101780716E16
-1.4447452077939336E16
7.2791507767557536E16
5.2969483353060304E16
4.9746880486377296E16
-4.4894885428007664E16
-1.05307160137280576E17
-6.42700553597547E15
2.9924816447065544E16
5.939339392275655E15
3.3226913645950204E16
-6.6522489953406976E16
-3.4216099422554668E16
5.7412232460013968E16
-4.0264277490345392E16
2.2406664583385464E16
-5.662767225398955E15
-3.5627486286153612E16
3.9765548304152936E16
-5.8657069568051464E16
6.2798657687482096E16
4.3528636771774968E16
-6.27205434324872E15
-6.6965338934450736E16
3.453685233151176E15
2.057095997588682E16
-3.054669678556437E14
-6.477767673197752E16
8.2048485098783392E16
3.6011201435949176E16
-1.7673480559937082E15
2.9186945560590548E16
3.9939439054314104E16
9.98604633560767E15
3.304865066151256E16
5.056811343146336E16
-1.0097844579716736E16
3.942046671139663E15
-1.9041574401419772E16
1.7409580241663588E16
-4.629117191036784E16
-1.1528080881716692E15
-3.3396713676828796E16
6.063418593311724E16
-2.4944532646262788E16
7.2199012383064048E16
9.807786659818066E15
1.5409964117177302E16
1.08064849637740096E17
-1.3641121360265276E16
-3.0910738714931088E16
-3.896387033426984E16
3.7389837704403248E16
-8.1655385691688672E16
-3.3686711055349448E16
2.3780529175452024E16
-3.1012660312265145E15
-3.5594784465111848E16
-4.0170352192830432E16
-4.8946238422528296E16
-1.7207119859975626E16
5.486023415347188E15
5.773190006956525E15
4.3434602820948104E16
-1.625202291550994E16
-2.4929789523742092E16
-2.4294041261652008E16
-3.480978567955434E16
1.7793931594496542E15
4.501376105616176E14
6.205192902944388E16
-5.2173053857420032E16
7.139226292654152E15
7.7483680654911904E16
-3.5880854431021712E16
3.7472204416527968E16
-2.6811119515603064E16
1.5146728884035324E16
-4.7204223009745976E16
-6.4688754378028712E16
8.831865410715305E15
-2.9561385434210328E16
2.9457455122591275E15
3.4071757904930896E16
-1.10748696764642128E17
4.0635589086186656E16
-3.8166431249803216E16
1.350744646692005E16
3.800188971927021E15
1.12590677954449792E17
2.0867265987750904E16
-1.2438023807095266E16
-2.1455917045018396E16
-4.552399203739888E16
3.8236652164214072E16
5.438877949110214E15
5.5855556585532104E16
-2.3488059066192328E16
2.5737759956344064E16
-2.5589884078038764E16
-2.9507182098871348E16
4.4736337144869592E16
5.768118115031337E15
7.0004293934502224E16
-3.9400212329313976E16
-7.566424532408038E15
-1.704557912580732E16
5.604931287710776E16
-6.6814789673567104E16
4.132012286620968E16
6.066372557909404E16
-4.6887564075258968E16
-3.1399359521795144E16
5.4143086065841272E16
7.1557751510469816E16
-3.8846762372157176E16
-5.7114178924336912E16
7.037864412851213E15
2.6450898140703668E16
-8.40561673976959E15
-5.3196876829911064E16
-3.2725160080534676E16
2.3456301241182636E16
-3.1655258882936404E16
1.5865586577477592E16
2.3495448362297196E16
-2.772324724078504E16
-1.541550241062618E16
5.219858672921422E15
-3.840646464351532E15
7.9793538205650752E16
-4.6775806270301872E16
1.4807098537438004E16
-6.939177323374328E15
1.3640003145388226E16
-2.8753839030044104E16
-1.1819963429103568E16
-6.055675314485236E15
5.435219612115742E15
-1.5490851182266916E16
-1.9650846196143888E16
-3.5968339953624745E15
2.4179091274504116E16
1.2775136004105106E16
-3.7887195156329584E16
-9.744451549673068E15
4.765071187981378E15
-1.296164408806706E16
-2.5641478745088492E16
3.7676324069412176E16
3.55832027161797E16
-2.129440216019288E15
-6.353279490514993E15
-2.9010907816435836E16
2.7206021468208345E15
-8.203083229897145E15
-8.469741613450915E15
4.975435525120412E16
7.205208671747511E15
-6.67136182964186E15
1.1920552642673348E16
6.982236800161868E15
-1.8275199372711708E16
1.0751334074917606E16
1.4281687780328478E16
1.4644486969470888E16
-3.3553500887057456E16
-2.1224857255481036E16
-1.1359987129938782E16
5.476307388462358E15
1.1750102740898902E16
-4.1552152655109E16
2.0752644486016496E16
3.3377018098703308E16
2.7622310352281812E16
2.3352132073909076E16
8.286724253729103E15
6.725401996195024E15
4.4723306215772376E16
2.199374070914405E15
4.3749095839260696E16
-8.782311998810303E15
-2.1898312291180988E16
-2.3484281123052824E16
1.3304109301856164E16
-3.2986685926459684E16
1.952215169212674E16
-4.2969153687132344E16
-1.195263446244451E16
1.6203274016696116E16
7.418286588931376E16
-6.0092190219294392E16
-2.7347662684605456E16
-5.7442055203451184E16
4.6218757309258824E16
1.528638288739134E16
2.0123941229106252E16
6.08667853921311E15
-1.8220301989906516E16
1.75384862621884E16
2.1757578568897694E14
-1.5248202041105175E15
2.9144444219065444E16
-4.137589193879156E14
3.7203371562374368E16
-1.3471336138901746E16
4.752109115124083E15
-1.457572694440459E15
-3.145715568114842E16
1.3152796942244468E16
-2.1968822786575544E16
-5.154072880510106E15
4.8082558325862512E16
-2.0341098780739184E16
4.9297965547570912E16
2.283544124717512E16
3.0900112292723828E16
-2.4110460477169376E16
-4.956165650637872E16
-3.008611985097792E16
2.6489351620606808E16
1.0879463038669732E16
-3.8435422277343576E16
-3.584084596238796E16
-4.3610080298411672E16
-2.5111237236968725E15
3.0061244535925824E16
1.9174340761345704E16
-2.8411108576971076E16
7.645137810616114E15
1.4002203988660866E16
4.0107922427347568E16
-3.9291973900032992E16
1.7325463283690688E16
-1.4982889718418375E15
-3.8885130324229096E16
5.204541029215324E16
-3.129702679782334E15
-7.122034221178425E15
5.740798928835588E16
5.804637952923228E15
-6.9498941816396776E16
-2.3110090168763864E16
-1.0816791007839794E16
1.6469637276470618E15
2.7783555166039608E16
-1.4352969929236422E16
-4.1063666949041424E16
1.3740721394982676E16
9.604997733857732E15
3.3871477570993716E16
4.0908849029684744E16
-1.3743605084462766E16
1.8130577825433564E16
-2.9631403603761788E16
-3.4857349485644025E15
-3.9248642982524675E15
-1.8125625070138284E16
5.18940727355664E15
-1.9198961767195228E16
-3.7593940533163824E16
4.354068729589547E15
-3.978026155634111E15
4.254571562259472E16
-1.7307559010648006E16
-1.2219387330286472E16
-1.416458915479657E16
-1.5142407522584618E16
-1.0289783351791016E16
1.8512466744022132E16
7.958304859054057E15
4.2584443298031496E16
1.2164053323962432E16
7.832834867282165E15
-6.959097679838198E15
1.3184003907127838E16
-1.3007082694776168E16
3.0600255272354036E16
3.10947976272178E16
-1.3116661262263556E16
-5.15658602827636E15
1.405097223815843E16
-2.4576369456170356E16
-1.6578737935803498E16
-3.951037624818085E15
-1.8351690532179016E14
-2.8177806100192576E16
-1.4999950004444178E16
-2.412968121952466E16
-4.49507973847482E16
-3.551956854426074E16
-6.076279804224852E15
-8.501707442584425E15
-2.7882003088441525E15
-1.6841205561271084E16
4.3830206287544432E16
1.7549837469011215E15
-2.5288978747104012E16
-1.8913639879474168E16
5.9460204638204104E16
-1.4118028954426824E16
-2.104062575761192E16
2.2347292351896228E16
-4.3474083285208992E16
-2.3082457962748715E15
-7.432547946423601E15
-3.2720332541383668E16
1.4445132364122424E16
6.290918479673526E15
3.2066370808377044E16
-4.0649328613490352E16
-1.7327972931449958E16
-3.6873401315324216E16
-1.6349214542580768E16
-1.3048689249479382E16
-2.9834323602104016E16
-3.399436341823058E15
1.5861559708786732E15
4.424471926038952E16
3.4532273432026148E16
-2.1527243110373692E16
1.9356129929067264E16
-1.4704185998895708E16
6.942154304044324E15
7.752376481124232E15
4.3921134396596368E16
-1.3765653001560934E16
2.0526292450603604E16
-5.4564001760075E15
1.734183552544416E16
-7.446350548510541E15
4.76642351776685E15
1.1706378250077434E16
-6.483438004978585E15
5.124185331254022E15
1.5953131579132258E16
4.0383340390322168E16
-3.086304864672096E15
-1.3194477637796834E16
7.900691805110755E14
-1.8338406046127584E16
4.9118710946069816E16
3.363677057375208E16
-3.7698634347192744E16
4.936645748509257E14
5.4386945846435112E16
-3.52182789481227E16
2.8100217596473076E16
1.5925727211720942E16
-1.205674473197247E16
4.3110040116480824E16
2.7883937539764725E15
-1.5709151398457406E16
-1.6758461033332992E16
6.816439990163641E15
7.014563257644231E15
-1.6196776584841578E16
-2.5242130635647068E16
-5.897207541836649E15
1.125614698203326E16
-3.671506805736808E16
8.405897714647786E15
3.1914911033767184E16
-7.729091010279982E15
1.5363543475754822E16
2.195520196728066E15
-1.4144618296732738E16
1.7249039596724138E16
2.9383380307088384E16
-1.6828875031373885E15
-1.217029646952865E16
-1.564000290266996E15
2.23545557996959E14
2.1101284482938258E15
1.6807764697101322E15
1.1818249723061152E16
-4.640125646737734E15
-2.5835424827398575E15
-5.594905669425987E15
-8.951359696195375E15
5.147161789266708E15
1.6255688356112722E16
1.899684517677455E15
7.918912643882062E13
5.581405801969745E15
3.005808898837517E15
-1.084762637266861E15
-7.633126710283918E14
-3.665917123131273E15
-2.017269771722722E16
-4.613232079190724E15
1.324414297451928E15
-4.049574505015306E15
-5.39390506039509E15
-7.099412870633434E15
-1.2635262246449662E15
-7.543794261292259E15
-3.737390537199472E15
-1.1585804847747546E16
-5.0495840484231936E16
-3.545574720310822E16
3.87827045282429E15
3.4977248307914052E16
4.847561026766564E15
2.4078735763754E16
3.124713022569552E16
-4.9102013386359632E16
1.1683029549929056E16
-5.287376178224763E15
-1.12089542040076E16
1.9786805187630232E16
2.0733892736315188E16
-1.2928907661183578E16
1.9043684041853068E16
6.790664973830863E15
-1.6517103715254472E16
5.0807781374209112E16
1.1723276052107734E16
-9.413108882697592E15
6.830383912376989E15
-1.2478421299462764E16
-5.0226787686289712E16
8.925635517080839E14
-2.544778823610814E16
-5.919402849655375E15
-3.7543792983738208E16
-2.10461955060775E16
-1.0560589253104384E16
2.5906792190952112E16
-1.0164755744205848E16
1.5777880317764268E16
-1.5873589702001956E16
1.502293009618249E16
-3.40514848131818E16
2.1219467741834868E16
-2.146706229726164E16
-6.947486327954262E15
1.0461550779690468E16
1.9948531781819424E16
3.533791144574346E16
-1.4011409003759096E16
-1.119651049137015E16
2.5560959622200676E16
-4.4003587136068528E16
2.5076154175489832E16
1.4402671555483082E16
-2.6591569091524756E16
3.2061887330227908E16
3.3700810655925912E16
1.0136774257017621E15
8.357278445931383E15
1.3291914061852126E16
4.525220751925383E15
-2.2416718654753516E16
-1.279035152647312E16
4.746974308024965E15
1.8430274974785164E16
-4.407155527917824E16
1.4458719251360676E16
-4.0552510569329945E15
-1.3962783555702078E16
6.537839424482612E16
6.069088638544477E15
9.73736989577081E15
2.8123756611241872E16
3.0979684125367328E16
-9.449477316243344E15
-1.5669691370487082E16
7.931888075105553E15
-6.407355510853133E15
-7.757242774275575E15
-3.5499860133556492E16
2.2361168931905736E16
1.3681382180776054E16
1.7427203108822608E16
-2.371249985183506E16
1.2635391145342498E16
7.130498189780806E15
1.6473494530340892E16
-2.0952583157674652E16
-1.552298187367906E16
-1.6946452241543708E16
4.364429041349643E14
-2.8299982760476985E15
-1.0383449144454132E16
3.3318916190612728E16
1.8606841263816138E14
-7.497718154716381E15
2.7386754223260288E16
-1.07598042968247E16
-2.468415803430471E15
-1.277220592500441E16
6.153029885847786E15
1.2681620551454458E16
-2.9088832917089045E15
2.7828986987456712E16
-1.2176969285320406E16
-2.4737039919015292E16
-1.6768038314257516E16
-1.2452701410366014E16
3.065637156444693E15
-2.366668475051832E16
4.7026889864932632E16
3.4769741706841584E16
1.9682017957571408E16
1.01677871483461E16
-4.794233714760344E15
-2.3467339639236016E16
2.609017405941376E16
-2.7691594281635292E16
-4.858982688751912E16
1.4286182935051228E16
-1.620810531621904E16
2.7581192738312208E16
-3.703085047081287E15
5.8193490029183288E16
1.5137484398726924E16
-7.106093648102181E15
-4.619471668775312E15
7.229330532289729E15
-3.7124102232842992E16
1.7291943482424684E16
2.0623954303251376E16
1.8135540906844992E16
-9.270883360267905E14
1.1299236719582495E15
2.5148130813827688E16
3.3254622379523264E16
3.9649187740084808E16
1.668490121232229E16
-6.677465238490457E15
2.7430019364842712E16
4.142849696931308E16
-4.794155000212076E16
4.898764559892946E15
1.076380785161083E16
9.182731143247704E15
3.1054912908715156E16
-1.3701405099757934E16
-6.8791707111252496E16
-2.9148451330060264E16
2.7692395483992824E16
-1.7338583626993084E16
2.436924096767795E15
4.9947696663961888E16
-1.8037893909938368E16
-1.389989130236617E16
-2.47946885782528E16
1.4595406653573332E16
-1.2972125785188394E16
-5.873249520713786E15
2.7874800038744812E16
5.665817737802371E15
-8.298046598041071E15
8.351850272930311E15
6.9182808352793704E16
-3.091324170267806E16
-1.0861867893553394E16
7.435819349010679E15
3.6876748012364725E15
-4.7443252380373592E16
-1.8719236597598996E16
-1.509186456401831E16
9.505894959376996E15
-7.382848050853601E14
3.6490965402573725E15
1.3160230486493194E16
-1.380738230860555E16
2.1507816620341412E16
3.9964876384130944E14
-3.5982222405758576E16
-1.9715651748655484E16
-9.081202907644612E15
-1.2635380049968024E16
2.6865108808141568E16
-2.5942095537785148E16
-1.8803125566750068E16
2.1342931201965832E15
6.306778806468908E15
4.110927906041654E14
-2.7923596931246912E16
3.2345327865842052E16
-3.913878372130879E15
-2.3369406221276464E16
-1.2910252783222512E16
9.824172214022492E15
-7.187881015388268E14
1.9744914060964634E14
-2.4513556936269008E16
-2.2229216359671584E16
-8.20042661730742E14
1.3165986023588492E16
2.3804803600204016E16
2.960272807633686E16
4.2928925927747864E16
-3.3667151987093848E16
-4.2407386900407568E16
2.1918984711551168E16
4.789248411814621E15
2.3239129328127956E16
-4.517622659942278E15
-1.7767574492647555E15
2.7211720722233452E16
-1.1083320285493975E15
-3.0626908360670304E16
2.178139885178978E16
3.2572198052536656E16
3.99944480822858E16
2.4946120473265652E16
-4.911146521302154E12
-1.6214924472645062E16
2.6269466660807312E16
4.292865213734124E16
-1.8606319978762148E16
-2.4068725018003708E16
1.1994680935750532E16
5.2967028374940696E16
3.9067425565099984E16
-1.2394181004505486E16
-1.200173561033021E16
2.4937840617070904E16
-8.51767324239098E15
-1.5406829484991666E16
8.936142278280741E15
-2.304977344685272E16
1.859570157882068E16
6.9314808360328864E16
-4.740016130305408E15
4.1703698619628992E16
-2.7160463815568232E16
8.431206707580965E15
2.7183403567527952E16
1.1815898140758482E16
9.416074654538782E15
3.2993058674887024E16
3.739017084320552E15
-6.8423694899228616E16
1.2860586541775127E14
1.773148173016085E16
-2.6332449709386188E16
-3.6332026028771925E15
-2.208324545087133E15
2.7048087289138948E16
-1.2979892603613206E16
-2.0466413209310028E16
1.6838083526490588E16
-2.105678727901438E16
8.969862676680351E14
1.0753241745764416E16
-5.036136345649902E15
-1.6829039973216118E16
1.5766315789123642E16
-1.1079615262467072E16
-1.9184650877306828E15
-2.3151654476440036E16
2.381294713565664E16
2.5224574237824275E15
-3.7693240353993384E16
-1.2094211234118044E16
2.0002013503446104E16
1.298160768081385E15
-1.2028329660283002E16
5.75720995604458E15
-1.4686191103736514E16
-9.301842794581578E15
-3.6752779634314336E16
2.4829983627688144E16
1.2753440879735644E16
-2.5175813834426336E16
1.8833276916789876E16
6.4067671065201528E16
1.3855343439627106E16
-3.8148422977274905E15
1.9025951083130364E16
-2.0562442238658592E16
-3.8870619764551656E16
-2.0474767316112704E16
1.832530355857276E16
2.4589670489808732E16
1.7849511341351628E16
5.364470539738855E14
-3.578406839179204E16
1.1032812469512216E16
5.4615419634038176E16
-9.018053657124458E15
-1.117844877635688E16
-6.980492084202635E15
-2.6778175104574116E16
3.9906810912442285E15
2.85931682914926E15
-4.4217169495939325E15
7.381306460912209E15
2.366595743088689E15
-4.2760221003555912E16
1.7251740221833214E16
-3.4971798474536085E15
-7.398237265138666E15
2.820454694505781E15
1.8364216472386268E16
6.4410921807929832E16
-5.7572055466983384E16
-4.5688262736089424E16
-7.081403077151043E15
1.0701433606670446E16
3.7707172342970848E16
1.5537327379801514E16
7.029328411908243E15
-4.453766839532468E16
-3.1215464374194204E16
-1.5772610901195862E16
-1.9020130217907056E16
-3.6811460657979816E16
-6.911638931305468E14
2.4223570993479232E16
-4.1477482222549736E16
1.185161292710715E16
1.8586441855979648E16
-5.4376336634945912E16
-4.871948521180614E14
2.5510682270772776E16
1.697297078015915E16
-2.6153264342661052E16
3.9931673587877465E15
4.819489343293548E16
-1.4079106470418394E16
-9.09184678601222E15
5.0140997311613008E16
-3.2277001636631124E16
-2.5964139630911867E13
-4.47656645755983E15
-1.2280057956270546E16
2.6577240031111828E16
-2.3095309567945264E16
2.3127353303919728E16
-1.9174284639653716E14
-1.3091679980325702E16
1.8471344826804352E15
1.262663043988141E16
9.333979373151374E15
4.80692598251251E15
2.0518629786316756E16
-8.619337110726753E13
-3.3751867650688875E15
2.7530138721645092E16
-1.0566876583980512E16
1.249836078958345E16
-5.636704017373637E15
9.304994121054386E15
-2.7156667331484028E16
3.8769621023887272E16
1.2562410660506368E16
-2.3503711250849712E16
7.881236642288257E15
1.1555443700073528E16
6.134545634609115E15
-7.819225080573346E15
-4.750453614934309E15
4.595591554768436E16
7.379301251439131E15
2.1001406431398588E16
-8.872282113429256E15
3.5111233025066508E16
7.809017530516287E15
-2.6392110519503348E16
-8.065204142552933E15
7.666861157609273E15
8.542372367535989E14
2.283841039755843E14
1.099269252780123E16
-3.1415593155852452E16
6.342592342919692E14
2.6393331420714212E16
-4.9063206920027464E16
7.58394975546545E15
5.661443532159829E15
2.6083156161668136E16
2.327193168937904E16
1.141753796219605E16
5.6566836732332328E16
-5.619020057385994E14
1.150539033377515E16
-6.176147538715264E15
-4.136436395896496E16
5.533605064403292E16
1.5058451943546434E16
-2.0891699326570265E15
-2.5645872729666152E16
9.398655109733488E15
1.4743387427612668E16
-2.5463098943809364E16
-2.5396183853287012E16
3.115885629470518E15
9.37657047302311E15
-5.83080663693602E16
1.5293570382615214E16
3.3619885038841452E16
1.4583843842090144E16
-2.138397332540236E16
-1.7513919106294422E16
1.0928360473053096E16
-4.2352264484306144E16
-4.5786044599326536E16
1.794842049336464E16
2.5601365221264984E16
-7.276045091464032E15
2.5590333447353435E15
5.612061037157723E15
2.720860583913191E15
-1.3854584406746448E16
2.256494532110902E16
4.8806969847083088E16
-7.388235504676776E15
1.365054973370506E16
2.030850411861586E16
-2.2880320706987304E16
6.98607382053138E15
7.99645975399434E15
1.9774386304073164E16
-3.9715325597690256E16
-8.308224211050585E15
-2.3955616720663556E16
-2.6375759133169324E16
-4.0334364633791144E16
4.3648061233022424E16
1.0045408967882838E15
-8.755088993080292E15
-2.302599965703388E16
1.3020368904884638E16
-1.8546618821185344E16
2.5300106088685544E16
2.4419772459172696E16
-3.5080013322596104E16
-1.4046113889959446E16
-3.9284455615056872E16
-1.795976234666619E16
-5.872089631519829E15
2.3313714860076212E16
2.325584369841014E15
5.052514414957396E16
-8.357292288885374E15
-2.4173567339109308E16
-3.3987964374079076E16
5.3139959534637032E16
-3.5638611461974664E16
1.7739386901488366E16
1.9419299868607825E8
