9.691024216459648E15
-6.9140587507856456E16
1.471516209307087E14
-5.1073379586458088E16
-7.947724515896934E15
-8.14208262337352E16
1.2007398018383526E16
6.3671046550037232E16
8.238412785998428E15
1.57335471388802528E17
-5.370821256796724E16
-1.1202551121884854E16
6.3854337975382024E16
1.86837161077076E16
2.4188037287359255E15
-8.4271620644509472E16
2.3397907219800224E16
-3.0195868354182656E16
-2.783360698468112E15
5.578917125289972E16
4.769238557875072E16
3.090993978960268E16
-1.05776407497577248E17
2.4575686611594312E16
-1.2494012568186144E16
-5.7836589424691352E16
-1.8368339670491316E16
-5.60435126819361E15
2.208563642709666E16
-2.6269801612476856E16
2.7981960831461E16
-2.9614870162942468E16
3.3908841696032864E16
-5.72334251963611E15
-7.34889843776688E16
1.227487957502549E16
-4.647564055303984E15
-3.7984073586466264E16
3.66856299130508E16
-2.5741491819764192E16
-9.4883975598281456E16
-1.952721200031556E16
-2.3432928259506676E16
1.0364830799746132E16
-1.21743846687340608E17
1.3808582200021892E15
7.881280787442764E15
9.4904329064334784E16
2.74607379424431E16
2.0174787681609985E15
-1.0111800269883656E16
3.2388456297784416E16
-6.4510733000220744E16
-4.7750587428350328E16
-1.5942164467936172E16
-3.4237312725415568E16
6.7212199348080408E16
4.1103909885975032E16
3.7349343722122984E16
-8.0841071833221344E16
1.8805630778473692E16
-5.5810470100894832E16
1.6385336800167814E16
2.9426467323538244E16
3.80748196700642E16
-6.0128493070301392E16
7.736457107970337E15
-5.0778967546768456E16
4.0604936483154944E16
9.497757922165918E15
-1.1937664538406742E16
2.3009125196104655E15
2.5623994570163384E16
-5.3910257109915752E16
7.976216978076522E15
3.3671986708114384E16
-3.4988610362398864E16
-1.286740459362564E16
5.701664032570982E15
2.510026606438702E16
-2.595292392878772E16
-6.0712144146726512E16
2.082682393505728E16
6.625919644702164E16
1.5295438918453218E16
-5.004737971754736E16
-1.382698677957294E16
6.4879053526497816E16
2.847746195151208E16
-1.1034453339923862E16
1.3308431965772526E16
6.271509084920101E15
7.732333903279825E15
-2.5859457498225868E16
1.0404784974121912E16
-2.6953666015270552E16
5.2586011475372704E16
2.9868464105645084E16
-1.8039222677879044E16
3.674397445490232E16
-4.4047676671096064E16
3.5274013823078964E16
-2.4146792332511388E16
-1.158917726859596E16
-1.1605932981165416E16
-3.5343082759593216E16
1.4733203315626072E15
3.5410879594686376E16
2.570344797524316E15
2.59549451690481E16
-1.3541259176789545E15
-5.235383491626515E15
2.2778332621246296E16
-2.7482960854554376E16
-4.9049868761397632E16
-1.5418859762947098E16
-8.290477368706368E15
4.3020268688476952E16
3.1783662159266104E16
2.9712778235494868E16
-2.5417012529346676E16
-6.1919918890418056E16
-3.394859172481714E15
1.881146183380216E16
3.3534274962367885E15
1.781968617426053E16
-3.8723039193480016E16
-2.0137341803593728E16
3.3479657740568732E16
-2.4191718572525004E16
1.3001124236291804E16
-3.7500186181328215E15
-2.1257021122882136E16
2.4503243806517504E16
-3.405695158330316E16
3.698766530394096E16
2.5600909004827648E16
-3.375655531548008E15
-3.9492360862975616E16
9.221644815107785E14
1.3475171601884284E16
-3.107953852709887E14
-3.8835812233259024E16
4.7190928515284104E16
2.081841835344536E16
-3.9027179673628556E14
1.6406816309990396E16
2.352142263350924E16
6.407292391622999E15
1.9868055949907472E16
-2.8567413898161996E16
5.982365325123812E15
-2.2383763554606118E15
1.0709252976225912E16
-8.929163225655358E15
2.6403898251941876E16
-1.1996683888494672E14
1.926123627330726E16
-3.5365060977858744E16
1.4217267407626602E16
-4.2209257109797144E16
-6.583730540771558E15
-9.932760803545114E15
-6.3344668929215144E16
7.912147807971356E15
1.7667639638766336E16
2.306153689564142E16
-2.1024056544001012E16
4.831732725428028E16
1.9987427551121628E16
-1.3383002543458766E16
4.2862700803211025E14
2.0093321390574672E16
2.43363967338586E16
2.9192882287620484E16
1.0154302952722466E16
-2.567894941372393E15
-2.8483840956824225E15
-2.5233034097959648E16
8.708280410587018E15
-1.4292978958380894E16
-1.4413380856526328E16
-2.0495114142646216E16
5.3985795297672444E14
1.6650232292590932E15
3.7294267227664128E16
-3.0306248020756724E16
3.780484082254129E15
4.5601955763470656E16
-2.114743096354644E16
2.2399842757984944E16
-1.5963432022406734E16
7.807842081527247E15
-2.8113245114261228E16
-3.8046123897822624E16
3.8545567955540265E15
-1.7944675296087646E16
2.9397208387755095E15
1.9253890369236932E16
-6.480493706161604E16
2.4228246649717456E16
-2.2376152528903388E16
7.82777341541738E15
2.8228974854804335E15
6.6103722173521416E16
1.2457214196065912E16
-6.956938502433702E15
-1.2524890074172014E16
-2.6574509693978248E16
2.2742481575261964E16
2.295807482913754E15
3.320493538278922E16
-1.3980167273806124E16
1.3720019442991512E16
-1.6458985570574944E16
-1.6876138456950996E16
2.5817480151847548E16
4.2795165612602975E15
4.0897218374589976E16
-2.4145445489043372E16
-3.2512919838303955E15
-8.375150716256583E15
3.3066027706747672E16
-3.841923732136148E16
2.4101941757519116E16
3.6073371310551576E16
-2.8600030374308828E16
-1.7597639337162644E16
3.2592691863571176E16
4.1858738610453464E16
-2.4241562231718688E16
-3.426224658920154E16
4.737489182087027E15
1.4733324940934728E16
-4.1723221582251345E15
-3.2132693703057492E16
-1.974894039603474E16
1.3881468633919212E16
-1.891482049955122E16
9.588171825378744E15
1.4241591000712072E16
-1.7318079459089778E16
-8.466508716956454E15
3.0087873175239705E15
-2.6247926796977955E15
4.6221734835874968E16
-2.7238885651598168E16
8.443096345708018E15
-2.889898733781995E15
8.039664791540791E15
-1.627948222321815E16
-6.815829258155412E15
-4.691844184371242E15
2.2151854221743522E15
-8.984873053484466E15
-1.0585164573043732E16
-1.8751440885797972E15
1.488056063372138E16
7.060456137651577E15
-2.235030939309054E16
-5.905046836259362E15
3.5339866468907245E15
-8.596354486996955E15
-1.4607492553127474E16
2.2274116930943628E16
2.1788117829338136E16
-1.0544025567553634E15
-3.815484299309472E15
-1.7636730259577448E16
1.9472957171433628E15
-5.134973574699479E15
-5.012611814155662E15
2.9294177296255968E16
4.3068035589261415E15
-3.585116005464162E15
7.205584340216237E15
3.853519579909708E15
-1.1221153009033836E16
7.004235858937035E15
7.212967998388119E15
8.675040910866091E15
-1.9473596516850072E16
-1.2273548353374054E16
-7.541345810252012E15
3.828039160177599E15
6.391924825967394E15
-2.45661410152011E16
1.1273067780889164E16
2.0563808930264204E16
1.6436553808212606E16
1.379143250271282E16
4.1048120871183795E15
4.443615850055033E15
2.6139167968473168E16
8.918053144392219E14
2.5317701968920488E16
-4.621012236578223E15
-1.2788122625630668E16
-1.3470302571835094E16
7.982050353409502E15
-1.8699094060357144E16
1.1471119351129702E16
-2.5755467366918388E16
-7.637198629641933E15
9.28363260630555E15
4.3462373209628448E16
-3.5665125896042692E16
-1.6206214177661856E16
-3.3888766569184148E16
2.63342576337196E16
8.946356838930762E15
1.180966238363262E16
3.7263461121558935E15
-1.0928425633790504E16
1.0308847334955954E16
9.222698520226822E14
-1.5992449925295492E15
1.7120476654126244E16
-8.373446268941236E14
2.1806899370820368E16
-7.432260179091746E15
2.643456800689041E15
-7.338886693152402E14
-1.7965652511564114E16
7.370763468388704E15
-1.275436384685397E16
-2.692651299328065E15
2.8318807214651664E16
-1.1811594763015044E16
2.9128482787022112E16
1.4004748735756276E16
1.7423935325973126E16
-1.442142746985218E16
-2.967329081334114E16
-1.7772402293039576E16
1.5254269399772012E16
6.877271584023739E15
-2.1861088474231264E16
-2.1161078518239504E16
-2.6197563683518172E16
-1.4764471299490188E15
1.7733064281481412E16
1.0867434440285208E16
-1.7102202680272336E16
3.9492875177986735E15
7.923980176392235E15
2.36192505902532E16
-2.4122284144338332E16
1.005037068824753E16
-2.2701199882758022E14
-2.2849929200899632E16
3.177512822868706E16
-1.04989708843551E15
-4.832173424789161E15
3.4307160090257412E16
3.360399258087756E15
-4.1513474019185432E16
-1.3760988269738668E16
-6.587737384675668E15
8.753578738352176E14
1.527688985116781E16
-8.77830227481894E15
-2.4530496956778992E16
9.127893284171932E15
7.054506738651284E15
1.9099613193264368E16
2.389485342815822E16
-7.718072525729611E15
1.0225846904540702E16
-1.673046686709438E16
-2.138199907734567E15
-1.8569790517633302E15
-1.0180936930814254E16
3.122270146108511E15
-1.0604902483510664E16
-2.2370302513042088E16
1.9055253499708795E15
-2.3168489544979425E15
2.5353337309717112E16
-1.010506056271763E16
-6.473340287766127E15
-8.214742173252238E15
-8.661809436386357E15
-6.643503824790583E15
1.008746430435055E16
4.4374992711963835E15
2.4545856567571412E16
7.626045544260481E15
4.856414811814005E15
-4.0194152917515015E15
8.147456737878004E15
-7.331047930356833E15
1.7993713637844326E16
1.7348192142029666E16
-8.465837796775737E15
-2.5875074814918945E15
8.022529919827819E15
-1.436007983749283E16
-9.556860789195944E15
-1.8696949282778505E15
-4.0021768874090606E14
-1.6667431648075562E16
-8.494657049132514E15
-1.3995371219982348E16
-2.6607339482109568E16
-2.1039366347908164E16
-3.5241580976766365E15
-5.703355550672033E15
-1.4592145947843525E15
-1.0334343610011966E16
2.5400831149202352E16
1.944416895682738E15
-1.501857276821045E16
-1.1328878769532956E16
3.50618575797802E16
-8.060331255960176E15
-1.262062458239334E16
1.4796199211025814E16
-2.5715212688575732E16
-1.0294408372889226E15
-4.202371669556273E15
-1.9070261516365848E16
8.854618848746964E15
4.1298093672760865E15
1.9025254208720228E16
-2.3859280472953516E16
-9.426430198139892E15
-2.11969454356031E16
-9.659997845619218E15
-7.943798173049966E15
-1.7123784096362246E16
-1.7445893442245168E15
1.3767597363533892E15
2.5694801942767152E16
2.0728380511836532E16
-1.3316180633362254E16
1.128484417690763E16
-8.173527631909937E15
3.286324383831551E15
4.875978506832625E15
2.570422097035328E16
-8.105932607716377E15
1.2563519320150356E16
-2.763077276935515E15
1.001239085072408E16
-4.705238703279787E15
2.2899052640272865E15
7.591730680324874E15
-3.802951906658315E15
3.161083386610199E15
9.034613655904136E15
2.430934509872776E16
-1.4549712578172672E15
-7.82605846354883E15
8.029785366305392E13
-1.0811919394585058E16
2.8790319246440588E16
2.0038902676885416E16
-2.229443518586344E16
2.127740717601158E14
3.1484615959058008E16
-2.0839175529401068E16
1.6509815941122664E16
9.191549285472722E15
-6.616481275193811E15
2.5246969646238352E16
1.0994976466727756E15
-9.166857820261854E15
-9.32959592831864E15
3.4918967633040195E15
4.274508871194513E15
-9.418646102748768E15
-1.495038256241915E16
-2.4869659490174595E15
6.75138162465913E15
-2.1552317465855676E16
5.007046772459419E15
1.86590682878541E16
-5.043299620841658E15
1.0090073474489624E16
1.383082545858307E15
-8.43094555061022E15
1.0240367870076564E16
1.745535865758999E16
-9.112572869280796E14
-7.249438101220547E15
-4.703727275383382E14
2.4579778470865528E14
1.20631186850459E15
8.832617521230845E14
7.088783664542286E15
-2.8341001224073545E15
-1.907008828376628E15
-3.346085592590322E15
-5.529959481571434E15
3.118751778893947E15
9.531928307393268E15
1.0951550168287198E15
4.586596782965571E13
3.311602478180547E15
1.6880982062154602E15
-6.203885067088439E14
-4.345594645107455E14
-2.018637881852505E15
-1.1783639669619794E16
-2.92058935140738E15
7.856787386421446E14
-2.344220866427317E15
-3.132411793344155E15
-4.278303853695593E15
-8.103432908697318E14
-4.7495802512654E15
-2.2212013005192455E15
-6.851385609617723E15
-3.0014909716341628E16
-2.142018034706282E16
2.0524326255099445E15
2.1269721848648548E16
3.010645771767667E15
1.4107322515934666E16
1.8180948788719064E16
-2.87125936628227E16
6.998298031514638E15
-3.434104798759408E15
-6.68909187399398E15
1.2314928639764002E16
1.2682915981285984E16
-7.02153134371143E15
1.1353396691620988E16
3.2072333275965885E15
-1.0068948166513494E16
3.0076880759092684E16
6.556119259287761E15
-5.424530044845301E15
4.588317593175594E15
-7.533724211316702E15
-3.0079333497843064E16
6.540546153445466E14
-1.4234169247648004E16
-3.4338396762724825E15
-2.2351181724862752E16
-1.2700545489240736E16
-5.910855439030052E15
1.5104173807161654E16
-6.053427629469943E15
8.64405727122611E15
-8.95692457548776E15
8.186959222098927E15
-1.9953710897003708E16
1.3276833555377422E16
-1.3162924307364456E16
-3.16116424636252E15
6.205524653456648E15
1.1676979928437808E16
2.0281671428523064E16
-8.135025760602878E15
-6.511627938459708E15
1.47547737263725E16
-2.5374985199093228E16
1.4275460984318704E16
8.984642992622766E15
-1.513863895801347E16
1.938251901524756E16
1.9882081932492648E16
-8.80217201089756E13
4.1060149365689E15
7.388974584643262E15
2.2372258414909595E15
-1.3356798806583418E16
-7.622259071040732E15
2.9651853361558655E15
1.0578686070446312E16
-2.5485310835744204E16
9.132842152938828E15
-2.9261531812608915E15
-7.909076612113134E15
3.845765193088548E16
3.123837240596893E15
5.609733068863999E15
1.6595921130365838E16
1.8071912778991504E16
-5.69717587697562E15
-9.688988714991228E15
4.2713873293991845E15
-3.3247798228300045E15
-4.566616515783133E15
-2.0442401256158852E16
1.2647707806604776E16
7.962184163628617E15
1.0470239732342736E16
-1.3257206829304394E16
6.786965361884541E15
4.2006469483866015E15
9.382570941982732E15
-1.239661583486697E16
-9.074643406016782E15
-9.305749131568066E15
4.223736845651508E14
-1.577885428553179E15
-5.345872701257751E15
2.0035068053688344E16
-2.590564426484341E14
-4.381228358500606E15
1.4626804777683176E16
-6.489991167446671E15
-1.1973572481787188E15
-7.842374866108264E15
3.6445472818332715E15
7.349754014803803E15
-2.045813329197829E15
1.6402424718639172E16
-7.080981348906499E15
-1.4399716686536482E16
-9.07224802537041E15
-7.711027981236394E15
3.052248677777299E15
-1.420569668375925E16
2.7056364014352488E16
2.0228535860989984E16
1.2145819902564136E16
6.224397952568819E15
-3.420563744705063E15
-1.3683195806391674E16
1.5422260587911344E16
-1.6691373017215114E16
-2.8569028409859392E16
7.688560017464282E15
-9.072163785428774E15
1.6555806199448286E16
-2.13149906271002E15
3.3693279788594148E16
8.474607796636578E15
-4.0332103065909675E15
-3.338782338047226E15
4.430970253525486E15
-2.2617398766243196E16
1.0459571959414536E16
1.209426277972054E16
1.0580972458499432E16
-8.967602815332738E14
1.0375356871158569E15
1.4567306638703982E16
1.8869309226778972E16
2.3069518443880788E16
9.876995796480836E15
-4.298706001798368E15
1.575653115080714E16
2.5432316591672688E16
-2.7021372111378876E16
2.8665739880599915E15
6.148779264392365E15
4.663195492666691E15
1.8084781779216264E16
-7.63524099631459E15
-4.0260850055952072E16
-1.7119431808147912E16
1.5966076744857524E16
-1.0601166129093296E16
1.272795041567471E15
2.9607536683849972E16
-1.0729816297819072E16
-7.564482222244371E15
-1.4642370052502644E16
8.759564670864364E15
-7.248681187296782E15
-2.9830339493587625E15
1.7020239837463912E16
3.560834041415369E15
-4.861522488005739E15
5.186323789208815E15
4.0188012234074536E16
-1.8330603504045556E16
-6.542621666469733E15
4.0567388522283555E15
2.923639291500332E15
-2.7037215334185364E16
-1.1195932062840488E16
-9.290003652657212E15
5.149971203682311E15
-1.2602452323443481E14
2.5340720152956975E15
8.643688031361509E15
-9.256852757615122E15
1.3029423234626972E16
9.307434851234266E14
-2.0901106946674828E16
-1.1527842002410038E16
-5.800032939571507E15
-7.355725575056265E15
1.6344028463931572E16
-1.5466282533999382E16
-1.105661019745104E16
2.31586137489301E14
3.0713130655009825E15
2.3439720527849772E14
-1.6722396308049644E16
1.800404023603203E16
-2.1165767209198135E15
-1.3402917533860124E16
-7.176381821187536E15
5.644182705477571E15
1.1422731581731664E13
-3.678923461897122E13
-1.3802420435314272E16
-1.2947982687627052E16
8.327776357837865E14
7.379886579025163E15
1.3522365267885904E16
1.76308558631449E16
2.5513013037000008E16
-2.0103250160118992E16
-2.4792159588112412E16
1.298035235943141E16
2.3449041477928635E15
1.4046868584583688E16
-3.3286275319011955E15
-9.972599128504586E14
1.6570218027158374E16
-5.755306862775659E13
-1.809172311353378E16
1.2698788533191696E16
1.9191968301022736E16
2.3707252964942816E16
1.4972987418458308E16
-5.177185344859594E14
-9.740816856478698E15
1.4814055805650926E16
2.4323588930888156E16
-1.1015738001647624E16
-1.411636183556067E16
7.249776060024702E15
3.1027023500534884E16
2.3647227261280712E16
-7.683661419515162E15
-7.307028379854522E15
1.3978609782764866E16
-4.675578701077358E15
-8.488987991892481E15
6.032177921482682E15
-1.3543429155159934E16
1.049605949404244E16
3.985362500653756E16
-3.377061653095908E15
2.43887187876501E16
-1.6024453355317212E16
4.5010503598363225E15
1.6127531766304274E16
6.733021621178886E15
5.190199602028205E15
1.8865876521387996E16
2.666964236590484E15
-3.997380865035244E16
1.1352394386705998E15
1.0134892954245992E16
-1.533988197337153E16
-2.392627505452726E15
-2.0601056038579265E15
1.6035996155355376E16
-7.521214626126622E15
-1.160355212084956E16
9.585144753739228E15
-1.193003750011925E16
9.776048740436686E14
5.984145857646902E15
-2.976299149803473E15
-1.0040052686397846E16
9.308339837275364E15
-6.803958136128856E15
-1.1021938734620629E15
-1.4119403314259624E16
1.3933452483251206E16
1.529366298582711E15
-2.1467462757082636E16
-7.059924002370442E15
1.170526468727027E16
4.616674499038735E14
-6.705213761628772E15
2.7539226119495865E15
-8.601849123097307E15
-5.225264512766295E15
-2.211399252078534E16
1.4544501634642418E16
7.519341514633901E15
-1.4533055763025796E16
1.0654413383682506E16
3.7743358884776688E16
8.422969999145356E15
-2.5167072071869275E15
1.0997863198755766E16
-1.208889529150634E16
-2.2572692375474352E16
-1.1837395445217318E16
1.0484358894599944E16
1.4554683700216414E16
1.0827419390416528E16
5.987797212812446E14
-2.1225637134736336E16
6.392466100354995E15
3.2087780075734848E16
-6.553161380197985E15
-6.610046242625478E15
-3.92175100733775E15
-1.5572690398136022E16
2.8097856701449525E15
1.7075865018854548E15
-3.022008402135919E15
4.978539275761679E15
1.6010944498577648E15
-2.489700626044294E16
1.0676420727436352E16
-1.6705775890473882E15
-5.027750752102567E15
8.653188676407135E14
1.1055611550611782E16
3.716254993601416E16
-3.3391554171784084E16
-2.7146854889628556E16
-4.3559527125887505E15
6.10965895663075E15
2.2206081477199968E16
8.697262707312687E15
4.981840415423594E15
-2.5605740521901916E16
-1.7536011720024226E16
-8.606478716193857E15
-1.0551070180829676E16
-2.1972990639923508E16
-2.0135130549500922E14
1.4507693083548822E16
-2.3961627812399704E16
6.54424826527043E15
1.0085704094961554E16
-3.135622761305822E16
-2.3407232183433072E14
1.4956036292111016E16
9.55599969196899E15
-1.5161355153551728E16
2.059063001945775E15
2.7994331842437976E16
-8.227253138359942E15
-5.041483399835175E15
2.946530820734078E16
-1.9039732741185196E16
-1.6578548334829863E13
-2.6615551733699995E15
-7.433981064871059E15
1.5951444841767996E16
-1.2899122638478976E16
1.3333623724875178E16
-5.4418633033593944E14
-7.695806176601171E15
1.1500935859553595E15
7.343108240740996E15
5.385411948540409E15
2.8657768973440935E15
1.1929540982132666E16
-8.241413387963747E13
-1.494149794723324E15
1.631615486806461E16
-6.446374276396232E15
7.425884512293738E15
-3.2035015752407005E15
6.059626449152318E15
-1.5252169921174322E16
2.187956424695936E16
7.574410028808824E15
-1.345596635763273E16
4.3224413891018785E15
6.153370882089643E15
3.622462203779963E15
-4.639617327866621E15
-2.663898465177916E15
2.6764315753180648E16
3.9132971958705775E15
1.2480198091428832E16
-4.976399326068311E15
2.0834127821582452E16
4.670329156285634E15
-1.5287517307674346E16
-4.2334094989208875E15
4.3745958350450585E15
3.64145689463703E14
2.323170843658224E13
6.67110173565352E15
-1.8517262965607908E16
6.193800875558985E14
1.5574378985152018E16
-2.817607069902788E16
4.815814122132222E15
2.977288971220434E15
1.5260682466422046E16
1.2919925024452904E16
6.337319537358877E15
3.3100451142306044E16
-3.6977990462087744E14
7.412176104243573E15
-3.511856452299387E15
-2.3371182630667312E16
3.2525039421283548E16
8.190684140890243E15
-6.562551308535552E14
-1.4936933310090696E16
5.891530107582314E15
8.491691795417901E15
-1.5018706918845904E16
-1.473527234369511E16
1.6182422348247972E15
4.609075314684746E15
-3.457495070215724E16
8.391217752926494E15
1.9707082695109604E16
8.767592976871028E15
-1.2049966380518474E16
-9.598112586619588E15
6.476382046426204E15
-2.4482195675077168E16
-2.7058334548426088E16
1.1250014026931344E16
1.4603850304100422E16
-4.521991127067034E15
1.1097321752994204E15
3.3328778940790185E15
1.3430244059825932E15
-8.915113666635639E15
1.3118620326394582E16
2.8647694436995524E16
-4.645743362682664E15
8.020540979012971E15
1.2050647649092876E16
-1.3860193710863004E16
4.452619001755431E15
5.15187681181423E15
1.180781900942339E16
-2.339733268722492E16
-4.595710386577656E15
-1.4057261624414958E16
-1.6027924692028374E16
-2.3821690008292048E16
2.604863239616284E16
1.0460829123786124E15
-4.911803194562105E15
-1.3216617655112844E16
7.832002204675253E15
-1.0840343278238486E16
1.4920101711051674E16
1.3787724745689658E16
-2.1057881054673136E16
-8.048685949188771E15
-2.3465543031024784E16
-1.0340707894206044E16
-3.656320069533867E15
1.3532620036376592E16
1.0396013841067791E15
2.9440075038076864E16
-4.516124684278054E15
-1.39817635988894E16
-1.9942907415391704E16
3.1761366404209768E16
-2.120917579396072E16
1.0503894925297318E16
1.0664215614594445E8
