-4.160120637900404E15
3.4517261608513156E16
2.2141787040316E15
2.4499045686769736E16
3.7685030675468405E15
4.0469803785657088E16
-6.955527636170985E15
-3.1285112865007604E16
-3.6049741426221345E15
-7.7135012885836192E16
2.6750590783211528E16
5.369429273521671E15
-3.1265611331360572E16
-7.697210710481204E15
1.4787395150991756E14
4.0369300467795128E16
-1.2519852443905712E16
1.541528836867029E16
8.36599300190268E14
-2.8124560213886376E16
-2.4006106244657968E16
-1.4753690948494554E16
5.2295312091793976E16
-1.3013112330856414E16
6.645291140070572E15
2.7686176617113488E16
8.682975184909663E15
1.9499046002909692E15
-9.91779102520638E15
1.2912189038332324E16
-1.4255619777911572E16
1.499574333031677E16
-1.6357462612705094E16
3.1878013501611125E15
3.6176051076123152E16
-6.404306019191811E15
2.8693375098009045E15
1.8272524072627412E16
-1.8548259999655568E16
1.2572208038102458E16
4.7451755874192192E16
9.366780889230198E15
1.1663190568117544E16
-5.374463908749985E15
6.0361203286249624E16
1.831824120480134E14
-4.4960122733763745E15
-4.6245243918628816E16
-1.3072500628818328E16
-1.4386194431843298E15
5.080910531192451E15
-1.5634143333963522E16
3.092131792048448E16
2.3789626414897332E16
7.550678506609517E15
1.7556689556776288E16
-3.3721236361805192E16
-2.0120336296638276E16
-1.7804674684339758E16
3.9584292792688072E16
-9.68580090756267E15
2.7982181095061892E16
-8.045277921117136E15
-1.4490860908384612E16
-1.9221889002790568E16
2.9736791807233708E16
-3.560868436379604E15
2.5736860796484416E16
-1.9692359650614184E16
-5.032961857743739E15
5.388402013668114E15
-1.0802698359645684E15
-1.2404833245619542E16
2.719612957526334E16
-4.2092001957429715E15
-1.7292547010318922E16
1.685242774007371E16
6.382641523502495E15
-2.5854421540345205E15
-1.3447639185380766E16
1.2977930413204172E16
3.0115573481417476E16
-1.06019249914654E16
-3.2723166100084904E16
-8.01243346763445E15
2.5254059618038728E16
7.246510430351008E15
-3.2440252623014424E16
-1.420448713237769E16
5.149332243836988E15
-5.838239877364752E15
-3.054007867844035E15
-4.0526791053254265E15
1.3547112404498454E16
-5.774451223744065E15
1.3162104700735828E16
-2.6142292343805312E16
-1.471568099154785E16
9.150988732006364E15
-1.8029068148377224E16
2.1734474420007628E16
-1.7479869486530848E16
1.2590726832799138E16
5.610755831399207E15
5.316693879910882E15
1.7148559378095746E16
-8.439359393267045E14
-1.8111846587915616E16
-1.8287755366908362E15
-1.2616302967195808E16
1.0350463317070258E15
2.403135389183273E15
-1.1215231805547526E16
1.4096294145836266E16
2.4205976177743728E16
7.686446258256619E15
4.1077257546304725E15
-2.134787265444044E16
-1.6346464845027114E16
-1.4495350571446154E16
1.197837937063085E16
3.091345587786706E16
1.7660645420293682E15
-9.438866347854316E15
-1.806094482153286E15
-9.261995706624006E15
1.9325971568431936E16
1.021940193338502E16
-1.670425167031415E16
1.1577496994673936E16
-6.335988965029101E15
2.0798941226718022E15
1.0323495823691808E16
-1.1922937419251394E16
1.7414873839427004E16
-1.8327827188709452E16
-1.263973089568859E16
1.7602372183708652E15
1.9668871498668156E16
-8.282260607862455E14
-6.460846170792796E15
1.6494767950389194E14
1.8893897595380456E16
-2.3374081186882896E16
-1.0673836203373644E16
2.260192390591323E14
-8.313144304928687E15
-1.142892366828167E16
-2.8359391665854925E15
-9.442696582621114E15
-1.4556914037028276E16
2.4740704440795485E15
-1.4705625397067298E15
5.078603146425641E15
-4.912824335064444E15
1.312205115755719E16
3.082119788654273E14
1.0079356104170992E16
-1.7910504903317866E16
7.246254763260416E15
-2.1015971516204896E16
-3.188047431339568E15
-4.844345706316768E15
-3.1825003570847516E16
3.8985434424532695E15
9.277114449929912E15
1.1792630633052926E16
-1.0713610909227706E16
2.385261274264396E16
9.67231978187008E15
-6.661049132606057E15
7.468238727424445E14
9.771025450665046E15
1.2038142362075714E16
1.4467409525085422E16
5.143625889107239E15
-1.4479406868345042E15
-1.9210871920785885E15
-1.2832565558185674E16
4.574774362825507E15
7.069729843541103E15
7.466279053371291E15
1.0117137977861042E16
-3.2558441957160244E14
-1.0966161487441828E15
-1.8357077000268608E16
1.5083326720714502E16
-1.8141970220559902E15
-2.3078300155998348E16
1.0839477315401142E16
-1.1044947890493148E16
7.896089370258124E15
-4.535857803115636E15
1.3621975741827372E16
1.9311366769908844E16
-2.66640166303908E15
8.913456913727409E15
-1.3793941753458142E15
-9.7917308905463E15
3.2316666299423124E16
-1.1940389652959016E16
1.1302372840643026E16
-4.516861491345753E15
-1.1631738419992152E15
-3.2624131469510412E16
-6.661027653619022E15
3.743079803230737E15
6.596901239738779E15
1.3688803489298156E16
-1.0623582854521068E16
-1.3142404843667492E15
-1.6574117783447878E16
6.863997909552193E15
-7.359627084066347E15
8.074217880647355E15
8.903711295560005E15
-1.2817989524907056E16
-1.7888392758523118E15
-2.0580021240722928E16
1.2111535851922996E16
1.7236158436118418E15
4.2327463222556855E15
-1.627013255627041E16
1.922638372038558E16
-1.1937250931343538E16
-1.7984455574600902E16
1.4168858098179636E16
7.960217024675042E15
-1.6034409527130868E16
-2.0943571438123072E16
1.1818027755306626E16
1.6980862620249168E16
-2.6747686224791225E15
-6.968379598219657E15
1.8839209813122485E15
1.5880610160172288E16
9.971424154234958E15
-7.098785454947489E15
9.765281033895658E15
-5.250139036031782E15
-7.008558951065172E15
8.493796717282288E15
4.537535708779857E15
-1.6444095320494528E15
8.426199694672402E14
-2.291447494336208E16
1.4255944863197488E16
-4.482211430715547E15
1.651098164278245E15
-4.165165096178109E15
7.851402433455807E15
3.4309198391889745E15
2.2977765548891895E15
-1.2264800442545725E15
4.54369539861341E15
5.691098706873963E15
1.0190347531965516E15
-7.076268011597223E15
-3.723767257736687E15
1.08274377969855E16
3.1041244362893285E15
-1.4352301857894742E15
4.650650775691666E15
7.486204599107301E15
-1.079053532692974E16
-1.0466867194576932E16
4.7019987264469406E14
1.966429252430435E15
8.943603546438259E15
-7.936972230836531E14
2.672754414689416E15
2.4775809752696475E15
-1.4694217484881374E16
-2.0778783411867818E15
1.4574646580608352E15
-3.550601511767538E15
-2.163996267421653E15
5.666576404802878E15
-3.1634173191313085E15
-3.675597281822972E15
-3.7538400039893735E15
9.441015438272304E15
6.298655579364233E15
3.5588452071053695E15
-1.5586336560243558E15
-3.120482606296146E15
1.2102354958226572E16
-5.695474348107044E15
-9.343106657643302E15
-8.723147603112983E15
-7.135656195336665E15
-2.4617982766097695E15
-2.3254643987926195E15
-1.344695513768968E16
-7.538430318176286E14
-1.2829046520859452E16
2.388550392247382E15
6.63639552903248E15
7.038532518648211E15
-4.302434393356025E15
9.292288522640652E15
-6.041085749061636E15
1.2536464230368228E16
3.62526322469942E15
-4.309117980622315E15
-2.12882591076891E16
1.7925091767847324E16
8.178012412412167E15
1.6870969471872604E16
-1.3439057828888356E16
-4.642652938682561E15
-6.030878066893219E15
-1.5758743824582098E15
5.076360047176988E15
-5.363102477166982E15
-8.93438107130919E14
3.2732064828177725E14
-8.315501157968369E15
6.046299162904116E14
-1.082512703557351E16
3.868254181647469E15
-1.0444959796469011E15
5.1953694455648275E14
9.026996996340744E15
-3.652180414772684E15
5.897943064894129E15
1.1641865379765155E15
-1.3953257347843436E16
6.037798922490904E15
-1.4033424146398504E16
-6.922416257915456E15
-8.871777078807991E15
7.214570919838813E15
1.4575932702907334E16
9.045275814483354E15
-7.709071460997582E15
-3.411603819223007E15
1.0985671809817118E16
1.0534807790713316E16
1.340195711049364E16
7.377520246106216E14
-8.670019457230836E15
-5.340283889775201E15
8.60114282618223E15
-2.02105275146802E15
-3.9613485966793055E15
-1.1870872388368652E16
1.189370514205522E16
-5.149895217220755E15
6.591930256138994E13
1.1601713551598638E16
-1.5454346671850154E16
4.719082521554695E14
2.2347512787641542E15
-1.7163073683540356E16
-1.4448168154313155E15
2.0451644917360388E16
6.72697830704787E15
3.2853962331617385E15
-5.671832073209746E14
-7.806017669748164E15
4.2165067036553875E15
1.2210727369320506E16
-4.034453933294576E15
-3.6943435417859685E15
-9.586035735684408E15
-1.2215962776711196E16
4.048771580780141E15
-5.24295233057511E15
8.01338615150624E15
1.0139679508942918E15
1.2098392749351492E15
5.227089495319522E15
-1.8115189621796482E15
5.636148292968104E15
1.1043231727097544E16
-9.197845924305659E14
1.615054028367341E15
-1.256121558003246E16
4.865177038716772E15
3.47781968060942E15
4.154403817432952E15
4.4330732294362095E15
2.899466353271914E15
-5.179288267938957E15
-1.994776277560076E15
-1.2298436618492574E16
-3.7636820479797575E15
-2.645772885123726E15
2.333888759480495E15
-4.074986678493198E15
3.5751617753518105E15
-9.004190610170474E15
-8.91502351354979E15
3.9601201721322745E15
1.4530632842939045E15
-4.212047873257573E15
7.455952272139312E15
5.026561443789297E15
8.488884700002249E14
1.8559585458557134E14
8.130297903827828E15
4.161059885815341E15
7.286186101597498E15
1.329192429834686E16
1.0429081318497586E16
1.8258899869402968E15
2.56002058631331E15
9.041449266444699E14
5.022596914363967E15
-1.3001539251793964E16
-1.00104847592738E15
7.313094470795675E15
5.576647973187794E15
-1.7564910806496406E16
3.978087451222369E15
6.106714868670244E15
-6.909008776630029E15
1.272626712788571E16
4.72922129820647E14
1.947056919855408E15
9.564952211204368E15
-4.2421031655833645E15
-1.7913232013221838E15
-9.465329856265648E15
1.192593945069697E16
4.785025187799208E15
1.0824158369584442E16
4.703340545272661E15
3.8438307012421455E15
8.805549471972665E15
4.8778783326713344E14
-7.462983288337796E14
-1.324658382001449E16
-1.0151813572207282E16
6.805987833254769E15
-5.549457013770721E15
4.2150009718204485E15
-1.7994276834544265E15
-2.49898381980038E15
-1.297931329335976E16
4.048541048646494E15
-5.93062714522424E15
1.2723379077555092E15
-5.026400247986535E15
2.2197443994577265E15
-1.399100712740167E15
-3.736047663315638E15
1.9643730808905578E15
-1.6104328915246615E15
-4.9159554802345E15
-1.1869291143530226E16
8.84115038722645E14
3.9764243895186775E15
-1.7259029243544647E14
5.193693341767713E15
-1.4272409415051546E16
-9.625150672363844E15
1.089413960075757E16
-1.7534482804795734E14
-1.5530995689369492E16
1.0047462791536708E16
-8.117192105174045E15
-4.580761164347907E15
3.7408319312019295E15
-1.2486844564155964E16
-4.4579731521398506E14
4.481956213134245E15
4.740319056388325E15
-1.9001123614484642E15
-1.796447788246302E15
4.831386128412537E15
7.191669016673901E15
1.5574481086830918E15
-3.4988208088522475E15
1.0976313804052072E16
-2.6503686375509755E15
-9.189175389643988E15
2.4866176388643375E15
-5.155783172090042E15
-5.5077127646936794E14
4.213767605115494E15
-5.077665892790883E15
-8.495440538457684E15
3.59863228494727E14
3.4991381823603905E15
3.065802775788565E14
5.323108192873927E12
-5.3071252938889056E14
-4.77000684383416E14
-3.577083511790821E15
1.3361114467799818E15
9.61148388523175E14
1.7685579696775398E15
2.614332039215158E15
-1.5427236354434892E15
-4.731706320218362E15
-5.257542178634653E14
-2.26372074487476E13
-1.571527581507289E15
-7.98114485648707E14
2.9143683328287506E14
2.051310630198686E14
1.0321148208283642E15
5.845693121896213E15
1.3881551209400082E15
-3.7660196293285606E14
1.15338008479151E15
1.5210605631430738E15
1.8393441946205975E15
4.6925420037456856E14
2.213264484654913E15
1.0814062664971298E15
3.1760998289655705E15
1.4970335299380886E16
1.061308928009785E16
-1.0182063433018999E15
-1.024419821457687E16
-1.3836893085534095E15
-6.9326549504716E15
-9.194562110648384E15
1.4491268088118674E16
-3.502684279439443E15
1.3977961405981062E15
3.341308481409056E15
-6.119512440033194E15
-6.351088501637514E15
3.6380379509733365E15
-5.630731173735904E15
-1.7804681790620612E15
5.002652146998634E15
-1.487065104523164E16
-2.970167480798048E15
2.8177425697701515E15
-2.3059172169512555E15
3.6674547227286265E15
1.4880780670771548E16
-2.698606456100091E14
7.382466974739037E15
1.4306044855025355E15
1.0908512362577686E16
6.32477763250458E15
2.91796819542884E15
-7.51880547664676E15
3.1319219962062845E15
-4.386291426394791E15
4.3787911316740425E15
-4.3143936495613495E15
9.973329999777208E15
-6.362801095842737E15
6.349159878232034E15
1.6134832719448895E15
-3.3307956576834845E15
-5.763317966726869E15
-1.0079573119982462E16
4.0147985803219355E15
3.2742852869241085E15
-7.316493854927693E15
1.29094529369778E16
-7.151348855353672E15
-4.4472053049712245E15
7.683379273552353E15
-9.610942742276428E15
-9.848551282479254E15
-7.783008726656188E13
-1.92267260316622E15
-3.95488059411254E15
-1.1294737562300415E15
6.661937163460228E15
3.866231322603733E15
-1.311277912974848E15
-5.34981712804024E15
1.2600720671357038E16
-4.4902259722753015E15
1.562350998531392E15
4.084539745576596E15
-1.926519917684078E16
-1.6673999660082412E15
-2.618859625541596E15
-8.082781038075917E15
-8.780977665414727E15
2.756150758011972E15
4.868117832816385E15
-2.3133361230633685E15
1.7102449530366288E15
2.327763721880917E15
1.0037035344239852E16
-6.453213704371202E15
-4.04386065028464E15
-5.176073510469608E15
6.343691223552119E15
-3.3682768263671505E15
-2.0318485940552952E15
-4.738818126739666E15
6.169320171724375E15
4.3435415457325155E15
4.709188522356245E15
-4.917636754459486E13
8.94750784242084E14
3.0466965015232235E15
-1.0038581676059208E16
1.4135575704141047E14
1.9865441289213885E15
-7.795714783596872E15
3.4472195042148485E15
5.2923443903702106E14
3.555827563317312E15
-1.8218096546045898E15
-3.6939828430399005E15
1.1263059664357742E15
-8.123550608708669E15
3.5782643788241245E15
6.986878258063302E15
4.486108715277027E15
3.688370034295011E15
-1.2841446784005918E15
7.30803617288844E15
-1.3576820334069058E16
-9.96014759120781E15
-5.587516733751653E15
-3.1651929358923835E15
1.7546491843469428E15
6.651985274235824E15
-7.843289664550248E15
8.286765999045887E15
1.4445693098443782E16
-3.8445899096785865E15
4.626996734810698E15
-8.134791640703594E15
1.2022738804120172E15
-1.6656741976283796E16
-4.403733585319548E15
1.8916243176594152E15
1.7670717722209762E15
-2.1228264810297412E15
1.1056766919462458E16
-5.074628768753882E15
-6.243647451984465E15
-4.99764782563525E15
4.274924528003462E14
-5.2950028090970275E14
-7.228123154003768E15
-9.32678323111834E15
-1.1580855148321362E16
-5.05431708470674E15
1.945348909750517E15
-7.413739351019582E15
-1.2401643015453696E16
1.3847149323820244E16
-1.359378111705867E15
-2.847991534451577E15
-2.179423250868577E15
-9.104537925270972E15
3.811675944159235E15
1.9860536992131044E16
8.739314863051066E15
-8.003853602038827E15
5.379345464776568E15
-6.091290460882152E14
-1.4520058397274928E16
5.085475766688299E15
3.8795190987108905E15
7.184197888385306E15
-4.1336252990585385E15
3.696479160519936E15
1.4081039372957832E15
-8.139495278578548E15
-1.615049153855984E15
2.2319799733246455E15
-2.389726363049324E15
-2.002679596941226E16
8.981911283386069E15
3.308287648087274E15
-2.0196393060548462E15
-1.4207581794363668E15
1.349703918377908E16
5.596398892522363E15
4.853443972222578E15
-2.8747744789141215E15
3.0134022499312E14
-1.3686067927583272E15
-4.080427436963041E15
4.579929037139191E15
-6.215204909397763E15
6.431985994526597E13
1.0438841233031716E16
5.489021013622024E15
2.7004933861514915E15
3.6482004316775265E15
-7.966650219716198E15
7.591710953415363E15
5.594514795264857E15
-2.9549113890862156E14
-1.5433344084783705E15
-3.0682751736340695E13
8.153328780867173E15
-9.30284922936389E15
1.0507256918713951E15
6.75830868381029E15
3.9961372112965065E15
-2.806145379092811E15
-1.7394176601885906E13
-2.0331095691631006E14
6.703136380547388E15
6.448578159923982E15
-2.494611894409278E14
-3.9475794385681975E15
-6.993634807049576E15
-8.52061958686071E15
-1.2550587225970402E16
9.78498340818753E15
1.2345386178367604E16
-6.51694275169184E15
-1.3775558820393158E15
-6.87603650549756E15
1.4040383178593468E15
1.4064165285447028E14
-7.900096971196172E15
1.0334781859521858E14
8.798068782396569E15
-6.254897468741978E15
-9.515449507638576E15
-1.1833801268179252E16
-7.286649589231484E15
1.2484457392255569E14
4.750335747817241E15
-7.564164575011447E15
-1.2089551481365336E16
5.331406438572693E15
6.813492753603329E15
-3.4304198629836755E15
-1.5147071761165912E16
-1.1641897833092768E16
3.857657061542568E15
3.9334672043799985E15
-7.203633362897769E15
2.407375567770848E15
4.262992275155582E15
-3.028341257442314E15
6.898520467271668E15
-5.475378368761141E15
-1.9932368173169616E16
1.5413681145659222E15
-1.207315059107212E16
8.082363996730543E15
-2.3607996727835385E15
-8.078802285512634E15
-3.4618969198257595E15
-2.313103531755228E15
-9.060456296723916E15
-1.0541872232234054E15
1.955387478725346E16
-5.144324315951554E14
-4.972946398655996E15
7.759905705114933E15
1.2259033697916758E15
5.898911825329734E14
-8.235738972972008E15
3.568013358951702E15
5.928048142643639E15
-4.893256798097179E15
5.871461818619982E15
-4.613471335982702E14
-3.049100805539045E15
1.4494230631245308E15
5.076847852388824E15
-4.184391666143568E15
3.3731398878766665E15
5.555203055129206E14
6.786914416865122E15
-6.941800429085663E15
-8.791067439621945E14
1.116451634991958E16
3.5369840871708515E15
-6.027094938562626E15
-2.0713653898085588E14
3.1882621261953395E15
-1.5358934296721228E15
3.949964393855653E15
2.8731830406764805E15
1.088808149601063E16
-7.144279010509904E15
-3.602851687659722E15
7.095706745359935E15
-5.539416319916641E15
-1.8961200604758416E16
-4.165704996046675E15
1.1025310829110736E15
-5.663604799524155E15
6.136413365302045E15
1.1134051382368E16
5.906366011192753E15
-5.168988334761408E15
-7.415232345437984E15
-5.416624502256909E15
2.906730594433645E13
1.0598709903239146E16
-3.0170133222618075E15
-1.5895115436725344E16
2.944660517269805E15
3.1779580740551475E15
2.0012551606829948E15
7.838091189582745E15
-1.2819241061449002E15
-8.968012483667061E14
1.4878956660950058E15
-2.181144494270344E15
-7.531101456338389E14
1.2468440529723226E16
-4.984078273290868E15
1.150662874853447E15
2.5852411253546185E15
-6.168382212472272E14
-5.50639149809604E15
-1.845468309539024E16
1.682682544671329E16
1.3689093168607158E16
1.9085241246252605E15
-3.0827134007468625E15
-1.110582525584633E16
-4.36629153050593E15
-2.444156744904872E15
1.2648908363017242E16
8.791134970659952E15
4.3705628438428065E15
5.534730570833199E15
1.0686821973208702E16
2.7780890979113012E14
-7.004539253115963E15
1.2149178158854682E16
-3.440834419138098E15
-5.137379204553866E15
1.5746488044899206E16
4.6597125986318586E13
-7.638600268175361E15
-4.703272403916756E15
7.54858536127479E15
-1.080370614099573E15
-1.4001270868586338E16
3.8714490381268885E15
2.5329786147487645E15
-1.4567617891312266E16
9.485215578883788E15
8.032093022582797E12
1.3486975488855065E15
3.856417893576939E15
-7.647547674231256E15
6.526542298128649E15
-6.575510176614782E15
2.653005686492766E14
3.745052149582175E15
-7.430886724764621E14
-3.4811194910189595E15
-2.57778639445454E15
-1.7403769078997598E15
-5.94392653146087E15
3.442725009410007E13
8.827861276022806E14
-8.235342816607904E15
3.0372868588756535E15
-3.632154999742729E15
1.5977009939999628E15
-3.1683311448929185E15
7.53843762266976E15
-1.1043223419109322E16
-3.776279380388064E15
6.67436271900262E15
-2.020263240078789E15
-3.403971003630598E15
-1.7902040513288435E15
2.487941529568382E15
1.567059729780257E15
-1.3243737787345176E16
-2.0815457125513252E15
-6.341515748804352E15
2.61950766572083E15
-1.043370508278197E16
-2.1355772820936975E15
7.798669723970207E15
2.163170715377784E15
-2.4554727217998005E15
-2.0432949871966478E14
-1.569737048914368E14
-3.3135513322716385E15
9.305474636014744E15
-3.593874168553298E14
-7.586304860540686E15
1.41855102135576E16
-1.904881455553336E15
-1.3901060332254985E15
-7.686981340128929E15
-6.516998672315823E15
-3.128656657397085E15
-1.6614033596523958E16
3.1020423156053244E14
-3.4857566859717015E15
1.776235381850891E15
1.169973297603599E16
-1.6281015426155454E16
-4.224079715251705E15
2.8380359814792006E14
7.459127492089154E15
-2.9818358676375135E15
-4.033937178257292E15
7.57050154910302E15
7.312578413284749E15
-8.614019208558796E14
-2.6198965184946165E15
1.6926900992053322E16
-4.218831488454575E15
-9.773220171235406E15
-4.4238256407018405E15
6.240707246825978E15
5.170186218076545E15
-3.222494937157508E15
1.212109470100091E16
1.3403483323067188E16
-5.511265734413565E15
-7.04327827233884E15
2.099509050889332E15
-6.345309214521975E14
-1.6361553536313625E15
-7.151359309665926E14
4.3073440759501995E15
-6.448354885597613E15
-1.4452439241601686E16
2.248774981463351E15
-4.2800289912521285E15
-5.77505933682482E15
6.697398444793708E15
2.0893514083450668E15
2.4897482357296595E15
6.122408712278593E15
-1.1811479853817178E16
-2.264933371991002E15
-6.696740828025809E15
-8.035718109681821E15
-1.2124677013994836E16
1.311184841175623E16
4.565727515266601E14
-2.247975981756819E15
-6.49680452416917E15
3.8427395375200855E15
-5.246163959257952E15
7.448719535738628E15
7.081402839962098E15
-1.0383755084071408E16
-3.996384132981671E15
-1.140203134829781E16
-5.3624978956988E15
-1.633968587730919E15
6.949599563537498E15
4.824567767871934E14
1.4696855669443092E16
-2.472134560508707E15
-6.962539098738311E15
-1.0165654906091726E16
1.582052748662688E16
-1.0410094353337348E16
5.30368697158499E15
-5.381247834908721E7
