-8.726986737640024E15
7.055337594348156E16
-3.450899508179712E14
5.1557400584916624E16
8.70307590781678E15
8.1037281787100976E16
-1.4560895760960284E16
-6.41900416908768E16
-5.880399660308515E15
-1.5720106428115072E17
5.2450357649168464E16
1.0293881564113008E16
-6.2110827822381072E16
-1.8082463227251048E16
-5.503345694347843E15
8.1367577747536512E16
-2.3419116681584036E16
3.1767511398611856E16
2.222479685493637E15
-5.7060629806143688E16
-4.6179846213129168E16
-2.956218856200218E16
1.06575565890174496E17
-2.4863764700848568E16
1.4684593200685664E16
5.5325223652951152E16
1.6820088160020624E16
7.124329553502819E15
-2.1889235021309696E16
2.7359049093259304E16
-2.910267689930362E16
3.014415625048104E16
-3.223305429000618E16
7.05793299271175E15
7.2396981568417008E16
-1.1930543865049692E16
8.592561312945777E15
3.6994830836743008E16
-3.8369223264616064E16
2.6313708884244224E16
9.1990376735474864E16
1.8040200419393516E16
2.3904222071368964E16
-9.898484983594214E15
1.22610577526753696E17
-7.323114128698168E14
-7.845139872934655E15
-9.531292149864024E16
-2.8455566891205388E16
-7.732812014743129E14
1.0352873543014518E16
-3.0975304492867608E16
6.3824721233991912E16
4.9178556656417616E16
1.4913291615970606E16
3.6037028195201E16
-6.7608585061067376E16
-4.0621736652232304E16
-3.5900482584275752E16
7.9666401649708688E16
-1.8733529752871352E16
5.6865959324535344E16
-1.6766429323368948E16
-3.033282595537474E16
-3.8698695347529144E16
6.0663200730523632E16
-7.63318384511244E15
5.163312522728092E16
-3.8627760408051752E16
-1.0179455387812686E16
1.1590364103311286E16
-1.5838342322875775E15
-2.5249505318615844E16
5.3802772450580584E16
-9.958432010741682E15
-3.4601525575663716E16
3.4871818921179692E16
1.2407934711427324E16
-6.7416671388112E15
-2.6753115377838828E16
2.746767403345424E16
6.1784526361061152E16
-2.1894894901310664E16
-6.7385302133145832E16
-1.5097650150949224E16
5.0116661612652472E16
1.4398775398466452E16
-6.4651459655931448E16
-2.9841428365100356E16
1.2420579026955686E16
-1.4282190902341276E16
-6.983442265130197E15
-8.683967870963156E15
2.698110031954374E16
-1.1389933471942566E16
2.7102578673854204E16
-5.2181266630919904E16
-3.0413858203966028E16
1.7089021775889396E16
-3.588636437076472E16
4.4170648504245592E16
-3.760771531451368E16
2.4842528165076696E16
1.3649003813134814E16
1.1979472892813094E16
3.4856747795284976E16
-1.6582147304875992E15
-3.61117874383194E16
-2.6991784725998695E15
-2.49932146889479E16
1.6370833017823255E15
5.76938868437966E15
-2.3219081361651764E16
2.6004594043990392E16
5.0467650017183872E16
1.619188985730262E16
8.279670123583872E15
-4.341015576902872E16
-3.1522632448674244E16
-3.0042467159759724E16
2.6643876161186604E16
6.2088483864312944E16
3.86142372554162E15
-1.7777292146679726E16
-3.534887809757156E15
-1.9311131010503724E16
3.89336491488798E16
2.0026324261515144E16
-3.364540692350886E16
2.4222808713181352E16
-1.33932800479884E16
3.417910286007451E15
2.095815665848908E16
-2.3154931378408248E16
3.4635544513065036E16
-3.7565285395326328E16
-2.5578939220206548E16
3.865725956478743E15
3.9302627151441928E16
-2.255496866419044E15
-1.1951376478970248E16
-7.832203771950067E13
3.869300555452416E16
-4.8621185331869112E16
-2.1468904778868404E16
1.0996513635628751E15
-1.6658820941979862E16
-2.3570647083689384E16
-6.297262655032898E15
-1.9659210056854612E16
-2.9594073623802676E16
6.184411612002483E15
-2.9512639481254965E15
1.109901940288947E16
-1.12078074373057E16
2.8056466488346236E16
1.031045180911462E15
1.9293396808749668E16
-3.6413161919639056E16
1.4492709471980032E16
-4.3015357567047936E16
-5.491908734557139E15
-8.822886993202645E15
-6.4197390701121232E16
8.114595475378259E15
1.8125910442126452E16
2.3065320235224052E16
-2.2041190585359112E16
4.8127906599165024E16
2.005692798022964E16
-1.44169278146583E16
1.790299429270464E15
2.1354295245485192E16
2.4158877430532904E16
2.9417377211848316E16
1.0366764686492264E16
-3.437343715445978E15
-3.7885134355547235E15
-2.5859491624172408E16
8.992801805604304E15
1.4413402654971426E16
1.4835876712818184E16
2.074128452434014E16
-6.296539664379714E14
-6.514720165374552E14
-3.6618105409333496E16
3.0553438855287708E16
-3.9487815730226345E15
-4.5991956826001672E16
2.16815156537891E16
-2.2757233668419292E16
1.5822492177222192E16
-8.411591625952779E15
2.7730767158074716E16
3.7854000609165976E16
-5.132331694345019E15
1.7343373446514158E16
-1.8183215009456488E15
-1.9759747097232524E16
6.543091255376912E16
-2.4327866657097608E16
2.1973515713712244E16
-7.669029727520989E15
-1.9253384568208288E15
-6.6338139682221232E16
-1.254156524831395E16
7.697171477384925E15
1.2684194918944164E16
2.6938636329823648E16
-2.2984593700885228E16
-3.1657581908596545E15
-3.3281781218206288E16
1.4471599353125518E16
-1.5175438479988422E16
1.4884797265142882E16
1.7455266054024916E16
-2.6298637930212804E16
-3.4108127484620735E15
-4.0951453070487592E16
2.3075640138318732E16
4.920591353206965E15
1.039847308991028E16
-3.316736655469238E16
3.994536157132868E16
-2.4208078470371432E16
-3.6124658946839856E16
2.7493262812580392E16
1.870018366721354E16
-3.2536936151241412E16
-4.2476824690301104E16
2.3054442642322972E16
3.405139782698692E16
-3.93404218796378E15
-1.5959568682945684E16
5.178614017778116E15
3.1494091308987704E16
1.938033654735126E16
-1.3889675885368722E16
1.908366645266704E16
-9.253592084737934E15
-1.3517591906072942E16
1.6089245795261412E16
8.91818054065815E15
-2.666994143794597E15
2.2699367738237185E15
-4.792215725996408E16
2.7790198878510068E16
-8.86783330522247E15
4.72269819633979E15
-7.865082145478812E15
1.680501726799647E16
6.756757283435293E15
3.6814669221713725E15
-3.1125596532489035E15
8.92808116329389E15
1.1715267366213432E16
2.616556499213751E15
-1.393805095785267E16
-7.471192664013873E15
2.2159406705653304E16
6.318394012306234E15
-2.5494428134673835E15
7.613577729353744E15
1.5506006718195556E16
-2.288260286003398E16
-2.08150398830237E16
1.3178733917261292E15
3.635114324795802E15
1.6965229463803774E16
-1.2458553872962E15
4.594054338539084E15
4.580371047837624E15
-2.9683381443598268E16
-3.960584654482076E15
4.4920541276938035E15
-6.972610168541848E15
-3.612677098578475E15
1.0364174488673758E16
-6.70399152718662E15
-8.572419315647134E15
-8.880894820850408E15
1.9863962468744056E16
1.2697968814745752E16
6.492353553778306E15
-3.282267425735928E15
-6.521461859206719E15
2.4665829138527792E16
-1.2278306999069306E16
-1.9882773869432572E16
-1.6755717532101496E16
-1.4056733715350764E16
-4.623481211804761E15
-4.020842766007283E15
-2.6145134718901128E16
-1.1932667592284025E15
-2.569737813216532E16
4.972463341340938E15
1.310020083170874E16
1.3871379757679034E16
-7.838529340056614E15
1.9135621488333376E16
-1.1426277010879838E16
2.5504997114473604E16
6.931577420666047E15
-9.332727268862228E15
-4.4043687275750112E16
3.5280954881792212E16
1.609059493763136E16
3.4182522435942568E16
-2.7841712813209772E16
-8.41081025978654E15
-1.1761117871300912E16
-3.757604015601466E15
1.128050354021173E16
-1.0414617727213762E16
-1.562573837159882E14
7.395099880386231E14
-1.769418094806565E16
-2.9904908595480725E14
-2.151240885020954E16
8.161125241259516E15
-2.918282520772898E15
1.1382476358897298E15
1.8969942329971296E16
-8.043841734083547E15
1.3038838765698234E16
3.449853014013922E15
-2.8417853522126912E16
1.1705205659736668E16
-2.9284523978791176E16
-1.3301535966026376E16
-1.8175906104783084E16
1.4137268437997894E16
2.949365423871196E16
1.7937551671818526E16
-1.5662482052312144E16
-6.253875588151069E15
2.3133923139664328E16
2.1261789407408808E16
2.5624319753614288E16
1.4680565596885275E15
-1.7864845855975782E16
-1.1778249120195858E16
1.6945893753617934E16
-4.525855896899566E15
-8.531732839076725E15
-2.3976951346301428E16
2.317191999403916E16
-1.0409152293729114E16
1.393994795679447E15
2.285313965562756E16
-3.1005558348406312E16
1.6142889003295848E15
4.252981747527557E15
-3.4089203272167196E16
-3.4119129681892465E15
4.114288665385836E16
1.4055326541408654E16
6.454107532082996E15
-4.558401981483107E14
-1.6415511891790784E16
8.80363549896942E15
2.4699370914656488E16
-8.377760207703461E15
-5.654567940284367E15
-2.0336780749329888E16
-2.4817768664603176E16
8.255450435437184E15
-1.0682638268508732E16
1.7497089176228E16
1.8735423333990882E15
2.1832784861143182E15
1.068478263011772E16
-3.01437606711767E15
1.146414613917115E16
2.2127834368389236E16
-2.810450984643222E15
2.1326864743274952E15
-2.4768460808987456E16
1.027992992603094E16
6.960646359259658E15
8.415087082717377E15
9.041769374850952E15
6.529158113964645E15
-1.0608360066619438E16
-5.100077558423939E15
-2.5076491713171308E16
-7.245053143373548E15
-4.559038477419049E15
3.9158036214052445E15
-7.595072506257213E15
7.41241212412175E15
-1.7733086220680266E16
-1.821766118062098E16
7.456851139760949E15
3.3344005797038935E15
-8.555567837733385E15
1.4920991597553974E16
9.508853150341192E15
2.4877198464522985E15
3.719196507510278E14
1.6287239837048466E16
9.089337396244414E15
1.459750938714628E16
2.5993870773599572E16
2.0971532754733656E16
4.388852436750033E15
4.851191589537277E15
1.4378610147358035E15
9.714455718990226E15
-2.5774724530691028E16
-1.0440199747596252E15
1.4752006473571556E16
1.0773999057288268E16
-3.4764679610507956E16
7.855069311243976E15
1.2193778930452914E16
-1.3375877690771784E16
2.6073290491628064E16
1.7624638182250368E15
4.4054813389041345E15
1.939256249851164E16
-8.297369471568775E15
-3.6397744962705105E15
-1.9203951191506732E16
2.407958505321012E16
1.0027444156818744E16
2.1762822429704112E16
9.451477551611278E15
7.472163040028552E15
1.7490323870453722E16
2.0404675857068102E15
-1.0335919634525058E15
-2.6212946431520004E16
-2.0618821147999548E16
1.279813119195815E16
-1.1602030735299014E16
8.502715290832135E15
-4.0445461791191675E15
-4.458932985141717E15
-2.6046100222520916E16
8.273056366549717E15
-1.2251066599335212E16
3.6554846473128935E15
-9.804051745907772E15
4.511886614707658E15
-2.748574393212454E15
-7.417602665812659E15
3.6634636998594715E15
-2.5920110202347815E15
-9.733965443959098E15
-2.3872994069883684E16
2.0413543380306198E15
7.987923639044962E15
-2.913513686026166E14
1.1183016222382332E16
-2.9045462562230364E16
-2.0025560088313456E16
2.215678595205734E16
-5.635269903484608E14
-3.2443176010385156E16
2.1043198177195084E16
-1.6260052166920374E16
-9.766168732455972E15
7.32654705675343E15
-2.5800182374400524E16
-1.8335882522230835E15
9.06649642505481E15
9.891149350092742E15
-4.022978848521461E15
-3.7928010966587085E15
9.80018046275732E15
1.5047084537923478E16
3.2326045020919305E15
-6.689670849495113E15
2.1676822004287148E16
-4.65680367642127E15
-1.8895920129833408E16
4.0634437892982225E15
-9.033271981446982E15
-1.4283872269956778E15
8.164949198482397E15
-1.0137755689786996E16
-1.7356668497272524E16
9.241586801665341E14
7.257617543014812E15
1.093522620121692E15
-8.564637950447797E13
-1.2085354486150532E15
-1.0466091868751568E15
-6.988408477445465E15
2.790302410823919E15
1.4247573603416705E15
3.3502118249492415E15
5.34181013088846E15
-3.067487945112631E15
-9.68039838492196E15
-1.13357588522625E15
-4.723867070466155E13
-3.4060236514212985E15
-1.8115681212619762E15
6.594371934225956E14
4.9205472802687756E14
2.2545443458498975E15
1.1916562054893608E16
2.698567973928975E15
-8.492726592966751E14
2.405508557650943E15
3.3336028107624075E15
4.2709455963839025E15
6.721707299274125E14
4.3901665786823215E15
2.2116215318879138E15
6.847500004925719E15
3.0034203906413788E16
2.083509055408402E16
-2.3813134087934155E15
-2.1093563047565616E16
-2.982438780133877E15
-1.3967498548570406E16
-1.8796471572047536E16
2.9596488279167804E16
-6.130539458815328E15
3.15698104572291E15
6.462637255706287E15
-1.1779496171443464E16
-1.1699278970468982E16
7.458175684168391E15
-1.1607840638142704E16
-3.8770595678481745E15
9.6417537469911E15
-3.0425611780474176E16
-6.959790501912604E15
5.43375497797116E15
-4.556786056033708E15
7.505279697426576E15
2.9812479207711856E16
-1.5454463019450466E14
1.5069736145464192E16
3.731605327259274E15
2.2259775293275144E16
1.2474225534786184E16
6.322570750512896E15
-1.5427426526881838E16
6.104436423584571E15
-9.351143768555416E15
9.409861509320602E15
-9.129523729575582E15
2.0004887834166508E16
-1.2859193337496104E16
1.2806764693282342E16
4.689091361660437E15
-6.315515842503675E15
-1.1980402047653436E16
-2.0836078349314372E16
8.271792192618834E15
6.488452899199457E15
-1.5177971884356184E16
2.6142109160125828E16
-1.47293635468403E16
-8.258223354816858E15
1.5718157254967038E16
-1.8928414153510712E16
-2.0078083489375228E16
-7.912920519212747E13
-5.260464957735397E15
-8.242096704778829E15
-2.969658032517696E15
1.2975636168042552E16
7.643419467053729E15
-3.067644498006287E15
-1.096103502660089E16
2.6126048679194904E16
-8.856345021285745E15
2.704790319147362E15
8.550046910830592E15
-3.856784444592212E16
-3.990131733386467E15
-5.79501166438977E15
-1.6610641876476184E16
-1.8718323838347652E16
6.000197290380062E15
9.42047975519817E15
-5.168685461337208E15
3.516338627230262E15
4.681507681734612E15
2.1090831092513416E16
-1.3020519199128818E16
-8.42751036396043E15
-1.013801017729611E16
1.4098261077567084E16
-7.274019459260625E15
-4.565073406957848E15
-9.540433477140644E15
1.2308598530403092E16
9.186058875153742E15
1.0269802363836472E16
-2.4813379984894162E14
1.7351182761157822E15
6.116617078459571E15
-1.9527063336761772E16
8.886148481215355E13
4.3039290328420055E15
-1.6210050168048282E16
6.924547393781405E15
1.2231653575101138E15
7.719080275549046E15
-3.5683421017023405E15
-7.723067462358137E15
1.8587402462968208E15
-1.6363991774594746E16
6.738123318796313E15
1.4654311164263766E16
9.88986062641401E15
7.552080780738883E15
-1.696427055621704E15
1.4007549432165922E16
-2.7962971378901716E16
-2.0946649222777844E16
-1.1668350343967798E16
-5.790337100098895E15
3.1321541580815535E15
1.3988347772361158E16
-1.569515474883582E16
1.6498147758807332E16
2.878814425661604E16
-8.972657911509588E15
9.852709342989404E15
-1.6348708320173996E16
2.030229406945843E15
-3.4672808213080696E16
-8.979239844955959E15
4.388881816561739E15
2.7301523474441185E15
-4.0929418264123675E15
2.1730880980357828E16
-1.0537080515804E16
-1.2322672412444422E16
-1.0937765597897538E16
4.403248921361722E14
-9.43193653749614E14
-1.494892134136578E16
-1.9780936692098888E16
-2.356016096953798E16
-9.818570284772498E15
3.949458970877702E15
-1.6256911778631242E16
-2.46314404921891E16
2.818978738845E16
-3.1286238009953475E15
-6.735957390280599E15
-5.401577773396316E15
-1.7913274915760014E16
7.704635147168555E15
4.06450912769388E16
1.7318479193956122E16
-1.6466966879463362E16
1.026857405396527E16
-1.730611455125083E15
-2.97408197982243E16
1.0382908148756724E16
8.38244753404838E15
1.4366276499062926E16
-8.517751233973774E15
7.731206521290252E15
3.335241532230236E15
-1.6786719234652888E16
-3.5706699185154005E15
5.33536177953336E15
-5.273875029660517E15
-4.1031382829211608E16
1.8221965524695716E16
6.351261811131647E15
-4.784906982548973E15
-2.3116424121991825E15
2.822371507303674E16
1.1322062599997528E16
8.780487834342102E15
-5.521344072013856E15
1.8357669922873856E14
-2.1434467077913435E15
-7.828898436180563E15
8.401074364629679E15
-1.2714269725637074E16
-2.8282564539083225E14
2.135098426462222E16
1.1578035995825714E16
5.350287050392951E15
7.649103797633343E15
-1.5829341516309552E16
1.5462803806562566E16
-1.0935526577189926E16
1.218122022672117E15
3.576876552301626E15
2.2334742748814103E14
-1.6403047988388312E16
1.888403940840256E16
-2.416832177791939E15
-1.3783824589325796E16
-7.938507313118518E15
5.319190164547959E15
-2.000783635585678E14
1.7210979647561047E14
-1.458837720396152E16
-1.316593001076362E16
-6.685031414975238E14
7.632622271723249E15
1.4183195936123262E16
1.731299191295287E16
2.5419417327779792E16
-1.963066158652174E16
-2.4856679993468208E16
1.3164643710483796E16
2.8887441269145935E15
1.4146929399774282E16
-2.5413387833018515E15
-1.394586979808623E15
1.6080192454899972E16
-2.4315927136633725E14
-1.866034817913238E16
1.2777798764714038E16
-1.9605068781058384E16
-2.3835293122115404E16
-1.4485545467172524E16
3.8908513775181294E14
9.79971330835656E15
-1.5877595505935408E16
-2.5787918657041724E16
1.0968958029636658E16
1.4378786182434898E16
-7.30750107504692E15
-3.1119364359017408E16
-2.3316612756220216E16
7.698340995114126E15
7.028709542167338E15
-1.4704522668034566E16
5.407909927783413E15
9.024159523449876E15
-5.585212545758603E15
1.3787357336355696E16
-1.1086234856663148E16
-4.1123779899190864E16
2.8737442917622575E15
-2.4651493574709584E16
1.6032769840409942E16
-4.673920486343147E15
-1.6181143744594616E16
-6.753061382223762E15
-5.7322569180549E15
-1.9949810221465952E16
-2.410865096052792E15
4.0558498256463976E16
3.100714476134924E14
-1.0317032453971804E16
1.5998900865075516E16
2.426394157766471E15
9.922529545272114E14
-1.5958921244047594E16
7.887061353372532E15
1.2205329238141374E16
-9.88896893943876E15
1.2437532471408226E16
-3.517416800451849E14
-6.268957474638797E15
2.9517824221254385E15
1.0115943380416994E16
-9.581022695711496E15
6.222937082675927E15
1.138655384029041E15
1.3617432223345538E16
-1.395555449988917E16
-1.4482872462268252E15
2.2299435239936996E16
7.286312968641509E15
-1.1956122693691814E16
-1.0346930088810521E15
7.340923319876997E15
-3.792498615328671E15
8.563526648593128E15
5.857477957863671E15
2.2153704938883004E16
-1.4797353953127492E16
-7.692937742318536E15
1.4901427468839688E16
-1.1429110842594444E16
-3.79942878394072E16
-8.395706699357629E15
2.1331502650084778E15
-1.1259518678233722E16
1.2539794095961374E16
2.3102221824543896E16
1.1898572694975834E16
-1.0983811044090016E16
-1.41789193223289E16
-1.065559520407881E16
-6.093351626977221E14
2.09481487484435E16
-6.21256383812362E15
-3.2307670106721776E16
5.474428128521078E15
6.751499364200073E15
4.281565988243635E15
1.5924757006646866E16
-2.6404918774980925E15
-1.3171051793648112E15
2.399857191304996E15
-4.3524878770958485E15
-1.3992030953056925E15
2.5253608717808428E16
-1.024413996532834E16
2.1108804812953065E15
4.321598173145587E15
-1.5456873937719222E15
-1.0325268114774602E16
-3.8071201115520984E16
3.4411792579856996E16
2.6903369510141516E16
4.33464515332415E15
-6.695850188793713E15
-2.2525954355784972E16
-9.10704746702528E15
-3.934855119357432E15
2.6146895627252036E16
1.8046872741334096E16
9.584449092323078E15
1.101936640788775E16
2.1337023258739156E16
5.839805810272382E14
-1.4736662457767282E16
2.427064880794892E16
-6.994650775060969E15
-1.115927739599612E16
3.1867918771907216E16
4.614303557443014E14
-1.5102077189043122E16
-9.740041485721144E15
1.5448299358579272E16
-2.484555239821849E15
-2.869452247720108E16
8.645335336447979E15
5.271330364881412E15
-3.0059709573711828E16
1.9243303203085028E16
1.532986350811581E13
2.8499296969794645E15
7.062373730341989E15
-1.5633440870705122E16
1.3867721786251438E16
-1.3695096209674346E16
9.533647241882381E13
7.905066543575301E15
-1.0078775354479431E15
-7.26907669622911E15
-5.924848302364188E15
-2.7053460537323815E15
-1.2169123296114556E16
8.606924668613833E13
2.2219750572471872E15
-1.6466574605373654E16
6.549886010886642E15
-7.302565272897295E15
3.312814728734499E15
-5.776902315924329E15
1.5889230580351664E16
-2.2786284658862532E16
-7.27898397691824E15
1.3772787558377418E16
-4.658560109468007E15
-6.987960688312571E15
-3.6690066986526235E15
4.556892107948462E15
2.9582193925197315E15
-2.7462284432303712E16
-4.714569929655059E15
-1.2435411411029168E16
5.431145287286776E15
-2.0679722026901464E16
-4.4907274948717845E15
1.5471609973365212E16
4.956081326146822E15
-4.508566343189618E15
-4.811692146226914E14
1.2054411297285008E14
-6.502575577134736E15
1.8517424078863356E16
-7.59815356896729E14
-1.5374202671577226E16
2.9262425268693392E16
-4.250660720958357E15
-3.371067302160489E15
-1.5371922546648764E16
-1.3802135988222162E16
-6.666680059771615E15
-3.3479902439133988E16
1.6894067269880622E14
-6.850519930121861E15
3.494468510189031E15
2.4815403586011464E16
-3.3206415158324772E16
-8.701997119647154E15
1.0391206764529831E15
1.5303102304963408E16
-5.47347303293071E15
-8.759675376382232E15
1.5117819638962518E16
1.503840763700755E16
-1.7080362732156252E15
-5.663144146587422E15
3.4184767297854052E16
-9.235850709682536E15
-1.9737864061435636E16
-8.483203804896108E15
1.2606306539888388E16
1.0359405327598066E16
-6.284720965038259E15
2.5040205507147016E16
2.7408712869865104E16
-1.0386974249637752E16
-1.5130998904051812E16
4.2329803783978945E15
-1.2633846341318878E15
-3.300131456890273E15
-1.2063130386766645E15
8.156132526686521E15
-1.3546730821297218E16
-2.8937518158551716E16
4.696007548093028E15
-8.41397425645272E15
-1.222398395515892E16
1.3266445177135956E16
-3.740533248811805E15
-4.639487590086459E15
-1.1958476406974666E16
2.345674052203686E16
5.242842345630812E15
1.4092381551117168E16
1.5622633899926026E16
2.3978035671391172E16
-2.6365053454103528E16
-6.04176917739398E14
5.301614218427637E15
1.3759061183813856E16
-7.603847231562423E15
1.1001885633685816E16
-1.5043139596025794E16
-1.4440311649960934E16
2.0504056154139524E16
8.565521437074387E15
2.3327757195277328E16
1.044561716516847E16
3.4409032705406795E15
-1.3838098099441074E16
-1.444002136856321E15
-3.0040065618870152E16
5.311845401702183E15
1.4266048512544702E16
2.026280162023734E16
-3.1739606053836572E16
2.0955761576043732E16
-1.0693528465049026E16
-1.1522061186899665E8
