1.4223888548320366E16
-1.9762502657515004E16
1.6467742154891552E16
-4.4926050176577435E15
-1.9923938465343396E16
-5.995021729827162E15
7.456862951103433E15
-7.45536853209399E15
1.3593849849963474E16
-7.587097518825352E15
-1.1044951052052768E16
-6.563013727724764E15
-1.8845655174640205E15
4.777636683530615E15
-8.476870967730743E15
7.059115792993922E14
1.5120557403816692E16
-2.0644175527617256E16
2.3190072246411972E16
7.282518584128674E15
-1.3850418662024964E16
7.948685701392131E15
1.2314907155966658E16
1.2769799228828486E12
2.2506086846088412E15
3.166406293462369E15
-5.632013337014874E15
-4.05547302831272E15
-9.469040063134354E15
-3.8346386865919675E15
-7.835044866277459E15
1.6731305172529686E16
3.8756754536909505E15
-5.818243970134943E15
-4.3829374451922775E15
1.802333301200854E16
6.303146342077021E15
-1.3611503088127332E15
-5.367541747223316E15
7.614805500336714E15
-9.579757044506198E14
4.096681588355983E15
-4.510832944816584E15
4.2090352117930425E15
-7.170506739621526E14
2.54104207402222E13
-5.471552074262263E15
5.291157594431507E15
-1.8293796599037312E15
-7.259108273995009E14
-5.109533590810932E15
-3.370579560259262E15
5.555415643261688E15
-3.093994641055577E15
-7.598251954281528E14
-1.4876040604497702E16
-4.245330676644626E14
-4.011726817271693E15
6.406519762436507E15
-4.746143115312454E15
-5.707935007400917E15
-2.697001541907536E15
6.153100738347827E15
1.119138880623675E16
7.145666927605346E15
-2.863164479888809E15
1.7834549132984804E16
-4.771297758214059E15
-5.57529672124032E14
7.363439204153104E14
3.2345091744439315E15
-3.895133717309104E15
-2.097016328190978E15
-1.7506071412291568E15
3.428152360091537E15
-1.8423601906788928E15
3.225514461365422E15
-2.4589875295858415E15
1.3721943599758162E13
-1.3706503818720615E15
-2.9804728242182375E15
3.183233963686135E15
-2.578962082347777E15
8.764179652391373E15
-1.6663939997757438E15
-1.5445847956278398E15
2.256345343656569E15
1.0927590749984698E16
-1.8620130619970492E15
-5.159736964327566E15
-5.733538732661806E15
1.0664310577035572E16
4.484691543672055E15
3.2095408046496385E15
-8.117695646312579E15
1.8744649774278058E15
-2.334800695796906E15
-9.240655741152942E15
9.833547075857168E15
2.0814176011834548E15
-4.141348009853262E14
-6.530092319054681E14
-2.582170403880042E15
-4.572021873356087E15
-1.2832615611482155E15
4.0334424132558105E15
-3.41650638885936E15
-4.742168312856835E15
4.448452630248214E15
-2.301482076807945E13
2.919286557775903E15
3.988445614657338E15
1.0608888691825144E15
-1.790937298217961E15
3.704249187416363E15
1.0041593149222384E15
-1.69828959956269E15
-5.913538106577182E15
3.152019479429979E15
-9.793452727620224E14
-6.203821170431742E15
-1.9543778141330442E15
-1.4331340646421308E15
-1.1034212250069274E15
6.953870507331572E15
9.873340237881618E15
-7.857268541155431E15
-3.642874999788808E15
-8.852940262271946E14
-1.1974908922301612E15
-1.88345780317454E14
2.7059668122644395E15
9.140141307432395E14
3.796671423145358E15
-1.7047668619588698E15
4.2425946709024295E15
-5.20138272401152E14
5.37704505904576E15
6.753279634139563E15
1.1679038258681128E15
-3.8719078684551775E15
-6.547008043114094E14
3.4459562799279145E15
2.479652882822925E15
-1.6632465757000348E13
3.970547858326243E15
-5.620072197379176E15
2.7171706693594465E15
3.447207744418579E15
3.716214628448183E15
-2.5786487983877355E15
-3.987703466039157E15
3.6524869202275245E15
8.497410742838288E15
-4.966145331184217E15
3.236584954963305E15
1.7525460734959795E15
-1.1269578968519616E16
7.609226638331514E14
3.672686133306342E15
3.193514943627299E14
1.7680443450256478E15
-7.512601738700854E14
7.08077910722394E14
-1.2600928749694015E15
2.2306187612142765E15
5.395808521223593E14
-5.500854076428575E15
-2.4262727771703875E15
2.7640011755267065E15
2.5371322574957805E15
-4.454173250869354E15
-8.102310479547854E14
-1.97693606717177E15
3.7098607361050315E15
-5.264801784259207E15
1.7905326971746365E15
2.00452390647432E14
-8.037595893967342E15
-3.187385591554283E15
-9.731267010924612E15
-2.345525073576097E15
2.385870498957961E15
7.692800682960204E15
-6.933657824691675E14
3.926856856289756E15
-1.797957066423062E15
1.4020169492881132E15
-6.368210881769366E15
-1.0635383881730106E15
-5.399775513030463E15
1.3932265120859368E15
5.428526164559825E15
-3.512848207752552E15
-5.387202584623192E15
-1.1139019066613422E16
-3.5285564967776535E15
4.0676722740624245E15
3.8742896434886325E14
-1.37380442598506E15
-3.2037588619120535E15
3.9057103606117425E15
1.8037448048514062E15
3.027718349842672E15
1.1017968473564894E15
4.2363590437710605E15
-4.694718167958059E15
-2.5108140850285215E15
-5.942685045544916E14
1.8441281995168655E15
3.9228447786202895E15
-4.521579338092655E15
-2.0641736091424155E15
-2.104244097857294E15
5.45038343627998E15
1.3393501525132918E15
-9.547091724584922E15
3.2720289729473835E15
1.459130440278818E15
-1.6396298427488232E15
1.304703801703729E15
4.4344139773602644E14
1.1934312434188985E15
-3.415089445041578E15
-2.190253305711822E15
6.922298994718861E14
7.155398158212686E15
7.62766643045267E15
-6.12032719961321E15
-3.2834423452676235E15
-1.3463197441936608E15
-4.47932232487732E15
3.0966463685160305E15
1.3728042011924365E15
3.4965999662349075E14
7.384375422626943E15
2.3680891166952725E15
2.743134315753128E14
-4.3046412938528535E15
-1.4813848745061435E15
3.6181931156605305E15
-7.01284534787696E15
4.588918341838967E15
5.911184682106486E14
-8.952426971485133E15
-1.483890865135096E15
5.352269768424212E15
9.058533160417616E15
3.3230571909725915E15
-6.290742748649288E15
-6.01749460717425E14
5.520459427753877E15
-2.59316523024581E15
-7.412476817790189E14
2.042215968374953E15
2.3981314153060415E15
-1.2459703516384665E15
-8.226089142227504E15
3.583563132371782E14
4.293375546574655E15
-4.1823930743058895E15
-2.966520650471887E15
-1.1334999961588855E15
5.531299054843464E13
-5.468399774561518E15
3.543996289051525E15
-6.914664873656124E14
5.41240104185992E15
2.040538721212026E15
1.549961330346331E15
-2.0304891806956842E15
-2.822095458912993E15
1.5007816698056915E15
-1.1630178618408059E13
-9.980503435271558E14
-5.94003315713179E15
1.9774517369010885E15
2.6925879291540225E14
-6.705599115253235E15
-2.915827240082044E15
-4.421685441781257E15
1.3705185196429532E15
8.62885099757586E14
5.467068211757094E15
-5.008547185475336E15
-4.019169039647997E15
2.437380852091768E15
-1.2185651552674365E15
-1.7998106628938955E15
-1.8186119314548148E15
6.924214594932361E14
1.3086438124636115E15
5.297888209454908E15
-5.583052742700971E15
-3.039136990129806E15
-5.013653451454894E15
-2.191034431609589E15
2.326617286015131E14
6.178932737884292E15
2.6031245000663795E15
4.050825484596062E15
2.816415988399799E15
-8.996582530721169E15
2.9883352484280095E15
-1.7962069344939268E15
2.786207122378098E15
1.2129332066466768E15
-3.439754527857484E14
5.787886771916952E15
1.800551760032027E14
-1.3858958581178405E15
3.859202224568633E14
1.4872838675819985E15
-3.612748153717497E14
5.87567927167402E15
5.031255141450333E15
2.1496240555895225E15
1.457080074215858E15
1.7742145024408208E15
-2.351934558790444E15
-2.0283820452512698E15
6.657733201824238E14
-2.232134617272019E15
-3.6653540220241995E15
3.825298787052246E15
3.0560267813380025E15
-7.373133303776844E15
8.718081963791323E15
-2.8732585165472835E15
-8.17226965843968E14
2.462084189298955E15
1.6690286879813942E15
-2.3635559126527095E15
-1.3228970894411668E15
9.138989451693222E14
-4.2431874146533865E15
2.438718630400622E15
-2.6357836517612205E15
1.8086139335791862E15
-1.441346656987777E15
-2.028294078098718E15
-9.121750622267832E15
-5.193802716927985E14
-4.4280127177224345E15
-2.7551843024380227E13
-2.612724624071941E15
2.985401987282984E14
1.975551713704495E15
-1.8044812067227478E15
-2.8322054587417095E15
4.433404167864503E15
6.500182417949112E15
-2.2456027322430728E15
-2.1630077076803655E15
5.657442506963344E15
9.457270941169619E14
4.6495850747137695E13
-2.367166098794518E15
-8.43579416531434E14
-1.0351704498300702E15
4.1651544932775475E15
-1.464532044898048E15
-5.893302482741129E15
-9.652552305178351E14
-1.8641441797661705E15
5.517618335782898E15
1.2608966877706972E15
-3.5677732316521375E15
-3.4811518927876195E15
1.9615290660603058E15
-2.7650444077580135E15
5.022703333271408E14
3.61102056249358E15
-4.146791461816087E15
-4.080550097447482E15
1.020960665117777E15
-2.658955673384421E15
-1.273592445639713E15
2.391729309517436E15
3.2949210674810125E15
-9.440022510556584E14
-6.729961071521883E15
-3.3706545042054055E15
1.1627633301228615E15
-3.295129442722094E15
2.894564645784429E15
-5.661177516405804E13
4.690558332245069E14
2.9102180777606348E13
-2.597814905498411E15
6.557527009142246E14
4.776493179783816E15
8.78133629567356E14
-1.251926159764519E15
-5.625342111533208E14
2.5465986430154925E15
1.3146387010085092E15
-5.762756644798262E15
4.302698133851164E14
1.6770365912948E15
-5.054452070849066E14
-3.828882986205628E15
5.243386033798259E14
5.443096575626165E15
3.0881726441741705E15
1.660316659862848E15
-3.9930081294539545E15
-3.417591364643742E15
5.225404652687934E15
4.9091501867949E15
1.2915820495142078E14
9.176894177121755E13
-1.7255895724930915E15
2.610666453036976E15
9.591218128294017E13
8.42566159035954E14
3.570163380219358E15
-1.5123358028477005E15
-1.540139150117296E14
3.1716818779034635E15
1.5798877481687226E9
5.8671910277738E11
-1.9327708808872495E15
1.7130917681026447E14
2.570381829342873E15
-2.2367882356422344E12
-3.014112820921201E15
2.044034608877224E15
5.274536235065221E13
-8.58042993886974E14
-1.2229954418986408E15
2.92924208737015E14
7.272487588693182E14
-3.309249654603318E14
-2.8576548203271025E15
3.025828373798152E14
2.180680065289892E15
-6.905369119615016E14
-6.870957806008724E14
-3.651459158351251E10
-5.827550945246629E15
-6.1382908899741016E13
3.043962499654253E15
-4.092680846697063E15
9.984110124916679E14
1.1174350765484108E14
2.890817038169877E11
-2.695617719635596E13
-7.3682556060399E10
-2.847653282182207E15
-3.951086292039899E15
3.630169489476746E15
-4.583695241505432E14
-4.2220261712252175E14
3.391548030486111E15
-3.6697372151954885E15
1.432618153951095E15
-1.1995945181867988E15
3.1860914219762585E15
-2.4318654280740395E15
2.8325451534897675E15
-1.8538649129312195E15
8.473044874219926E14
9.337310354252373E13
-3.5174534315610025E15
5.4893921214576656E14
-3.1305379052802915E15
9.521099984626083E13
-4.0889030263610325E14
2.587632161204591E15
2.39707786379699E15
-2.04333881266775E15
-5.644902348088361E14
-1.4993300997446675E15
-3.658365884561364E15
-1.7349241907706975E15
-1.860061675939399E15
1.2848724441035365E15
-1.546592040055983E15
2.1030022430823445E15
5.979373961922838E15
3.882423133505399E15
-1.4902773158288632E15
-2.1874884763561878E15
2.3771154543895245E15
-6.773379860438636E14
6.639323504003514E14
-3.540192086710345E15
-2.469853458491649E15
9.688023839860016E13
-1.3959612961290608E15
-3.003635901105544E15
1.6438171367901155E15
1.3825452973362038E15
4.3686867982349525E15
2.073413272795921E15
-2.7113950555395165E15
-2.1561327737223188E15
-2.842088587845143E14
-4.421138447556587E15
-3.3329964226548635E15
-9.519967584904522E14
1.368815144196724E15
1.543290321871916E15
-1.4743213229911188E15
4.1757164456505395E15
-8.563060239030841E14
2.9355864287936285E15
-2.235785051989583E15
4.582696538069158E14
5.041929312822088E15
-7.972029757306134E14
-4.355609165335395E14
-5.731930687249665E15
-2.0219615072787115E15
6.361687957296626E15
-3.5610584570638744E14
-1.9312779064973922E15
2.872529196407546E15
-2.1957981954623694E14
7.629588915379942E14
2.590579963771057E15
-1.9993192103783616E14
2.0830695287774402E15
4.365621067393777E15
2.347975856900044E15
-3.95408020946375E15
-1.9781856483248755E15
4.836159275411838E15
-5.974758732291185E15
7.743539786739404E14
-1.1818336909757945E15
-7.261063114675522E14
-3.883455414948625E15
-2.9160186990122894E14
1.8255413195551405E15
8.199058754270511E14
1.7656716506627548E15
3.010520595735498E15
2.90177642691671E14
1.6189303422870165E15
6.7048057751933E14
3.159451217344953E14
3.1781341857299575E15
2.1047679507268142E15
8.1212244901573E14
4.780026870386608E15
-9.998575948847162E14
1.5065382268222518E15
-1.5380867538515534E14
3.485759068228731E15
-2.2200667869056995E15
-5.5656446042409506E14
-4.0492077353778095E15
2.407057569436785E15
1.263010458152592E15
-4.6009193812561694E14
-3.239121745716103E14
-3.5396770861058735E15
-1.7865257545654155E15
-2.5184877447323035E15
-3.7210377576452995E15
-2.9545404226259305E15
-2.2682041447863665E15
1.356185347252491E15
1.5555147597925458E15
2.0056233127441475E15
2.7421463169583295E15
9.886190770185419E13
3.18879560546136E15
-3.714076863126789E14
-3.105259560640951E15
-3.068493557864146E15
-9.997449018592034E14
1.9218835564396972E15
1.0470858223110206E14
-2.1950708886381772E14
2.715530689161832E14
3.789750721510643E14
2.705910600607318E15
1.6366487237632505E15
-1.4961911414805148E15
-2.6849916631831055E15
1.963567115811406E15
-2.1775453503323612E15
1.3876824512220873E14
3.128224976119972E15
1.338998608814162E15
-1.8999181633948855E15
1.8938107795840788E15
2.5216696782454515E15
-4.2955374265595595E15
-4.803110464999389E15
5.633215295652422E14
2.6779832312170085E15
1.48835479437452E15
-2.560303248264019E15
-7.507270950374819E13
5.202637401218336E15
-8.251284415377424E14
4.4702200605518844E14
-3.7743457077282525E15
1.779928384097123E15
-4.724873317672746E14
-8.968394327332259E14
-4.446526048162382E15
-3.680069602586773E15
-1.5851249497856778E15
5.450098810927872E14
-1.2234281565369506E13
1.046977852947792E15
-2.985552074761348E15
1.9593346060241978E14
-1.0119259063062931E15
2.759433947926098E14
4.950881241105226E14
3.0775911196826765E15
-2.637026905983453E15
-1.0783645078979472E15
-3.2203521725428515E15
-2.9057356275070056E14
1.0735876316376921E15
1.3622250502886998E15
-2.5243373699548647E14
5.766701381610827E15
-1.812958353837448E15
8.08189555103283E15
7.323143802997982E15
1.333357890220701E15
-1.3060961297096342E15
-1.8011062864460152E15
3.1030470925032575E15
-2.683172255020653E15
-2.960940800673144E15
1.530375555238943E14
-7.518715830419501E14
-2.466089182449252E15
3.427960176076353E15
-5.069693398477334E15
-1.0335263387216072E15
2.3422887057825723E13
-4.747785943373069E15
9.246721907324586E14
-3.7585638316731905E15
1.3214980421665918E15
-9.404771051108274E14
-2.288659564599404E15
1.1093464757155098E13
-2.218248208188872E15
-1.0475004158111659E15
5.899713143640716E15
1.1920881654475008E15
-1.7298584314140268E15
6.335073571003396E14
1.880222628994744E15
2.447975199068848E15
1.6985803026060408E15
-1.3899407691990465E15
-1.784104458440442E15
-2.271814723413085E14
2.6561529130071385E15
-2.7399487454280906E14
-1.712371354660658E15
7.065353586703958E14
-3.4729266056835795E15
-4.412296006846957E14
-3.0873313149382355E15
-1.7267216216103832E15
2.7524282607783475E14
-2.2208719187286755E15
-4.448389877621778E15
-5.524799325933412E15
1.0021333433351471E15
-2.432501788751482E15
3.855214490431638E15
-3.6194471665948105E15
-7.37438591378661E14
1.290784536216739E15
-3.534188036537262E15
-2.310668177936352E15
3.5317104145554205E15
-1.9030846708827E15
-7.13742283304936E14
3.1292419330555175E15
-3.4471188192061975E15
-1.2431502477344978E15
1.004234841242492E15
4.268789438342274E15
2.3600535348084355E15
1.3532246114462769E12
-1.814086129273619E15
-1.5467657282546702E15
-1.8942171485999205E15
-3.0550485788417735E15
-2.2467931591483712E15
1.1472984119878619E14
4.2380640571552325E15
9.938568258972238E14
-3.968995988500895E15
6.672990444474132E14
1.0780892681713809E15
-3.520660575555805E15
7.523226443162562E14
9.942823728845955E14
1.202631017610872E15
2.2679974511393475E15
2.2060754335051852E15
3.3148706704712885E15
3.1240093384722655E15
2.1854191845337735E15
-2.724547033564811E13
-1.9682623500624895E15
2.282594600123281E15
-1.956396748823528E15
-8.718783718459372E14
9.103170408985442E14
3.557061097605678E15
2.413471847686431E15
5.931232395172861E14
1.8102079577005262E15
-3.6296178378034005E15
-2.8964496716355805E15
-4.0826119129866145E15
-7.37567362010299E14
-3.800049921003295E15
1.6180130488922402E15
-7.593746305656584E14
-3.3102421061272695E15
3.0403712866645185E15
5.470221373653332E14
9.213645399311856E15
-9.427219755581678E14
-4.102188785744159E15
2.462121977916456E15
-5.798307043690859E15
-4.652847352252837E15
-2.9363637335065045E15
1.249041038640722E15
-5.138365325733639E15
-2.0059116909665732E15
-4.655377646316029E15
1.421892608112207E15
6.726048310042634E15
-3.404381673108594E15
-5.618838102951718E15
3.7494206934847175E15
3.446995576914839E15
1.304096154930491E15
7.432506382728392E14
2.4578231784477328E14
4.153451341024722E15
6.791299808878914E14
2.269269559120537E15
-1.9973876355718485E15
-4.316055633151087E13
6.060502585453929E14
2.2245186538832794E14
-1.926035558855228E15
-1.1679409554200535E15
-2.296443518004994E14
-2.2206286627876148E15
5.236283159984015E13
-8.965283785921198E14
2.5561780359469335E15
2.3582039677514547E14
2.311696791788819E15
-5.1525545093779244E14
-1.871697042117362E15
2.967246777010371E15
4.259432648159405E15
-1.0552792402534359E15
3.889385794703525E15
4.946456232772764E15
-2.1709554551273947E14
2.183560417447552E15
-7.783951936120011E14
3.9520454129950645E15
5.503670804097193E14
-1.8538012364534308E15
-4.472724419615272E14
5.70600055967033E15
1.0431633397062161E15
2.4295922699199755E15
2.4063522982326005E15
2.1659749403534938E14
5.960962466620088E14
5.066195067951373E15
2.252319947863529E14
1.997088823245283E15
-2.3906132018559885E15
-7.257625803968496E14
-2.6095862794221335E15
1.1043814847059174E15
7.444100424782824E15
-2.5275035307019645E15
-5.105810223222468E15
2.0226636190229882E15
-1.0819944424174694E15
1.4808885051232985E15
-3.4978094110840125E15
-9.661823547155102E14
1.410600311966357E15
1.9315440953578978E15
1.24674551367839E15
-1.6578052032741252E15
2.11459946418631E15
4.951870635787923E15
3.400160801855115E14
2.8296719058622655E15
-3.757080068499165E15
-6.6095125499776E13
-9.597841779875328E14
1.431869075290119E15
-1.957795009594943E15
-1.8790731999019002E15
1.1838729283342784E14
-5.574347134611741E15
8.893412626120401E14
-1.6920424345640522E15
5.181190624236754E15
3.7352385199319875E15
2.1824159003506516E14
5.341304624586201E11
-2.3895660584543975E15
-1.1266393918620095E15
-2.1369707806361238E15
1.9044663855488855E15
-2.4729013646174405E15
-4.889148310965051E15
8.174187937228604E14
2.47735289629051E15
1.1435418458288515E15
2.0743967539847908E15
1.3926706943314742E15
4.8862444402677006E14
3.5823104360150225E15
-3.0570291216443975E14
-3.625895193977384E15
1.2932120714990445E15
-8.093991612399118E14
1.6970179132381768E15
-2.627116713198563E15
-2.452206669600611E14
-1.2283292569043767E9
1.2079161593838278E15
-2.181173112423111E14
-1.2134717051409488E15
7.860311243087512E15
-8.989711153792735E14
-1.5900606108553534E14
-3.8746364312945485E15
-5.961661910958214E14
9.957543739720438E14
4.759119516236775E15
-3.2225900396070875E15
1.4770563779296447E14
-6.287109931299565E14
-3.3605241887172995E15
4.4760538404658475E15
2.7534433425234985E15
-8.296244567888117E13
8.59618526410917E14
6.267454742824202E14
5.6364200946444E14
-3.144609631861468E15
-3.460279108909992E14
1.2862313834972295E14
8.551276754736254E14
-3.971786982244768E14
-2.725147947103749E15
-4.923702067554323E15
6.563001108677756E14
-3.683257436096635E15
-4.2910093157511844E14
1.478420698306438E15
-2.1946065369427688E15
4.219290478074398E15
-3.677087604833279E15
4.653179345125666E15
7.130096656167415E14
1.7145843084270032E15
4.956729696843665E14
1.0614115095295711E15
-3.4422417674560586E13
-1.2759775206573233E14
-4.645357059189874E15
-4.911429951124542E14
-1.9178287053629258E15
1.8784857533876902E15
2.5229397098588625E15
-1.8696357609388282E15
-1.5053242988003785E15
3.6716574647038605E15
5.215526990242222E15
-4.933833600629386E14
4.433832049569547E15
2.5689731830557977E13
5.49337586464104E15
-1.8217677352271142E15
1.522204606266912E14
5.246583407544503E15
-4.1001085407162825E15
1.7813018760136942E15
1.2542944454990732E15
-4.3003048521376535E15
2.61073632361193E15
-6.198026913250544E15
5.379077395995568E14
2.8001016051068905E15
3.751989923852217E15
-5.126145613443878E14
1.556396520838421E15
-4.155188846698217E14
5.920092830993951E14
9.151076397065418E14
-9.350456449047016E14
1.1978333526202667E14
3.440230433526307E15
1.3952728995548458E15
5.923736079687246E14
2.609566324528721E15
-2.178333580568693E15
-1.2887298252454392E15
2.4218012484169365E15
1.6155284427624655E15
-1.5590582865241575E15
-3.503249073342355E15
5.104222754031573E14
-4.842080147427881E15
1.8848847922003248E15
1.6825958183179568E15
-2.653373872679848E15
5.066828555443387E14
3.5827918578275495E15
-3.3522467594131115E15
8.657631115168849E14
6.58054559704537E14
4.1541618095390005E15
3.1474800627283045E15
1.246680145514079E15
4.1481686119370325E15
-5.728815555499065E14
4.2101501529322095E15
-3.495600496138162E15
-4.687972581489077E15
2.262705784922345E15
7.122167616503584E14
3.73593777576892E15
-1.3492091032577002E15
-1.027740091311663E15
-2.0000414892641735E15
-3.023718408969689E15
-2.4535748060340205E15
3.456413718932534E15
1.5249135735738235E15
5.329714717210883E13
-1.8816816376914148E15
-2.7718930094202815E15
-4.284171718244774E15
4.0402367409677055E13
-6.2895455466909684E7
