-1.9358844305686496E16
2.2855226028827796E16
-1.3339097399241432E16
9.493367682458028E15
2.132668009420932E16
7.081508097046065E15
-9.800148394812478E15
8.970319294485924E15
-1.7369030164429718E16
8.879219135373543E15
1.1834676818519376E16
7.377061071214067E15
3.2373423719402345E15
-1.0170053912429254E16
1.1444514464676324E16
-3.173812513639509E15
-1.9284618516601616E16
2.3769244364554636E16
-2.7295442816418296E16
-1.0353464038382486E16
1.7012137015294316E16
-1.1387915972961216E16
-1.44361863873604E16
3.954714246118046E14
-1.5442259550935128E15
-2.367441810452434E15
7.84889261566115E15
6.767494906875646E15
9.845421017288106E15
5.535908772357135E15
9.54437616118841E15
-2.041690825355582E16
-5.810847697959378E15
6.625090376340905E15
5.329926898829686E15
-2.1756273491470192E16
-9.124659510011902E15
1.2011678246896565E15
4.970468867666595E15
-1.1070582917630674E16
3.5198833465044545E15
-5.039354912014942E15
6.13511194396146E15
-5.18106579740251E15
5.875116880706806E14
1.1223837523100795E15
3.906974823681938E15
-7.338021349430851E15
5.915328539598684E15
2.861932962490569E15
6.902251812673795E15
3.1725524471691245E15
-5.263271282221585E15
5.823134943613774E15
6.80278199465197E14
1.756894018277599E16
-4.290635120421107E14
6.25517345697769E15
-7.320441062722444E15
6.328235156181782E15
6.646454670715348E15
3.111663337886198E15
-6.72491944813795E15
-1.2409826673518836E16
-9.397304095455032E15
3.35632685132409E15
-2.1747976185376472E16
5.829509722967917E15
5.4529297446570664E13
-1.6132346480360548E15
-3.2131037761499115E15
3.8216639905353065E15
1.3202068657209945E15
1.7520099971651218E15
-4.741142662508452E15
2.3138869472468235E15
-4.410006782659485E15
2.728370406515109E15
-1.2328002169421428E14
9.02856435725824E14
3.478590497429039E15
-3.5184653835493745E15
3.734373867266911E15
-1.0015107743928684E16
2.6840539264831085E15
1.6846177569166592E15
-3.03039505820427E15
-1.380455707969477E16
2.8969356941274095E15
6.050173683453799E15
6.921789309737752E15
-1.261368365683287E16
-6.155067918676642E15
-2.8835216317836945E15
9.589915567062982E15
-3.8653295901081235E15
3.087071873046934E15
1.2730532949707138E16
-1.2709648878799788E16
-1.8034238094028778E15
1.583857909600836E15
2.507580696192E12
4.3813390867072795E15
6.499541608760988E15
1.5181696898874665E15
-5.373488423018052E15
4.115485806509877E15
6.580102433493334E15
-3.709204990087456E15
-2.2920134975580028E14
-3.561523742318674E15
-5.465413251417054E15
-2.3587781207070535E15
1.785822580330709E15
-5.371205597249488E15
-1.8845426983358268E15
3.615076308794377E14
7.526463130193443E15
-3.0314141636828725E15
1.7291956543159645E15
6.069933163345915E15
2.311307216333132E15
2.5085577643801915E15
2.895263982974274E15
-8.040287377014594E15
-1.057183695043785E16
9.332540855478566E15
4.4419816746572725E15
1.6133146540136572E15
2.114062969713923E15
3.738217701394826E14
-4.727457203881254E15
2.437711264445537E14
-5.391144786079044E15
3.5839917099513305E15
-5.598450743596352E15
4.857349473641813E14
-6.560876010132311E15
-7.980107559753155E15
-1.3441175530604685E15
5.241999094190946E15
-1.533617749427604E14
-2.514811582422227E15
-3.4709560817808335E15
1.4653979394094455E15
-5.671787878615811E15
6.540443611618481E15
-1.3087593825513528E15
-3.528763227237507E15
-4.474484843120413E15
2.1563211328785765E15
4.102732627788579E15
-3.400401739241502E15
-9.961943998249012E15
7.108282880344472E15
-5.919936144955576E15
-4.0389303420793935E15
1.3838580991289936E16
-1.512323818300342E15
-5.030392038113251E15
-1.5141638130975325E15
-1.3377383181526835E15
1.0919264631132539E15
-2.1822128324072412E15
2.446863185712089E15
-3.5330861796684965E15
-1.2453713584197928E15
7.657873880476861E15
4.086183993996653E15
-3.558497397300986E15
-2.863350081079237E15
5.275199564964784E15
-3.45857574886686E14
1.8864972243602575E15
-3.376697166822978E15
6.547629694018032E15
-1.8824130141295735E15
1.0663796055197209E15
9.26015511015051E15
3.5118294359031335E15
1.1517531935923298E16
2.3050269634960095E15
-4.093366074601997E15
-9.830329541560042E15
2.0922840296272848E15
-5.580051306184447E15
3.3159416100879425E15
-2.2808214906867935E15
7.879414876388105E15
2.2064028394381505E15
7.230567715964622E15
-2.2831144246066925E15
-8.241848382085424E15
4.018044989675926E15
5.114149364411264E15
1.3801366588615446E16
3.258426656705505E15
-5.430146654786653E15
-1.4368169167095916E13
1.501441774612868E15
4.265425746903267E15
-4.334027725801304E15
-2.376367708496009E15
-3.392052155376841E15
-1.140127559844256E15
-4.613058809484338E15
4.996580054053611E15
2.815473116286334E15
1.9690628896986575E15
-2.470286234239212E15
-5.252916456506703E15
5.173034265681505E15
1.1600999207784305E15
2.868937369504877E15
-6.335411320157488E15
-1.149625317674947E15
1.0972274428868702E16
-3.929355564917924E15
-7.06289425512278E14
1.5240509181083848E15
-1.922882111566306E15
-7.546263921410375E14
-5.870489447538728E14
3.486679514301863E15
2.3483709578946685E15
-7.364322400939392E14
-9.111364936431834E15
-9.682209986557688E15
7.251101490005025E15
4.822928450290596E15
1.8561285340255822E15
5.617638925156279E15
-3.659953178414879E15
-1.6138912820852625E15
3.637764743928302E14
-9.951085234863284E15
-2.829564270795406E15
-1.0880036331221534E15
5.27964008424235E15
1.0230636464514505E15
-5.033100654182356E15
8.512146315241301E15
-5.545535270651963E15
-9.281957723392196E14
1.1616049894503408E16
2.545819870229818E15
-6.450117718118943E15
-9.819066769825434E15
-4.2067938279275185E15
7.482985076391509E15
6.108294309679661E14
-7.459829524720053E15
2.855457144587035E15
5.384963901710947E14
-1.2844312975313108E15
-3.3838262085253485E15
2.455974684584215E15
9.000669212548299E15
1.3552210536374167E14
-4.11135987000249E15
5.869924013589355E15
3.561914238057545E15
1.661412462654603E15
1.1291821140498095E15
6.905419192763022E15
-5.125148240728428E15
6.645411204471665E14
-6.378801542410983E15
-1.8884888875859895E15
-1.7139948728811512E15
2.883459384390052E15
3.3187015597690785E15
-1.957496232493325E15
1.5146104233814125E15
6.493870822122804E14
7.045598602765177E15
-3.153551434759114E15
-2.0198574659049722E14
7.397794808271546E15
2.8925939813685425E15
5.349405796681278E15
-1.5741635694277452E15
-2.4494712441031235E15
-6.546645773616946E15
6.297063749216046E15
5.449749791432122E15
-2.57146962301199E15
1.4112930467342405E15
2.541139068866648E15
1.9917730904174202E15
-1.544897241584766E14
-3.117632502159094E14
-6.62441406675248E15
5.741098012654029E15
2.217537620025662E15
6.327369667308562E15
4.030203587307309E15
9.212668637409495E13
-7.457890714558855E15
-2.8783435134689455E15
-3.9550049311196045E15
-2.4954899411319285E15
1.1323608933667092E16
-4.3282119493150855E15
1.7137036919735658E15
-4.0788010047872995E15
-1.3107055043745492E15
4.535608777791244E14
-7.024787708493349E15
1.597509406602779E13
1.4952236695094992E15
-9.567446372054476E14
-1.8135371973525738E15
3.083615338630578E14
-7.449107133954592E15
-6.56250247244913E15
-2.6333002861296645E15
-1.8915148149070515E15
-2.728130834057519E15
2.2691032736149295E15
2.387533600455085E15
-5.3708613402302644E14
3.4617343462706095E15
5.079412845222583E15
-5.299965892924889E15
-3.830125122771708E15
9.411476639142582E15
-1.123364626101077E16
3.9420382553682015E15
1.0514750246311254E15
-2.8351853743075575E15
-1.786536148817263E15
2.860686753784746E15
1.2230282637293432E15
-1.0468687812164562E15
4.807965329319519E15
-2.9314891497329275E15
2.582838655033061E15
-2.780977766586156E15
1.390637019367377E15
2.4831470689520905E15
1.1476857652680498E16
4.160741992953416E14
6.274143688937587E15
-1.4254051742172414E13
2.374135737094414E15
4.868171023874675E14
-1.9580129259803992E15
2.66494285916902E15
2.533709127537818E15
-5.178570273683372E15
-8.1145325018227E15
3.507331682762667E15
2.8341081887214475E15
-7.273692092270705E15
-8.141999544311038E14
4.238002075167733E14
3.0255364831632055E15
8.422022245794045E14
1.5680483311343342E15
-5.448611043542209E15
-1.4997548918472465E15
-7.902795616212716E15
-1.9204767699930825E15
-2.1834026516346372E15
8.031717525740315E15
2.221500086082297E15
-4.15498926538042E15
-3.9614320002513435E15
2.9772056397906525E15
-4.3524071194045005E15
9.522335531859496E14
3.7876343867115245E15
-4.886476920992534E15
-4.746403990370472E15
2.137683830114338E15
-3.4949730434223105E15
-1.9152225136275225E15
2.535372340118365E15
3.986910030634743E15
-6.863592442303654E14
-7.844254987710569E15
-4.47265682345399E15
2.4216247342106975E15
-3.830565188874828E15
3.30109955587432E15
-3.5071781605527025E14
6.467935195724374E14
5.812264440549272E14
-3.772255353402063E15
3.178035378904039E14
-6.343630954430952E15
-1.308668956245565E15
2.6823709955124695E15
1.9331840618880462E14
-2.458492883975734E15
-2.858231490779688E15
6.966773815259565E15
-6.509881779324632E14
-2.2494922851153945E15
1.0051573957415654E15
4.0672762936375785E15
1.3211106239257197E13
-7.482786625992805E15
-3.7040972123335135E15
-1.6509764977400805E15
4.4583429317019775E15
3.552351709182771E15
-5.530787271387375E15
-5.942776869820412E15
-7.810668702352006E14
1.315329836613749E14
2.666959036659554E15
-3.1323053284700285E15
-2.6220749325395328E14
-8.4586999731464E14
-3.800257938930348E15
2.131911686251712E15
3.916947023550752E14
-3.5790381534505475E15
-1.4243516092825577E9
-4.223199598935838E11
2.1235236208134118E15
-8.895042654222839E13
-3.331636968167806E15
-1.0861935086751861E13
3.695885056583967E15
-3.099700842504958E15
-1.77277067010648E13
1.5630650367491185E15
1.1574917390117785E15
-3.2427206361141194E14
-1.1316491306165235E15
5.19667751623633E14
3.7161470173441785E15
-3.7792063273957844E14
-3.2305649381517465E15
1.5400586446565082E15
6.561804783353948E14
5.184740102794567E10
7.644791790548467E15
-5.745327654787911E14
-4.411789157068807E15
4.4140845878660015E15
-1.3111387973396185E15
-1.4962813219660347E14
-3.1734598915462714E11
8.806150759077339E13
4.906155014392395E10
3.293724118829431E15
5.153493709855029E15
-4.749044196026848E15
1.9211463781002875E14
9.904157116246199E14
-4.527265271053712E15
4.016815946804237E15
-1.8044561242730502E15
2.1437849528554862E15
-3.7949846044129265E15
3.554859854748925E15
-3.2158937924646545E15
2.97822895422549E15
-7.543336071679961E14
-1.6746569357206047E14
4.3427140328932185E15
-5.487518043486959E14
3.6394267434186525E15
8.384003019583496E14
1.0954787444162702E15
-3.6605063962249555E15
-2.6227121226410075E15
2.511048440618734E15
8.352524271932822E14
1.8496017876731668E15
4.052002349869052E15
2.1210575169716188E15
2.547302502535699E15
-1.440470431418263E15
2.4036672762452475E15
-2.3455212000750335E15
-6.923442728984959E15
-4.3752913932782085E15
1.8462361594388565E15
3.3004566011966115E15
-3.0147433180052525E15
8.126040515454098E14
-1.3077988164396782E15
3.811136764638505E15
3.344646269849245E15
2.152552388457707E14
1.8516645085314052E15
4.022498009990116E15
-2.82251226317079E15
-2.191546111198757E15
-5.526476945820804E15
-2.38597670782278E15
3.3273475578031645E15
2.582080034360468E15
1.7646489577910928E14
5.054286231095287E15
3.898064985486328E15
1.7353140653403685E15
-1.8952592040418842E15
-1.0807232579731315E15
1.4004595372471028E15
-5.959453969935123E15
1.9977819588471292E15
-4.013203662438306E15
3.297683541649634E15
-5.940461728426301E14
-6.426539618046594E15
1.3285980859401388E15
5.64342031962347E14
7.299759822315554E15
2.6270334207527885E15
-7.464728809377787E15
2.1648520507646056E14
2.42701691574216E15
-3.964003754393122E15
1.5402054021819066E14
-6.97888514191059E14
-3.47583197119147E15
7.668309644189851E14
-1.8850120134199085E15
-4.875698626114356E15
-2.8213164086852185E15
5.138746778865475E15
2.368609797848145E15
-6.094686382797892E15
7.122629725906046E15
-1.259470998393996E15
1.5331367242773142E15
1.296771975681794E15
4.827725018637885E15
-4.99661091246645E14
-2.5879122499135935E15
-9.963348422532909E14
-1.6599561961331742E15
-3.2524520334194155E15
-1.1515763194757355E15
-1.9132379261517405E15
-5.103180716949723E14
-1.0497276524616752E15
-4.1062525440712135E15
-2.4766839462212855E15
-3.10764958108693E14
-5.851691801742093E15
1.3770621225886192E15
-1.5872488017918398E15
-4.8395495240485394E14
-4.41043750426239E15
2.106420410082644E15
4.878694389962973E14
4.389372223677517E15
-2.786782644903014E15
-8.928066000398681E14
5.122726185731282E14
1.0207723147007901E15
4.880486237997664E15
1.6927031058133065E15
3.0006304041231725E15
4.855090503491461E15
2.492244166921764E15
2.9049574885199775E15
-2.3185136269218015E15
-2.1629171427040028E15
-2.637534544462423E15
-3.727541678072726E15
2.249212105557094E14
-4.457585695525352E15
1.9515202099300566E14
3.765590644203373E15
4.3973002293432245E15
1.2016932172244E15
-1.7785465214468722E15
-6.319466657917174E14
-1.180379195162674E14
-3.61661292982299E14
-4.500847991496115E14
-3.9747616529872935E15
-1.0778343644671035E15
2.0644656160340575E15
3.991011878658285E15
-2.825379089031819E15
2.1037898577686218E15
-3.5692946206849175E12
-4.11884878827534E15
-1.0181437646056402E15
2.284609871249207E15
-1.5480381538122032E15
-3.7263540286773345E15
5.279972680215625E15
6.65897789313702E15
-9.410605479056506E14
-3.5863025212904385E15
-2.094825974002525E15
3.18491797760326E15
2.499942245335704E14
-6.758648976305724E15
1.174162066210584E15
-5.232561071101709E14
-4.869983930512713E15
1.556854436710711E15
-4.832730391268935E14
-9.952688620184989E14
-5.508779846016403E15
-4.65169192937097E15
-2.0885173936612258E15
3.17156187563238E14
5.992640357635382E14
8.500154872240924E14
-3.499974345696539E15
2.29107214796479E14
-9.805226038144871E14
-6.4168875556233625E13
1.3815253224762832E15
3.974625297736123E15
-2.4303485205043965E15
-8.654707162610992E14
-4.0550906805742205E15
-1.0780685153200742E15
1.0295505578132128E15
2.4291936199440695E15
-6.957496890887531E14
6.375641945152124E15
-1.8277076388264482E15
1.0832781998408022E16
9.831742584914686E15
1.4062930756141028E15
-2.200032916143693E15
-2.1796720756772895E15
-3.554078700672915E15
3.2333208967381645E15
4.0434873414560095E15
3.089767547503448E14
1.1711054583370215E15
2.574062505165379E15
-4.2186925621945655E15
7.110544653397356E15
9.913693049298701E14
-3.4036164231040984E13
5.30606892185202E15
-5.4023637426934506E14
4.93201049876303E15
-1.158462691442508E15
7.152699478859434E14
2.635612642616654E15
-2.814506763276446E14
2.4960788148232725E15
6.000648546394281E14
-7.426496671538019E15
-1.499380745678002E15
2.1457810799588622E15
-3.760380253719382E14
-2.542062447588846E15
-2.809942603719949E15
-2.1849447885736185E15
1.9002785616101322E15
2.0827796036376178E15
1.856567562289903E14
-3.968424746573856E15
4.152602054046449E14
1.6475104468791865E15
-1.062012534514613E15
4.445588923196568E15
7.521295476953685E14
4.4031493875864415E15
2.2152096413855232E15
-2.1831794256856438E14
2.436476798253003E15
6.096816829277035E15
6.751595329725795E15
-1.411296922099681E15
2.937245194439502E15
-4.806670227755106E15
4.120164663672212E15
3.159560881870501E14
-1.5686623728534745E15
4.4729314793953125E15
3.063658518972009E15
-3.5544672607947645E15
2.0643661747771005E15
3.901644704300686E14
-3.3240711816095915E15
4.2227687352810905E15
1.6989739933450528E15
-1.0502662978851531E15
-4.4894280741354705E15
-2.8561468354313555E15
9.426952238567275E14
1.4642324669001932E15
1.486711580870922E15
2.744030889155644E15
4.30487383516552E15
2.3008383683516015E15
-3.3067476476644206E14
-5.271959679107273E15
-7.483753490213774E14
5.437568627807081E15
-1.0226478607331886E15
-1.957064890097798E15
4.1100091969088685E15
-7.322827936029901E14
-9.811581389318794E14
-2.100938266319922E15
-2.980117939961745E15
-2.659376903229594E15
-4.2985164400783965E15
-3.073125055066536E15
-2.742262227295345E15
-2.3574211386669794E14
2.6135871753057715E15
-2.835762077868181E15
2.279400446581393E15
1.1293173922186198E15
-1.026887766763594E15
-4.567987377988898E15
-2.4383597104790865E15
-3.2329957280943086E13
-2.0427363318017425E15
4.227234511699239E15
3.5601394173141855E15
5.110446821671502E15
7.764694587657636E14
3.839082264079589E15
-3.1003187740055645E15
1.1084720496648975E15
4.308571772466897E15
-4.571134489224981E15
-4.483964216510775E14
-1.1244698629735402E16
1.2324851886194222E15
4.913777352967989E15
-2.8175595176117905E15
8.069261229497044E15
5.751057964442579E15
3.762628733587687E15
-1.496540949550968E15
5.774067876287492E15
2.2042649470792482E15
5.527553391384515E15
-1.0047797514234934E15
-8.537031437340787E15
3.355747832214723E15
7.631344660574992E15
-4.2060319798520345E15
-3.7458974413751905E15
-1.7753457042925548E15
-1.4258238228851908E15
-8.454207576117928E14
-4.3803165593410005E15
-4.6868170226419844E14
-3.0087101267128665E15
3.2530083299701525E15
-3.912560172305024E14
-3.7532390948632125E14
7.637014572800275E13
1.653471023470918E15
2.175017111922463E15
-6.2034163102107734E13
2.7009472103810385E15
2.31703118872749E14
1.7507130726264205E15
-3.1346738999137695E15
-5.443174080415754E14
-3.1115348783611575E15
6.135733047194165E14
2.082539480440601E15
-3.749541185803484E15
-5.524608469802177E15
8.257893184334525E14
-5.362043605376123E15
-6.175824022496922E15
1.0026946425435981E14
-2.438379609493012E15
5.233344722110107E14
-4.052416108458083E15
-8.719771062575264E14
1.944982814650822E15
3.3217778840057844E14
-7.188574889260414E15
-1.0074412080920032E15
-3.2487451609618805E15
-2.6013878134909585E15
-1.567599324740457E15
-1.0889755236253726E15
-6.240853892218486E15
-1.204791588260483E14
-3.10318616864228E15
4.367424652365746E15
6.100098079026816E14
3.0311203043926435E15
-2.0914180867527515E15
-9.112302608622384E15
2.853801364958975E15
5.632127949614499E15
-2.4404657088487895E15
7.635931466773698E14
-1.8620530672281218E15
4.168838122430566E15
1.5730712630217918E15
-1.8973565091527962E15
-2.517082137808988E15
-2.3493832414902275E15
2.0284066127831582E15
-2.9299203435185525E15
-6.558482847384883E15
-7.600650818895111E14
-3.2771438451255025E15
4.4390225016164845E15
1.6655308612144853E14
4.217272468380832E14
-1.9733521538936922E15
2.297923175432185E15
1.8554180063175045E15
1.519973971985511E14
7.486128553501222E15
-1.2448816087741655E15
2.2431661708588425E15
-6.200062894170959E15
-4.0776461003778585E15
-4.4858346553485175E14
1.813928315232851E14
2.8713093535987955E15
1.6952626983184975E15
3.1213899222727855E15
-2.546144169777644E15
2.76570622540454E15
6.663987208487609E15
-1.081773523087493E15
-3.573528680589434E15
-1.1297104488401932E15
-2.6261612434220825E15
-2.4588193092226755E15
-2.527613516333207E14
-4.420112286481376E15
1.9922900624099094E14
5.077315218990779E15
-1.8111754288447935E15
7.350510458077045E14
-2.298106998317975E15
3.4546121662789975E15
6.56010257164144E14
9.948724350782539E8
-1.7324373763550922E15
7.754759692691997E13
1.5515494269936008E15
-9.527571806941758E15
1.264640086076315E15
2.2357378890974388E14
4.517004061702558E15
3.4856914051840775E14
-9.752869462854866E14
-6.66109218698326E15
4.0673550749636685E15
-3.709122375351535E14
8.005318202456244E14
4.420578698622486E15
-6.449030830310215E15
-3.3297056388492095E15
9.004498719209823E13
-6.692697346494485E14
-1.1232416940282365E15
-6.931369302123901E14
4.053785037613888E15
7.206803945541708E14
5.270648830279458E14
-9.077151802043384E14
4.6038301167117494E14
3.361756475701195E15
6.410486516141076E15
-1.2239562289149532E15
4.893858388808027E15
3.691806315362118E14
-1.7185014372424672E15
2.3632135166585525E15
-5.245156280771364E15
4.2359744540321605E15
-5.999020822121474E15
-1.62112041073372E15
-1.8011245908677968E15
-1.7361007833581406E14
-1.5546118042298765E15
1.2797891109883894E14
5.618568474108141E13
5.313070659141132E15
6.441791605795098E14
2.34301526308005E15
-1.9665259665889895E15
-3.3856969993730065E15
2.1247100803629312E15
1.8922294351741228E15
-4.632398371469272E15
-6.248814249655448E15
1.2387942996902728E15
-6.264817590260696E15
-7.268293833573294E14
-6.844675901885964E15
2.647776442568012E15
-5.4002217016565106E14
-5.938687006214919E15
4.720898802634138E15
-1.4827033285178928E15
-8.654371419232806E14
5.527397403915943E15
-3.108513200251016E15
7.473037195844747E15
2.0000290910489522E14
-2.905014351690704E15
-4.514977748499527E15
1.1729422868317125E15
-2.4476369601044855E15
3.7963414027940356E14
-1.139427681739173E15
-1.1913039019018785E15
1.0226280159680281E15
7.212852622077532E14
-4.879371301395319E15
-1.695856329907145E15
-5.989796244402306E14
-2.321975324595749E15
3.4692039244375425E15
1.5954918075671338E15
-2.900673587961128E15
-1.42214161257936E15
1.991082377973166E15
4.658760862936036E15
-4.816595469346113E14
5.445307897192663E15
-1.908864702008153E15
-2.546197050167219E15
3.698120329048564E15
-8.347378794771068E14
-3.792294062774586E15
3.570026794106968E15
-1.2735371811242145E15
-8.729046012463616E13
-4.842970975192373E15
-4.009243975984342E15
-8.071268933207755E14
-5.136958199234237E15
4.728045515842693E14
-5.611800165859595E15
4.1127164919549375E15
5.574129370851459E15
-3.048877031471591E15
-1.2325577498914165E15
-4.202626922446377E15
1.2648740354569508E15
1.6172201905405588E15
2.7944745984904805E15
2.849334694747437E15
2.947799358932972E15
-4.3866190978366455E15
-1.4610085542807958E15
-4.666145092742472E14
2.3628082540190335E15
3.0377025426198995E15
5.505681111938477E15
2.311304521618805E14
8.101666674613665E7
