2.2429612241938872E16
-3.0394627673168088E16
1.9273675383488576E16
-1.5102089030794812E16
-3.400677967808882E16
-8.554591958920427E15
1.5519911592696928E16
-2.0240851472956304E16
3.0949188807135804E16
-1.2577061648785018E16
-2.0303319251121216E16
-6.697377751307222E15
-4.789313966751738E15
1.3243437942982412E16
-1.7596950642017684E16
2.4254966642346935E15
3.0457131349023656E16
-3.5925114942850192E16
4.4170440983803312E16
1.748113778846575E16
-2.6990992691974968E16
1.6969108244062534E16
2.1695563569521508E16
-2.044084119375602E14
2.6168757839096555E15
2.956942766594974E15
-1.0061683232463734E16
-7.631146498899882E15
-1.5471004704959624E16
-8.986022176421503E15
-1.2998872812081828E16
2.9934302286226752E16
1.0218503466023294E16
-9.3565458553467E15
-6.858472543074143E15
3.348104460543316E16
1.369579037555404E16
-2.7981572010572185E15
-7.470911297418077E15
1.5776499422667846E16
-4.142720497303648E15
8.018695249676621E15
-8.723558787875259E15
8.147198444721934E15
-1.1985227610054705E15
-4.7528863001859875E14
-7.924500715382224E15
1.1598087276236738E16
-8.001292319010272E15
-4.2549580433216305E15
-1.0822301945211094E16
-6.216465475261977E15
9.738741747247434E15
-9.130554447795266E15
-8.052801957485418E14
-2.5757094238828004E16
-2.4461280840956525E14
-1.025902594821202E16
1.1905454571730504E16
-1.1242368997602044E16
-9.577576016312782E15
-3.9087001737332945E15
1.0218462620761054E16
1.9684376345092444E16
1.4988757289541492E16
-5.19631907937124E15
3.4288492396561908E16
-9.088484028640376E15
-1.56764020429312E14
1.7499040833460658E15
5.437072425986749E15
-6.095745794149802E15
-2.787850371285077E15
-2.240437840038378E15
5.82186075608747E15
-3.2208195065074605E15
8.121675620834897E15
-3.1824640203120895E15
2.5318378315408594E14
-1.7436740767589315E15
-5.353099733895301E15
4.3092681220726315E15
-5.771270602442383E15
1.564156295495585E16
-4.248023570402936E15
-2.498809095972322E15
4.1086963841813945E15
2.0593317162486112E16
-4.3559681750991545E15
-1.0029468153124646E16
-1.0307852793840588E16
2.0900921336543296E16
8.025307967280294E15
5.645962703721045E15
-1.428982939054541E16
4.450029395133206E15
-4.03234755069985E15
-1.8719409010690088E16
1.959124656223734E16
1.2907731582448198E15
-2.459129199169457E15
-1.1267140883562682E15
-6.079449812202345E15
-9.173444689384898E15
-2.452943267850954E15
7.553220987350893E15
-6.033693499382518E15
-1.0031511864861058E16
6.023610275399692E15
1.1506559606355332E15
6.503641254107593E15
6.713563309818395E15
2.3270798655319355E15
-3.073831856080432E15
7.612555961275544E15
3.538566104815062E15
-1.0650329799077926E15
-1.083958681750981E16
5.999988694507311E15
-2.4185020341512135E15
-9.258489703754428E15
-3.096453662826003E15
-3.104450591932338E15
-4.710235655631477E15
1.1521602911799522E16
1.7462638539925196E16
-1.4742950832566234E16
-6.483730854485109E15
-1.4158188253031005E15
-3.1885468526113415E15
-9.927266326915074E14
7.26320846414399E15
4.938607010962709E14
7.691576950027621E15
-4.047913782403295E15
9.022059498237462E15
-1.6710065628728582E15
9.541864845128512E15
1.2613167660416388E16
2.4191599301439745E15
-7.534250049774318E15
2.582123299543158E13
3.613371710217126E15
5.105336622820384E15
-1.6113893126357085E15
7.327222801998125E15
-1.036587692229786E16
3.133625619651732E15
6.714548327694996E15
7.420944998665802E15
-3.6564949456962335E15
-6.447486723365572E15
6.496731776906055E15
1.5653913929711906E16
-1.0439769259932046E16
7.992828086810468E15
6.516373560987407E15
-2.1651385662794876E16
1.5767665186992942E15
8.209973130572779E15
3.4965779811749195E15
2.4277323626650625E15
-3.645392072405466E14
2.5775656068099515E15
-1.821791634294762E15
4.684436534233814E15
1.4908108238764772E15
-1.044474049838823E16
-5.279166880397722E15
4.0785293096419895E15
3.6621898519490865E15
-9.438327729578116E15
-3.857183331005715E14
-3.2889555003325985E15
4.648188536607314E15
-9.661803971724046E15
3.7308221743802295E15
-2.150749073927504E15
-1.483567869815936E16
-4.81829212070967E15
-1.809435504457402E16
-3.765567722841797E15
6.698310223851724E15
1.4002293037255606E16
-2.321798273354749E15
9.014037213341416E15
-5.180564390743942E15
3.204560745727513E15
-1.1467388804463786E16
-4.194016090956244E15
-1.0336624431791478E16
3.7309943300832625E15
1.1566522885326734E16
-5.55078563915687E15
-8.201779087483743E15
-2.0828957254310448E16
-4.1231601342341075E15
8.159297216760264E15
1.08910699499382E14
-3.175055983221234E15
-5.594880727982523E15
6.893118216201028E15
3.0600355152804005E15
5.388095371061462E15
2.2533628869150185E15
7.9303281116277E15
-7.383110270828824E15
-5.120096682073926E15
-3.3790772799914205E15
3.6504063136879725E15
7.511941443719053E15
8.554099041002335E15
2.3472631063837365E15
3.672737092140266E15
-9.615476979969042E15
-1.2684307582023305E15
1.7054413080159764E16
-4.961960131857851E15
-1.840650492500239E15
2.1291912053941798E15
-3.9749321362493635E15
-1.0682135498623812E15
-2.0763042835618695E15
6.117927749294937E15
3.7741381867432925E15
-1.2781600449532415E15
-1.4366741075207514E16
-1.523577664940678E16
1.081136559652116E16
7.315197906893411E15
2.4782890710553835E15
8.605176467913561E15
-6.084004020804521E15
-3.328402926555556E15
5.698722711391926E14
-1.4194171454190934E16
-5.179406326759902E15
-1.8501730282653128E15
7.659675330746277E15
2.9312721873726985E15
-7.576664711335744E15
-1.3698185988030478E16
7.677139287678411E15
1.426986261510378E15
-1.7336143161460408E16
-3.722463847178609E15
1.0670016706648762E16
1.5521103578557904E16
6.313496914909453E15
-1.1922709130989306E16
-7.32220378531855E14
9.975330694542054E15
-5.015203834452707E15
-2.0815569153057897E14
2.614715226003084E15
5.12433632624027E15
-3.18505762405238E15
-1.4561145318643988E16
-4.750146493440788E14
5.854508632725869E15
-8.618883214047803E15
-5.277848662939956E15
-2.416005599635036E15
-9.314392151642141E14
-1.0719433361637198E16
6.76916609214622E15
-8.459806228776132E14
9.851679794806374E15
2.667050008949009E15
2.4776248915505835E15
-4.2910378358227E15
-4.676108510655083E15
2.578369842166804E15
-1.9026890498897675E15
-1.3074581850167435E15
-1.1466750750629946E16
4.452509675525437E15
3.284553990244759E13
-1.1882837012284186E16
-5.903426662153757E15
-9.016082847331656E15
2.590340109490947E15
3.2257542126007255E15
9.961391238848204E15
-1.0365013550353088E16
-8.436301243128371E15
4.097683037228723E15
-2.2885859398284065E15
-4.4068004358541095E15
-4.3117057812249575E15
6.507140033939111E14
1.4394675571146165E15
9.784828946677506E15
-9.748940931067628E15
-4.4286366319736865E15
-8.813746947255122E15
-5.350788439915118E15
9.847632268368648E14
1.1279650906287826E16
4.980942764568218E15
7.467698262644828E15
3.4271861802453895E15
-1.6938571353484506E16
6.252491727877188E15
-3.306221441273479E15
5.85082529137078E15
1.9094294081737698E15
-1.1040802572199476E15
1.079784672200001E16
-1.504375042097903E14
-2.7825572371920205E15
1.3846722860470805E15
2.592851431254638E15
-6.226683573795309E14
1.083250867449319E16
9.78452746806043E15
3.3625258860580595E15
2.941776399920773E15
3.358114324449954E15
-3.5711551522936125E15
-4.2103564432679275E15
1.0889817188004308E15
-4.865171834095735E15
-6.927386485114186E15
7.467077001435806E15
6.161319174899322E15
-1.358212624004849E16
1.7700201143850048E16
-4.731572487578219E15
-1.4421977178221228E15
4.643107660894609E15
2.7510407877337805E15
-4.756445033185116E15
-2.1269830812855748E15
1.7198682001021142E15
-7.536412182353673E15
5.28808170687159E15
-3.9310776583265235E15
3.454836007081511E15
-2.0684681150834202E15
-4.238919107089365E15
-1.7449918464411314E16
-1.0159780996599292E15
-9.160274690395352E15
1.3853627254789434E13
-3.310275329203484E15
-5.468027620720701E14
2.9909865681114355E15
-3.9404575530714575E15
-4.2575280676620865E15
7.697190299756362E15
1.2705370560775386E16
-4.970255402251738E15
-4.165390210334509E15
1.071748522595889E16
1.733018353134923E15
-1.7276052453177895E15
-3.9145721158373145E15
-1.894982102770951E15
-1.2775744941084322E15
9.086098936192096E15
-3.7096925535906665E15
-1.212211802289149E16
-2.6781887842166315E15
-3.1201285231909165E15
1.1855550635334066E16
2.756519925938211E15
-6.285234702153158E15
-6.098475096896854E15
4.761378334920929E15
-6.494718556041087E15
1.3491582396504268E15
5.644663913807687E15
-7.741819355290907E15
-7.089443028012898E15
2.296155758258329E15
-5.148386205565337E15
-3.173777730232542E15
4.678840336357529E15
6.569870031778875E15
-1.0801619928045068E15
-1.1351967954210746E16
-6.668466418673743E15
3.597853125770295E15
-5.347592094690238E15
4.660003391944153E15
-7.147779995317731E14
5.622888021857115E14
-2.0292457598548553E14
-4.4101996621259835E15
7.567641496004281E14
1.0196283792596048E16
1.6563029759259292E15
-4.201901037639451E15
-4.483757136997732E14
3.962226100599671E15
3.456746512204419E15
-1.1537384394166918E16
1.720754827481514E14
2.616342531926846E15
-1.2728145690988898E15
-7.034626809150083E15
4.8310207840466644E14
1.1491653252870122E16
5.355863229467642E15
2.987468690487522E15
-7.028385739859406E15
-5.948919934172614E15
8.551905707847246E15
9.15820370991447E15
1.515620340439332E15
1.2677352616286354E13
-4.0597582130121415E15
5.139808361425703E15
1.6039600929516222E14
1.4596654028524125E15
5.90191805446338E15
-3.077714625941955E15
-9.021598281745482E14
5.283142870557582E15
2.8393486107775846E9
6.997540059309883E11
-2.748830614069514E15
2.2845329123725816E14
4.756200107705333E15
-1.1236679507256712E14
-5.804494841279574E15
4.388080521821958E15
1.4589210679422722E14
-2.3763106479675415E15
-1.0960742215889798E15
4.359170998534384E14
1.7084786359458598E15
-4.441438367363295E14
-5.2944911092356E15
9.464110720279498E14
4.82172950538284E15
-2.9254123113914745E15
-1.3543043355712E15
-7.963650827295233E10
-1.1078431703753546E16
9.050644867129174E14
6.649825620928294E15
-7.037162944387306E15
1.86010777831027E15
2.489558163992712E14
5.3739558523601654E11
-1.0041811739085727E14
-1.0273870491868552E11
-5.700655148939958E15
-7.99075693568524E15
7.165429213680461E15
-2.3120803410364275E14
-1.453531362540879E15
6.592393133827082E15
-6.309529229711226E15
3.1844331459105635E15
-2.613904355938209E15
4.509530179820517E15
-5.697744035835632E15
5.764827954572537E15
-4.165742555400381E15
1.2939242633422565E15
2.1219862257200872E14
-7.049632393382569E15
5.719728239911126E14
-5.729806369973287E15
-1.0926382236038582E15
-1.2854691014274555E15
5.850806929012047E15
3.785735636162478E15
-4.006468356369453E15
-5.796761937630562E14
-2.9010503793423955E15
-6.473870305463184E15
-2.9651683033115395E15
-3.587707515802443E15
2.227649755386727E15
-3.347345222405849E15
3.8019474713467075E15
1.1001980923118938E16
6.602146413765412E15
-2.586071424157063E15
-4.826551565430071E15
4.43600724940445E15
-1.0706727012617664E15
1.6630713449414888E15
-6.520400320707247E15
-5.074709383789669E15
-4.400251546024089E13
-2.939789920765978E15
-5.980293918411446E15
3.7952413686919895E15
2.8690114799963515E15
7.825562663347866E15
3.2735061580530615E15
-5.316248774384241E15
-3.5390529800685815E15
1.4462863906813097E14
-7.526232436634577E15
-6.589580280262491E15
-2.841039974222165E15
3.8409537310311785E15
2.581715462967758E15
-1.9697421547542698E15
8.560599395403665E15
-2.7046813302928105E15
6.232246435301375E15
-5.06999594117814E15
1.0985896552870517E14
9.647654580863354E15
-2.1887314032342475E15
-1.2094756640262592E15
-1.06545610246023E16
-4.196765221312431E15
1.1298762103518014E16
-6.241184506545868E14
-4.3241490753789975E15
5.900376002742085E15
2.4732261133822855E13
1.280739158077494E15
4.917923932662341E15
-1.0114435816116836E15
3.0681935779298E15
7.207218343556841E15
4.569970622271123E15
-8.192249820607846E15
-3.7332969865782555E15
9.943086844044266E15
-1.1182902043287406E16
2.183254671571134E15
-2.685275600073467E15
-1.7244128874152502E15
-6.927886490112392E15
-1.1341943813312252E14
3.62238579450453E15
1.4719343410866285E15
2.5325358729384945E15
5.109141825928716E15
1.468518739547071E15
2.829634462052778E15
1.5742328321948858E15
7.474220874059689E14
5.393136117198593E15
3.9201128088416425E15
8.75051131694787E14
9.287593739846864E15
-2.059254747809095E15
2.6298775485041045E15
7.732181380484626E14
7.011040692087822E15
-3.8559832923076925E15
-1.2213294455317108E15
-7.297119504448361E15
4.0840313338381925E15
1.6411102806041888E15
-1.2084118321386498E15
-1.0489879756485941E15
-7.560352128787072E15
-2.981462613835336E15
-3.7556798895820455E15
-7.304249917132676E15
-4.4849851286177105E15
-3.693506352374041E15
3.0713360669412655E15
3.745310619029578E15
4.0122315755245585E15
5.48609631221039E15
-3.9103804859893344E14
6.990993647431299E15
-7.741861555098845E14
-4.992823534215827E15
-6.570180534454738E15
-1.8842852514031148E15
2.806513653630741E15
6.780748112337147E13
3.2099804899307706E14
4.498539728133301E14
1.7318910713756572E14
5.880086922566356E15
1.8132922304906538E15
-3.0461143368204025E15
-5.916710003558346E15
3.8878387918295025E15
-2.9709790170627415E15
-2.4822759765438238E14
7.096266249364786E15
1.629491265749633E15
-2.7932251361084035E15
3.249515261118963E15
5.480044848299644E15
-8.504229038991483E15
-9.55102349220001E15
1.3560638993075725E15
4.843095469993937E15
2.694873485257733E15
-4.957752623567065E15
4.203048377045006E14
1.0197653101266822E16
-1.8389042406117982E15
9.120168324088084E14
7.853135800185575E15
-2.8834339879347505E15
6.560325202291408E14
1.734359406330952E15
7.78435639955667E15
7.056746494741894E15
2.868474218860689E15
-4.098501213572483E14
-7.40122761365107E14
-1.401362774014738E15
5.341024587680936E15
5.489571387044954E13
1.1815862418880532E15
-9.352429046448556E14
-9.005430403820302E14
-6.246916308583558E15
3.881342339660819E15
1.199164266893721E15
6.350814086238478E15
1.396713967817177E15
-1.1847523663188622E15
-3.5190878789278735E15
1.0151496063712515E15
-1.0288574770931296E16
2.707355425246905E15
-1.6336784957066294E16
-1.432032327878627E16
-2.0258173626221152E15
2.8111356511599945E15
2.074778014478777E15
5.373304986555782E15
-4.843923692082648E15
-6.378042421595709E15
2.5490581075674553E14
-1.2033825739910958E15
-3.874700230889053E15
6.362139032408538E15
-1.0767650363473738E16
-1.6301679050162568E15
6.540170138391926E13
-7.518325816461421E15
1.2179045111957868E15
-7.603540279854763E15
1.5056671844009155E15
-7.61895155791941E14
-3.831784794990089E15
3.0901469634984425E14
-4.455493495477033E15
-1.2893112382849108E15
1.1186497775004006E16
2.55037064589506E15
-3.315505676073292E15
9.670170688507979E14
3.388125558562982E15
4.887907771629199E15
2.8423080401349415E15
-2.8830308616472635E15
-3.506411847252872E15
-6.001813366353995E14
5.699461275200631E15
-2.849178067528471E14
-2.9861868149934855E15
1.1903815227489098E15
-7.225170346618321E15
-1.195793876812982E15
-7.006449711310608E15
-3.043129322728259E15
8.051825210854194E14
-4.2007562305824755E15
-9.018362651519752E15
-1.0639754092545818E16
2.0560753736453868E15
-5.066602313960358E15
7.365652410569607E15
-6.348899534189657E15
-2.682088330135028E14
3.044395700354972E15
-6.29472628432104E15
-4.4647968346970735E15
6.055702230990911E15
-3.5292118448668065E15
-1.0600518216365025E14
4.564611523564204E15
-6.61537757531345E15
-2.369803381041499E15
1.7680115038001338E15
7.356260067908327E15
4.142696196170447E15
-4.2465434135041894E14
-2.8712940306873555E15
-2.1316034162913125E15
-4.2121739854702995E15
-6.890219207453286E15
-3.6470791623859915E15
5.440148711684767E14
8.856270935010766E15
8.337814729319974E14
-8.259958980997668E15
1.9734722882376138E15
2.145123456228625E15
-6.632041604637368E15
1.1117881909706202E15
2.1355500069567718E15
3.3527267932593745E15
4.043100341676791E15
4.243547236098887E15
5.880633514961885E15
4.722440702481028E15
3.4955188287971095E15
4.557339267443803E14
-4.276252562194397E15
4.2841361696517245E15
-3.59446089297498E15
-2.0732951923205778E15
1.421198427121981E15
6.755028336634553E15
3.6286253818119595E15
3.6413221435809984E13
2.5665688755360565E15
-6.775457842389559E15
-5.238850290471795E15
-7.155610912944778E15
-1.902151584608333E15
-6.319746744682157E15
4.122895074050646E15
-1.9222884571276038E15
-6.120677243102954E15
6.366614953546625E15
7.60543511597329E14
1.7727635424839252E16
-1.7453409571906215E15
-7.915585381090518E15
4.943995508227877E15
-1.2003816245994334E16
-8.233771789134694E15
-5.157689974112726E15
1.8791951172708372E15
-8.700359659041597E15
-3.2303442952979115E15
-8.332729901188816E15
1.709501760654105E15
1.3051379324147652E16
-5.346288270101088E15
-1.1388780867927318E16
6.349469904980777E15
5.990404912921741E15
2.575615057387334E15
2.2535918191566825E15
9.139680144900881E14
6.581721449726508E15
9.536029656047269E14
4.621607321453876E15
-4.796570407920773E15
-2.6878168748219575E14
1.2292474071739445E15
-2.2974003775032806E14
-3.3198495249970245E15
-2.3682572174965E15
-3.668685379486634E13
-4.418914223976138E15
-4.24090103460535E14
-2.2866765530928755E15
4.250625801913825E15
1.1018938915542201E15
4.3942938285789105E15
-1.6840107440557285E15
-3.338517458173088E15
5.68840203116238E15
8.095874097149307E15
-2.0281812933997392E15
8.127525468284384E15
9.711459709511914E15
1.491968879989663E14
3.8528942834118425E15
-7.041595767505305E14
6.581814054196764E15
1.2823117841464895E15
-2.6522866106909255E15
-6.581804554129608E14
1.104275632943241E16
1.9361462087676858E15
4.931437852161684E15
3.7196845319843605E15
2.0946646627542408E15
1.3375706210830898E15
9.128766292420258E15
1.9973287504484816E14
3.7873729757868315E15
-6.33566579546558E15
-6.705636951542484E14
-5.487467375009469E15
3.2149896517656815E15
1.4623860245670958E16
-4.843622449961408E15
-7.964414183883986E15
3.834231740773141E15
-1.8081972163068458E15
2.8955010511573895E15
-6.037039165954649E15
-2.721546446262656E15
2.972891967385474E15
4.0023305535322325E15
3.690232100432343E15
-3.9347915548955105E15
4.2857560793228785E15
9.106344443837702E15
1.2727288591112952E15
4.941106585111831E15
-6.745566060108024E15
-1.043929220121243E13
-7.560262442054601E14
2.6052273172481805E15
-3.144953752255192E15
-2.9214958228796255E15
2.679040415755836E14
-1.109289535039262E16
1.9999663217465285E15
-3.5228126768144615E15
9.971592761121402E15
5.968871169382434E15
9.485705519978789E14
1.2590505151435766E14
-4.546534081797375E15
-2.352419643479009E15
-4.528558803362196E15
3.4204489715665275E15
-3.8897099453622475E15
-9.66693120995063E15
1.7637183634397742E15
5.124695601589436E15
1.9632121855096905E15
3.8294436365330645E15
3.356940527836874E15
4.865234687090087E13
6.573222186334028E15
-8.97485275613821E13
-7.266792897694817E15
2.5516339663504325E15
-8.970882671498338E14
3.136134348886762E15
-5.482702319685072E15
-1.1481839805639312E15
-2.1403219862248652E9
2.2945873960781925E15
-2.776204831272974E13
-2.4973276786928465E15
1.5223015948779568E16
-2.2522850910886895E15
1.7948959056352672E14
-7.020161149576145E15
-2.399401387716668E14
1.5070264118307915E15
1.0345584846948346E16
-5.587048678696004E15
5.865504262694701E14
-1.4716306471474488E15
-6.377913618510479E15
8.652738594917586E15
4.615276903099703E15
-1.4855802713000978E14
1.848945384286014E15
1.7687383670926265E15
8.655387380400884E14
-6.171531037883623E15
-9.864268959394164E14
9.479090629813045E12
1.6763235953360598E15
-8.517384864843961E14
-5.246580740611152E15
-9.227480754847944E15
1.0701962710990975E15
-6.949965395865562E15
-6.880859662868151E14
3.0406265031447665E15
-3.61883285186936E15
7.56573253212858E15
-6.452887364692534E15
8.920596639834543E15
2.4786236982818865E15
2.781025637441613E15
4.0843032122082494E14
2.2736250385430945E15
-1.323676828696108E14
-9.715905462405666E13
-8.623006811275028E15
-1.975293089513666E14
-3.889696071262228E15
2.7352240069431125E15
4.925838705038465E15
-3.1124390258897555E15
-2.911963601743447E15
7.090546593053106E15
9.76903226290693E15
-1.1539046710332498E15
9.280455023567432E15
6.467324247348099E14
1.0475210751394158E16
-3.6437152258288745E15
4.215006043461924E14
9.099810268571068E15
-6.99766925044096E15
1.6582813745482965E15
1.3046199006838922E15
-8.767185819847993E15
3.9209094162508675E15
-1.1193143476532834E16
-3.6262576088752875E14
4.1841917724045475E15
7.426682278357152E15
-1.5329024875335925E15
3.526656947235498E15
-7.147455779477631E14
1.5609346234005772E15
1.7627714554004385E15
-1.6858642196379065E15
-9.16053690677888E14
7.774395041508905E15
3.131291965783753E15
8.101757722387859E14
3.985240323256113E15
-5.238731801823356E15
-2.6324862227775275E15
4.863100923339559E15
2.0325890036100802E15
-3.1759410341467855E15
-6.95324289207753E15
8.296373116342334E14
-8.687779808411878E15
3.6558293677020795E15
2.9307299775589135E15
-5.500161957253417E15
1.849557047775075E15
5.922970692510945E15
-5.119333193919931E15
2.2697186474851285E15
5.1226842932010944E14
7.448748873347253E15
6.267779518725566E15
1.7032090228308352E15
7.84332180090762E15
-1.0923533030690412E15
8.36200357913206E15
-6.553633829456563E15
-8.74233829217161E15
5.058351950116609E15
2.1985131470184095E15
6.857501667806631E15
-2.044832226015738E15
-2.685604651079119E15
-4.2105016329720725E15
-4.1273393092202585E15
-4.858965782695744E15
6.946905471401978E15
2.3302349805595935E15
2.2866604991658494E14
-3.7086185424824455E15
-4.831579848304177E15
-8.381038413012679E15
-6.373017220426958E14
-1.2134672784968185E8
