1.9358499449984768E16
-3.0183753383770512E16
2.3204650488692356E16
-9.340269574437212E15
-3.2942122463738608E16
-8.263980222841878E15
1.426398929612486E16
-1.8942176102354148E16
2.7702662233192384E16
-1.3056450988404474E16
-2.1097007282122444E16
-6.851418926745973E15
-5.872187507427691E15
1.1925435477613846E16
-1.651250838151426E16
1.3069456145482648E15
2.7327850168613944E16
-3.4330791694985728E16
4.3275801930736576E16
1.6624871589250568E16
-2.6345414912968364E16
1.6090098769657266E16
2.0176627589390952E16
-7.357673541233754E14
2.5935902229755905E15
4.0156853151592035E15
-1.0139812522617094E16
-7.199767987685514E15
-1.5468770003803666E16
-9.476558993557328E15
-1.3204260632526074E16
2.906862161483636E16
1.012619098614378E16
-9.086266135914276E15
-7.478008010993121E15
3.1593194715802808E16
1.299788464567302E16
-2.7518974378044875E15
-7.521321460071517E15
1.4493158446021788E16
-4.619131103449592E15
8.10864422783693E15
-8.594286215752211E15
8.403146596749538E15
-2.3886445278493065E15
5.528650869191062E14
-8.417751073872377E15
1.1412073677572704E16
-6.611158189042253E15
-3.949241957406866E15
-9.769673870086862E15
-5.84325057019068E15
8.955834668891136E15
-7.877297193881171E15
-1.3830500051177017E14
-2.5266429985174692E16
-2.4971213175028803E14
-9.772379063010778E15
1.172381666231768E16
-1.0696473018309932E16
-8.982865472529307E15
3.925856053786876E15
-1.0893800523750598E16
-1.9150202486044352E16
-1.3628222115859916E16
5.320113466081321E15
-3.4037417332782176E16
8.916803683830429E15
3.916774526754133E14
-1.5472905889615458E15
-5.366829460934412E15
6.99773285260018E15
3.2916096421638275E15
1.7545362107405302E15
-6.153267487696941E15
3.2132411838790915E15
-7.516351450400088E15
3.0644675571253225E15
-1.8666545696639962E14
2.303755894704236E15
4.701079150745438E15
-4.540429747133599E15
5.245017798670649E15
-1.4775808863891904E16
4.0488678430018335E15
2.1837718737437472E15
-3.603850424905194E15
-1.984534905544672E16
4.755308649334093E15
1.019212486203085E16
1.0610650792857682E16
2.0851324621628008E16
7.587575242883475E15
6.514063497270623E15
-1.3882368539060688E16
3.8873345387986165E15
-4.01069837324714E15
-1.7386972352151386E16
1.9011163024631908E16
1.8462877762308115E15
-2.4785420631724075E15
-1.2315988468159218E15
-4.885617145752927E15
-8.409580457899248E15
-2.5104458230247665E15
6.278878475833297E15
-5.991351006989541E15
-9.58496990881917E15
6.741515177080897E15
7.583047954611156E14
5.266913600129399E15
5.854636116029472E15
2.4826380577186305E15
-3.128987893471123E15
7.493575909437002E15
3.7214019295440975E15
-1.130489666862592E15
-1.0678281499461804E16
5.558506881647723E15
-2.010008215149072E15
-9.99867778628826E15
-3.656818542439841E15
-2.6236586256923875E15
-3.455707162818264E15
1.1531807948228476E16
1.7557005972067526E16
-1.4600123633200974E16
-6.478811146896466E15
-1.6803295380233578E15
-2.918561291510785E15
-6.971234653381964E14
6.296571785674146E15
3.578783235313779E14
7.741172634722197E15
-3.7720347330856835E15
8.100001119141927E15
-1.807293723342766E15
9.018653543542932E15
1.2780167526077696E16
1.9449840849721352E15
-6.643652125771966E15
-5.243984714562085E14
3.8922671816713065E15
5.210946143938008E15
-1.0173610065742818E15
7.255217633387954E15
-1.0569097308924046E16
3.534627387842255E15
6.467789761583072E15
7.140210653802156E15
-3.5442746055435495E15
-7.150536712791965E15
6.462181799419479E15
1.5322926879054052E16
-9.853500104154558E15
6.578915954186323E15
5.722768593693894E15
-2.10494446809249E16
1.4134034131662912E15
8.080463911349236E15
3.3796707929745915E15
2.5705078395679795E15
-9.973712063667055E14
2.0819321883809892E15
-1.7022691872531868E15
4.299786627173698E15
9.900173615031536E14
-1.0104084555172268E16
-5.346277721832471E15
4.102771404009379E15
3.798665880496168E15
-8.775466132743687E15
-7.603504830934805E14
-3.310846578065261E15
4.87314568583406E15
-9.291475904994962E15
3.545133273858012E15
-1.8217996423654098E15
-1.4494216109113836E16
-5.104954722190247E15
-1.7316744055636166E16
-4.048022548562591E15
5.376110937514175E15
1.379304382573139E16
-1.982960803435794E15
8.783808358130015E15
-4.424812934341022E15
3.0800222111068535E15
-1.1010236617370884E16
-3.7694358436218835E15
-1.0059531153873572E16
3.324707222110564E15
1.0390929310408466E16
-5.13321148237946E15
-8.1558386921931E15
-1.9676356789324596E16
-4.4566792507456805E15
8.211512360168687E15
8.350137077394099E14
-2.948199648164977E15
-5.039008420038413E15
6.529529179060345E15
2.6811913904728765E15
5.878468634239558E15
2.33940684542656E15
8.47935099089236E15
-6.993797675236342E15
-4.760018097279833E15
-2.6597158583176825E15
3.468315478439335E15
7.179906591001053E15
-8.33734011553215E15
-2.8992385908407005E15
-3.8700915069881045E15
9.565551683351442E15
1.4790730379152722E15
-1.639380026430877E16
4.978571296473925E15
1.5553990080457668E15
-2.311324659507164E15
3.200287867325562E15
1.4765393173506348E15
2.0537494674194172E15
-5.282143691452562E15
-3.403637373297402E15
1.2504066464681268E15
1.3882876287828614E16
1.4826713128659052E16
-1.0517399108119496E16
-7.248563794689122E15
-2.8539181580610925E15
-7.539083729266911E15
6.195276251820291E15
3.344421983057531E15
-9.952760161476572E13
1.3419006665350274E16
4.851046293004255E15
1.1644879554954965E15
-7.613374476043511E15
-2.943787045189901E15
7.568495620579941E15
-1.3045438581913232E16
7.561771909842527E15
1.381338267781296E15
-1.6627772434092282E16
-2.6094632845410985E15
1.022697903853271E16
1.4928795438828124E16
5.731097315898365E15
-1.1759413034846652E16
-9.472145940779294E14
9.439813241836982E15
-5.254097595706493E15
-8.39987524652141E11
2.69761205070201E15
4.478589294136193E15
-3.1759018273519165E15
-1.409296312560198E16
-4.9187917587295575E14
6.555087015724132E15
-7.871928790186743E15
-5.242433938644316E15
-2.196365396848523E15
-5.433770264896028E14
-1.0436960516796472E16
6.446808305150905E15
-9.245277047197294E14
9.870540031225612E15
2.34999471207126E15
2.2957230938844475E15
-3.983652004572945E15
-4.818315985625732E15
2.451158536850643E15
-1.23989028598027E15
-1.6553931946815305E15
-1.136485828305291E16
3.9451335413167805E15
8.369358248780717E13
-1.1463263746013818E16
-5.7557852700393E15
-8.347781155440855E15
2.534096648643568E15
2.65844053555216E15
1.0115068281272056E16
-9.870094629231586E15
-7.834823265699366E15
3.939153865766038E15
-2.301522382445353E15
-3.735838763575765E15
-3.6165869783252725E15
3.9786442681497306E14
1.3852648677345072E15
9.359020312300052E15
-1.0025214941368568E16
-4.572708296033857E15
-8.194928503315435E15
-5.082212342480589E15
1.0192357375686441E15
1.0783609810708168E16
5.329923627979925E15
6.895617862148264E15
3.542833238374318E15
-1.6495360976287238E16
5.505244746637615E15
-3.1921774842514065E15
5.783323649070336E15
1.555870116331223E15
-7.683457063565222E14
1.0231158858644852E16
1.1516920470371764E14
-2.7673878990581745E15
1.095114411913996E15
2.7608751168175445E15
-5.272201099157605E14
1.0559202427485426E16
9.240118353127192E15
3.548844559078018E15
2.762761870415045E15
2.670981394933947E15
-3.855781232849E15
-4.3116508876900355E15
1.1275778568223602E15
-4.541952472929564E15
-6.212967368291883E15
7.124365682139592E15
6.160111669608449E15
-1.3025943280620914E16
1.685491669964971E16
-4.2908849776052725E15
-1.2192035135378772E15
4.2896473151490815E15
2.670021016070883E15
-4.568403864500659E15
-2.0382522241153795E15
1.5990927076313065E15
-7.088131115587352E15
5.031291456626378E15
-3.9498719358505925E15
3.3071074241029025E15
-2.038160996555987E15
-4.499299174158312E15
-1.6667803431875958E16
-8.535009621175925E14
-8.324894424635097E15
1.0958575169553531E14
-3.462731618190912E15
-3.0351938210066944E14
2.804503375304734E15
-3.555021659305531E15
-4.4107194490784585E15
7.388177896405761E15
1.1925475948484434E16
-4.0461246321607935E15
-3.93859099442941E15
1.015212933734665E16
1.7751526532800922E15
-1.782840728410739E15
-4.04060520758928E15
-1.723452586543722E15
-1.334797332302461E15
8.255394776144839E15
-3.688061701579833E15
-1.135379847066026E16
-2.554213832756132E15
-3.097041104891874E15
1.1407126256433958E16
2.0260320172216808E15
-5.772597230999344E15
-6.225948220700376E15
4.386064625223897E15
-5.484886077707343E15
1.0293319195057512E15
5.841218344390144E15
-7.342715643292197E15
-7.033670587417525E15
2.0804501060900125E15
-4.894266288253927E15
-2.596887599060612E15
4.2908713094436765E15
6.260013467736156E15
-1.1535326510086702E15
-1.1121200873533308E16
-6.462759964675521E15
3.375785251834801E15
-5.418056399785265E15
4.516171886544743E15
-6.675356568158855E14
5.3266081195124644E14
-3.700660494924812E14
-3.980944015390111E15
1.0025514643094208E15
9.408484297105806E15
1.6194914937232712E15
-3.5084065034003955E15
-6.093254411600529E14
3.927761262294188E15
3.028063742015471E15
-1.0873529386297656E16
1.8316652613362944E14
2.5167634854106275E15
-1.1151704216231966E15
-6.74387713991268E15
5.096047985805868E14
1.1042527492181532E16
5.294478778105747E15
2.9271520623789485E15
-6.727546786331544E15
-6.071555266026024E15
8.3724879053653E15
8.831563178843964E15
1.1629475234743318E15
-5.719417954668236E14
-3.415408401060039E15
5.262951301946885E15
3.0541908980149725E14
1.1886189627619982E15
5.968507572562944E15
-3.0486934473363075E15
-6.412680122512671E14
5.110625813874129E15
2.41865798255309E9
5.988486563215975E11
-2.907208681647011E15
2.2898645846707572E14
4.653062058684535E15
-6.5188950652288234E13
-5.819389615187028E15
4.140158309287389E15
1.3636990184972452E14
-2.2824066805391695E15
-1.2531434225932945E15
5.0670433838497494E14
2.052512906830818E15
-5.442936716021005E14
-5.842848701583576E15
8.074489374083414E14
4.714799953763525E15
-2.34609272405472E15
-1.1471151497627465E15
-8.211802875663716E10
-1.0319083629141678E16
3.2341000380544325E14
6.311133014961426E15
-6.825020574883116E15
1.7666396753851442E15
2.03017506216327E14
5.1244515539994617E11
8.06020116602042E13
-8.035306953042009E10
-5.619451558142544E15
-7.692649715871721E15
6.712189769718414E15
6.510316645314267E13
-1.0412917524788291E15
6.33769204602694E15
-6.001529816477575E15
3.166357673426234E15
-2.8007950327808865E15
4.653401769177569E15
-5.564923589224407E15
5.558341764104504E15
-4.250611303162395E15
1.3866370407500405E15
3.29212068181392E14
-6.925290772100436E15
7.217006554704146E14
-5.683106633715229E15
-7.381680348972834E14
-1.4230561376441468E15
5.405329964031724E15
3.816282922402441E15
-3.705122632114995E15
-7.650433031079578E14
-3.197351711596293E15
-5.962558024030477E15
-2.7663386972722845E15
-3.535130429014345E15
1.749059766080007E15
-2.811872899255969E15
3.3762437687678185E15
1.0974987284692496E16
6.450143715830891E15
-2.4784435269579E15
-4.2575867689237785E15
4.190542835716009E15
-9.008896869354136E14
1.457441972482945E15
-6.712568009585276E15
-4.876634600720752E15
4.994995803493424E13
-2.5834706273665475E15
-5.063729471930842E15
3.3120060270967575E15
2.9588924750840675E15
7.613306443572208E15
3.0475902453763605E15
-5.397806561534553E15
-3.4761176376776705E15
3.067736597980107E13
-7.229212918429217E15
-6.32533298112985E15
-2.4482678242505745E15
2.8762503019919375E15
2.5826371035637445E15
-2.2626799718856335E15
8.021118941682686E15
-2.1009102032614552E15
5.41737699759927E15
-4.60103128458471E15
4.122053549968429E14
9.196537719035642E15
-2.1148033728370452E15
-1.4648352722137142E15
-1.009119576561397E16
-4.11724261823687E15
1.054079460121273E16
-4.610572841203273E14
-3.955381268436878E15
5.508289355424681E15
2.4345257069573494E14
1.0381376416110141E15
4.601023585728536E15
-9.424756247735095E14
2.973316759646792E15
7.340954504156642E15
4.657530641841308E15
-7.966182781275848E15
-3.5454003923697105E15
9.318611651577932E15
-1.1130880417536464E16
1.9636821902730942E15
-2.5753412478348745E15
-1.7128993149264698E15
-6.920797853839267E15
-1.4636421229096229E13
3.4375914123928995E15
9.706097499079306E14
2.4716961176084515E15
5.139153280906328E15
1.2521846918788642E15
2.8545695191787885E15
1.8626572471964155E15
4.0140772101976525E14
5.462927939214603E15
3.695713771440075E15
8.376070740902655E14
8.388508557545971E15
-2.217476194959441E15
2.7318544071134085E15
7.602817057785516E14
6.769965584311034E15
-3.7787118368219685E15
-1.1236691045327242E15
-7.283051154370478E15
4.000848027423407E15
1.8100040764723648E15
-1.3477188532861918E15
-9.772945086554188E14
-7.149504218542449E15
-2.5395703224311685E15
-3.9650850922733175E15
-6.757387555197893E15
-4.943025558959263E15
-3.353081952895291E15
2.9164632415102635E15
3.6356572015314365E15
4.0607733565784725E15
5.065309627132252E15
4.812193099468929E13
6.528617387105294E15
-6.022447874825839E14
-4.98061910355911E15
-6.130757910829437E15
-1.8207071081556125E15
3.0655667526014105E15
-2.2272233174971766E14
2.0938324524121212E14
5.927161573070961E14
6.113479903589702E13
5.295282019012037E15
2.1520554395033735E15
-3.134036563273696E15
-5.212777500788663E15
3.6311664995917195E15
-3.0368253085016675E15
-1.1827442602377864E14
6.405456312378904E15
1.7058131670454362E15
-2.894987969719567E15
3.2307400243105095E15
5.205362412125902E15
-7.851828349406095E15
-8.789975658053424E15
1.3290074775441158E15
4.514577133948639E15
2.4171176347302205E15
-5.291155087675099E15
6.009356590548738E14
9.670385157149326E15
-1.4828877494078528E15
9.845585248376992E14
7.775108713416079E15
-2.9021444941866615E15
6.139708272817574E14
1.9814686730872895E15
7.829199041117002E15
7.191913255036665E15
2.6113289684329475E15
-4.540280376617292E14
-4.755040779764061E14
-1.5249473643777405E15
5.532273127819976E15
1.5279103366466784E14
1.4201941884602085E15
-1.0031563012497992E15
-6.763232423049915E14
-5.999973780875385E15
3.862649997585053E15
1.1060528789262102E15
6.117797552016148E15
9.856168639635329E14
-8.932583157639884E14
-2.842440798415929E15
1.0163956377064021E15
-1.0283060666645274E16
2.865584442151769E15
-1.5487434683289696E16
-1.3621884836549222E16
-2.2045135267601878E15
2.6393218840692325E15
1.8529866588773038E15
5.417564368632584E15
-4.556513989021477E15
-6.106201354955949E15
4.604285292356078E14
-1.192815402679449E15
-3.743371207958343E15
5.892490166488344E15
-1.0097016852891884E16
-1.6135425797025285E15
1.562062768200113E14
-7.39930668611847E15
1.139057335260582E15
-7.075905589135798E15
1.7314709805845912E15
-6.388918535976191E14
-3.500002316194013E15
2.004772183199257E14
-3.9702900554537105E15
-1.5329647223755552E15
1.0752192609321966E16
2.367862573554406E15
-3.307237017585963E15
9.043327860478276E14
3.486423743070162E15
4.741015692980563E15
2.712528011753673E15
-2.6843467069465235E15
-3.410214646248403E15
-6.651229729898968E14
5.104796030667515E15
-3.709568209828329E14
-3.0038378427462435E15
1.3208861932632505E15
-7.140769710682895E15
-1.271428665085838E15
-6.845349696802205E15
-3.3912220024358315E15
6.234068606042249E14
-3.8388843250654405E15
-8.751651915833861E15
-1.0130345396260278E16
2.2411016511841395E15
-4.761679016490729E15
7.292930519882775E15
-6.312424100773397E15
-6.222577612030042E14
2.735021642605457E15
-6.378746089848556E15
-3.9693231807731595E15
5.888673489664743E15
-3.673354758605166E15
-2.6349874218113984E14
4.782559778195224E15
-6.256873392892624E15
-2.450894453044871E15
1.7845060073406948E15
7.298286262134489E15
4.335019919328243E15
1.0028870903814302E14
-2.9367681619059165E15
-1.9314851685792975E15
-3.901140775510837E15
-6.28882924775581E15
-3.8333777635482405E15
6.263694910371389E14
8.203233935363644E15
9.286669676224685E14
-7.734936759336724E15
1.409685577020984E15
2.325469788787428E15
-6.205660693443098E15
1.561251493152819E15
2.316312584730288E15
3.1128677118388595E15
4.0176647770454595E15
4.246090697894499E15
5.440129106346792E15
4.601056456472335E15
3.678581029353744E15
5.426871482313483E14
-4.1908451302217485E15
4.075033050822268E15
-3.5828822800203705E15
-1.8861255077763202E15
1.6440612541498798E15
6.543034779674617E15
4.16034165322456E15
1.05690486825904E14
2.770415489556267E15
-6.398650221044341E15
-5.155085187435241E15
-6.865349584419891E15
-1.4063966055870885E15
-6.78484132608229E15
3.8771436178922155E15
-1.511655168822782E15
-6.055342331351556E15
6.054213961455461E15
5.928466134980218E14
1.6730538923514076E16
-1.354573204537806E15
-8.025541164653384E15
5.07050193938774E15
-1.125884964416024E16
-7.886452663683724E15
-5.065437869533243E15
2.0076742691831385E15
-8.42651207962383E15
-3.4856528187819095E15
-7.921618136514933E15
1.871669220054299E15
1.227516426171594E16
-5.383843438804904E15
-1.0492950737075448E16
6.296655499730953E15
5.758784166620751E15
2.327485117116355E15
1.8281376560678385E15
1.11284713332525E15
6.479251675031339E15
8.940460629603971E14
4.167741489430906E15
-4.3596722556553125E15
-9.998432399084172E13
1.0027585586641256E15
-1.1782099022266058E14
-3.248639187778549E15
-2.4474776156687035E15
-6.9393321139707305E13
-3.7187687181352075E15
-7.9090538799806E13
-2.235064894369934E15
4.075099383467097E15
9.614182839296441E14
4.1431961243552655E15
-1.391123201739299E15
-3.0817086233592485E15
5.498181539797736E15
7.517620015568341E15
-2.1698476424955045E15
7.807671162967236E15
8.979934524288239E15
3.421307937055578E13
3.8792633922520635E15
-6.680073022835786E14
6.344771597433378E15
7.826794523268206E14
-2.755036236312591E15
-5.895848015367768E14
1.025680956600334E16
1.9636928991951108E15
4.606089327371376E15
3.590113028768014E15
1.7215895720922395E15
1.5232117616946238E15
8.714304208198728E15
3.330826312694529E14
3.7598748920522E15
-5.611067928229621E15
-8.114497779099068E14
-5.0938246265188E15
2.9308300064616495E15
1.4033476825700876E16
-4.724841398682816E15
-8.154014874304609E15
3.9533246416013805E15
-1.582685935298418E15
2.8454970536831165E15
-6.114471237487489E15
-2.5954733336479545E15
2.732295805098422E15
3.9962289266099905E15
3.243724525116041E15
-3.6624912344191835E15
4.416625085963326E15
8.747358735740859E15
1.2602160485624842E15
4.861674399328801E15
-6.449459335478933E15
2.790380380301758E14
-7.66281381965356E14
2.7603751337350825E15
-2.878461979034601E15
-3.142310520986463E15
2.670497406033053E14
-1.0778188311647692E16
1.9808419247642402E15
-3.3925894629899865E15
9.663739475710818E15
5.976090709491597E15
9.588157946006889E14
4.075627888040096E14
-4.236432165339802E15
-2.0396180037474898E15
-4.569485200814768E15
3.3715785412896425E15
-3.8736623376041725E15
-9.46422679782296E15
1.7241253208850745E15
4.737019497080524E15
1.8145999395161932E15
4.113977095801762E15
2.8179004503473055E15
1.2839815868279512E14
6.583883640676123E15
-4.467831038878994E13
-7.065208785930057E15
2.4255413454742195E15
-9.819856888411811E14
3.0252762816940145E15
-5.280835179605576E15
-8.906609381508696E14
-1.7333798044325368E9
2.2526849172552235E15
1.3689010955032873E14
-2.6631705028756825E15
1.5461781123145068E16
-1.914401283660844E15
2.6572256528551653E14
-6.726357657988006E15
-3.182508449818964E14
1.6318922755123465E15
9.650355964267444E15
-5.02228322301401E15
4.159838080541884E14
-1.3508347433590652E15
-6.323367176903284E15
8.108969895251548E15
4.897465403341797E15
-1.4835231211193838E14
1.370493071700846E15
1.5264718522947718E15
9.339836704895956E14
-6.031990053716363E15
-5.4390002056796094E14
-1.2088867805682855E14
1.277342367378169E15
-9.28686254144775E14
-4.967554881562653E15
-8.887688269110927E15
1.0031256757744359E15
-6.527500040747776E15
-6.412883489045525E14
3.342946448097497E15
-3.8102145552091415E15
6.927185967137835E15
-6.25464254719901E15
8.330129588343301E15
1.802497428367115E15
2.83771111757722E15
4.623534900212273E14
2.0361704897121182E15
-6.5609311666999164E13
-2.099414813676227E14
-8.399648174520197E15
-1.598104511817545E14
-3.767868050994725E15
2.7776060821694485E15
4.997111596703685E15
-3.0041019689084375E15
-2.729121594096971E15
6.766232749181412E15
9.465651736381474E15
-9.475598164066785E14
8.543566031221471E15
4.8802798300261994E14
1.0126699098079174E16
-3.397138762425111E15
3.035485107173056E13
8.753347890012865E15
-7.025411055812283E15
1.7953581318606E15
1.5745912650196248E15
-8.387194604332445E15
4.1102267605508455E15
-1.0787635666260184E16
-4.84429701257135E13
4.145243514108763E15
7.126230524328137E15
-1.1307310870739785E15
3.1391243956121375E15
-5.806235644783115E14
1.102784391991639E15
1.7326695997142932E15
-1.9034087515366578E15
-6.767558922649912E14
7.538793237483494E15
3.1496660009522185E15
9.851310111293359E14
3.7416195600909725E15
-4.913531114707991E15
-2.4936850106474415E15
4.529307629504597E15
2.4355088171755955E15
-2.871105806811921E15
-6.339467759580184E15
6.048376718068485E14
-8.345424844093066E15
3.7580842489303675E15
2.6415450370654705E15
-5.259481759773642E15
1.7772467230016252E15
6.05415040736354E15
-5.510832539133726E15
1.9129891579978638E15
8.512951509971206E14
7.13752561444243E15
5.920317409009224E15
2.0789529674703205E15
7.467867903574196E15
-1.1035154642013874E15
8.024284515707677E15
-6.484705676182048E15
-8.523955694323988E15
4.985587801521057E15
1.863326937634096E15
6.645774699632405E15
-2.1966320593324232E15
-2.426824177970366E15
-3.913877522925386E15
-4.1479710347362555E15
-4.4902657313360465E15
6.607220769779956E15
2.2221391439434852E15
1.2899370242575769E14
-3.669099693355581E15
-5.035333888453789E15
-7.878453073106692E15
-3.7278101896238944E14
-1.1557548440241542E8
