-1.052207153833003E16
1.6913491995946416E16
-1.6785698488229022E16
2.8850246660219395E15
2.2887233933212456E16
4.860068075176049E15
-1.0049416070940812E16
9.89895604545014E15
-1.6854243293626424E16
8.399062072687081E15
1.4639647587615234E16
4.776816351594587E15
3.663515183094923E15
-4.1565682336450265E15
9.779298693476826E15
6.430401917544064E14
-1.6561519870931404E16
2.112921436844E16
-2.7857716980777236E16
-1.0109541376557744E16
1.5382136380773514E16
-9.939735941921622E15
-1.2053753908108478E16
1.5615017368442828E14
-2.896070923754241E15
-3.9220387878733775E15
4.4576523757937215E15
4.05152701410908E15
9.922522116029402E15
4.659401268948026E15
7.704304134987936E15
-1.879433497868918E16
-4.0287674144026095E15
6.499268573104064E15
4.343733489867199E15
-2.0760158576693704E16
-8.033396291675639E15
2.963794855369947E15
4.912947732525394E15
-8.510389945775975E15
1.173614891236143E15
-4.4036843964527425E15
5.646226513214031E15
-5.539329623330185E15
1.1841946906696635E15
-2.1101879648973972E14
6.348503730012373E15
-6.938709099265652E15
1.8639123821550385E15
8.545663090805428E14
6.440640857428137E15
3.6871094080194695E15
-6.288545432233026E15
3.7151889209727845E15
-4.675688489360537E14
1.6756441549094156E16
2.912683663451914E14
4.597722872700653E15
-7.707278399684175E15
7.080615841920245E15
5.895270839584593E15
2.6060131494783185E15
-6.249585140671689E15
-1.2971058242552954E16
-8.239995646388562E15
3.704355293450434E15
-2.0577791283761164E16
5.551012715390009E15
9.354703037952854E14
-6.273261693030575E14
-4.067182522752194E15
4.685601363187799E15
2.0028722243162855E15
1.2564506213646178E15
-3.5438181538229935E15
1.9153827972099695E15
-4.059636047968466E15
2.083980122042712E15
-1.9781033973863716E14
1.3479267154757462E15
3.6786343548434205E15
-3.03720090409471E15
3.7661941423476335E15
-9.158068550274646E15
1.6799203646838692E15
1.7439354929122798E15
-2.415584273968582E15
-1.156925474336016E16
2.1785214802873085E15
5.98585021542505E15
7.060203613519289E15
-1.2429161278824506E16
-4.510609206926458E15
-4.281164995642815E15
8.786139434843025E15
-1.674772700532017E15
1.613985672707296E15
1.1401406139119446E16
-1.1266206489460988E16
-3.672709729545352E14
1.1245580072802855E15
1.6662057720021582E15
2.975918488408892E15
4.4214970649747015E15
1.3044488921238918E15
-4.074716884014513E15
4.191466374697589E15
5.373156764884446E15
-5.087864182089459E15
-2.8589595932741956E14
-3.4206929285993915E15
-3.748949944827751E15
-1.3284782426574833E14
1.9993719653198592E15
-4.1631514629246885E15
-1.8758551754658858E15
1.1840537354891562E15
6.60392595960942E15
-3.9835959822230225E15
1.1755896092219952E15
6.882239593866167E15
2.278908493877267E15
1.1457100847528045E15
1.3358532751968425E15
-7.659374122458612E15
-1.1610896581948604E16
8.552131842525421E15
4.192540824968545E15
6.739300304642221E14
1.3560459936586978E15
4.623669947129272E14
-3.0168479467038675E15
-1.6293800817597495E15
-3.65604050651028E15
1.9732106039414952E15
-4.978302709936361E15
6.661804968957276E14
-5.578701770074708E15
-7.603730585477521E15
-1.5737147383170785E15
4.4799796745833065E15
7.52909948972471E14
-3.2064643664158285E15
-3.325866674297723E15
-2.046234459233113E14
-4.271258173528864E15
5.87080223011348E15
-2.783185491025116E15
-4.384561271440831E15
-4.546768351866091E15
2.8813703687872325E15
4.158358602277224E15
-4.72469092242235E15
-9.885700116152198E15
5.796248956388399E15
-3.1620856693580835E15
-2.395833223415753E15
1.3029073875525418E16
-1.7898282662978725E14
-4.735037142575987E15
-1.5540833464144248E15
-1.4824620873433922E15
5.373730145768371E14
-6.418896173588602E14
1.082768704576096E15
-2.5895924392562235E15
-9.263991421508009E14
5.724686095254006E15
2.9832143071835485E15
-2.2265403552192835E15
-2.3820541667202205E15
6.190265173079342E15
1.204733583847398E15
2.0246873918421118E15
-3.723801681767115E15
5.944066091666492E15
-2.2543789746122905E15
3.0831459680605956E14
8.768343264880398E15
3.566954311803601E15
1.0824736712409146E16
2.2486028732320295E15
-2.7785144720386595E15
-8.212485244600217E15
6.57785237008433E14
-4.572766304159509E15
2.374382672412244E15
-2.0288799423094175E15
6.232176515810068E15
1.9031064979346652E15
5.691312879107766E15
-1.6482345618565532E15
-5.928159980226548E15
2.917604224236672E15
5.494514090067359E15
1.2470943507135652E16
2.9746644765129195E15
-4.253703081329038E15
-7.60319708344553E14
1.8658362863118358E15
2.806434191324522E15
-4.366799192458669E15
-1.1246894536459868E15
-3.6401611984220175E15
-8.915412381361026E14
-5.471478013598646E15
5.206517754317134E15
2.9727622782087545E15
1.1858156683477495E15
-1.999877170317839E15
-3.9873724451180935E15
5.562929319557702E15
2.3196727025439645E15
2.2724595372425435E15
-6.000552853754655E15
-1.2648092783807788E15
1.0138324540336586E16
-2.8789523908225355E15
-1.46877616013209E15
1.5282049222860325E15
-1.9782489262955278E15
-6.918200714591165E14
-1.6723783581512065E15
4.0686200836721465E15
1.7247968036250358E15
-1.2343195084599208E15
-8.189268966049645E15
-8.538236455272253E15
6.736742127229898E15
4.032860812210161E15
1.3929894097219168E15
4.697594746093285E15
-3.5183997740928885E15
-1.5016700017134532E15
-1.1603445365206675E14
-8.151599724863327E15
-2.861035943398669E15
-4.11278856342204E14
4.312091320094356E15
2.0545570206797148E15
4.2124652256750325E15
-8.173775432453835E15
4.572367776818529E15
1.98167476797808E14
-9.982045471058042E15
-1.719694865876063E15
6.156558841490051E15
9.623747536997168E15
3.6082998262619535E15
-7.389751768598978E15
-9.315253807503171E14
5.368084362688475E15
-3.24346557641371E15
-1.9646387516271556E14
2.292768339084149E15
2.4834289053581295E15
-1.3548581283907362E15
-9.337768795910956E15
-4.8357828442854544E14
4.3345387697110185E15
-4.3184435736075185E15
-3.381485804527718E15
-1.3514559463992305E15
2.9855883516504156E14
-6.609754099970957E15
3.5806950372309865E15
-1.0318730385630286E15
5.422663394950388E15
2.2258894236682555E15
1.7792226260704815E15
2.289301865842184E15
2.69049092176038E15
-1.5969191607636705E15
5.827898127407368E14
1.4740883508085582E15
7.136708009651376E15
-2.352684673243233E15
-8.327936237901333E13
7.634551540287217E15
3.6098520561415335E15
4.726659045068732E15
-1.9187474048984635E15
-8.96060209344668E14
-6.177616276736688E15
5.584682965724918E15
4.168684466403916E15
-3.0705579011345615E15
1.408394737670273E15
2.1675093719945482E15
2.708316112701846E15
-9.875151292747514E14
-1.6634573987323118E15
-6.131891442391441E15
6.017655150366574E15
3.8359496456516465E15
5.182744066817521E15
2.929350498211987E15
-8.691683764436926E14
-6.549623341641481E15
-3.29599730797355E15
-4.686462231351603E15
-2.8359860564039345E15
1.0266577896530916E16
-3.6514059200553215E15
2.6865150453305655E15
-3.4931785108911585E15
-1.0835095808676341E15
2.7394021284022822E14
-6.797420035319332E15
-5.997588950603952E14
2.0290394165026032E15
-2.210418419985798E14
-1.703891268078659E15
3.421116278619445E14
-6.283067021158444E15
-5.592844974101195E15
-2.5170500773250795E15
-1.7333728260051612E15
-1.4596795886769495E15
2.446992749447113E15
2.5726096292823235E15
-7.58541289448318E14
2.2793199192815665E15
4.007781238105475E15
-4.300708381089555E15
-3.433365473503521E15
7.958466078607553E15
-1.0130310399534438E16
2.3063899172853075E15
8.05019460829184E14
-2.61858259167647E15
-1.7999699072396728E15
2.669313752133725E15
1.192392276631673E15
-9.348434057987116E14
4.613988055402302E15
-3.117494209809798E15
2.797921941755562E15
-1.993246538702296E15
1.1091877787604851E15
2.676573947170383E15
1.0175420333887204E16
5.3685159114454356E14
4.530857696440967E15
2.84361254472604E14
2.7980033892101985E15
1.2469923656305403E14
-2.0165833276193398E15
1.9810923451987422E15
3.6849179372012805E15
-5.173723089393931E15
-7.267553286018817E15
2.0711294572391745E15
2.5568534123790155E15
-6.042292495963658E15
-1.3322816769669305E15
9.584670887000342E14
2.482124603257225E15
1.3323593594399435E15
6.4312671989799E14
-4.819692334416757E15
1.9395923966327762E15
6.491294816979603E15
1.0989246251879102E15
1.8977111289274902E15
-5.566917552538463E15
-1.4611256069509172E15
3.432784194332628E15
3.9771754106610705E15
-2.510110478151845E15
2.7735240092492955E15
-1.1193545563807414E15
-3.8111550441732125E15
4.722326725956449E15
4.3942136739725365E15
-5.2000852142445025E14
2.985285280328388E15
1.4328581818891532E15
-2.952166815307054E15
-3.7348033376549195E15
1.4978241260552238E15
6.95553268852892E15
3.9497316021821435E15
-1.5466863628309312E15
3.8624123182203605E15
-3.246818282288072E15
5.929971048146804E14
-7.142691130770668E14
4.795950238906569E14
2.234836017700729E15
-5.1393357497650025E14
-5.362787288250413E15
-8.511884859252391E14
1.667349723086966E15
4.472794781691696E14
-2.9003483535260625E15
-1.0734169187280156E15
6.745455881209918E15
4.387592493211662E13
-1.7956272269763548E15
5.4950875184657544E14
4.216673347317476E15
-5.136695718730482E14
-6.341403887538985E15
-3.141071900335233E15
-1.82628519832592E15
4.4380874091453805E15
4.224548531300833E15
-5.652864062063533E15
-5.483990178485682E15
-2.133418945376357E14
7.132767947993966E13
2.2022519478591532E15
-3.3183690989541695E15
-5.787758461271861E13
-7.437925356932391E14
-3.948043033806402E15
1.7352315970915758E15
3.337896006610566E14
-3.409322174252994E15
-1.8159370203297071E9
-4.399236561640615E11
1.8531927963169778E15
-2.295663977373352E14
-2.6494210759778695E15
7.474908300903911E13
3.710416750319225E15
-2.351212288084171E15
-1.248801431655944E14
1.2320224366341248E15
9.191921904858554E14
-3.224572603791941E14
-1.1883486496491502E15
3.765038617014799E14
3.437897437629015E15
-4.7042374779415056E14
-2.3816492563506585E15
1.202312828409516E15
8.597051407536638E14
4.543433307055047E10
6.470059970920206E15
-1.0424048354521558E14
-3.562291578105102E15
4.677173306640456E15
-1.0498186787570528E15
-1.4006102204790438E14
-3.260052574922037E11
2.4854116199161703E13
6.906276300055037E10
3.1951064744748E15
4.4658731633157165E15
-3.739049738338529E15
2.470451565251982E14
5.396307454913588E14
-3.2599794413555125E15
4.059017808145622E15
-1.620875897212811E15
1.5482700524804372E15
-2.983557090621748E15
3.091427778716381E15
-3.610292855930961E15
1.8854977923701788E15
-1.123691858650136E15
-5.660779553749601E14
4.53507817305504E15
-3.2383162063134256E14
3.396285960712979E15
2.2984577326778616E14
9.502151252459516E13
-2.8569519442925165E15
-2.438109304882527E15
2.1633482553706812E15
1.8805442173681344E13
2.0755838297940868E15
3.8378972234474045E15
1.9308262726326952E15
2.0148960735181495E15
-1.0802001212406808E15
1.7731194877905455E15
-2.629170324717061E15
-6.716693662989032E15
-3.778917611686148E15
1.412386027960578E15
2.366190108568435E15
-2.926811103114227E15
4.8052430693162575E14
-7.126192247176666E14
4.3937004730648055E15
2.8640054046342575E15
-2.0845131897952647E14
1.3207984066800678E15
3.175277614696981E15
-1.9509906552708932E15
-1.3876863015533292E15
-4.742167615151722E15
-1.765869990572282E15
3.1579019846116535E15
2.633789095768497E15
4.418744402111934E13
4.666905771154277E15
4.590095578335946E15
1.26970790081829E15
-2.005345298284509E15
-1.8621837092573915E15
1.3134483777343788E15
-4.73580991132702E15
9.853659404460078E14
-3.453593319558865E15
2.281508920893969E15
-1.4036750554425923E14
-5.536662314358738E15
6.02985460730443E14
8.17587655886695E14
5.87308110221496E15
2.276078689384901E15
-6.526115386291418E15
5.0352952354010956E14
2.3878000919670045E15
-2.926521206108589E15
8.159404222119172E13
-6.462582689474449E14
-2.683057838749777E15
4.038098385709738E14
-2.3822236780926535E15
-4.389605057458783E15
-3.023141909474775E15
4.40019280763461E15
1.9376589358866298E15
-5.761354571541569E15
6.947417588243426E15
-1.1278385408364802E15
1.6721288600250775E15
9.160858338673272E14
4.3908324130973575E15
5.350756287003728E14
-2.217422839411226E15
-2.5669692514159556E14
-1.7546737680853822E15
-3.3109086131287505E15
-3.1433976503285E14
-2.0367226068329592E15
-1.2920138862557965E15
1.9034243132024006E14
-3.34492957677051E15
-2.3713860183227815E15
-7.001265814002375E14
-5.452762095997827E15
1.6333521646001125E15
-1.8847154416037305E15
-2.91335690423547E14
-3.932547337971537E15
2.7964850863613205E15
7.754498937260921E14
4.4727122803654435E15
-2.5190928170988515E15
-1.477301412958651E15
1.0020236757212532E15
5.0338053185521456E14
3.9968031438483635E15
2.1898285866176475E15
2.8183599564200615E15
3.91932420560095E15
3.2822554252346295E15
2.2230696471368105E15
-1.8113928244000592E15
-2.0659264771703038E15
-2.1878139266491728E15
-3.192053436841999E15
-2.9181626455977418E13
-3.7698507810107185E15
5.984369591679831E14
3.45977990953618E15
3.290857192471112E15
1.2332541679051118E15
-2.0864742788714978E15
2.0978434636998434E13
1.9589906223538828E14
-2.3360140055338178E14
2.2961478248057222E14
-3.0608318140766035E15
-2.174476355927247E15
1.5653242896295458E15
2.962302062511965E15
-2.510503494733867E15
2.3166350157766905E15
2.026912343341669E14
-3.807819150487411E15
-1.626180098507296E15
1.7373422254329638E15
-1.9693557587834122E15
-3.2897618145402335E15
4.694367460606986E15
5.291164916972161E15
-4.197477941737633E14
-2.4966103844125435E15
-1.4903384811522568E15
3.0578367759245405E15
-2.4951445996061128E14
-5.638208521432957E15
9.476945135308814E14
-9.00641023889956E14
-4.753748899089633E15
2.341880801538368E15
-3.588956964102266E14
-1.1850472890684985E15
-4.445054620743928E15
-3.818244951657955E15
-1.5594172374569088E15
2.6221586548155512E14
-8.51103607993257E13
1.3746253474054152E15
-3.138103649898405E15
3.654144922110637E13
-8.657798462469014E14
9.376183154506064E14
3.7227853977688625E14
3.3494412584111075E15
-3.075842118413795E15
-7.888970568176459E14
-3.673632975542748E15
-5.1425491139627925E14
7.042531800608771E14
1.3830562580671325E15
-6.437457939833505E14
6.386671939884629E15
-1.5096724387260658E15
9.35826556848751E15
8.092121773948718E15
1.6355597499451778E15
-1.308825334270399E15
-1.2149529070867372E15
-3.448015669814713E15
3.0716530301263875E15
3.566501894823602E15
-3.0691185086953606E14
5.189315051450471E14
2.1923488895424825E15
-3.886780713886079E15
6.030264022155001E15
9.097204200692525E14
-4.504173729633674E13
4.900664640840415E15
-7.323488499160151E14
4.38780487082513E15
-1.0617260015045451E15
6.132780408146475E14
2.2628190193241775E15
-3.428560713201677E14
2.709903687648574E15
6.444082477581596E14
-6.308324832548634E15
-1.4141667660815542E15
1.898036579687688E15
-4.5889105128043144E14
-1.759869876396677E15
-3.1151733998549345E15
-1.6407960270552772E15
1.5806424381213132E15
2.1871431527022262E15
2.2823331378333203E14
-2.657993812925102E15
2.891025271858655E14
1.9444823693566792E15
-7.803012839865225E14
3.9878206187134495E15
6.669888659952259E14
3.950034908802366E15
1.9020323895957138E15
-3.520479328370573E14
2.4123609612186005E15
5.073802736043486E15
6.328183947351027E15
-1.2511918790933605E15
3.0022691943817845E15
-4.1720262738753555E15
4.441160524253737E15
7.625399590664558E14
-1.600429005904814E15
3.8159499161667785E15
2.3807103566111895E15
-4.2413718067565045E15
1.9388667294015262E15
3.335525425596883E14
-3.397224561667997E15
3.600749724670145E15
1.644525100486482E15
-1.5225351175504082E15
-4.68000912235789E15
-2.464273328643612E15
-1.680815869908931E14
1.805849131327007E15
1.577444431784039E15
2.1490619690894708E15
3.5915422401219505E15
2.2664937521173445E15
-1.1350057710506323E14
-5.076451370634596E15
-9.915981164256545E14
4.3120394391092025E15
-6.872915728533041E14
-7.027648058984841E14
3.909900787384491E15
-9.966520210353656E14
-1.481217027545041E15
-1.6995440905688955E15
-2.2329828304035348E15
-2.1898440986295538E15
-3.781217925913976E15
-3.0456638214656635E15
-2.114685756978817E15
3.770105881200627E13
2.2625048778236505E15
-2.5311052858256345E15
2.1405963769244645E15
1.425506771191171E15
-1.0579668257989115E15
-4.1263332337731415E15
-2.5274005736718485E15
-7.115256840872412E14
-1.582133444897205E15
4.4926261935573575E15
2.982968097874534E15
4.4663877086240185E15
9.705298293860719E14
4.633298414962349E15
-1.8770234717141552E15
8.804462572337314E14
3.5092729877054015E15
-3.314316431241855E15
-5.881776789467271E14
-1.035028010467859E16
8.261333968166591E14
5.31030170640717E15
-2.8011238638143825E15
6.095078377504709E15
4.99405825401583E15
3.0438257933090715E15
-1.5508765860316482E15
5.323438944163943E15
2.3403871020917025E15
5.021577368793106E15
-1.4384495867692652E15
-7.160002590372374E15
3.6569018315231265E15
6.353032278968914E15
-4.1675340472784165E15
-4.0295017296483245E15
-1.5779677864074975E15
-7.141089354116232E14
-1.4920204777784012E14
-4.3534405874402935E15
-5.651789831789362E14
-2.6871767929943705E15
2.446718001887779E15
6.062159552872596E14
-7.224761879002681E14
2.123556211976233E14
2.1087441305366035E15
9.634472473103801E14
-1.6512600990010666E13
2.614418365770453E15
-1.611774366501654E14
1.1524968807958242E15
-2.6687978553819515E15
-2.9611064991059006E14
-2.619356327812718E15
8.126595720260199E14
1.2781443394704545E15
-3.407394356788555E15
-4.526412058626606E15
1.2812852543805832E15
-4.325355571833709E15
-5.710916001259043E15
-1.6028635417014922E14
-2.3406669798070735E15
5.981348840946498E14
-4.208695668569788E15
-2.16930926544634E14
1.8304320147194825E15
6.102254010939251E14
-6.325760616088702E15
-1.565150186811796E15
-2.6258723793466065E15
-2.4361044992703245E15
-3.24999674773428E14
-2.973196781840057E14
-4.97499099911386E15
-4.218380411322216E14
-1.8811148216155375E15
2.473956598346904E15
1.0028566552398745E15
3.34693620380034E15
-1.5877357416724898E15
-8.703426534741286E15
2.978631101647881E15
5.336967039954591E15
-2.712599537511434E15
1.2806344268942208E15
-1.7840839213598418E15
3.7860381172873605E15
1.2158809276426E15
-1.2836574179490788E15
-2.113432279111889E15
-1.91866444937606E15
2.3142695102580135E15
-2.331492508153706E15
-5.221880697444522E15
-8.227221958572782E14
-2.9182955093022995E15
4.273040613691512E15
3.4784794645560756E14
7.265886765650988E14
-1.394879905074117E15
1.7720692706664142E15
2.2516202925703268E15
-2.964481107593956E14
6.251520409204173E15
-1.4856001637150205E15
2.0988493879167075E15
-6.397472099723356E15
-3.8722899502063765E15
-5.926886358701298E14
6.271981716006924E13
2.9674922465089365E15
1.1434924189403402E15
2.4042623688459795E15
-1.9983220954702435E15
2.482090604542834E15
5.641859291830631E15
-1.0982016858671868E15
-2.61801091053425E15
-1.3281036734593345E15
-2.5381332186968165E15
-1.6237103881912468E15
-7.121379560170539E13
-4.047659310004266E15
1.4085651134047066E14
3.8807991689979065E15
-1.2238514422486242E15
9.110494276919156E14
-1.3110236086881478E15
3.0166283205434865E15
2.7586534617683284E14
1.4072879065457935E9
-1.4892745852241628E15
-9.979524829876862E13
1.8705450197984532E15
-9.078988522955488E15
1.0095724983133486E15
-7.48163212907171E13
4.469509298812652E15
2.394888363921293E14
-1.439417566612532E15
-5.512113478713159E15
3.215631019419524E15
-2.941370943951976E14
3.4955880054196494E14
3.6432501474233485E15
-4.72854731025347E15
-2.952794268464695E15
9.070728583136123E13
-1.2554779936996362E15
-6.34537749193971E14
-5.763556410770744E14
3.6863792196710455E15
3.700847626190236E14
-9.562872671944231E13
-9.904725263728474E14
6.612996359929321E14
2.936557396137226E15
5.551995054985691E15
8.679931972792971E12
3.820577496203978E15
4.9036573529055944E14
-1.8268665164202695E15
2.173176269884237E15
-4.695929895481439E15
3.4517118556898325E15
-4.747676936083338E15
-8.72849163702237E14
-1.9032561444944908E15
-6.723195322718798E14
-1.1775358100294675E15
1.1029994077104578E14
2.8073492580750053E14
5.31898771011915E15
1.6131052015234322E14
2.16892816733644E15
-1.8644443745786702E15
-3.234395837009241E15
1.8031863112070145E15
1.6461446646008212E15
-4.2655154375046065E15
-5.775188483815169E15
3.7964679866271156E14
-4.868198543707778E15
1.4995387502171462E14
-5.885461902410157E15
1.7632905999652685E15
1.9199549601647425E14
-5.673756444425293E15
4.3052597464799305E15
-1.5769759609994502E15
-1.312395731949931E15
5.122378849713367E15
-2.8862226411881535E15
6.762845309688576E15
-3.4468713730373225E14
-2.86852511871653E15
-4.306075748800747E15
6.16069814285658E14
-1.5280712293552868E15
5.64376514055252E14
-4.847443247496793E14
-9.119424804359218E14
1.0615150247074379E15
-1.764868138640057E14
-4.2861323615339555E15
-2.0141628665437778E15
-6.570093352272616E14
-3.0257878154697985E15
2.6456398575598605E15
1.5046452309966178E15
-2.7104604081913535E15
-1.5350160543980365E15
1.7407371818032072E15
3.848814569016823E15
-4.1783095920565975E14
5.319565413291849E15
-2.2140330579342242E15
-1.3029115673728268E15
3.148469420106766E15
-1.257975440069454E15
-3.8344772656762655E15
3.3249093802990335E15
-1.2804919254807222E15
-9.548155639859184E14
-4.4088421867070855E15
-3.5302291833053215E15
-1.788329349616314E15
-4.536749832721844E15
9.129323150613076E14
-4.4378731974586965E15
4.1646323543871345E15
4.8730137775533E15
-2.572928292516759E15
-1.1324499600858932E15
-3.855068931825187E15
1.2728443684247468E15
1.0724163095786031E15
1.9885865691743032E15
3.0508618975403145E15
2.8495408371710155E15
-3.771670893844931E15
-1.7267936376488285E15
2.5884334746283444E14
2.2181884012958175E15
2.8729998568577155E15
4.752748583588043E15
-1.3602854616929589E14
6.89675022989025E7
