-6.91527064139261E15
1.2043278055370186E16
-4.881462982712491E15
6.936306877791279E15
1.3108157030715096E16
2.7645535771230195E15
-5.995756095575976E15
1.2795578304874656E16
-1.2761102534119334E16
3.285734781028101E15
8.235339359674743E15
2.692148368902056E14
-2.7296523216323925E14
-3.8252552205326385E15
7.331673559650653E15
-1.1200784491199101E15
-1.1237350173767862E16
1.3247237292908444E16
-1.7362964185874538E16
-7.707666011251128E15
1.0375986512435054E16
-6.238837607822066E15
-7.62110392482945E15
-4.218511478094613E14
-6.872394329059965E14
-1.6681935639603538E15
3.559760760110906E15
1.665475597962213E15
4.91319215844797E15
2.119191747018532E15
5.183206690265559E15
-1.1631373209143584E16
-3.8439737469975875E15
3.2350316335849075E15
1.6402305320103778E15
-1.2697664299826678E16
-5.181823099168378E15
1.7699042755833442E15
3.5287097832374445E15
-4.981157206526713E15
1.1242092609365989E15
-2.5336396377750685E15
4.196218789237578E15
-2.3382021158290515E15
3.6238579588679075E14
2.0661741735780462E14
3.635561156778069E15
-4.0576343962834225E15
2.246324392032967E15
1.283431686319333E15
2.8251303594700965E15
2.6512541028454125E15
-3.4595815322240495E15
3.6320866286073115E15
4.2078981517331195E13
9.075721769944404E15
2.1277829125158316E14
4.23804712287872E15
-4.967736356009691E15
4.876905665440322E15
2.7947567447457795E15
1.3722227687333528E15
-3.9068641916092785E15
-7.892563902534693E15
-6.280392566186252E15
2.0238570923199755E15
-1.266138286457279E16
3.240087174174472E15
7.231012511674026E14
-1.2232404830831668E15
-1.8596057521413948E15
2.4758182829564585E15
1.0557099906414324E15
2.7879542451704997E14
-1.2947396186572612E15
1.0702477537760422E15
-3.5121163469526265E15
8.696853271866688E14
-1.2857443593249684E14
6.708339811382099E14
1.6475989703826795E15
-8.477350062515898E14
2.1112554013809848E15
-6.047741869861827E15
1.6261069094607645E15
1.517879265406522E15
-9.212869498849354E14
-7.841710307138086E15
8.607897140125515E14
3.9204521763015755E15
3.085643290898908E15
-8.146857809030083E15
-3.115249790003972E15
-2.543703049548281E15
5.220310198685613E15
-1.263211869314352E15
1.210849683139445E15
6.789569089649268E15
-7.111628032612598E15
-1.0777844346865714E14
1.2484322264793775E14
1.1258297718733104E15
1.9169953415991808E15
2.2731661697204255E15
4.111061578572291E14
-2.653662805114039E15
2.4196455927267555E15
3.103886068281257E15
-1.7585853415551142E15
-3.069710666039393E14
-1.767586427273653E15
-1.7706792402041388E15
-2.8152486821255075E14
1.833806098440934E15
-2.2370911790327158E15
-1.1143142543764438E15
2.36997671078416E14
3.7716107897918705E15
-3.435932949877666E15
1.2321954720941615E15
3.5467693903100675E15
1.9846417506732372E15
1.4956881712368425E15
1.863370033720335E15
-3.828114928316471E15
-7.353346077447273E15
5.704701861081957E15
2.0312021329177685E15
6.766143412840186E14
7.281253665558171E14
2.549256335460915E14
-2.3998311329559955E15
1.0939473273554884E14
-2.976601481358869E15
1.4227290052162398E15
-2.8464686365987435E15
9.272698236461588E14
-3.8634786897851195E15
-5.185875312238953E15
-7.637247572981612E14
2.4251937863792205E15
-1.434398298527856E14
-1.282205731721166E15
-1.7143193656032272E15
1.61935686238448E14
-2.2329890493668328E15
3.7988496253086065E15
-1.3209856220085232E15
-3.261958121029601E15
-2.871681743595595E15
1.194918801978032E15
2.3217393585379015E15
-3.214647517689354E15
-6.053192940196113E15
3.3506622542740695E15
-2.7386429011540855E15
-1.5998288777384772E15
7.913910834282827E15
-1.0650866419936286E15
-2.580465702092695E15
-1.7166789222465488E15
-8.586452363736155E14
-4.4870644320832006E14
-1.1819727949788102E15
1.4515031380453228E14
-1.2085489359189292E15
-1.4759644771700098E15
3.129545876884737E15
1.549091880825791E15
-1.4068229298527322E15
-1.2621422669480728E15
3.9488343039019075E15
4.231247119678918E14
1.0142382132007979E15
-1.6863357330396542E15
3.61172376806747E15
-1.5914427881670005E15
1.2584955087689555E15
5.65285691014027E15
1.8518942646381865E15
6.964498189135612E15
1.5972569670736642E15
-2.3771222719310945E15
-4.786103913136008E15
1.1529835215304565E15
-3.352988145720025E15
1.5437724569391588E15
-1.467532643476174E15
4.033924386404363E15
2.0767449485671688E15
3.5807433660477715E15
-1.6098644273997865E15
-3.4867387388062105E15
1.1711660157395808E15
3.6678302394602015E15
7.232500720498052E15
1.3773903406569295E15
-2.96804904866921E15
-2.0670380386710966E14
1.1335949190006192E15
1.9454939879307265E15
-2.4322285002316925E15
-9.220236614045175E14
-2.265251026065467E15
-1.1229313722849482E15
-3.354944668413642E15
2.801902104900181E15
2.0300872245159405E15
1.2868922421192662E15
-1.189706735805087E15
-2.396442417276895E15
3.5887501776041905E15
1.4071948490919452E15
1.2282527743228372E15
-3.774355092125295E15
-1.0356987725438239E15
5.924743628699227E15
-1.1970378203426975E15
-8.479589642838594E14
1.1596430047834535E15
-1.3389933601714158E15
-6.713577046442179E14
-9.663963750396841E14
3.130208361637109E15
1.1736453630076302E15
-1.329170708172251E15
-5.179344809542091E15
-5.762137599893321E15
3.861053723853313E15
2.5644121654986885E15
9.424980829815958E14
3.2462603702113915E15
-2.6032013350939925E15
-9.71557257026598E14
-5.1973561262538055E13
-5.165639567349143E15
-2.1631574424491442E15
-6.740923841062128E14
2.4314033975210185E15
1.1166733794879818E15
-2.973811587520574E15
4.97850166618967E15
-2.1701153736404222E15
-6.083216942668444E14
5.93061430768897E15
1.191344133732801E15
-4.224376499699936E15
-5.913351842529978E15
-1.9305243284526882E15
4.4073190885961025E15
8.355069425982494E13
-2.772107203012366E15
1.8693348473095952E15
-4.9344735402032394E14
-1.475172429667598E15
-1.9075795982194268E15
1.2760258307429228E15
5.579791242874773E15
6.021758929591718E14
-2.0700239563516675E15
2.956917031951717E15
1.908793864494698E15
4.958580395295873E14
-2.84412633763795E14
3.8830340324977425E15
-1.8703501341769545E15
4.217937147921761E14
-3.56570099729776E15
-1.364883857988874E15
-6.368104908873656E14
1.717723513282176E15
1.8453473301088028E15
-9.395133124983905E14
2.2710957606366906E14
3.744383250533311E14
4.889559383995078E15
-1.1671685935502398E15
-1.3335993398834872E14
4.2448530298604005E15
2.6683646149627125E15
3.617375756591439E15
-1.0894874901536558E15
-1.3143865850619578E15
-3.486402763930825E15
3.866758082031482E15
3.4969462377034215E15
-1.7977239723155298E15
9.26548667463404E14
1.593166035389041E15
1.9406018117247945E15
-1.913568900847E14
-4.801771743602312E14
-3.3775028867110135E15
4.128324257225715E15
1.3394456307265022E15
2.7904229797464075E15
2.0872955913650562E15
-1.1928310000224625E15
-4.038358049724112E15
-1.9597018735726642E15
-3.0095789936987405E15
-1.1356123637101278E15
5.565623988552031E15
-2.5100275188254795E15
1.5785901129206548E15
-1.9131348614836808E15
-5.926113313107416E14
5.725327710614096E14
-3.8459109046500835E15
-1.9761662168368397E14
1.3789462822114688E15
-6.6552642859799E14
-8.236125108900175E14
1.3386314712256773E13
-3.732252756963993E15
-3.508645726823441E15
-8.978856351822494E14
-8.99231458208415E14
-9.001267897877384E14
1.2652027821777218E15
1.5472029784021082E15
-3.5615137888937925E14
1.3304254804450022E15
2.4282833573040275E15
-2.51029328613056E15
-2.075052873062424E15
4.651582174024849E15
-6.228600117289306E15
1.4759057635031268E15
2.5196501698696534E14
-1.799187576145814E15
-9.091217839039956E14
1.8341048892421942E15
9.245033631158416E14
-7.344501081694456E14
2.8493761809741465E15
-2.0263786428598238E15
1.5507960962330808E15
-1.5352495839183208E15
3.635752793255905E14
1.1743171895728465E15
6.183104800201479E15
5.793226349203092E14
2.859018561168396E15
-3.511470971498063E14
1.218337348143519E15
1.4435641728617475E14
-5.5701221683391156E14
1.705015618531609E15
1.4428708193104152E15
-2.848414747607341E15
-4.504537212939591E15
1.4026663077936E15
1.6524347173724772E15
-3.853086465202199E15
-7.100782555409374E14
1.0458554723127034E15
1.298122858380765E15
1.0210815013196006E15
3.941420214938404E14
-3.351084139752153E15
1.6837067509855898E15
4.844831231046604E15
7.701004404129922E14
7.896643224701991E14
-4.0532970852403705E15
-7.382607264729181E14
2.1730329733138058E15
1.9835178465351772E15
-1.7331832507717708E15
2.554007010654882E15
-4.476591860706775E14
-2.0023210900589188E15
3.0958078386017005E15
2.8626747705319675E15
-7.64121843178587E14
1.702924452641702E15
7.58869122483054E14
-2.0004190895392328E15
-2.919807378166984E15
5.0472348908036706E14
4.204520797873489E15
2.6184219236303685E15
-1.5284644112362925E15
1.8085178082626258E15
-1.367450727420745E15
2.5900915544364528E14
2.5014112801393088E14
2.787064315177793E14
1.294913850844536E15
-3.2003634493425425E14
-3.291746532918067E15
-7.628404712329549E14
1.3067831485684705E15
-6.905316949993136E13
-1.42697963427674E15
-5.673413594735275E14
4.485260502357594E15
3.9647453082431056E14
-7.172583490009379E14
1.5444117424651444E14
3.1366143633427515E15
-2.95467569615357E14
-3.7532161550556335E15
-1.8251469476333638E15
-1.4255223228832735E15
2.8152080862573965E15
2.2467431438063615E15
-3.309702230735614E15
-3.289959320103701E15
-5.864932252988862E14
2.9794195327571566E13
1.0456050578389944E15
-2.0925782444464772E15
3.9668100527173836E13
-6.111936587660636E14
-2.1079332214611058E15
4.8128845133128706E14
8.09031371759961E14
-1.980164558126773E15
-1.5878606365603433E9
-3.970512375057671E11
5.992439851993832E14
-1.567002106810444E14
-1.4289356278420042E15
1.2225107731507105E14
2.0516101530149912E15
-1.5908566115665998E15
-1.1678370402035756E14
6.518699283006194E14
8.136089876330092E14
-1.3508039951975798E14
-6.188300862039908E14
-2.5084654249381397E14
1.9044791152653405E15
-5.87410493984206E14
-1.823965907867071E15
1.2501060213093128E15
7.317960607007934E14
2.349227097717182E10
3.9830969760062235E15
1.884739851280108E14
-2.335063730500688E15
2.617946629051646E15
-7.286808021247236E14
-9.88283161905463E13
-2.2666490098818253E11
3.034397824393236E13
6.945322472164677E10
2.5323719107098015E15
2.894487447656105E15
-2.3472317938938315E15
-3.233947232272019E14
4.08754768024773E14
-2.343885831231287E15
2.151798735274252E15
-1.2050536972996008E15
8.501990685384045E14
-1.5614999393886485E15
1.6639291100013755E15
-2.535699451354071E15
1.2677516182151048E15
-3.6621219260226894E14
-2.66701393750875E14
3.094169522293734E15
-1.3361225781663617E14
2.2686456434372355E15
5.382124138004793E14
1.4407551172756422E14
-2.445958052344428E15
-1.1476486807914815E15
1.4066010198311255E15
2.693357682989515E14
8.284106650859334E14
2.9575621326173635E15
1.1060137301036011E15
1.626407484739618E15
-9.916348925403715E14
8.286108384351891E14
-1.2662702098122445E15
-4.2414783413149495E15
-2.550967794748027E15
2.5574088215975975E14
1.7579856970997845E15
-1.5906999189335892E15
4.250505734690173E13
-2.169430215667337E14
2.421842489015118E15
2.0159336601323648E15
-2.046986269180241E14
1.346225673767951E15
2.3532280697630315E15
-1.1973987170298478E15
-9.825370747748425E14
-1.860304283938099E15
-1.2252541815110825E15
2.1287876454759155E15
7.564452050280325E14
-8.553444129423092E13
2.7276866220321625E15
2.7403783420664905E15
1.0808991780826312E15
-1.6221495374302265E15
-9.541789886642102E14
8.178468326752882E14
-3.1005800486243565E15
8.659485020276865E14
-2.293459321793351E15
1.6301849948698158E15
6.490636707268844E13
3.3545690126347785E15
-7.668870961413941E14
-5.77065005071566E14
-3.808787671911643E15
-1.5922006353270052E15
4.3845903327596325E15
-4.5538917156457906E14
-1.901895927500555E15
1.8804995394886965E15
-1.527739309935205E14
5.812012150065601E14
1.6754010570303922E15
-3.2215868873182925E14
1.3098331960566665E15
2.5087685177209715E15
1.6991898595875308E15
-3.447952818620341E15
-1.0418883652581735E15
4.0037830894281745E15
-4.243727267177315E15
9.295103989708569E14
-9.133805236530449E14
-4.3901967560149375E14
-2.1760281346757952E15
-2.9538528086886775E14
1.4154766609467392E15
4.5791833367065025E14
6.074329778154268E14
1.8313725867167708E15
4.157475874647829E14
-8.177806872313075E14
-9.220745422306435E14
1.339442266870794E14
-1.2812499463921245E15
-1.3474263281279445E15
-5.821453098336968E14
-3.0542277591183345E15
8.362333109653146E14
-1.0087291678521646E15
-4.067179781142588E14
-2.2756744822171035E15
1.4949528017757678E15
2.8424647812080806E14
2.9025537851032265E15
-1.5037901830323748E15
-7.126965529594432E14
4.5740364899847806E14
2.2117682026661938E14
2.800858339314526E15
1.1445192785970982E15
9.649937561926874E14
2.5672843430388315E15
1.6846250409201605E15
9.938696595523411E14
-9.675381545293045E14
-1.3412028510407492E15
-1.6572694899122148E15
-1.8012172871366175E15
-2.3258016084708078E14
-2.776096243190298E15
2.4304903098482388E14
1.3227726437502978E15
2.823048727239983E15
4.570905998971421E14
-1.1533392569610935E15
2.8178556677884894E14
-3.830088795898663E14
-5.934216735481814E13
4.1049194531261225E14
-1.806273353341915E15
-1.1138017165756978E15
9.726077201255386E14
1.8962055034668632E15
-1.1152392755522746E15
1.2912093781134535E15
3.2325795961293844E14
-2.5524250677667605E15
-6.355819873421461E14
6.68832478191163E14
-1.594807147664316E15
-2.1544835541183872E15
3.110389207583566E15
3.255776621770773E15
-6.0210482398048E14
-1.911150381876561E15
-7.287144757827139E14
1.8116716996926758E15
-1.4244689083610678E14
-3.5944113096271275E15
6.731853445178031E14
-6.961532888960084E14
-2.833965010262337E15
1.5161708428648348E15
-6.662492975499194E13
-5.948121190611125E14
-2.4774567530051605E15
-2.411910032001378E15
-1.2824454704686292E15
-9.317872029505281E13
2.236272501935241E14
2.977295899654121E14
-1.5293622349388602E15
-2.0153623687517388E14
-2.6871429083407538E14
7.917694227059529E14
2.749052362401641E14
2.442561066191937E15
-1.5240656101048025E15
-4.8401421124048706E14
-2.6010402357301445E15
-1.0337810808359761E14
1.955337165754216E14
9.569841111655574E14
-6.538227187343425E14
4.167085897236053E15
-9.597834086272534E14
5.860605628846933E15
5.186760242434976E15
1.0024100664918305E15
-7.557319140509136E14
-5.79037307665857E14
-1.91737159634057E15
1.7254053262189695E15
2.1933906924799835E15
-1.4098863216910403E14
3.347848323914306E14
1.0859967654439016E15
-2.117153447935793E15
3.7566759517720085E15
4.934383769796447E14
2.1448898948626806E14
2.2441540961364022E15
-3.068036510853854E14
2.8439967236967385E15
-4.4681269355796556E14
1.4999034242910847E14
1.6609880820756545E15
-1.3647969572094973E14
1.6789187814697572E15
6.76360492373685E14
-3.966025915395786E15
-9.266694939604809E14
1.3593732011734352E15
-6.098720108482596E14
-1.1766410983276905E15
-1.7768102188329942E15
-9.79415322018553E14
1.0147131865206075E15
1.2277572850219255E15
3.437958197201906E14
-1.738917910103378E15
5.33087096426472E13
1.1748300386826092E15
-1.4521291508838306E14
2.7085722392840945E15
4.8618702900210506E14
2.628660534317371E15
9.516368877670255E14
-5.984919802306192E14
1.4754725572775792E15
2.9508001636193025E15
4.1195222147599025E15
-5.788302181180165E14
1.88309285343608E15
-2.7933707186388985E15
2.5731720112167475E15
4.6784176052412644E14
-1.2279983783174652E15
2.0089384638128798E15
1.432866448479516E15
-2.6169130617565285E15
1.43342588914521E15
-3.74526073423125E13
-1.4315409993182145E15
2.499981220732453E15
1.0146572134617108E15
-6.327079347807964E14
-3.1823512463541895E15
-1.6732376969410808E15
-1.935523567872302E14
8.673843860300171E14
6.143000944521635E14
1.6792780782228955E15
2.7980499337216805E15
1.2913147466137498E15
8.915694152503836E13
-3.383552324036597E15
-5.685695959347266E14
2.976935146529845E15
-8.261285109067552E14
-7.071491382339805E14
2.459140537458489E15
-1.823375638410669E14
-1.0002216819019394E15
-1.1092309229317118E15
-1.716553076385998E15
-1.6279221874205788E15
-1.81710441301376E15
-1.925055361838826E15
-9.204596224336722E14
-1.9878966150830378E14
1.8260212844311055E15
-1.432771653922545E15
1.1080437421136541E15
1.0306915797476055E15
-4.9824892454902744E14
-2.328538187730384E15
-1.4567478344907318E15
4.2588554110063475E14
-6.920185226723028E14
2.6045098962991645E15
1.9543755056162738E15
2.3891618752670025E15
5.5564546821281144E14
2.7359238910780325E15
-9.710439112702374E14
1.048077568078048E15
2.505130386136128E15
-1.9980977309212945E15
-3.259599237093626E14
-6.588557038929621E15
4.7911268991351406E14
3.050930056625274E15
-1.901937482634674E15
4.2267132656494955E15
2.9479869420205085E15
1.8551802860156468E15
-5.985011618341371E14
3.0886850962859095E15
1.1936923367518275E15
3.1042303725329085E15
-7.234603969368225E14
-4.4783950234234265E15
2.1791901439293135E15
4.2585917012950765E15
-2.426853921218763E15
-2.340201068224817E15
-1.2408625907169822E15
-7.198940952455051E14
-5.419950542516091E14
-2.261275467468995E15
-5.980363080868368E14
-1.605216414949952E15
1.5238065474629258E15
1.3447291474883044E14
-4.083816492153027E14
8.747378647618362E13
1.3681322684160598E15
6.960282884369719E14
-1.6998412361336575E14
1.8146732489530842E15
3.315895066490552E14
5.097694103702471E14
-1.5351364200815068E15
-3.1432030637462775E14
-1.4447764515200372E15
6.749596994664481E14
1.1435833772224585E15
-2.3519881542987785E15
-2.9930368966123985E15
1.1759461964386548E15
-2.632795514557785E15
-3.9252286045100155E15
6.529117958578444E13
-1.4966237670349938E15
5.071682602273961E12
-2.1912024107290475E15
-8.427840063508672E14
9.410590644502509E14
5.431489733253271E14
-3.985237261479472E15
-9.68455400685068E14
-1.8945433358532308E15
-1.010443766680728E15
-6.051935354963265E14
-3.256715716129557E14
-3.487076296294475E15
1.4453318261277353E14
-1.0611971799288626E15
2.312901784856583E15
2.8294784663267644E14
2.146782101550354E15
-1.1440183784229312E15
-5.542707380199411E15
1.8739295653901738E15
2.9841127220940735E15
-1.5135858222748912E15
6.137188877790066E14
-1.1966793879830585E15
1.4836344355278538E15
1.247433607930703E15
-9.411553493129734E14
-1.607051398979238E15
-1.5154356130225305E15
1.6042357285987242E15
-1.566024592137026E15
-2.9634127076368275E15
-6.493151542155906E14
-1.6877293202327542E15
2.5549962227871395E15
4.907579043474682E14
9.962954992250375E12
-5.09098067808333E14
8.372847222002998E14
1.302412921442221E15
-1.9356498798499645E13
4.0212651195449925E15
-5.929857249901679E14
9.361671852779624E14
-3.8810769048966545E15
-2.0572598523567148E15
-2.715041233083467E14
-9.534041594280475E13
1.808567616221659E15
2.564392984926204E14
1.143566766134357E15
-1.371179793719479E15
1.372093017607435E15
3.4250345540541345E15
-9.58525818364767E14
-1.4601228153178622E15
-3.678589511691745E14
-1.2353574623971722E15
-1.444731003698669E15
-4.875535524515925E14
-2.0246980049013178E15
-1.3851269642148833E14
2.531346112854985E15
-1.187762495734861E15
1.2754234682011708E14
-7.923831881005981E14
2.112477405891751E15
8.651511238710955E13
1.3350577607965703E9
-9.260852333688454E14
4.276268644439659E14
1.303956050140856E15
-5.621841115173583E15
1.1709645588392978E15
-3.350852953568913E14
2.5786197705067015E15
-1.452190604368411E14
-7.835451572191281E14
-3.720409960572331E15
1.74001905929455E15
-7.369943675286308E13
6.81543401205137E14
2.3929686060776635E15
-2.9669461861554465E15
-1.730268342374888E15
6.013955320986741E13
-1.262584135104313E15
-5.847670308324986E14
-4.961052978936048E13
1.8160818723429962E15
4.988776333010535E14
1.1496463115133693E13
-8.516235765938989E14
4.2243824015175044E14
1.7099877510197938E15
2.984162416387218E15
1.7480335005348753E14
2.456076969318799E15
3.850118268484868E14
-1.3317881464828935E15
1.5075108208761512E15
-2.669493057034871E15
2.281203928361547E15
-3.073414299479404E15
-8.530089714942754E14
-1.0824958155431059E15
-6.0804263521386664E13
-7.164911763892229E14
-7.236517664088922E13
3.847022266445502E13
3.1346209594739725E15
-1.0255607040737422E14
1.55484070176537E15
-8.222314647343562E14
-1.7151309337612052E15
9.057631359288568E14
8.890660754468906E14
-2.4143843617722805E15
-3.676810006154568E15
1.3871010551150028E14
-3.20234042234311E15
-1.4866272337527494E13
-3.73419798261101E15
1.0501188924930746E15
7.289266614262892E13
-3.4967161042344705E15
2.1807428666810848E15
-2.2836173809214488E14
-7.139299118666306E14
3.5591198313291835E15
-1.277590915038285E15
4.1095555056134765E15
-1.922416570323746E14
-1.7531249153330205E15
-2.7317454706802825E15
1.8745232496398275E14
-8.240725351424654E14
6.083663498129622E14
-5.4599487929200444E14
-6.279422246145161E14
3.9897440029936056E14
1.618124467708665E14
-2.8149976760001385E15
-1.3241548674627372E15
-3.961849351991561E14
-1.4432419601287962E15
1.8597615717516355E15
9.607767266891979E14
-1.8349332909362112E15
-5.519095317332317E14
1.1849255219918602E15
2.7152858006320795E15
-5.069127591220168E14
3.344127034618448E15
-1.9325478396121278E15
-6.440543980242091E14
2.1962961100402375E15
-7.501941268882931E14
-2.1257169592547148E15
1.6105542549606242E15
-8.217958468140648E14
-3.099102827366243E14
-2.9426587517227885E15
-2.3921312352796725E15
-6.908765629727386E14
-2.854911014415161E15
3.5715606850796556E14
-3.0314315642992065E15
2.7933736389214535E15
3.2015680457512985E15
-1.9147571281228965E15
-8.43387994672546E14
-3.0774174041784195E15
1.4831790292822612E15
7.957924314465566E14
1.2798408947980345E15
1.735715080714448E15
1.9247233447204382E15
-2.546197498130074E15
-7.473679965288938E14
1.3287868049941462E14
1.7391332324846632E15
1.6585490047120175E15
2.935629814828258E15
1.651551443065816E14
4.292492538900001E7
