2.9846773055776064E16
-3.738894045406816E16
1.4655544737280968E16
-2.4378552799414024E16
-3.5544290962852076E16
-8.137323783390667E15
1.485938685240929E16
-2.0172969444064624E16
3.2689817156895916E16
-1.175553565503553E16
-1.8938443614859048E16
-8.701377220782813E15
-2.6374227908651315E15
1.8690010812605144E16
-1.9622028061612412E16
4.50714390943487E15
3.2646566468701284E16
-4.008317334800176E16
4.7039604595355568E16
1.8386848918421816E16
-2.9502441806349788E16
1.9288353416345996E16
2.30525847000304E16
-1.2778540480226532E15
2.1316444499681822E15
4.0514977443050765E15
-1.2645407328903114E16
-9.96333017200757E15
-1.677993204056961E16
-1.1232165485287346E16
-1.4921716620389668E16
3.5076829997589228E16
1.1346335908740272E16
-1.0072603754877824E16
-8.700620346262949E15
3.6358907457900616E16
1.4162819624253064E16
-3.716738624801691E15
-9.005742544694907E15
1.9060789593144992E16
-5.874585665464214E15
8.56013731395741E15
-1.0915043654326172E16
7.703746047373191E15
-6.14214251030385E14
-1.1086328313147836E15
-7.933065393341872E15
1.152965024679055E16
-9.568025697784718E15
-5.5776860330891E15
-1.0328064323658372E16
-5.920991098910351E15
9.24383393803264E15
-1.0362602508675744E16
-8.598083656839454E14
-2.7896592467357184E16
5.1001560842749375E14
-1.257311925021847E16
1.2288300007735424E16
-1.0752086472384748E16
-1.0181279654877132E16
-4.761776437746073E15
1.2482802513806352E16
2.0600309557063876E16
1.6749841545821462E16
-4.828675904312305E15
3.7438353349127832E16
-9.282523624431784E15
-7.360971451451734E14
2.494926480439836E15
6.138271460119074E15
-7.036822252976953E15
-2.4499689843894275E15
-2.0293262845307142E15
6.713037887729335E15
-4.024329310131076E15
9.68661241166597E15
-2.9155952541324455E15
2.6568681128390375E14
-2.0509754162206042E15
-5.712504007052546E15
5.53477244900735E15
-6.644048618575433E15
1.7411235366432606E16
-4.723424014481895E15
-2.289047904079145E15
5.230305627541897E15
2.3710526293559336E16
-4.675944594370787E15
-1.239013732645044E16
-1.0808738388136578E16
2.2476283040544264E16
9.67492687125473E15
5.755934134247454E15
-1.5414503996011398E16
5.59160358479776E15
-4.831704789429862E15
-2.109414658365436E16
2.2006166729032032E16
3.2266322964089085E15
-1.8111439825256408E15
-2.441370379099189E14
-7.098974772762824E15
-1.0117074580236966E16
-2.1517995406189032E15
9.099829212628486E15
-6.44282268151617E15
-1.0769024918781394E16
6.250866971135718E15
1.4361659142389738E15
5.464047932093684E15
7.988020619698508E15
3.068727738616426E15
-4.2074016404230535E15
8.543078500696175E15
4.0401038724303965E15
-7.755697353336446E14
-1.1465715823427006E16
6.712059637669876E15
-3.0652262891735305E15
-9.866659091442154E15
-3.80863386668233E15
-4.923364700340133E15
-4.947825810314753E15
1.2776960760024144E16
1.8179178212091204E16
-1.5742325629631886E16
-7.045069733796948E15
-1.3836758150160348E15
-3.418862947136102E15
-7.388433271096996E14
7.352425947270611E15
-1.607220233344977E15
9.642780811610188E15
-6.137397659825612E15
8.926010669814039E15
-1.6243983730771822E15
1.0401890276349436E16
1.3347755501829798E16
2.443115404835552E15
-7.967258144521293E15
8.747038493130304E14
3.5158891766176495E15
6.075584098283563E15
-2.5944526909833345E15
8.518807541145434E15
-1.1124020163031966E16
2.635280770633004E15
6.955034110488094E15
8.796625088710258E15
-3.8104619679491165E15
-7.350887686073802E15
7.199256712070318E15
1.5768416883057856E16
-1.2080189829962668E16
1.0267613560801546E16
6.574739400030262E15
-2.3636216911576944E16
2.9604059939956865E15
7.831706896935543E15
3.5730021980200035E15
2.6571283403126425E15
-1.264574213276765E15
3.8587212305835895E15
-3.1801652867371625E15
4.875951435151527E15
2.4720849148264915E15
-1.1876011929076536E16
-5.499709016332764E15
5.569660448655466E15
4.11279739226958E15
-9.503987657001814E15
3.930566743531989E14
-2.7196513950151885E15
4.606665827576686E15
-1.1448021031402302E16
3.5026548387090565E15
-3.0993891320224995E15
-1.5904909527540344E16
-5.735839329913735E15
-2.0019925054187076E16
-4.1504838531249035E15
7.048067827510539E15
1.5823122273565212E16
-3.3012782774490155E15
9.767330066997136E15
-5.265405766934851E15
4.243516604551113E15
-1.270421242990834E16
-4.508528758073515E15
-1.2082679932640504E16
4.785922542054168E15
1.2987897979302108E16
-5.468849339622659E15
-9.277294030685482E15
-2.3096226362907212E16
-4.715480079564077E15
9.160617345361792E15
-6.619865649758672E14
-2.990260761654588E15
-6.973855493781145E15
7.633584838775177E15
3.046863234646793E15
6.586531738530307E15
2.1269345849712772E15
8.063763181017464E15
-8.432661330389632E15
-4.872987958470854E15
-4.42787447243362E15
4.2961475187244475E15
8.395607097691563E15
-8.863970646064576E15
-2.744113361528445E15
-4.325526824680819E15
1.0884836074536562E16
2.6246607192186975E15
-1.8071445982135628E16
5.771502721940818E15
1.5389214690105992E15
-2.568835627791343E15
3.4253033101177955E15
1.2520841103730685E15
9.573656431683714E14
-6.385882881513872E15
-3.9377175326512815E15
1.224608999232855E15
1.5897764049367952E16
1.6500121758188722E16
-1.1679492235240866E16
-8.341556100119854E15
-3.6068535243861405E15
-1.0156355825624044E16
7.238747532800453E15
2.497938985747963E15
-4.3948073188003475E14
1.6337437107219564E16
5.553737533848945E15
2.7995070668363865E15
-8.801170036430587E15
-1.9461181869654355E15
9.027804679766848E15
-1.4345538016903724E16
7.87187382612674E15
2.5255836667871965E15
-1.85830995380534E16
-4.0345564459946445E15
1.0978384063646172E16
1.684035832710669E16
6.236120681295884E15
-1.3009535270970142E16
-5.754358033335869E14
1.1114465431705018E16
-4.609331811212969E15
-1.9798845026785666E14
2.78057574056171E15
6.150929674236614E15
-4.704849895659878E15
-1.537317487931803E16
-3.607054305278024E14
6.549351692459741E15
-8.902085880980415E15
-6.177667030159846E15
-2.5873451356081615E15
-1.605065814197227E15
-1.1873816314734772E16
7.861322812753516E15
-9.345975226243646E14
1.1045963001545894E16
3.2052135248778975E15
2.447395802515703E15
-4.73485274720749E15
-5.495998269556084E15
3.1228335064594085E15
-1.9943271716302208E15
-1.3837116912856586E14
-1.2237369514381492E16
4.854277560091191E15
4.3342044356543344E14
-1.2878669942943226E16
-5.407683761508164E15
-9.523738112095924E15
2.2427243910544085E15
3.866069400163442E15
1.1153319478698036E16
-1.0999125456798064E16
-9.80993610447639E15
3.875807614568447E15
-2.53922740519688E15
-4.668618735383255E15
-4.0183891005872555E15
8.061911006466103E13
4.836965239100996E14
1.0534109716648996E16
-1.0524052273282396E16
-3.700446005792877E15
-9.831719501467832E15
-6.560700191950361E15
7.531984014945028E14
1.2222386142703298E16
5.530381641819845E15
7.399364459319367E15
3.3561970000999435E15
-1.8441828945396604E16
7.795546108902573E15
-3.1129516418835885E15
6.785266141677424E15
1.495892155819398E15
-9.987112328831184E14
1.1390926810889374E16
-4.643724191821649E14
-3.454519983383029E15
2.3032957711113545E15
2.8761405839975095E15
-4.91163689405712E14
1.1627923141732268E16
1.1142367433589332E16
3.725002928377819E15
3.161575922106577E15
4.4319226181206205E15
-3.5599811545576245E15
-4.401426343381926E15
1.1094896204181376E15
-5.604388668606664E15
-8.091676195189516E15
8.498696890416608E15
6.790515016674105E15
-1.5399220674747972E16
1.9602114075397032E16
-5.775704181883244E15
-2.0381934627935572E15
5.101820751918054E15
2.863819146091366E15
-5.145407758735267E15
-2.364726280911985E15
1.9666684059248058E15
-8.219918905057746E15
5.703301303727432E15
-3.917883012219128E15
4.98470495909971E15
-1.8825325976827075E15
-3.8222531789753245E15
-1.9082665447595668E16
-6.395698804612089E14
-1.0159018744177828E16
6.645490157541965E14
-3.8209517828097915E15
-8.445770238446504E14
2.556129197727315E15
-4.78219952759506E15
-3.4187108667341505E15
7.816940643937095E15
1.2886504121869692E16
-5.274435413674699E15
-4.783948744753643E15
1.199489556464792E16
1.7689845791135698E15
-1.60579417106337E15
-4.822484593135263E15
-1.9098077212459932E15
-2.121056818574606E15
9.030624892688582E15
-3.2989345226061775E15
-1.3921560808972332E16
-2.6838451640966815E15
-3.5746906317236535E15
1.344198855148095E16
3.2866803656735105E15
-6.901190580410701E15
-6.571633186897261E15
5.770259587956211E15
-8.443025338707938E15
1.5363697995776065E15
5.944833874066869E15
-8.639787179169457E15
-7.672127973603226E15
3.084135047877586E15
-5.807296244373505E15
-2.9603542338162825E15
4.18643485657846E15
7.30296759205509E15
-1.1653073235155092E15
-1.3002775118021644E16
-7.431527153383079E15
4.4111452943361105E15
-5.814084372913955E15
4.712715357933482E15
-1.798679527446334E14
2.0196619193311894E14
1.0049743580358581E15
-5.466239880950425E15
6.31646877418721E14
9.893410235492152E15
2.196211721320065E15
-4.608603727771676E15
-1.0555728378137044E14
3.687099729419216E15
3.9789645593548855E15
-1.1995443821808878E16
5.879288562437808E14
2.46859358639542E15
-1.2780153037520535E15
-7.522277484016558E15
-8.943053807510375E13
1.2342181659819902E16
5.945231333459698E15
3.585819996183212E15
-7.280132173014041E15
-6.279122279384714E15
9.000590374969485E15
9.579984965772196E15
1.8588212936566372E15
-2.821951896755163E14
-4.299434219267231E15
5.552199076484204E15
2.825006557659665E14
1.4936351985031585E15
6.212555344084071E15
-3.2043497369846575E15
-1.050277320670034E15
6.215644969797901E15
3.307774703747463E9
9.85563257017771E11
-3.489063164618047E15
1.0748912104750484E14
5.442885441454111E15
-1.3171420095547983E14
-5.817817513964201E15
5.314645597146042E15
1.6988288498239328E14
-2.184035527679796E15
-1.6683565221196828E15
3.42637144748596E14
1.441983911250709E15
5.766724773964825E13
-6.080821547912053E15
1.2430703496263075E15
5.105421452546126E15
-2.7684593729679065E15
-1.495751861402125E15
-8.235633502180362E10
-1.2168681556006154E16
1.7223333890492562E14
7.553396863138833E15
-7.247360829816341E15
2.4169262557278745E15
2.5539009435417834E14
6.053269325603148E11
2.3585243539901277E13
-1.3649090214194283E11
-6.659143002157682E15
-8.11327507299879E15
8.112366394862257E15
-4.1400916665065555E13
-1.38478140132533E15
7.339616215253426E15
-6.690560743288264E15
3.528237374342685E15
-3.7642907858546075E15
5.91484037199864E15
-6.013928919258721E15
5.637876056189055E15
-4.549235140857796E15
1.6371662742491565E15
-8.440591369947013E11
-7.978304638214793E15
8.005703007262371E14
-6.472996177899639E15
-1.3116774152206655E15
-1.3963895722301288E15
6.227504475422655E15
4.2882327177531375E15
-3.942299988050073E15
-1.2287162601675212E15
-2.9974159248304735E15
-7.902935124247861E15
-3.542344121541405E15
-4.4057197612456915E15
2.8443911755392995E15
-4.013453321513465E15
4.0180376429918975E15
1.1386800315028408E16
6.996988063171968E15
-2.8765555641003055E15
-5.272914127729691E15
4.85652705342814E15
-1.1030984796315784E15
1.7831994100379328E15
-6.498673406030985E15
-6.38431889367414E15
-3.610808271445139E13
-3.253253920730705E15
-6.443348520878763E15
4.680630830276228E15
3.5456419233411135E15
8.6071605175107E15
3.8853973196417215E15
-6.079921900779866E15
-3.6623988032208965E15
3.213932974998743E14
-8.003647710293375E15
-6.76196492060806E15
-3.2418112245746595E15
3.4502902728722545E15
1.80586929513312E15
-2.306504170607679E15
1.0110150634180344E16
-3.349001587975524E15
6.947065992378175E15
-5.937403081196508E15
9.194628479199506E14
1.0370387457005628E16
-2.3230633694002815E15
-1.3956847217998638E15
-1.2008651074395116E16
-4.618446100240243E15
1.2864297688332274E16
-5.514048859367437E14
-5.001554407502056E15
6.804361993379027E15
-1.1159149885906E14
1.591326736290515E15
5.696625919613976E15
-8.599189492627994E14
3.3485600453779275E15
7.791889772651207E15
4.671292763706028E15
-9.955851674119422E15
-3.5409804320507025E15
1.0680209830353738E16
-1.2311199934758564E16
2.3218254093641275E15
-2.588142437162436E15
-1.372750084363471E15
-7.680915990501155E15
3.3907779238637875E14
3.8969553549813065E15
1.968918593135891E15
2.8491110128374775E15
4.767196762389389E15
2.0467868749178925E15
2.8797802348637815E15
1.001589334053804E15
1.3754173934446065E15
6.381947907668081E15
4.297160792511634E15
7.17686699969104E14
9.33154774925525E15
-2.3957519345865405E15
2.7314179645794175E15
1.236706052299325E15
7.112721264296232E15
-3.6332140269769925E15
-9.795508972795048E14
-7.254198368379734E15
4.0575013843898985E15
1.574929825475377E15
-9.228692645551179E14
-1.605419890866203E15
-8.150559015443234E15
-2.3226252097820695E15
-3.8388833722667775E15
-8.202707650089196E15
-4.4068746909331615E15
-4.22575939674381E15
2.9591724295472635E15
3.849698382458993E15
4.818435064666953E15
5.882927149513115E15
-3.389833504644748E14
7.964357231833396E15
-5.3990917394429E14
-5.376606995184171E15
-7.791907429656059E15
-1.9745417370054658E15
3.42782408023894E15
8.851459876896385E14
8.441765803066655E14
5.387806574503198E14
8.659448156570578E13
6.369801913015826E15
1.448153255839015E15
-3.838588594934883E15
-6.625901958043854E15
4.312517012859379E15
-3.545556802790899E15
-9.397539492695721E14
6.999114574048894E15
1.432954442179653E15
-3.5535308779503945E15
2.9410031141015675E15
5.772041512001526E15
-9.906211948401052E15
-1.0908392256669732E16
1.8702793051030938E15
5.597270449966372E15
3.034370536501928E15
-5.594590461019699E15
1.4774195980980994E14
1.0830789734116538E16
-2.1560954023053388E15
1.402070565766514E15
8.332842769617965E15
-2.825119181412587E15
9.996484075119559E14
1.3812012847764442E15
9.571077756788346E15
8.606486050141181E15
4.041084773307687E15
-2.9359435571677956E14
-7.005744144327602E14
-1.3378412317717265E15
5.957755263223062E15
-2.5447863292345528E14
1.1550186397495698E15
-4.7878418543782794E14
-1.7929189689786662E15
-7.166687796442622E15
3.7827208245013005E15
1.3624533974318732E15
7.200823745642223E15
1.619995619084873E15
-1.645983894962478E15
-3.716035111843846E15
1.713656191479507E15
-1.0941743970905846E16
3.074452546685758E15
-1.802567439502284E16
-1.6013570665426976E16
-2.5582590274672825E15
3.240980155552761E15
2.887332131047861E15
5.620781296242704E15
-5.241978442468947E15
-6.950599691652523E15
-5.830931353340869E14
-1.3188914594512302E15
-3.778378050262004E15
7.05329887811142E15
-1.1484479823772266E16
-1.5798349318256688E15
5.5670544857376E13
-8.049075350092107E15
8.579903688802782E14
-8.270846260373083E15
1.5992506948662272E15
-8.372589889280316E14
-5.01150115534139E15
2.9893432301189006E14
-4.786105236906362E15
-1.4538594288959978E15
1.248316215124287E16
2.4120786752604685E15
-4.192979759350157E15
1.324156548270963E15
4.503051470667018E15
5.116275252004752E15
3.306785416460437E15
-3.328039959602743E15
-3.6188010842557725E15
-6.914127855017501E14
6.329799619293228E15
-5.1779556797118756E14
-3.2931912992588935E15
1.4070130386292502E15
-7.670479827738119E15
-1.6745524667879668E15
-7.707600672624802E15
-2.93000697643861E15
6.433233590787249E14
-4.0975428854625135E15
-1.0117991129540044E16
-1.1539698858569626E16
2.169642148499656E15
-5.428587132434425E15
8.140689280823483E15
-6.7457080941222E15
-2.0568702020346506E14
2.78608512967684E15
-7.214602998066624E15
-4.805692888520166E15
6.113960276099561E15
-4.36729355656649E15
-1.424996742143411E14
5.084786158625351E15
-6.955275085500899E15
-2.743842307083537E15
1.704435144182066E15
8.245021688462096E15
4.76839580760247E15
-9.197780053352611E14
-2.32021791647962E15
-2.2956014731197125E15
-5.361348066117488E15
-7.947163184821508E15
-4.1037078644301235E15
6.346301340551218E14
9.59173310502933E15
9.328018950154618E14
-8.879758419975215E15
2.0616576537380025E15
3.0577862802882985E15
-7.024386205878722E15
1.3777288399740435E15
2.1828676029251952E15
4.153926043768097E15
5.091128603489925E15
4.609266037720346E15
6.64143829450827E15
5.240659009002895E15
3.6228337907707815E15
5.135400590756402E14
-4.982353689479217E15
4.630705143190543E15
-3.3891287678506705E15
-1.9811664571913762E15
1.630544854638372E15
7.729910066585983E15
4.3306121107951775E15
-5.85426956602064E13
2.765371856323698E15
-6.400720547046162E15
-5.816803812330767E15
-7.942188612233658E15
-9.776504714754891E14
-6.683369123986833E15
5.235416302708522E15
-2.9489878061117575E15
-7.027977602464569E15
7.201043890922599E15
9.989927471113614E14
1.9308155254060004E16
-1.9478142585713428E15
-7.775314142074315E15
5.549538442235225E15
-1.375634896305373E16
-9.106420951958266E15
-6.276804708243765E15
1.884953212169902E15
-9.45672001574875E15
-3.4363659028814025E15
-9.341719680909348E15
1.876387620814519E15
1.4207544844385888E16
-5.936604618008163E15
-1.284185189407174E16
7.391623499499749E15
6.473840114854816E15
2.8598061514474465E15
2.9049829704606455E15
1.5980596522765985E15
6.719843912544089E15
1.3262769683711472E15
5.018697293778563E15
-5.08055589067178E15
6.10755482069981E14
6.158640890389525E14
3.308394827640521E14
-3.476357420277323E15
-3.6130176448895555E15
1.1693582936987477E14
-4.958505298998764E15
-6.288948081284356E14
-3.0908850923244725E15
5.292143510463493E15
1.0378129190548901E15
4.860370705713798E15
-1.2654691746482352E15
-3.938606906324519E15
6.47096134370003E15
8.800248242958041E15
-1.682352176871241E15
8.758787986138077E15
1.0443944408043852E16
-4.181749143624824E14
4.458692336151074E15
-3.852036115430276E14
6.564133115088603E15
1.4276383408149212E15
-2.9105188056144645E15
-1.0324566131099056E15
-1.2209455605181228E16
-1.453684537222348E15
-5.958424043419512E15
-3.9691817763168525E15
-2.4581446685044455E15
-1.1652538074352095E15
-1.0427891178502368E16
-2.8332153639786975E14
-4.459240260505981E15
7.823113545649204E15
2.9796901607709344E14
5.337591377486548E15
-3.165508590583568E15
-1.5797077905921212E16
5.306590271720663E15
9.12672034362553E15
-4.2160982897715075E15
1.2290313230841618E15
-3.092318106592897E15
6.319436984773315E15
3.0145998618481685E15
-3.518563594952267E15
-4.4908355168213665E15
-4.570716565036541E15
3.5095488383488865E15
-5.397345548589233E15
-9.816291452750966E15
-1.631832668845434E15
-5.674365965427655E15
7.795603602490615E15
-3.2832955180888525E14
-3.2919602035568925E14
3.0456658087984225E15
-3.62192413783756E15
-3.212651459863484E15
-1.0652595887922229E13
-1.246780740205167E16
1.7598833870625255E15
-3.615899391652711E15
1.0636758829766706E16
6.670679073840531E15
6.111042613750932E14
2.5883282183899822E14
-4.95194897971201E15
-2.3019692608594875E15
-4.2862455199730445E15
4.352192128487075E15
-4.2215332732290625E15
-1.0721994958401226E16
2.100887601207048E15
5.740352281731047E15
1.2589081572132682E15
4.004864104598304E15
4.650025871340346E15
4.383518183962268E14
6.832766122716019E15
-1.583600058250234E13
-8.310107112418626E15
3.0500268102450115E15
-8.188293090786824E14
3.880673569139497E15
-5.915319910875089E15
-1.0600774037816525E15
-2.553287110851516E9
2.4696200705514915E15
-5.2626924369897606E14
-2.9282811471414135E15
1.6493923500627742E16
-2.694909033548619E15
8.180216826262332E14
-7.709141003740955E15
-3.734572727363573E14
1.771872344256825E15
1.1673243884717378E16
-6.432835365207072E15
9.429025594350566E14
-2.3550266542311655E15
-7.91204498459378E15
1.0253669804115664E16
5.272502743862114E15
-1.713789611902655E14
1.9123061620277882E15
2.215089264234942E15
6.571472328378502E14
-6.761209695588845E15
-1.4375090076685572E15
-4.136425611845636E14
1.7141277980101968E15
-7.097757433783362E14
-5.349103287186538E15
-1.0413536544382396E16
1.941244422946042E15
-8.045372271389336E15
-7.692558683163461E14
3.140676028394788E15
-4.2467526406006475E15
8.422242719909534E15
-7.104887106617018E15
9.738000914903052E15
2.494297600417528E15
2.7743019254801765E15
3.58409224709546E14
2.727662215089526E15
-8.589864108296605E13
-3.2920890739290075E14
-9.301005296814346E15
-1.206229988224095E15
-4.341896476548388E15
2.6658645661941535E15
5.337551896088091E15
-3.158559546004918E15
-3.1438583633108875E15
7.748130213186711E15
1.0709766916109014E16
-1.9508712687792742E15
1.0530547681601438E16
1.8161992785621338E15
1.126241499854676E16
-4.2641175128370155E15
6.680484156740485E14
9.958378531365136E15
-7.429591652519203E15
1.5708259197507098E15
1.364589368198909E15
-1.0048463303176014E16
4.818400920619477E15
-1.2089305715652448E16
-1.3864683536172095E14
5.22502555221418E15
7.875384034610592E15
-1.4386052488826258E15
3.730471653456228E15
-1.0820890243627841E15
1.9092098480235758E15
1.8777730539986618E15
-1.6160369422001945E15
-9.874472498061881E14
8.784726920304303E15
3.334691593781398E15
7.716119741241964E14
4.1244606660240895E15
-5.871381057582269E15
-2.797765340136048E15
4.974622962439491E15
2.050861588104896E15
-3.3264185025100355E15
-8.298581418115385E15
5.048910104069009E14
-9.008301759050076E15
3.9559845345520345E15
3.8044441490379735E15
-6.379404605068398E15
2.0888299727348322E15
6.44372499873383E15
-5.824630280548986E15
2.5128361694871815E15
-2.7291469253766338E14
8.612776227291094E15
7.37510558075933E15
1.609372261158953E15
8.90627331898357E15
-1.27988870619318E15
9.565919923949022E15
-6.992819426624512E15
-9.939457768973728E15
5.416496724371596E15
2.327382384028887E15
8.13419267373036E15
-2.6869636486296315E15
-2.5891548682375575E15
-4.2400736895254635E15
-4.651323472446523E15
-5.454514318254059E15
7.330977806191547E15
1.9624309014747582E15
8.23317491320271E14
-4.3408350200162105E15
-5.318734710008401E15
-8.837374666737587E15
-6.420843046579752E14
-1.3858826435344714E8
