9.277641480342446E15
-9.892895818300922E15
3.1548100360817475E15
-8.347320428537125E15
-1.046464399282024E16
-2.330480149903736E15
2.8424351355902375E15
-3.567670416028335E15
8.534843827051611E15
-3.2667094131169955E15
-3.0119304007112325E15
-3.0291258201565715E15
-6.182337192508231E14
6.606342426361919E15
-4.4356885346564155E15
1.675981507686193E15
8.209336333841394E15
-9.509038776870596E15
1.1337196200206934E16
4.92146351011386E15
-6.611210033370804E15
5.652139081709992E15
5.336553763038473E15
-3.278858945342898E14
2.04110840417005E13
9.79133578206145E14
-3.1723922152334185E15
-3.2215629693653615E15
-4.1534586242084925E15
-3.6230572903403275E15
-3.678882659421562E15
8.153514795023258E15
2.77028271005571E15
-2.4641724302788865E15
-2.900384671095739E15
9.063733057621268E15
4.271757328946469E15
-1.1060066750297144E15
-1.4142172080780945E15
5.674852713607749E15
-1.6492462809315985E15
2.3561535505853955E15
-2.533344681678327E15
2.0422317109188425E15
-4.0266832549860744E14
-7.257088112056419E14
-1.271243394730692E15
3.5038566861696705E15
-3.4370481123110465E15
-2.417048096915672E15
-3.22268825227668E15
-1.7841291626805718E15
1.92913784480256E15
-2.643216305079219E15
-8.268615070943411E13
-6.780416803529192E15
3.076864545958882E14
-3.078235395084845E15
2.901291852887142E15
-2.1600294338788572E15
-2.2056998770130782E15
-9.466077644713711E14
2.8454479188381215E15
4.4419256525999315E15
4.1965388205238845E15
-1.348791950734928E15
9.417119292364054E15
-2.186180669856159E15
-1.3651644266257067E14
7.603979933796602E14
1.52807301488872E15
-2.225172633132072E15
-4.3281491935377756E14
-4.6805640604566975E14
1.7615964620481115E15
-9.136200304744566E14
2.384115889182861E15
-5.1374445443951844E14
5.63086709674953E13
-1.0893155327652175E14
-1.484265784184379E15
1.620168874287295E15
-2.150330112221823E15
3.7920104473556095E15
-9.2942922142179E14
-4.076851393932921E14
1.881322377987229E15
6.300498674294124E15
-1.6872400460884E15
-3.012723218595021E15
-2.6658173380696735E15
5.685467231438339E15
2.256881023722315E15
9.062068751218745E14
-3.536394809760772E15
1.672462557407257E15
-9.63874240716065E14
-5.919145106963689E15
5.545970813520959E15
1.0052068907808274E15
-7.564355780140499E14
3.492297927166513E14
-1.8897067582921842E15
-2.5897340359392365E15
-2.6636789562313638E14
2.5589191170701035E15
-1.7670844246227778E15
-2.8409834525121805E15
1.2093463058741028E15
3.7511727386226425E14
1.3678552212782222E15
2.59284480837233E15
7.443775573860579E14
-8.991424151398646E14
2.3915013255000855E15
1.251446621855492E15
9.863813809218433E13
-3.027292365965646E15
1.4616669184588118E15
-8.901792470515518E14
-2.3168977632994925E15
-8.703147664073909E14
-1.491170123511947E15
-1.230480325893595E15
3.433915645070047E15
4.2652793135144815E15
-3.6449984454459155E15
-1.8216037110086958E15
-4.8231969776116794E14
-8.45920369766187E14
-2.1618147918839022E14
1.891396337761525E15
-7.616363930767321E14
2.3824273534548585E15
-1.859566930907741E15
1.9432868653797745E15
1.1221462701661867E14
2.2059112646070842E15
2.9405346802197865E15
8.817445237825096E14
-2.3265571373007485E15
1.3095891321607922E13
6.214568241479479E14
1.4067165670413388E15
-1.1883860064991798E15
2.4941317327571875E15
-2.538497846495103E15
2.0568823749013075E14
1.3555915301902408E15
2.296270238449509E15
-6.142888879436042E14
-2.1315581631253065E15
1.373531389370297E15
3.7790504845417705E15
-3.5606705874462195E15
3.310773269462711E15
1.9457698174646545E15
-5.97027910749739E15
7.780023792809285E14
2.069525975644663E15
1.1142861240770198E15
6.543679494564244E14
-8.87108705337314E14
1.4645999594896422E15
-1.0830846416928678E15
1.180710928303505E15
6.771338655253215E14
-3.251259643115048E15
-1.1976600494223318E15
1.4713298402270725E15
6.277782701564889E14
-2.3483182844256145E15
1.0299741397454266E14
-3.931373336005251E14
6.159274789111775E14
-3.2636215740095375E15
8.477784941995859E14
-1.1380726222704432E15
-3.7542426620027085E15
-1.2622673796638968E15
-4.667206348664209E15
-8.964424618115961E14
2.1614902131531782E15
4.363700156303676E15
-1.1702120564381762E15
2.4150442017864505E15
-1.5432221007803828E15
1.1847269836922015E15
-3.127796933937233E15
-9.073804403244079E14
-3.13700875865791E15
1.355364600694305E15
3.473439044428041E15
-1.3706794274618895E15
-1.655445963923635E15
-5.619693192646724E15
-1.0008750605990462E15
2.1714801464822295E15
-4.2385550128357506E14
-7.761454753505456E14
-1.8615871884872858E15
1.9383348967193198E15
8.859790358394892E14
1.6217401338001545E15
7.240721381858917E13
1.8126086723290265E15
-2.1241223444599772E15
-6.700263854030371E14
-1.3940497934028735E15
1.514867357139463E15
1.997796646392376E15
-1.9529528832141832E15
-3.362558766603111E14
-1.3785653101261648E15
2.660556175663047E15
8.035981635414206E14
-4.2889283180704725E15
1.6324596824728225E15
2.5772364895513105E13
-3.4176916436816906E14
5.524699503547521E14
1.8358897806932678E14
-1.4635442307477928E14
-9.559130845168881E14
-8.007939361181061E14
2.1448893547504E13
4.187911186482972E15
3.8820359515141745E15
-2.955429703374102E15
-2.456069118662319E15
-8.809034125572255E14
-2.7933522790960075E15
1.8875946296024362E15
4.809800791801753E14
-2.7002135602341303E14
4.513023429517366E15
1.3623558256230808E15
6.561186775885022E14
-2.320029281389368E15
-1.172008326646656E14
2.487567630447756E15
-3.481577625887181E15
1.8669191190128942E15
8.41979252245209E14
-4.634624119553348E15
-1.2146998560261215E15
2.8481095673819465E15
3.917324258428935E15
1.5559894187753542E15
-3.334879004082092E15
-2.3970416170453834E14
2.793178292786845E15
-1.0442054515300674E15
-1.1032817017761642E14
3.4640390920818756E14
1.7842700336034372E15
-1.3483342504201128E15
-3.61345272662002E15
-4.959831164956743E13
1.2588995017600722E15
-2.2058478830521632E15
-1.5697371784640692E15
-6.279400431132469E14
-7.882161919806469E14
-3.147139944527412E15
2.181929903370839E15
-1.2626868518906619E14
2.876802954736568E15
5.479328960232068E14
5.6185752067956244E14
-1.1820272852109112E15
-1.3861697401587742E15
1.0242213918204354E15
-6.827143393727836E14
1.794850939205327E14
-2.553248752926748E15
1.4256763495265048E15
2.417451090010917E14
-3.393773007594651E15
-1.0128755319157662E15
-2.1605981808261212E15
5.469905513286426E14
1.3317004061003875E15
2.921701806828067E15
-2.5643861721832935E15
-2.5277690583130065E15
6.18113798997551E14
-6.584919575582345E14
-1.2898002750796305E15
-6.274241661151719E14
-1.179563062799637E14
-3.640774451560827E14
2.7549196557270035E15
-2.1334051680048182E15
-7.218101676474912E14
-2.6641409078146815E15
-1.8486191387521125E15
1.051957798918093E14
3.015212397044668E15
1.1904510323915418E15
1.4669171251637435E15
6.304932243766591E14
-4.795949086003489E15
1.9833645642169308E15
-6.05281467123443E14
1.9212258072838642E15
2.77445563068827E14
-5.163616056346866E13
2.7280182390349565E15
-1.8339235536186E14
-7.885487216052898E14
7.52742733181561E14
7.406864410424562E14
-2.341346593389014E14
3.0826921262410655E15
2.9717571044008985E15
1.1222728615920801E15
8.953016097367479E14
1.4594129185305562E15
-7.706781100814815E14
-1.0602468460322476E15
1.0397252166715042E14
-1.7402158533515462E15
-2.0728606749104672E15
2.094339039600104E15
1.8309144044808118E15
-4.117519853735184E15
5.070845690677734E15
-1.542964962395277E15
-4.835788725070507E14
1.1814033460315568E15
7.362721310866348E14
-1.258659337609689E15
-4.128587502480627E14
4.22939006646696E14
-1.9835016672810812E15
1.3964542573832198E15
-7.75288838350473E14
1.5465235240574028E15
-2.84126282618239E14
-9.881275590609978E14
-4.769527608688944E15
2.2249614737421652E13
-2.760417763820465E15
9.499560118525516E13
-9.387678427133171E14
-4.7502062937402744E14
7.216150295230071E14
-1.2485513197841225E15
-5.805821094559821E14
1.5872982503271732E15
3.093021826995787E15
-1.5072896072442652E15
-1.4292627339873452E15
3.028869858030056E15
3.931001360846496E14
-7.182158467828625E14
-1.2092502493580652E15
-1.2115944259184644E14
-8.717682216459878E14
2.2987649198720035E15
-4.919220507846042E14
-3.670981995652076E15
-7.67677807815824E14
-1.1104444629801954E15
3.4263391321224035E15
8.559114428533164E14
-1.6527334920377422E15
-1.566180300191873E15
1.7789107464912502E15
-2.634776904740988E15
6.615547595063598E14
1.449979338700726E15
-2.0973748900251752E15
-1.8274684041398558E15
8.959131157764914E14
-1.4596518776377065E15
-7.357014953497926E14
7.710510978179436E14
1.7209428622559255E15
-3.101878944814027E14
-3.141048739182879E15
-1.8526293672560905E15
1.0984740073244842E15
-1.591728459874831E15
1.186005252475197E15
6.293210101273125E13
6.126425418157701E13
6.481773756284591E14
-1.597552417550181E15
8.082819005758173E13
2.6192002787141845E15
5.709473556760812E14
-1.2155993986646125E15
-7.311257217684034E13
6.375992498640064E14
1.0418416434531826E15
-2.911334757915612E15
3.375103478517648E14
6.676839539771614E14
-4.304820550636892E14
-1.5325382231118732E15
-3.6117803344647156E14
3.4192044725573215E15
1.5454388374651942E15
8.122793992084028E14
-1.574808494874031E15
-1.5643793435262798E15
2.1509521840628442E15
2.3547007182755145E15
6.352850850474045E14
-1.9057372674408778E14
-1.2614641574791108E15
1.3575490874692555E15
1.0108112759937514E14
2.0313894377368884E14
1.4127584277677835E15
-1.1939444296534168E15
-4.4567926912081664E13
1.4818866085060525E15
6.293936778607019E8
-2.050083184899152E11
9.12257104102779E14
5.719223201670686E13
-1.4465370231565455E15
-6.225610289534188E11
1.4558529577243542E15
-1.749426751886547E15
-1.4561061132307385E13
7.722421599846548E14
2.7004018803404144E14
-5.73204451672101E13
-4.1519054272428644E14
-6.362857540136678E12
1.6890516742223282E15
-2.668879980414816E14
-1.0070515962087819E15
9.08563340217008E14
2.496900051041488E14
2.1380017762359486E10
2.701343709564973E15
-8.859273053926917E13
-2.031091744803975E15
1.715984523080521E15
-5.985246858292064E14
-6.032960261876279E13
-1.3672374081517554E11
-3.6678334509484875E13
2.3654424118590744E10
1.5733738183950045E15
1.8965303390363192E15
2.1628856286687645E15
-1.8392784596717753E14
-3.7758482318749106E14
1.7645707452350842E15
-1.459027861812937E15
8.3971667568904E14
-1.1931101726258838E15
1.7620540143655548E15
-1.7123664188039298E15
1.0997855150309081E15
-9.975868745087202E14
5.762205813666371E14
8.359519437102847E13
-1.9307455121334418E15
1.3683511250922483E14
-1.4595210422515E15
-3.8970681327455E14
-3.903121983982563E14
1.3943712633862682E15
8.67107272955873E14
-8.81206398762355E14
-3.7520856692560375E14
-7.34649422759321E14
-1.8007689701476025E15
-1.1040078645497138E15
-1.2659313265637838E15
7.414999113935082E14
-1.3578365834915388E15
1.1781651359909028E15
2.4985669476188055E15
1.42586304401969E15
-1.1264722951437605E15
-1.317591557504412E15
1.3272575023302395E15
-1.773494373354267E14
7.372832229771361E14
-1.4276065792866972E15
-1.867397045530422E15
-4.093240639445355E13
-8.549725447194656E14
-1.4431371038684188E15
1.5760903502617248E15
9.733737958516445E14
2.388369641783422E15
8.30518955224081E14
-1.6853872794859735E15
-9.119300172818159E14
1.1736297342734862E14
-2.095716019086864E15
-1.6803555277819258E15
-7.905703324238534E14
8.401447541260331E14
2.191328974454188E14
-3.8846527255819925E14
3.0422780759624105E15
-1.0085752877022572E15
1.9793205195486765E15
-1.7777752435075105E15
1.8244169270080425E14
2.574106286345279E15
-5.515361383356506E14
-4.2411128101381475E14
-3.111746374536638E15
-1.1753646633019268E15
2.892049304831865E15
-1.1547138101659139E14
-1.3097587645094952E15
2.0918818293910218E15
4.259485493959275E13
3.044015938478192E14
1.5279170098701425E15
-2.9967103431162156E14
6.948263024514716E14
1.680069110329358E15
1.2282008736951848E15
-2.446540462242459E15
-7.521683053780505E14
2.456814541291348E15
-2.969197247849186E15
6.51365342759025E14
-6.570910928249074E14
-2.818903701378453E14
-2.1389041546618955E15
3.150814975196996E14
8.93760547612838E14
3.849972972247239E14
6.482801123496788E14
9.3213268595701E14
7.4352530868467E14
8.692198706683995E14
9.00291664427262E12
5.639600435832222E14
1.8584566556667478E15
1.232182597485289E15
1.8893542420283825E14
2.406092075302143E15
-4.71967165460286E14
4.7825113543846194E14
4.05603608140443E14
1.5870881097192035E15
-8.456276208185455E14
-1.5306721383827603E14
-1.5804805454609712E15
8.42422992327428E14
1.5967727866536997E14
-1.3083573630973923E14
-6.029455637173591E14
-2.2130757120744208E15
-1.6412174578137994E14
-8.769995473737085E14
-1.8762382979891965E15
-8.209642360257951E14
-9.982932352677145E14
6.619334793628084E14
9.573297447963315E14
1.2766229802087248E15
1.4516129937195718E15
-2.2353423591759756E14
1.986772627123299E15
-1.0946750351111916E14
-1.394703722420248E15
-1.8831694886512488E15
-5.507897154579004E14
7.97222418821704E14
4.799362631037639E14
1.7610756498326247E14
6.194012774758885E13
2.9649016932139775E14
1.5578890101324808E15
3.430749238085553E13
-1.1491178321708005E15
-2.1947942356062008E15
1.3924139288879472E15
-7.247929138417044E14
-5.504424732193284E14
1.666182747024423E15
5.846057172612109E13
-8.583576249873184E14
4.0631934721610794E14
1.524210184118862E15
-2.607810499210716E15
-3.00092437884836E15
2.5766154612244397E14
1.5446069362351202E15
5.730422833443832E14
-1.3157052432877785E15
-1.2891582500512E13
2.747874775884223E15
-7.180739487815635E14
3.63262384402418E14
2.0962601925579422E15
-3.537123622639815E14
4.4150403789503975E14
3.36591807081628E14
2.4132554936954035E15
2.4437450295549395E15
9.872294100507875E14
-1.0246010359889684E14
-3.160718086151179E14
-3.7360921831737856E14
1.7518472246229485E15
-2.8437427681445106E14
2.2214309481641022E14
2.2704899510681153E14
-7.064392749894702E14
-1.7162258641954028E15
6.773516591106545E14
4.200539726001575E14
1.7816221279221712E15
6.217261675841732E14
-4.645167353513266E14
-1.168972405598687E15
4.059944028109867E14
-2.666628357505555E15
8.89698767156241E14
-4.617071644773725E15
-3.986201298744866E15
-7.098554710725628E14
9.356427460849066E14
7.155005204119041E14
1.324033992744382E15
-1.3148561286761675E15
-1.8699386129971835E15
-3.3801068743961956E14
-3.5042946554132706E14
-8.120022466047881E14
1.8794974529930798E15
-2.955072427173685E15
-3.0504141301812606E14
1.1748864171420924E13
-1.943448345281868E15
1.4809293603770184E14
-2.1939805311450488E15
4.573869029796497E14
-7.150685698310686E13
-1.1692407008482975E15
3.3583845692965355E13
-1.01508641276179E15
-1.588433018310312E14
3.248229937930562E15
5.242584224767951E14
-1.0815254982134784E15
5.165686319338018E13
1.271701767097057E15
1.2681225560037625E15
9.10362166611799E14
-1.0531833098884324E15
-8.219289674568969E14
-9.291294184923269E13
1.7631454028347115E15
-2.858974599395995E14
-6.582032900862515E14
6.171573769675366E14
-1.8275383946214375E15
-7.20178915490532E14
-1.9826139258851322E15
-7.512483689333645E14
-8.976262922041858E13
-9.08379485621801E14
-2.816487402996576E15
-2.819671132219677E15
6.531881445430925E14
-1.4526521247860882E15
1.90613924084863E15
-1.647749316536664E15
9.53134733311746E13
4.8097599339033225E14
-1.7917692671401045E15
-1.1270971651864728E15
1.2790441120797055E15
-1.0567563217824209E15
-1.740869990194657E14
1.4778245232874818E15
-1.6747478501359208E15
-8.348053450091499E14
4.9599641111759544E14
1.8832319936802658E15
1.1389228527065895E15
-5.821833443830702E14
-2.1296197050282494E14
-5.774651578704568E14
-1.4825639801827462E15
-2.2370910148136648E15
-9.578098180431034E14
2.819078867850881E14
2.1598032536431678E15
6.799512925565111E13
-2.3229706592725585E15
6.098791473494959E14
6.888238571315271E14
-1.6239845298412322E15
4.411860722990066E14
3.536174131963936E14
1.36117137010441E15
1.450047109587789E15
1.0708698376826826E15
1.988248253936845E15
9.913992419179279E14
9.428411040939319E14
5.738742398886746E13
-1.3508149218445975E15
1.295206385761827E15
-8.285634673610555E14
-6.276408554522661E14
5.4806661715137625E14
2.0454510842382678E15
1.126651090578926E15
1.6003346409544056E14
7.253901944504258E14
-1.396739756009002E15
-1.4116498180740565E15
-2.0761683507373838E15
-2.7654867532935888E14
-1.3644469314145905E15
1.6897481215103268E15
-8.850464862413848E14
-1.5669616590793072E15
2.1377740916328675E15
2.6553005755414816E14
4.651841394176913E15
-4.952347328160036E14
-1.520900508611496E15
1.1687687757466845E15
-3.7501094267480065E15
-2.4732159718408225E15
-1.6322866315145505E15
5.4675986053996875E14
-2.2442711613837782E15
-1.0040212102096341E15
-2.2810313923938605E15
5.238650134455291E14
3.6161822030065495E15
-1.23655963942892E15
-3.4259880277495735E15
1.8982420107353468E15
1.4900345932288458E15
5.165004651558824E14
8.692275202025279E14
5.870428381124938E14
1.4332534532632042E15
1.6433449667324925E14
1.4358479732627292E15
-1.2782048997788682E15
2.4396613880982525E14
-4.1601983351566375E13
-2.904084995747665E13
-6.174716980441736E14
-1.2633271828508675E15
-2.1496204061045047E14
-1.1381223126367622E15
-2.3608585998179884E14
-1.1071724405993398E15
1.2067243060275945E15
1.5049405685758025E14
1.2920900428791995E15
-1.6326361230957847E14
-9.24913523804937E14
1.6452358301497722E15
2.1715136951670245E15
3.79635543260893E13
2.4443869165518845E15
2.6135727253546965E15
-7.4389302937695E13
1.1693532437832222E15
2.5273612605453523E13
1.3750016065273535E15
3.61008763610757E14
-8.680016897721216E14
-2.2289401097638106E14
3.266474084498492E15
1.1971332832988839E14
1.4515213213872915E15
1.0813492178438506E15
8.006948714406652E14
5.1535770918925594E14
2.6285326045877805E15
3.871168494942083E14
1.4447513604849732E15
-2.1999064818509852E15
1.5733071920731684E14
-1.20752293159834E15
8.96958316975873E14
3.6818123594035395E15
-1.2851062053010002E15
-2.3281107412354185E15
8.955589073271342E14
-1.3480124888047305E14
7.807156275369208E14
-1.5898220073002278E15
-7.881387313326541E14
1.0216523157774102E15
1.1174256136480569E15
1.3104631738962655E15
-6.497042471424199E14
1.5191743537757182E15
2.4371339026334785E15
3.775949645696553E14
1.4191247087903905E15
-1.888375558424817E15
-1.568166909877907E14
1.1322063065356222E14
9.01872602332603E14
-1.0141268100137128E15
-9.081821058645869E14
-2.596256780325444E14
-3.218706790846945E15
4.5863276530954894E14
-1.0766013738524494E15
2.5116272870457265E15
1.676173156161409E15
3.890883179600148E14
1.8553781459803668E13
-1.1799702163156655E15
-8.338034934469311E14
-1.1771876586010098E15
1.1195195754883284E15
-1.0004522932053108E15
-2.875694166447742E15
6.104696377884122E14
1.646577512634982E15
2.7578922924921938E14
1.0296389029016484E15
1.3159174462563628E15
-1.947527403921941E14
1.4894813555667305E15
-6.629106512717395E13
-2.0667511627155625E15
7.310040177415756E14
-1.579014545390239E14
1.0588804569226788E15
-1.4339885711716035E15
-3.261903616662835E14
-4.5029443365172565E8
7.787643784274134E14
-8.00141843236078E13
-5.820715624889182E14
4.229327507135552E15
-6.275136925842602E14
4.457921477420791E14
-1.990413658696516E15
-1.874647858613253E14
3.925775944961486E14
3.280274854047598E15
-1.633077017277266E15
4.814237979721547E14
-5.457209986726898E14
-2.292004105985356E15
2.9249320612383355E15
1.130302124204672E15
-4.144178353680852E13
2.8046996992544025E14
6.969274838191625E14
2.5007163616576784E14
-2.1385303230114992E15
-4.1404330259983375E14
-2.0791830726159388E14
2.5916762702483438E14
-8.658764193325098E13
-1.2455537422947015E15
-2.973732899238452E15
8.09257576179343E14
-2.1316599675203838E15
-6.815102585105577E13
4.5090667651451706E14
-8.279352528577791E14
1.9959512840549728E15
-1.5903658378905065E15
2.5008786021266765E15
6.676244746578546E14
7.012165651769045E14
1.8052467011367294E14
8.40128095688581E14
-9.244987813747817E13
-1.9754392777455828E14
-2.285766646104136E15
-3.980394575041309E14
-9.35170897174424E14
5.4657613403665E14
1.4143200856306408E15
-6.819034916290328E14
-7.505732291654978E14
1.9961931350499165E15
2.637324416137171E15
-7.961145253278679E14
2.6357511032357365E15
8.325567785393098E14
2.875131598727886E15
-1.2837578546610012E15
2.7332886705833984E14
2.453471392662299E15
-1.7427179351409492E15
2.966215428422143E14
7.90041167217571E13
-2.5719617749988825E15
1.3313018240291965E15
-2.895103010286327E15
-1.2601767333775856E14
1.1953370119649208E15
1.7673205261744585E15
-7.046533603912224E14
1.1019700008758645E15
-2.162615413720413E14
6.451250516841986E14
4.2750522300448075E14
-5.15536280352795E14
-4.277780007216455E14
2.311532984462893E15
8.947164683872038E14
1.8471148787519562E14
9.992953948291328E14
-1.6427235362535338E15
-8.633738825590945E14
1.1849129120950708E15
5.112128615304965E14
-5.96248709257654E14
-2.312101060605356E15
-2.2144579237291834E14
-2.09160984826934E15
9.432274616376694E14
1.0331023065878232E15
-1.716286507888297E15
7.050615714097259E14
1.4838745687059765E15
-1.386277338488392E15
7.94262283434006E14
-3.5162633251345794E14
2.1437468987441375E15
1.9900979663806125E15
3.765717174161162E14
2.2415604587728068E15
-3.755574670845248E14
2.40311012464963E15
-1.54900761507924E15
-2.5098793429940665E15
1.2440297052002758E15
6.002172730903152E14
1.749394047168588E15
-4.141146853418151E14
-5.948160545823061E14
-1.1136653613178602E15
-8.301886465614334E14
-1.204841197448912E15
1.908197260485922E15
3.4114705066999075E14
3.505367246588056E14
-1.2499941117659132E15
-1.3474233336812758E15
-2.3381024587110675E15
-1.8626613841646016E14
-3.651489006798277E7
