1.0106333519471592E14
-1.0717306741365158E14
-3.659853069502156E14
5.079464096921961E14
5.2627933156705406E14
-3.695646836653398E14
6.810197113430726E14
3.250458111852834E14
3.1366525958144785E13
5.4467226760601875E13
9.79712170928201E14
-7.680543975099612E13
2.3837949306163238E14
-4.411070189769282E14
-4.978174614138232E14
-5.4399971187393694E14
-2.7526472861708066E13
-1.3742653900918892E15
-2.986936743020495E14
-5.364931249382657E13
4.8733252082426056E14
3.897623162161057E13
6.747506502709976E14
1.0234388890844262E14
-2.6777359003495956E14
2.1949429240828303E14
1.1886331009407716E14
-4.673147453932698E14
5.424783583852271E13
-2.4529008563143097E14
3.387530938831947E14
-6.044890207784483E13
-7.898855063333589E14
-5.839222841507779E13
5.661115571481096E14
-1.0811877144733769E15
-1.0589075154339967E14
-9.831625871602919E14
-3.357720079012539E14
3.373878023430678E14
2.6050431403200897E14
4.980073387943451E14
5.477821922790462E14
-4.506854297859306E14
1.4074505172369328E15
-4.180943115155555E14
4.059726997472811E12
-2.6540556469732284E14
-3.417022713773766E14
1.3290917095682114E14
-3.069320521228954E14
2.0603889327613947E14
2.8863075107119094E14
-4.1725776888758025E14
-2.9327588483100332E13
-1.6356398557196675E14
5.203411118581007E13
-1.9395791116560603E14
-2.8968504767496848E13
2.4576909771540422E14
2.7164672616156703E14
1.0380712050258784E15
-4.549690352914638E14
2.4272224529159794E14
-1.072819138186555E15
3.294455207886398E13
9.633811218976447E13
6.6914406041581875E13
-2.2281644555207372E14
1.6984640828718062E14
1.7479542445833056E14
3.084891856154907E14
3.843293229562701E14
-3.644220680908774E14
7.087695408694664E13
-2.5699569984188503E14
-1.120740665994974E14
-4.506449279644384E13
-1.9718608726253512E14
4.282919712921112E14
-1.9083341774296562E14
-5.069015278759207E14
-2.970903991275359E14
2.988954256876674E14
-2.658239770492673E14
6.387262751112356E14
7.438077789067056E13
-1.0346443023360989E14
-2.352876552495901E14
1.505533810401322E14
3.7837794483384275E14
-1.1946955606455036E14
-1.9600409598650256E14
3.4665896366732575E14
-4.990031057877327E14
-3.801011416697538E14
-2.2766070761686162E14
5.822215597354612E14
4.431458576944151E14
-3.9792867392882494E14
2.826197924805036E14
1.9615479734588453E14
2.2319639646518303E14
-1.763140533799407E14
4.763696723022237E14
6.45752831795528E13
-5.685093457559234E14
3.816594172858568E14
4.1664760686316925E14
5.692338313163906E14
-5.928386483266318E14
9.752530868870316E13
-1.1608947965700758E14
3.7142349555554294E14
-6.560273374507078E13
1.0739184110132692E14
-4.8264194013747406E14
-4.555489256532071E14
-3.6969861757313375E13
-7.959562971378236E12
1.5366152732366512E14
-3.883232968816978E14
-6.2121305080508E13
-1.5836674582776144E14
1.3178730512894253E14
9.163328627879206E13
2.3776358338475897E14
-3.680695173535532E14
4.193698975147866E14
-6.746059662152645E13
9.765368127400736E13
-2.1464298129346994E14
-4.15625187142621E13
-9.126275728582197E12
2.4586754559332953E14
9.949536351493989E13
4.671670334956304E13
1.9107440607618965E12
-1.729452441213711E14
-1.5229520202716975E14
4.646852325713516E13
-1.6571979897374727E13
-1.706332126866176E14
-2.6535016589399086E13
-1.5837195469664825E14
3.0330052926528844E14
2.1047054995290166E14
3.884829872632338E13
1.7675796229658778E14
-2.6460839114141188E14
5.050859192195489E13
3.298853205393023E14
-5.587972656016682E14
3.257849937487038E14
-9.775022215092095E13
5.82564322530312E14
-3.788793647553502E14
1.6197591447711612E14
4.785125938184093E13
8.525190065762508E13
-7.049620705406136E14
-6.674669789359984E12
-4.689557138421664E14
-2.911546275181653E14
2.440627947467739E14
7.818002869429681E13
1.9297668997211803E14
2.998346188739182E14
9.739918111620411E13
3.386894173378865E14
-7.355009720778231E13
-2.5268540642965162E14
2.828258644734196E14
-2.0007275519679766E14
-8.23451463297202E13
1.0826816668030952E14
2.9805372303827456E14
-7.532737500705452E13
1.628190805515525E14
1.2335695752140973E14
-3.5160892964417394E14
-4.1243292465136775E14
-8.048452182406131E12
-4.533508107839595E13
-1.7124227291729194E14
2.34119163341728E14
-6.162763857839318E13
3.9399346777273694E14
-1.5076312249286814E13
-9.88064275620334E13
-4.8104127391087945E13
2.0176213401348244E14
7.639010500268552E13
-1.3807421879987612E14
2.360894571366387E14
4.275165051799966E14
-1.4669089202350594E14
-2.150261358425184E14
-1.54130811672488E14
-2.2655191851338425E14
4.678600077846716E13
-2.6205337660714556E14
-9.495023926296836E13
-1.6333071481671062E14
-2.6221369463712222E14
3.0846813888983544E14
6.507566805620276E14
-3.2444916126842475E14
2.055872980437704E14
4.813853304872606E14
-8.76683715061726E13
-6.1486228030048914E13
1.6018568333283262E14
6.982208172784623E12
7.587647450713996E12
3.878733960000328E14
4.178515685591598E14
2.8710729347994756E14
-2.120442262163137E13
-8.835706306334389E13
-3.09504023152455E14
-3.584586994245934E14
2.8513252314035715E13
2.1324755925591006E14
-9.481236086704323E13
-3.329969487261277E14
-2.460813754486855E14
-1.603104738966519E13
2.424725407725816E13
-2.7306695283248694E14
2.6142950197329478E12
-3.921232082928781E14
-2.6701564704765125E14
-8.600092292819148E13
3.62007774574031E14
-1.1571867455869916E14
-2.102261981609407E13
5.005397833567054E14
2.0438515596262272E14
-2.898893682091913E14
-9.523983805078885E12
-3.2569828999031756E14
1.437696408725403E14
-6.502581962523921E13
1.6280738814383728E14
-5.1822426295666656E14
-9.918424596536827E13
-3.263300138830257E14
4.9506191412660055E13
1.4353726543856712E14
-5.457473564749203E13
-1.0101385382050458E14
-6.117209809258893E13
-1.946655218408951E14
-2.4874304823431322E14
-2.219543485564522E14
5.639130559991192E14
4.163113600281589E13
5.654948671607924E12
7.022768832344215E13
-2.9464680970895006E14
3.1078570942675694E14
-3.716366088167211E14
8.808261358410253E13
1.920761103168945E14
-2.361821118532559E14
2.2871529584664694E14
-2.6252237530947253E14
4.309667413550906E14
-5.739798232423432E14
-3.946023796468682E14
8.997053178435048E13
-3.291371939602442E14
-2.9499112446015106E14
1.0714088320876372E14
3.8697460285608425E14
-2.4450737404008025E14
2.1287664734464447E14
-4.9041206572911266E13
1.1655217589871472E14
-1.7469012971343972E14
-4.020821149321467E14
-1.0743877828830692E14
-4.2974613406863805E13
-2.972244400700351E14
-4.748953043397797E14
3.070943044615026E14
3.153975323486448E14
-3.8991610307998956E14
2.657969053764173E14
2.867670148860473E13
7.58259359158833E13
-1.4625254430620784E14
1.6723445762643228E14
2.2275109243176137E13
3.755333635216936E14
-1.15958347119792E13
1.7752105346455275E14
-3.1738053397951125E13
-2.9096987982060094E14
3.308264988061745E14
2.3669637434116884E14
1.752796232500171E14
-4.746406945733034E12
-4.309108256330108E13
-2.2550673654021246E13
-2.728295741962169E13
-2.932960194551069E14
-1.5939573411836678E14
3.3581671923615035E13
-4.021193827281393E14
1.8311950870237638E14
2.2357745317265916E14
-4.9978077675767984E13
-6.029755560281637E13
5.38747048169894E13
-1.3436964096127431E14
-1.792244965391039E14
7.747356813690448E13
1.5734183009800688E14
2.369414852532412E14
-2.9642452549507248E10
1.946296367975318E14
-4.773419166565099E14
-3.52696641583272E14
-2.138079965021294E14
1.465921092982283E14
-2.768794822618059E13
-1.933748456694038E14
-5.008270848524864E14
1.333780677204359E14
-1.6045613243889353E14
-1.6438933620722094E14
-4.335017057851186E14
1.3044557194433733E14
2.1122082707297034E14
-1.2057046326082564E14
4.3516652405688225E14
1.6211576746184953E14
9.612128292830627E13
9.75985962490124E11
4.111351768832295E14
-9.011415980589672E12
-6.197909667307872E13
-1.287217569041924E14
-2.4364689536815828E14
-2.824562389753712E14
9.387270490274105E13
-1.8380147144296375E14
-1.4837843698674416E14
4.419583483473214E13
-4.3879477259549856E14
3.078762649786026E14
8.960191635982538E13
2.0232326133915188E14
1.1433765407691314E14
-1.9399983021725E11
-1.134448392204767E14
6.044165351318268E13
1.060781124682455E14
1.5239152958224188E14
-1.7368646186331622E14
2.7388289794177925E14
-2.0794445225871022E14
1.6478685006145309E13
-1.6214021997478347E14
-5.210589505407747E13
1.1991304581621578E14
1.183593850270927E14
-3.5954528073426266E13
-1.02439174887574E14
1.0951127857102948E14
1.072193075011457E14
3.815542247577715E13
-2.1767163055541275E14
5.184630826674729E13
1.1179254612977836E13
-3.041912277269041E14
3.4903009677308194E14
1.1563455251341262E14
2.5279876720365872E14
2.714613723041378E14
-3.820174039586094E13
-1.768798802615996E14
2.5887806360888238E14
1.6833142485904328E14
2.1324622753562834E14
-9.912962904694169E13
1.1355046630718072E14
-1.9935580981087953E14
-6.852516758620514E13
3.9649491576700555E13
-2.5548121467168344E13
-2.6736901285445903E14
-3.4499642281362742E13
1.849103914461851E14
2.5779062120337228E14
-7.712913148500372E13
-7.023833936785087E13
1.1755461978953881E14
2.531432937233336E13
-1.118379723136293E14
-1.6992284135077588E14
-1.3445588180391286E14
-1.319865039288683E14
-5.18510660847789E13
-2.76788924961454E14
-1.8017968320089294E14
1.1225146589034352E14
-2.2805537998785944E14
-6.086601913672658E13
-7.141252772748969E13
3.0128497871924644E14
1.0195729997509884E14
-1.05359844953E13
2.8057558942683056E14
-1.9891004573506038E14
-5.21076203333094E13
-1.5655498328357462E14
-1.062493376691386E13
2.8339751665646725E14
-1.0568932592300128E14
-5.295637477125449E13
1.4000815275003878E14
-6.137958280316869E13
-3.145214961259146E13
-4.2505037739111695E13
5.3857113820476156E14
-2.4595043247775397E14
-1.3377091755894683E14
-1.2487937065813716E14
2.935031633571109E14
-9.6876982111874E13
1.1494039540930128E14
-9.95971420488372E13
-2.6781908898363656E14
4.9804270765263164E13
2.0053332840683494E14
3.445602611039478E13
-4.7394823127489795E12
7.324767569016422E13
1.5654854096639125E14
1.0810622890681294E14
-1.7781426603920112E12
-1.8749672156512228E14
3.3053800495678457E13
-2.2280434225995588E14
4.472300663447898E13
-6.06829642526243E13
-3.29198751268441E14
6.948790041956052E13
5.406394792525767E13
2.1843241450287021E12
-5.324697146171704E13
2.1180809318654788E14
8.1462810237804E13
9.15897476075305E13
2.973752120202905E14
-1.0787037289015305E14
2.5922773977273984E13
-1.2970379527773497E14
5.80190589942841E13
-1.8234397911064656E14
7.327693900973569E13
-2.610936982523349E14
1.7125768836719753E14
6.61647130425532E13
1.110986007797921E14
8.509180371055451E12
1.01363490701188E14
-1.6702516967075238E14
-1.811673853402367E14
8.650556193581253E13
1.5381252547239816E13
-2.1606305587912353E14
-2.4825658650000453E13
-2.3358440911669125E13
-3.516620570625039E13
5.476941724903469E13
-2.470110232968184E14
-5.48916846132453E11
2.76055662385881E12
1.0432142556374019E11
2.7823509708053213E12
1.2991216499175886E12
8.745450710520728E11
-5.84738678561985E11
-9.050637173642343E11
-6.334595645953446E11
5.526843664733162E11
-3.0201703254019614E12
4.856899830581055E11
-3.1937422974876455E12
1.5012090273919897E12
6.154013669525306E11
-8.097910217681287E11
-5.78430579562206E11
3.337948983391068E11
-8.33247575122075E8
5.2530225526632874E11
4.311137455365589E11
-1.1504796473379272E11
-3.15416231159075E11
-8.136074170423475E11
-1.0622127715092384E12
1.5679057237119347E10
6.046794640799878E11
4.973988844762646E10
-1.8445014795623982E12
1.5019098273981162E12
-2.448473652272136E13
1.7802735393173294E14
-9.776849292122986E11
-1.1960366847386394E12
2.5060560191083328E14
5.116770548494123E13
-3.035657308671078E13
-1.6154067497418903E14
9.621337632328406E13
2.0790701501661503E14
-1.7392096780055175E14
-1.9464043302827012E14
-3.8120426888599766E13
3.770200491946777E13
9.916261790093133E13
-1.7158828238084584E14
3.91062671133423E13
1.3173254101040828E13
5.474567411377229E13
-1.4649415824358486E13
-4.4185363485600125E13
-2.6597778554406734E14
1.7713818618162297E14
-9.289408212950572E13
-1.651533354927191E14
-1.937075842893728E14
2.7720640878098728E14
7.175973163928687E12
-1.4986104221877466E14
1.5301066512076162E14
-1.873317960146621E14
9.327454663011636E13
6.7591222027226055E13
-7.928305472652833E13
7.006312907222672E13
-1.5360607990193584E14
2.803408955231469E14
2.95972145260577E14
1.3298848466018611E14
6.307145360252828E13
3.5986247304678775E14
-1.5168859887255488E14
-3.770503378503785E13
1.8694935427757956E14
-3.1133254944483625E14
-2.583681961252667E14
2.3286877311597324E13
-1.5344122779285865E13
-2.4934512568448928E14
-7.484824347956886E13
2.187506520047598E14
7.491877442814073E13
-1.2496766005743927E14
-1.5191564010469566E14
1.2432922182650542E14
7.998611854935569E13
3.595452836780049E14
1.769690969392501E14
6.817102354758162E13
-5.5309876767220305E13
1.5911602290056775E14
9.524033721989328E12
-2.5071663739872153E14
1.518115413268538E14
1.3274109707454486E14
-1.7469207223661403E14
-3.049418604643434E14
9.167422082212942E13
-2.9957646821470825E14
-7.629090089929158E12
-1.2601617616871842E14
-4.555462713811994E12
-4.3835626096279414E13
1.0867756740540477E14
-1.1932423402307633E13
-6.087323215345851E13
6.53479361969776E13
1.48380197291639E14
1.8133389119009112E14
1.072987146708239E14
-2.851202565931405E14
8.26870442199733E13
-3.992981534751046E13
-1.0310354178819227E14
-9.916906899999428E12
1.6288546895831034E14
-1.7554751807369666E14
1.543342896093063E14
1.4552392060726572E14
1.4634179735098816E14
-1.9901705129294444E14
-1.1975928919845608E14
-4.217684426520344E13
2.1676066776148582E13
-2.4475038159130784E14
1.2343606239357981E14
5.496153793156876E13
1.2806487436727389E14
-1.1989119056855784E14
1.677664207294578E14
1.4344476728480153E14
-2.6185056373460484E14
3.967772471407504E13
8.803497192765302E13
-7.159259965319078E13
1.3037520041437248E14
1.1593762065228417E14
-2.167296337137138E14
-7.057073490355178E13
-1.926134162724337E14
1.8216359295895088E14
-2.734246692257836E14
-1.0734725747914558E14
-5.6034042407439516E13
-3.783913684282548E13
1.2124041455532177E14
2.6635214641235147E14
3.641837360194198E13
1.3621812426864455E14
8.336047493934583E12
2.506718767284378E13
-7.970938124950975E13
3.4515349716991675E14
7.807906517286123E13
1.7801518333025072E14
1.7721946974670062E14
-1.2601148215033637E13
2.0078896965058965E13
-1.8848328030851312E14
-1.2015002038846297E14
3.5869349018026494E14
2.9214725967064844E13
1.8235642295372116E14
-1.4808643724405597E14
1.2942422070254992E14
-2.548237541139966E14
-2.172700649471123E14
-1.5480899410453512E14
1.531948366052469E14
6.655001823893653E13
-1.3369773838777467E14
5.762335427906123E13
1.1561919036203514E14
-1.1327636720158961E14
1.6473503990797538E14
-4.7623231975741E13
2.4927846014074447E14
9.88966557667932E13
-1.9774154765017966E14
1.052836889076077E14
2.0336811140265556E14
4.198812493326898E13
-9.188342991560419E13
-2.1562803881595222E14
-1.957666701689609E13
-1.1904055171059234E14
-1.609217087243699E14
4.4009855462859055E13
-1.0304008956233475E14
1.5313996646554734E14
2.59769229714175E14
4.1337338425936086E13
-7.211799142689979E12
-8.875264687010761E13
-4.074433908638476E13
1.6635772154037194E14
1.2417829040614542E14
1.0757971465263088E14
1.3700338160699905E14
1.1659274405166455E14
-1.958169560688912E14
9.366924516621314E13
-2.99963416203829E13
-2.071563665636032E14
3.88675621816696E13
-8.352582600032494E13
6.691864415355469E13
-2.8818567362907402E13
4.1687321621736456E14
-1.9719339612778747E14
2.6859484289971875E14
3.1143895776303344E14
1.0001719392344828E14
2.2440830055834746E12
-1.1211866255772772E14
-4.169255281494924E13
-5.1490630771159195E13
9.347524688966636E13
2.8134728032206994E14
5.853058920038276E12
6.8832080228704086E13
-9.041574964924422E13
8.482098774486055E13
-5.361494596301753E13
1.0407005564635945E14
-1.1839954985684861E14
-4.045630470906346E14
-7.102628127373455E13
-1.413555049609711E14
7.31566191966231E13
2.5620209484537098E13
-1.5762465727670478E14
-7.615731384122425E12
1.4765986868945834E14
-1.1908560306756772E14
1.8348393079447162E14
1.2242405905551261E14
2.321032220988624E13
6.9096273390221125E13
6.591526601109851E13
1.7027766325564275E14
-7.558324932622895E13
1.221771938457056E14
3.1662318724290812E13
7.778893162403938E13
-9.590510144503203E13
1.1352942436514564E14
-5.365967813650861E13
6.949386939827775E12
6.7641920797855266E13
2.8814550827968056E14
8.854830383732133E13
-3.048144350909637E14
1.685205848258878E14
-8.488987754344581E13
-1.5804632150150576E13
-1.827258609787081E14
-9.317863298380012E13
-3.777479686759454E13
-5.624478602738733E13
1.1265181407368844E14
1.5219456582379903E14
-2.2986207243323584E14
-1.42372239759049E14
2.461774198745999E14
-3.4787415201380008E13
8.932517509800184E13
-7.477458040809072E13
-3.4544341531348863E13
-5.411088968496769E13
5.493251651493397E12
2.61355126549619E12
-1.7260075351331122E14
-1.9169670823017362E14
-8.063270641941766E13
-1.0414030498137978E14
1.1483969872075228E14
2.0744291749393734E14
5.201327796825441E13
-1.1955311789006277E13
1.4819355050085503E14
1.9547860206056878E14
1.6464090007354262E14
-1.8535087774755666E14
1.0222434113060984E13
-8.348702854496198E13
-2.5148609923954012E14
1.1183584834048775E14
-7.151575777858162E11
7.442441432104719E13
2.33522513713112E14
-1.8926562404931895E12
7.309511160398739E13
-5.562115587047513E13
-1.462068370064993E13
-1.1577631926930494E14
-1.138898211616658E14
6.6583941281536414E13
-2.1353936426632038E14
6.361470863192838E12
7.065877914083825E13
9.378339578064517E13
3.1561597995619575E14
-1.0032686239166825E14
3.948599604089943E13
-2.2550667026384322E14
5.552374967187487E13
-1.1437408731583395E14
-8.967984010476902E13
2.477570334032947E14
2.546562058096945E14
2.1321995160916312E13
-9.968667901807875E13
-2.371134111202596E14
-1.1331178948348358E14
-1.8840700683656098E13
-8.176631421831429E12
1.8134145099416694E12
1.4615251910908055E13
-1.3363688136977347E14
2.6219306137564078E14
2.2520054049726176E13
-2.528107408663367E13
-2.605925968198471E14
9.575346595635302E13
6.895443315557378E12
8.740745155889244E13
4.7915703279957055E13
-1.5875971777029344E14
1.953620355552151E14
8.562375126110936E13
6.19996583558362E11
-1.4986030249658525E14
-4.81912274054552E13
2.2058253753876862E14
-5.361799813454526E13
1.1609231759130861E14
-7.201496746106942E12
-1.1533427245120295E14
2.0135243257879528E14
1.3647671028831084E13
-6.2972114878008664E13
-2.848475077368275E14
2.1645383504032242E13
-2.2021255888724394E14
-1.0025729003636947E14
-1.6279680282207153E14
-1.0995700274381448E14
-2.001933257317918E13
-2.7888990389406334E14
-3.894919390374987E13
1.6813937011284366E14
2.4584834499336578E14
-1.5184014853389966E14
1.538216104165577E14
-5.6650981589800484E13
-1.3441563915201266E14
-1.1543534718822742E14
6.618917340068368E13
1.0510521503161781E14
-3.3445320988290152E13
8.758382594443698E13
-9.596413276567516E13
-9.851308824440184E9
7.270389277857516E13
-5.542821047533861E13
4.298280947521593E14
2.7070518898619953E13
-1.4305501657145424E13
8.905766330562028E13
2.6338543145661653E14
-4.27056881969598E13
-5.850485440563185E13
-8.465013838215012E13
-1.1720759846138395E13
-5.389431568284225E12
-1.9001713222638083E12
2.6406933533901903E14
-3.879106582701574E13
1.2275338922831664E13
-1.1248831481276695E14
1.952313911919524E14
3.0098906471008375E13
1.0395996650127972E14
-6.679571547283538E13
-1.616799186657921E14
-1.009722983416582E14
2.5207565225242E13
-4.3528873493822555E13
2.3992718737329043E12
-9.753679971070919E13
8.93238430994622E13
-1.2981689037488642E14
1.8856376917153062E14
8.347843081911553E12
1.4982455088428701E13
-1.2224826102353536E14
1.1708021091256075E14
-1.1769330494010897E14
9.834058628780645E13
2.3658520629688688E13
-9.682085952250402E12
-5.968984451522373E13
-5.214477487493451E13
-2.9619128868409906E13
-1.4376989667372506E13
2.6143258619963023E13
-9.101807498322588E13
1.4062815712818517E14
-3.663252625406671E13
-1.143374085468998E14
2.1906988610521492E13
-1.1206036181722772E14
5.238470060226913E13
3.191447232958798E14
1.5908803755131885E13
2.744408300615805E14
-2.2466319430478506E14
-2.2655085474454475E14
-1.045448458817386E14
-1.1639295060374784E14
6.039181845076629E13
1.2509363218933261E14
-7.759433015564423E13
3.217412330483183E13
1.3789298523407956E14
2.0279779449736762E14
2.4626531161769616E14
-7.052604719800272E14
-1.74019343370236E14
1.142781481571482E14
8.355213492792733E13
8.065322817083033E13
1.0326919587792431E14
-2.3984424348818997E14
-2.837644170872106E12
2.6961451831212656E13
2.4216833008234872E14
1.0370327134954555E14
-2.212420846888534E14
6.641343572203771E13
2.458038342291795E13
-9.237090091923772E13
-1.7807719523922106E14
8.291287256416309E11
-3.513778323982299E13
-3.2195423090285844E13
4.0444889073350945E13
2.293428335339854E14
1.434657211293191E14
5.975947578246054E12
2.0064993421247372E14
4.106830801070206E13
1.0983858746983244E14
2.261734661689774E13
1.0353478619781297E14
-4.814830971009843E13
-6.707204130412384E13
-3.528716658762611E13
2.093387552945824E14
3.4656913663867105E13
-1.3395592545999856E14
2.554964537118849E13
2.4577093727367038E14
7.559663909939667E13
7.61037835934884E13
-1.1244895449359417E14
1.611313900446018E14
1.8219178339960928E14
1.9038776131124928E14
-1.5978852757124148E13
1.7153291491121106E14
-1.687846543498579E14
-1.104852220237901E14
-1.9916980492308988E14
-5.124392462854101E14
1.9959386033662156E14
-7.685922438681533E13
-1.529667398525253E14
-2.7220622703885706E14
-842950.5402576305
