-1.3645774147373934E14
1.1224242209403364E14
9.634181999706118E14
-1.0671295927695308E15
-8.675964175539831E14
3.604982427398945E14
-1.5712235262779388E15
-1.1158699119452736E15
3.812364210908264E14
-1.124048191366106E15
2.0834745486848438E14
4.598411477765363E13
-2.0848838032496738E14
-1.229296829682509E15
8.766643619472974E14
6.535465513853222E14
7.850234188742589E13
4.287081361594439E14
1.522116643171987E13
2.0983557570366188E15
2.290460100938587E14
4.250954851413632E14
8.413481768832336E13
-2.634428870456373E14
-8.992750645583836E14
-4.345374176490399E14
3.11807589786851E14
3.833905548513867E14
-2.2706815203464675E14
3.856188617346694E14
4.1296024165602375E14
8.848342793691049E14
2.3842961138625355E15
5.2033376779703506E14
7.96061725638123E13
1.1122307538756592E15
8.611823744780079E14
1.0556660568683878E15
6.506463993856342E14
-5.477859389013797E14
-1.2156299439631795E15
-3.799906520887104E14
-1.2943791516093655E15
-5.033517622244365E14
3.35894287012685E14
3.9018657858582175E14
-7.659353753280341E14
-7.740366786603403E12
-1.9620197623355897E14
-3.2523167177328106E14
7.476653674455526E14
-6.888175409047917E13
-1.1246903850684956E15
3.171619943046035E14
2.4745421681983312E13
5.218060137902794E14
-1.4116226121715997E14
-6.597952134969171E14
-5.721189497064654E14
-1.752581286074052E14
-1.1339996408166869E14
-1.6079111857941468E15
6.045516059345219E14
-5.090287160482438E14
1.0305602080691992E15
9.596342946231165E14
8.354800740250899E14
-4.9003156898830256E14
2.5187640292536806E14
1.3316266292531128E14
-6.517424440291775E14
-1.212075941538014E15
-5.143550763673219E14
1.4328916706338606E14
2.9576264988381556E14
-1.886636984090579E14
-2.0385764372965288E14
-6.019477353879549E14
1.6606485891962678E14
1.0241126008674797E14
3.1522753999610425E14
2.0027236019815512E14
-1.0232643122590869E14
-2.541614310998251E14
-3.6913728716057656E14
-1.0279390400266084E15
5.657317546507672E14
-6.639848146298238E14
1.8333191366435275E15
5.471473957647369E14
4.346646071886389E14
6.13035100033344E14
3.377419202405478E14
-7.601171052894252E12
-5.795887756712128E14
3.233401490446571E14
2.812919863168812E14
8.428778373891158E13
-8.836188575368236E14
3.1908467085124606E14
-3.619943050728145E13
-2.04798902655072E14
-3.3278111577373475E14
-6.145587945795009E14
-6.540371946430909E14
3.960965618996124E14
-1.907291283950272E14
1.769659166840278E14
-8.960824239721792E14
-7.484911282591141E14
9.862091233113085E14
-1.8989502850869516E14
8.042039203804002E14
-1.0250392679132841E15
-4.2952007392768056E14
-1.6602925536037338E14
7.280205362129936E14
-3.212260505548216E14
1.0276135551444486E15
4.016750404019145E14
1.3002389187918214E14
9.22388506933137E14
8.055888778265445E13
-4.5657574477114794E14
-5.769605075883091E14
-1.2443042200196606E14
-3.7679971895661925E14
3.488779046569516E14
-1.266627623526587E14
9.520081474407695E12
-1.351992905009547E13
1.2348662359893797E14
3.245111153303712E14
-2.1667505271085403E14
1.3484023799866873E14
-1.857623410400637E14
-5.3200739751794194E14
9.469622694808555E12
-2.947875589516044E14
6.713812555243869E13
-9.742252631939758E13
1.6966331602387637E13
9.291993808862031E13
-1.430119020377929E14
1.7544959399498778E14
2.8465467058245044E14
-1.6294459368783462E14
-1.3118361898918255E14
2.968171240522576E14
4.07797581694396E14
3.986583500702086E14
-7.802049916195039E14
8.09312408336929E14
-6.064607447758475E14
3.3099101346792575E14
-9.813162737061929E14
6.155481824785645E14
-2.8634446186819356E14
1.0587083511853638E14
-6.662099480768449E14
1.4359063078297185E15
-4.979880265239402E14
-4.4485067273000806E14
3.765800782474089E14
3.534934607194484E13
5.631262786301293E13
-8.519764597182551E14
-2.0695338881611556E14
2.470995540945388E14
-3.855809505833044E14
7.13962808650567E14
-1.2489815678558334E14
1.8443615450212772E14
3.94220269848351E14
5.0345235527982806E14
2.3171374591681338E14
-1.6131926197821792E15
9.356152003053371E14
1.8590659012137144E14
2.412343924708629E14
3.719148173101992E13
3.608562788136155E14
8.906524217926439E13
4.9444763353223744E14
5.0162516310357356E14
-1.4051686725620161E14
-1.90539741273346E14
-8.145645386496805E14
-2.106846860311235E14
-2.624102106540468E13
2.767131863265508E14
1.3801689071470347E14
4.127053791034542E14
-5.196290753593601E13
-2.7113365652887375E14
-1.1092304000968768E15
7.309873725779725E14
-2.234284547733858E12
2.8693531435048926E12
4.4742377151856644E14
-8.603638883121852E14
5.312552842805897E14
-3.5731074063995044E14
6.339545673191801E14
-3.460505001031558E14
-4.577422026466739E14
-4.766076054814229E14
4.0971617335255175E14
-3.5312656353725194E14
-4.795915012408354E14
-5.699402917752711E14
-6.277547450265961E14
7.395763403208989E14
6.657081270474E14
-3.286473859094335E14
-1.9472703192720128E14
9.435636186322419E14
-1.1256167389618075E14
-7.709408172301558E13
-4.225085553169161E14
3.3966262639119806E14
-3.169526305595701E14
-5.105120528103013E14
-1.771295913743869E14
-1.0430615595895339E14
-6.793782500388356E14
-2.2298489699029862E14
7.196464458334726E14
6.005479552839176E14
2.0346790500443387E13
-1.512905040634124E14
-5.3434460561343E14
-4.139945435318805E14
9.602763109794432E14
4.376487359670632E14
-7.209820964133595E14
3.019804036428428E14
2.4326775847714106E14
6.273072981800721E14
-5.264603650431624E14
-2.6779767932478652E13
-1.4239578694072034E14
4.3420593236670344E14
-3.064828992899621E14
1.9169327177628084E14
1.2371874037331484E14
-2.084540227718601E14
-2.3038843203010584E14
-3.8067626719921E14
1.789661548719024E14
-4.139390947664565E13
-1.9044726114819394E14
1.437027325236913E14
-1.1144761241395102E13
-3.495549086347258E14
-2.868609882803004E14
4.7289668940367675E14
-3.6696195928317664E13
1.6288093146674388E14
-2.1654215995012838E14
-3.533288407636158E14
2.028841612885658E14
8.915563394508355E13
6.338318761364206E14
4.916671138197355E13
-5.4117988900427656E14
4.300954995647452E14
8.326356189654589E13
6.128290444753832E14
-6.73286348379029E14
6.213098284336368E14
8.83486817161183E12
5.337148487926129E14
-5.155359320623139E13
-7.97661310332737E14
-3.4270710192282244E14
-8.542239698271484E13
-1.2597263770119148E14
8.627650176531516E13
1.054470524497241E13
-3.547686530119061E14
1.435485506037774E14
1.8058988772685106E14
3.113200104562867E14
-1.25472482474385E13
4.515376159545364E14
-4.825901671969494E14
2.3880149371598428E14
5.285330763207223E14
-4.789150163341732E14
1.805247981130527E14
-7.095809294496808E13
1.1994280113042344E14
1.0361617359548203E14
1.7544380644974656E14
-8.603194473197055E13
1.2434639752307438E14
-5.872479054795331E14
4.857097421756101E14
1.5297077434199166E13
-7.765476473679814E14
-8.683828299765744E13
2.0139188047791348E13
9.102125818210377E13
4.152763913709566E13
-4.85070385553365E13
1.2243162839180361E14
9.535879207485064E13
9.183846031684125E13
3.118818818868974E14
1.9492443696256303E14
-3.8248466527074094E14
-3.112412148002316E14
2.0196746268917678E14
1.433971406605404E14
7.617477063479598E12
9.684600723709113E12
2.0263574169188055E13
-3.03288459287786E14
3.2235341539734706E14
-2.5561237436724734E14
-3.586634702938432E14
-3.1872741576503225E14
3.4232385182116668E13
7.639142475819271E14
5.562094313760589E14
-2.918315099962206E14
-1.4235119744974078E14
3.69058005750043E14
4.63695632044072E14
1.7685132090889527E13
4.2742566515477006E14
3.0466556928452944E14
6.174092806444439E14
-1.0697683640555082E13
2.432854532506237E14
-1.8261740683898784E14
-4.428654968716717E14
2.027049458594775E14
3.254006127517621E14
5.647151423786708E11
-7.897671746421894E14
-2.8754733586722856E14
4.590900962965365E13
1.8054008621977147E14
4.4577267940986456E14
3.135938312675756E14
2.6553489406092938E13
4.109562303973368E14
2.4446790259657066E14
-1.9432942809268584E14
8.307239747325895E14
-6.221641663963172E14
-2.161059967936796E14
-2.8697707535930394E14
-2.0297996137768125E14
-9.872268569951632E14
3.708480154229491E14
-7.247587648351227E13
-6.969981795987642E14
-1.8488190845990522E14
8.773251510377105E14
-6.381747573116558E13
4.267137848672687E13
1.687028198589704E14
6.460943853772012E14
-1.6130919996906144E14
-6.455735061383551E14
3.8914583505167225E14
3.3529771819139206E14
2.5144920379779544E14
-3.9387722986059744E14
-2.3495283655425945E13
-2.8406586878416668E13
4.583297123418408E14
1.7126921501883861E13
-5.1738082229098675E14
3.543680259994611E14
-1.725274399151876E14
-4.241129820387346E14
-2.581014184684374E14
-8.870159612186536E14
-1.0424526525180523E13
2.990586990505487E14
-7.868025635008961E13
-5.342527624121813E13
4.7130085657285484E13
5.747310650925496E14
3.934304306027438E13
6.172034841514769E14
2.846277500400612E14
-4.669595586503074E14
-1.2947840654467358E14
4.1215381297536025E14
-4.477437971223304E14
3.5243604948467516E13
-2.2494372544492075E12
2.4327155405137875E14
1.8745821057813628E14
-4.563746412169336E14
2.0640050940730997E14
3.3354394475591234E13
6.7189344146467375E13
2.94653013598167E14
-4.583422783365654E14
-2.3952484673973234E14
3.6885493243227994E14
4.633035581741332E14
2.699690232105049E14
3.2464342977276258E13
-5.203269493457327E12
7.665843466939395E13
-5.970721064603911E13
-3.92327624021329E14
8.994595190316117E13
-3.100750607664664E14
6.334612321041025E14
7.492551972007202E13
7.098055373583591E14
2.1613509266656397E14
-5.177816692864276E14
5.747943162069075E13
2.962832906943316E13
1.3113050084480681E14
1.961106997967561E13
9.423068628004506E12
1.6852803291834016E14
-6.28569693466302E14
4.813936339073039E13
-1.674258637270761E14
3.670730558441597E14
-2.0194322875975153E14
1.5147856306451944E14
-2.871932569549272E14
-9.262622867388879E12
2.2847136532195653E14
-6.18904789292745E13
-5.607546943381557E14
-1.6334628965964316E14
-2.080335843325931E13
-4.367943340109087E14
1.8279917792184622E14
-1.6822972904714884E14
3.1462686947108744E14
3.058115873715981E14
7.996606111980394E13
2.1743129361736997E14
2.85524447097581E14
1.9875994967639834E14
4.7684761990330575E14
-1.0016563383308717E14
5.585425013600726E13
2.2765827609857456E14
6.608078166180149E14
4.644457906623025E14
-9.48503920380562E13
-6.64174258640661E14
-6.690270773582086E14
1.9684726035916616E14
-7.553784923418045E13
2.0616564657559778E14
-5.800430147847232E14
2.980803675957306E14
-3.8095828578784794E14
-6.509822320890217E13
-1.47033114297666E14
-7.270175064030926E14
-4.7465173605608656E14
-4.5477074225571225E14
4.1691748652507516E13
1.0809392730764331E14
2.565818611890296E14
-1.1188468764816231E14
-2.987146817190626E14
3.109378810142782E14
-1.879171678148085E14
4.100985915101979E14
2.227132208180377E14
-2.484848231754621E14
3.1587613795890794E14
-2.7372598576010257E11
-1.2349467824753281E12
-9.78770316642812E11
3.94955939158374E11
-1.9097305705582737E12
-2.2560128083648115E12
-4.498052581414738E12
5.234730977169721E11
1.248812149728079E12
-4.73205056665301E11
4.805039321718628E12
3.735602316502021E11
5.302802186675452E12
-2.283303999355186E12
8.645329191547853E11
1.809970763280008E11
-9.300397163515758E11
-2.9756929428164167E9
8.886248144628474E8
4.032153546475485E11
1.5133204273043625E11
-1.5537141452862857E11
4.39538232634015E11
9.235220235364581E11
1.9936107010078032E12
-1.2589432398570798E12
3.363878402970576E11
7.449786279304991E10
2.0808029150787192E11
-1.9590570591606267E12
9.384116992718473E12
2.756283358670267E14
3.4719971272497993E12
-3.957583478165482E13
-2.5988228239758962E14
2.1612116087368053E14
-2.6624650461028973E13
1.6124052670627977E13
5.764988303300969E13
-1.8914679800268872E14
3.2946683642958194E14
2.2734060784366094E14
-5.398052438313686E14
4.872796535329821E13
9.63716520506936E13
1.1560352495893194E14
-1.7260078900482662E14
-9.406391288004566E13
-3.0742300173139756E14
3.977537432115658E14
-3.87009291557816E13
1.4013086868631602E13
-5.079705614554088E13
-2.4744854280174934E14
1.2648061847512617E14
3.082971445207576E14
1.630811267318798E14
-2.3912800933707484E14
1.0339514569587642E14
-2.069812150957824E14
2.966309468623046E14
-1.181066663615337E14
-7.477128717418997E13
-2.26497529559637E13
7.664937892309419E13
8.07531678648479E13
-3.04856878632252E14
-4.2522373506933475E14
-2.4167968299026606E14
1.773465467394055E14
-1.5705185997412812E14
8.297034834543361E13
-1.2463076873836626E12
-2.4461984788626566E14
2.533079913620064E14
2.9780623121525056E14
-2.428949629037131E12
1.498263291444198E14
3.713660262511631E14
-4.325934245941486E13
-2.2441204794497372E14
2.1721846072833884E14
1.0480744663333381E14
-3.522556794262636E14
-7.322126256559241E14
1.617588256941955E14
-6.226966456767558E14
7.57754409285861E13
1.524800874433376E14
9.249880823938994E13
-6.3640670941671805E13
-2.7924875878722836E13
3.9291690466340944E14
-4.281368502265995E14
2.0303236353511638E14
2.1138516972192372E14
3.385345962981302E14
-3.1386635656041856E14
2.1622884307723704E12
1.200748447836532E13
3.1091858161268175E14
5.66654533562184E13
-1.0315784062276519E14
-9.950303330727748E12
-1.921017017902133E14
-3.859303064453676E13
-2.0989774120836566E14
-7.929137328321353E13
-6.205232841926364E13
-3.264622870144169E14
4.292623943600707E14
6.1903006576287125E13
-1.8873490250202098E13
4.186992261349816E14
-1.4714444131043522E14
-2.14387909355976E14
1.0539540018194106E14
-2.25582546973933E14
-6.65471061571625E13
-2.007851526134355E14
3.853870591121868E14
3.76029271998816E14
3.2302039750971504E13
-1.2699137466299253E14
3.064079756399605E14
-1.6966120206834034E14
-3.7556028977448E13
-4.269936152212862E14
2.6239134791498222E14
-3.9351382775096925E14
3.4572755365296956E14
1.1937280415149714E14
1.7666575112688066E13
-1.4801659163453778E14
-7.137727885145006E13
-2.763491328441635E14
-1.6273845154255512E14
7.42958717343789E14
-1.8555281054454778E14
6.702710173903119E13
-2.2253039016833778E14
4.002929503587898E14
1.8459624465631716E14
1.8963724828089525E14
5.367768412501179E13
-6.000942037707315E14
-1.9626756625517225E14
-1.4967931662342678E14
-2.806096770491739E14
2.4505536311270003E14
-4.492527606353575E13
1.559378186520732E14
-1.3305498681766434E14
1.1926942192918742E14
-6.047783557601974E13
-4.72894130095137E14
-1.2761256992861967E14
3.494707456906001E13
6.039817062835626E13
-2.0599056259098456E14
-2.5705152765209288E14
1.9690573508872422E14
-2.2595250172335125E14
1.7268279498307366E14
-2.820753972816716E14
4.2524334381542056E14
2.7537950278496477E13
2.5632124610185728E14
-4.047666138446649E14
-1.702826426945747E14
1.5856081606517978E14
-2.3092366519672312E14
-4.8565700873312006E14
3.0064330202755444E14
1.4057030986464645E14
-1.6491746916193113E13
-9.76248875867999E12
-1.1058615150965827E14
-1.724004487747455E14
9.451736257064395E12
2.0708304710781826E12
-3.109932588847006E14
-1.5571101253456822E14
4.877649570734616E14
9.201949398596188E13
-8.274246390955172E13
1.42771992025628E14
1.2772308436452461E14
-6.2878176690224195E13
-1.9956744623208172E14
-3.299056414705729E14
-5.5986315231591425E14
2.8748238555923956E14
-8.560161490475049E12
-2.266261566654105E14
2.6702816372732816E14
-3.4487448551246925E14
-3.530658832027172E14
9.553450971104295E13
-5.750228825273305E14
1.4380632345264544E14
-2.7768728133869278E14
7.314998496821673E13
3.468734873377458E14
2.351555292641275E14
1.0942596002233463E13
-7.41724967984842E13
7.601969438152025E13
-6.857298237406664E14
-2.1591713563151312E14
4.771361691356466E13
-6.404311326490184E14
-5.71921187063096E14
2.0127402128428672E14
3.521831834193698E14
1.9908317565922544E14
5.774604444000663E13
1.4245097299155193E13
-1.2361772225356389E14
-2.7164046266671853E14
-2.0302473541438988E14
3.560850869180948E13
1.764567874819058E14
-2.6471450413362447E14
-3.7568584726543794E14
-5.2520679287389586E13
3.969257114827693E14
6.4549678787244945E13
5.080893825082016E14
-4.220267569079888E13
2.7971067262002406E14
4.344120328681722E14
-1.1780006356656615E13
-1.7179978212823747E14
-8.135745489441012E13
-3.504447497707981E14
-2.42606094975276E14
2.1682647634516535E13
-2.0842590935968172E14
-9.45598166250151E13
1.12781582404864E14
6.153523256494152E14
-1.0293665833197764E14
1.1700215768661616E14
4.6693654308729356E14
5.034039274831183E14
-5.686306269796754E13
4.4597772399369975E14
1.7677090938243166E14
-1.282001132280848E14
-2.1570748239920175E14
-3.096756470839443E13
-1.4980716607934938E14
-2.815720302570193E14
4.680536428163875E13
3.560927460467672E13
-1.457181821744911E14
7.455820757604192E13
3.221561965960167E14
1.3460773463124746E13
-4.461471314835525E13
-4.586314705729937E13
4.632799440341196E14
3.19301783640054E14
-3.0022070944583475E14
-3.076129203216697E14
-3.529497666947269E13
3.820606274582799E13
2.4309907831786328E14
2.0941851655567225E14
-1.56037965051186E14
3.1274636780199806E14
1.5117783104201025E14
9.689130399933894E14
-2.316867881159798E14
-3.147085573386389E13
-1.4262205563629984E14
-2.9535353153322906E14
-2.12714568258821E14
-2.677867943767918E13
-4.7699491482859306E14
1.0488120661011307E13
-1.48574041214301E14
5.5489201295815694E14
-9.250751166092943E12
2.0422320202633944E14
3.181642849191753E12
-2.4146988491701153E14
3.157953993595812E12
6.162445869778602E13
-3.3084814360275375E14
-3.0915582063389043E12
-3.608287319533268E14
2.4558072752310575E14
2.6022649848320562E14
-4.195720950890415E14
-8.898651522282832E12
3.362283033899636E13
-2.903191810302818E14
-3.133536815492195E13
8.220366049112539E13
-3.888180817110625E14
-2.309350323563909E14
-1.7342742197720203E14
1.8696779805655384E14
-2.3670253527990572E14
-1.2597946832921762E13
-4.2107172812276465E12
1.3018239000691558E14
-1.4468963567587175E14
-2.7885142869879753E14
-1.1342672791809686E14
2.1267558106938516E14
-2.783641290494587E14
1.3001695120312886E14
3.8018864903082725E14
4.279605569537943E14
8.28973753565852E13
-2.5329936118929075E14
3.531802160824712E14
-1.0689357886404617E14
4.157682716721886E13
1.2297770063950788E14
1.9656300913791762E14
3.183970348105783E14
-1.0016330103414297E14
-2.5051063515955066E14
1.3425471251475205E14
2.0681711464678656E14
5.6273264828095956E14
7.432179484974927E13
2.1545374178509462E14
8.569589425340395E13
1.225780554462628E14
-4.538911846076339E14
2.078195913047912E14
1.804341381409032E14
-1.3045758590370844E14
2.741497571163568E14
-3.330196356053304E14
-6.131156122590294E13
4.167820931506193E14
1.746475607368986E14
7.509599402038777E13
-2.780367291134355E14
3.1630507109855256E14
-5.215159828016213E14
-3.038240668436984E14
2.9899479743697223E13
3.1066543759287306E14
3.2691899285987894E14
2.043264134078372E13
-5.059204587062587E14
1.9128956206822434E13
3.109191587125232E14
3.128698940770278E14
-1.2498510839521323E14
-1.206379251906168E14
-2.928399744897031E13
-2.5791272697384025E14
3.436291556536755E14
-1.3410501784793489E14
1.2457856966521225E14
-3.102308884368619E10
-3.462698841064647E14
1.616574220342033E14
-5.1306591920536756E14
4.965837855961285E13
-1.570435505450393E13
-3.275360730872003E14
-2.4982594472807484E13
-2.34595700546332E14
2.755832389794156E14
-3.5718059763953175E14
9.054411302192762E12
-1.40909058488321E13
7.610836040792772E12
-4.470432607036084E14
-1.2475516108468466E14
2.9332501138250775E14
-7.410369120755673E13
-2.652322562701361E14
2.549880566390651E13
-1.2286247536970516E14
1.9065928950483112E14
3.5220001985444925E14
4.996467295835961E14
3.6654836635092125E14
-1.0199456354275672E14
-1.2935062503233678E13
1.9640770862308884E14
-3.379663942345082E13
2.5724134276852965E13
-1.3927845128179608E14
-1.597228502591931E14
1.5574147628268975E14
5.964371446264011E14
1.9861248325179367E13
8.367102463794728E13
-4.538857125856518E13
-3.719480935411515E14
1.7706656909988616E14
3.078436308955961E14
-1.9775086871309785E13
-4.3262373695948494E14
-2.492565159572045E14
1.445442916834076E14
-1.8492815429814584E14
-1.6032623514233938E14
5.36240189760599E14
1.815315098548302E13
-2.7917823716236856E14
-2.221825460804344E14
-4.93377872328164E14
-8.89448395056408E13
-1.7266689282087328E14
-4.316128570705226E14
3.653850604440479E14
4.453320734376343E14
6.63325479407912E14
2.6587783434155284E14
-3.928873150582953E14
6.071891894412842E13
1.509697105672094E14
-1.2091355318493833E14
2.623314546050678E13
5.1106394843233525E14
-4.46328063932041E14
4.335782486764405E14
6.562640232941801E14
-4.2199310935346944E14
1.9871759821049484E14
-3.084630164330773E14
-2.0132520686319953E14
1.5354740097927984E14
2.3981397982581672E14
-3.1015899652663115E12
-6.459205898860106E13
8.756174515160822E13
4.158410894673393E14
-1.9936235880290662E14
-1.3525811521213495E14
2.278367249863189E14
-5.408573436033453E13
1.756343848096414E14
-3.381502406333533E14
1.533943462592154E14
-1.805233667073138E14
-2.819360391332942E14
-2.7606448919292547E14
4.722103885663913E13
-2.697732012665758E14
6.392842251085306E13
-1.9260753435531084E14
-2.9640439587324844E14
8.675448322542695E13
-3.7847268154681375E14
-3.3547601837490225E14
-5.3894965455491444E14
-1.6098275767744234E14
-9.673271282130314E13
-1.6736078255957375E14
1.9633005579782188E14
8.716751012925356E13
-3.327271439899952E14
2.3429050946144762E14
8.030354879639545E14
2.78940188636459E14
-4.1899071760704256E14
2.2007235108349742E13
3.2270014409928984E13
-3.281876657617295E14
-1.9212550390332516E14
1.7422404315666262E14
2.7258878409881562E13
7.106573578552981E14
1.3813444099318836E14
-5.682308835131641E14
3.867961551338361E14
2.3192761514905838E14
2915153.629274774
