6.648617258000925E13
4.641254381621642E14
-6.53931768536705E14
5.6044979222005644E14
3.053041128919539E14
6.425182975434915E13
-1.304177825347903E15
-3.6560078446446625E14
4.249833744086875E14
-5.0944764741943256E14
-1.092769952438984E15
1.6378221194338404E13
-2.13952714226666E14
-1.4558019320508308E15
5.423611103933091E12
5.1532873898087244E14
-6.181287791525949E14
1.4924788931879398E15
-5.678253122764362E13
4.422683529836444E14
8.252005729446397E12
3.72638171819626E14
-8.176118456597319E14
1.4093530804690078E14
1.0407977233472302E15
3.212316902833884E14
-9.532669417477678E14
1.5723210286363605E15
-6.008973897179704E14
7.788981773874022E14
-1.0846627219258804E15
8.184785108718254E14
1.2314753559482278E15
-1.1127449553177286E14
-1.0094215591009172E15
1.5871385357228772E15
-3.8405835043428086E13
1.5104135792965338E15
3.125299136808324E14
-1.7188738240530282E15
-5.965242805310988E14
-7.393061144921511E13
-1.574752040073949E15
6.160923173131749E14
-6.47333115891347E14
1.7403944147192128E14
-1.8655667398194088E14
9.214622773097624E14
3.404571940476118E14
1.3632033988947192E14
1.9966025934910928E14
-2.8312615061957544E14
-9.67533311359835E14
4.729606470425904E14
-8.868218090114056E14
4.0705800209290675E14
-6.392192324389973E13
2.161687576995996E14
-1.710020577947657E14
1.590158923397381E14
-8.145783249743276E14
-1.5534441609520062E15
1.145142585161236E15
-1.1302252353302238E15
5.826908756123154E14
9.017545107473191E14
-7.544062754181153E13
-4.0800793724742625E14
2.2417995418663412E14
-2.6131256645963038E14
-4.995415681324655E14
-7.510946294297391E14
-2.407498627312385E14
-4.048736324847741E14
5.125685505201356E13
7.341952119577559E14
2.139342138213776E14
-4.8035210193528194E14
-6.733065511256341E14
1.7654811383807756E14
4.797185573722813E14
4.635100886810254E14
5.579333654620076E14
-4.062322710998537E14
3.651769304275658E14
-4.841639532277683E14
1.4341237592974716E14
-2.188492316812721E14
1.1142552201104429E15
8.02819898594032E13
-1.4146683582229322E15
2.7335663818727722E14
6.920426621535581E14
2.0202023033224703E14
1.677896170840482E14
7.5365218554641E14
5.82361531789056E14
-1.145619715060543E15
-1.1473196087544085E15
9.287152850182888E14
-1.406071940237631E14
6.1430984210244266E13
3.7332322399532094E14
-2.325198485409736E14
-1.0717838973830404E15
1.80891047698248E13
3.9523086648645494E14
-5.4175518807418E14
2.4596094636353697E14
-1.4089987591935178E14
1.106301235611411E15
-3.1330596325392475E14
-4.027582479837457E13
-4.0985466425211394E14
2.651261700547066E14
7.640635864319372E13
3.820142740857297E14
-2.6434463745702594E14
3.20752447713826E14
-7.920792151545174E14
-5.054801211791526E14
3.7546089330378375E14
7.863063400353984E13
3.1495287315928106E14
-1.8769912301967706E14
-3.2561077619417156E14
-7.155711126325981E14
6.713872857803491E14
-2.3847869004582962E14
-9.432566975684616E13
5.188143988741738E12
7.833003281819051E14
-3.1294205442230973E13
2.936318800409481E14
-8.673064901333506E13
-8.246905119437275E13
-9.73822663881198E13
2.782427809031287E13
4.4156648714939125E13
3.505471133456038E13
-6.733838342032879E13
2.3542306089532594E13
-2.0838319597622484E14
2.0722180738132766E14
-5.1464912308167914E13
-1.9570694177444228E14
-1.518461472847095E14
2.339685225466131E14
-2.2904433718735806E14
1.8516014015234125E14
-1.2908602128726472E14
-9.804054982686589E14
1.1398953908499305E15
2.3155390320715153E14
6.718081448868352E13
-7.206525821105218E14
8.676310956799848E14
2.548755164039041E14
-5.1956076295065356E14
-3.5765194816687175E14
6.389353694639168E14
-5.723864333058605E13
-5.206710416871052E13
5.0297622702218294E14
3.423474518359521E14
-4.669800269084513E13
4.963073258589712E13
-2.915407358772637E14
-4.7410406945485556E14
-8.107166117670697E13
-7.81902781341279E13
1.3135020936753819E14
-2.3533571407099812E14
1.5985808034924206E14
2.2999449747114644E14
-1.548810192134215E14
-7.001449984796959E14
8.288574867698156E14
2.3533703024922062E13
-4.385365916960519E13
1.5360984983366225E14
7.817310787471099E14
3.8619200578526984E13
1.9848954950607988E14
-1.4001374925394198E14
-4.3147845336853406E14
-1.6827116654013125E14
-5.274758255080503E14
3.7203183838054806E14
-2.6940139350716272E14
1.491462698642944E14
-9.620376403412922E14
-2.3326006584183734E14
2.0208501017883338E14
6.080170377879053E13
-6.774466660574305E14
5.9063180373420266E13
1.381571723975212E14
4.659715200424238E14
7.173634570343647E13
-4.1483939365410894E14
2.3383702978109612E14
8.849565638303347E13
4.927428198774765E14
4.1364817540743875E14
-3.8936362053333044E14
-8.372992886419225E14
-4.8469913326065555E13
8.314981653244794E13
-5.970856767029944E14
-4.6057205304065106E14
4.814265592960809E14
-3.0469191941669094E14
-1.5545518307631125E14
-4.061012015862104E14
1.9209472278923203E14
3.955602694414298E14
-2.054726054562923E14
-2.9568031818508206E14
-2.8712865525845156E14
1.9925161106518612E14
-5.20090401039626E14
-4.519161372953059E14
3.56810417415351E14
-2.876738527226782E14
1.6708851612508716E14
2.572046076196639E14
1.3410934335948169E14
-3.006082899147326E14
2.1494007925114275E14
3.4118295972117106E14
-7.24398613137741E13
-2.319499861272789E14
-2.766000985530522E14
3.074406081986642E14
-3.83306088751953E14
-2.3626965403088456E14
2.7936611811892484E14
6.303100828790511E14
-2.5555814991569116E14
-8.491805139762577E12
-2.1056422160900953E14
-2.2368675617592947E14
2.280559917411441E14
2.6907211370420838E14
7.386470022099422E14
-1.4587576784085803E14
4.108183206646953E13
3.792749725030159E13
-1.194026657075479E14
3.465206555192049E14
-7.22475588790739E13
1.5522209516636112E14
4.3979647855265644E14
6.174251381014029E14
-3.4711117783765244E14
-3.4318645318678056E14
-3.535303298884292E13
2.213117130679681E14
1.9521463875101712E14
-2.230388873151699E14
-4.615234407099048E14
3.325906606642447E14
-2.918274519420869E14
1.2768662422834048E14
1.7564757958605906E13
-6.756374825254602E14
-2.0419364044323706E14
-5.943258099632162E14
8.931877420519025E14
6.920150974157872E14
-1.943732751443147E14
1.4613895349857008E13
-8.72469995516153E13
-2.9209165312544694E14
-2.7794966983896144E14
4.4300636970854694E14
8.92712251268684E13
-1.8593227000572722E14
1.3267655053768772E14
2.7414383698466194E14
3.339103630687978E14
1.8761170418664028E14
-1.2738819308667573E14
3.695077532253386E14
3.3994524129679444E14
-4.962919979810372E14
4.94163368957644E13
3.537145384604842E14
-4.510802666017313E14
-3.1144811710688744E14
-1.868118598054423E14
-2.919555920071871E13
1.2849129002255816E14
3.2975032496053894E14
-7.645093593427641E14
-7.005778630907992E13
-3.092187080018299E14
5.940175555793376E14
9.501424285018171E14
-4.736490206328748E14
-2.3025227398653397E14
3.785566824599117E13
-1.5060515580250834E14
-1.9064593311824912E14
3.5907019306308836E13
-2.994914420982837E13
1.0475206324593739E14
1.4656768732717134E14
3.131004599345063E14
-1.3326790296067175E14
-3.683274944971268E14
-1.5497311675376322E14
1.40869614937557E14
-2.97457245603854E14
-4.571165874931069E12
4.3276590493880406E14
3.5344212814664656E14
-3.067436197961263E14
1.5545779545365484E14
1.6837410526451678E13
-3.613287581640771E14
-6.753040660615456E14
3.7507220464103106E14
6.035303798663082E14
2.967853376542903E14
-8.49386456618215E13
-3.306918329675863E14
-2.0297748171594466E14
5.206971924744528E14
7.0343902196939375E13
2.4969363300072075E14
9.637952759899564E13
6.491628282877746E14
2.7265538018237806E14
-1.4697478709753206E14
7.128335987503989E13
-2.5244176451997616E14
2.7696210119039847E14
-3.1273950686172375E14
-2.939496459475215E11
-4.6258927035157056E14
-3.0722029483699027E13
9.888293088083325E13
-4.270870782610495E13
1.9879899650604666E14
8.223205568925862E13
-2.79211286853435E14
-1.148689331738283E14
1.7684455143571375E14
-2.5239444236619806E14
5.4867938531504856E14
-3.514799212148886E14
-1.3436577769777323E14
-4.6763718313269E14
-3.089486718824088E14
-5.60299791808829E13
2.5513901278454838E14
1.1339989279964631E14
-2.858927094915781E14
1.6506762070747996E13
1.9732393379839544E14
-3.131609989100235E14
1.667934073557153E14
3.7867003460835156E14
3.680829887631075E13
2.5140213249931763E12
-5.617089015671293E14
2.0633234713729066E14
1.5768086743770856E14
1.1192492958103536E14
1.8574651224090528E14
1.842933026309357E14
-2.5683289504761516E13
2.7594034125749438E14
-9.306490690081689E13
3.948995314925037E13
-1.2932883875218012E14
-4.757666748565616E14
-1.1144207982294605E14
-3.018089072977858E14
-2.084689528169492E14
1.717505699196858E14
2.4241625103988397E14
-4.819392007908759E14
1.0618817632510616E14
-1.812263801122087E14
-4.9848433209225056E14
-2.3708521875874184E14
4.335411389665998E14
-7.101549543453352E13
-1.1683093314727516E14
2.540573575491305E13
3.7774967952661494E14
-1.6846301890800306E14
-9.59965951685214E13
1.139430885378409E14
2.7810221202486956E14
4.7269253631507775E14
-1.8514778834756806E14
6.633104500513269E13
1.1396982629844589E14
3.030903146233856E14
4.816824077894986E13
1.4078440358637606E14
1.8506450254024238E14
3.078039761449099E14
1.5102933130330794E14
-3.425992490634333E14
2.103238505059184E14
2.980905863573388E14
5.567069243960507E13
-3.9293679759047325E14
1.562545662575481E14
-3.2151841887396438E13
-3.533231180675563E14
2.3378170831885844E14
-1.844502655788597E14
-1.2679863329442917E14
2.575503344266561E14
-1.5951948231400612E14
-2.017528511163789E14
-1.2605516100100586E14
-2.62928534389688E14
-3.389916455905938E13
-1.2400878751336252E13
2.198179178696775E14
-3.852913250267822E14
2.4226726005669195E13
-6.305416297418043E13
-5.132432797157487E13
-3.9553053959252E14
3.776811446909588E14
1.3029984569705947E14
4.583484210723354E13
3.505647924743131E14
-7.174682390723272E13
-3.784176312430442E14
3.637868713791228E14
1.9115393059973525E14
-7.687435558254476E14
3.402077144367824E14
3.561856587043538E14
-8.088916145194462E13
-2.1443403211859957E13
-1.581812597932404E14
7.627767723881525E13
-5.2482949773650805E13
4.59097845062E12
3.939314433643892E14
-2.5842407540449562E14
-1.5425852507099166E14
1.895732497212647E13
-4.578355044376875E13
-8.347758128742123E13
3.618389227021503E13
5.552450863314365E13
-4.883301285314219E14
4.3578788172564294E14
2.4500890100226775E14
2.959410527281663E14
-1.94094245042926E14
1.4180366962535528E14
-3.434745792461019E14
2.0998836614844453E14
-2.1347587729640172E14
-1.4395064118536738E14
-1.3217802195000833E14
-3.0152693087213825E14
-1.2565169258505605E14
9.23637910757073E13
4.866705485951275E14
-2.3594516990806262E14
2.1681850435205547E14
-1.889356339973264E14
-1.1621351676967198E14
6.961674946412843E13
-1.897680839689123E14
-1.3403959091282603E14
4.1920659246697625E14
2.199819152337135E12
-6.680468863523721E12
2.4714407000574336E12
2.745070433494111E12
1.5469487721010974E12
-4.0183972274259775E12
5.531914001413212E12
6.975656397304668E11
2.1704211716268497E10
-3.246398826106338E11
1.0827863005568387E13
-3.0427098820512373E12
-3.2315041057051567E12
-7.465127453071442E12
-5.067022299194265E12
3.4115468984404956E12
4.424426388424612E12
-6.661312012317557E11
-1.4679909712903922E9
6.837554497312628E11
-2.0767707073905652E12
5.68259922644002E11
1.4439999963990594E11
1.6500815928640668E11
8.909599939193987E11
-2.418342180945319E12
5.556681532425084E11
1.2480868347450142E11
8.402776763450364E11
-2.9033848362112456E12
2.831677395829113E13
-1.0149477911331712E14
-4.499655325766043E12
-8.117175680569422E13
-5.086231445325168E14
-2.6097360374525E14
-2.855110748949095E13
-5.979808281637414E13
-5.448215002397645E13
-1.245340160216528E14
1.5821295457372603E14
2.8315367060001294E14
-1.574999191135959E14
-7.90420849436255E13
-5.141811154226035E13
7.107446827480256E13
-5.409553687726482E13
2.846144117388687E13
8.096191237457628E12
1.57198739433454E14
-4.07818728467776E13
1.5541454008196153E14
9.560586430926725E12
1.2480639664373572E14
1.6906719177873772E14
1.2675131531761003E14
2.3728368799487788E14
-4.2038897611406504E12
2.5833482045219872E14
-3.800106160098632E14
3.209064215409357E14
-2.0792726583782266E14
-1.2579954420502034E14
1.3311907795035842E14
3.446127282614913E14
-5.400200952281464E13
-4.5973783559919475E14
-1.25009635522775E14
-9.845818725900566E13
-2.5997098379034125E14
-2.7452048786830047E14
2.6140887420051047E14
3.04440603794825E14
-4.8265350251858586E13
5.4331995285685856E14
4.671145811539495E13
3.720521700808425E13
1.640317175472845E14
2.2165323279210344E14
1.130388398999722E14
-1.0120721932026539E14
1.3535806444624998E14
-6.249565793448763E13
-2.5983791861378456E14
-5.2958067469894055E13
4.46241283109983E14
-5.957365858892653E13
-1.8632238527960325E14
1.2136954727445792E14
2.048621371922037E14
-2.952269652693913E14
-1.9161489622709598E13
3.449616842731395E14
-2.4765382749849816E14
-1.8821699230776553E14
5.4196745720813794E14
3.170894708055375E14
-2.4573476186462312E14
3.548056396239796E14
-7.71332224552931E13
2.0499921630787212E14
-1.787787697262378E14
-1.5305673548068753E14
-3.020927609366792E14
8.307852392265194E13
-2.7836635613486756E14
3.44891166728736E14
-3.154864369985302E13
-4.629341216610065E13
-3.662609361660046E14
2.4289046626261262E14
1.111677137814507E14
8.568195664210636E13
-1.3760065133442006E14
1.674521109073733E14
-8.804324925636578E13
8.262632198516022E13
-4.0577140028334336E13
1.7549144507201E13
-2.3534943847987316E14
1.1233402311257728E14
8.647582254827702E13
4.367917172003812E14
1.830362508836683E14
5.757075327626919E14
-6.629525895849769E14
1.4989016870422712E14
-3.027546399258761E14
3.599331132580338E13
-3.2484674747100106E14
-3.3677051440166756E14
5.701360194501515E14
-3.0283722150088535E13
7.827370747546098E12
-2.0047840517077712E14
3.570367307386269E13
-3.285388616436698E14
-8.990103025406766E13
-2.2577939795292188E13
-8.015344364000566E13
-1.945668096442349E14
2.6554907278387578E14
2.9457176504207294E14
6.667399927481556E12
2.4216575613543922E14
-3.520839917929425E14
2.0522441946136712E14
1.0568463870090328E14
-2.504044373172666E14
-5.286995388847705E13
-1.609103348734943E14
5.606686617687464E13
-1.3264513541817045E14
-8.603764959357422E13
-4.322800479135141E14
1.3651238125819605E14
-4.285385084515024E13
1.00852412124354E14
4.8847568846776266E13
-4.884029222783689E13
-4.1618849187258244E14
2.6039525790384044E14
2.616143585950454E13
1.1812853607130495E14
-9.663542305439803E13
2.524826654957144E14
2.5602144473187453E14
1.051862599619328E12
-3.48560203954376E14
3.648710340791692E14
-2.2892012261474144E14
-2.9652520863497144E14
-7.980338035126053E12
2.040960273155515E14
2.1434689424873258E13
-1.1007765409443219E14
-1.886703743358874E14
-1.5465847237555133E13
-2.5685555433507164E13
-2.1210233645109775E14
-1.7134337475471334E14
1.7483601458973847E14
-2.990355834913275E14
7.126748386875714E13
-6.755571652399744E13
1.362726304610647E14
1.6980611710357697E13
9.56161934651281E13
1.6521083628387078E14
-5.254751829504403E13
-5.935932909157581E13
-4.560448205211276E14
1.644168222980225E14
2.4510916103951734E14
2.1431463168743912E14
2.8020222953329975E14
5.4628122801459225E14
-2.6890176365270138E14
2.385168920061527E13
-2.3228115549225038E14
1.8746717847455878E14
-2.5064756601323084E14
-2.924067277003759E14
2.788749834890664E14
-8.310663965904294E13
-1.5894464931271117E13
1.75167410662485E14
2.5687111565471634E14
-5.4021692584614356E14
2.3447319257868707E13
1.2074247999022281E14
-6.444962728276658E14
-8.156765318904253E13
-1.9966643899906416E14
1.3519547714363166E14
2.822736760442488E14
3.094235153060628E14
-2.6089859676831025E14
-1.274094417375981E14
7.504403468664438E13
-2.0808874287552278E14
2.0106482508288722E14
-3.8615966272797375E14
1.9389578789163247E14
-3.7241162314797744E14
1.7058156158018962E14
4.259448103268611E14
-1.6131756718796667E12
5.72099865614476E14
7.188962023590525E13
-3.96864499873165E14
-1.0820704843825033E14
-3.4976276742737855E13
-2.4842067535957803E14
-5.839633405960838E13
-4.363821279656328E14
-1.1741330715199389E14
1.621364219111718E13
1.7299623713111066E14
-4.311253837489329E13
-3.720074996641964E13
1.947902560681598E14
-1.8670346917051578E14
1.9583406793628653E14
3.297191400022768E14
8.029455420006202E13
6.734185250389202E13
2.9545994440128625E14
2.173786281919819E14
2.201128337644124E14
-5.2356439932483594E14
6.017198414383856E12
1.3730927991069664E13
-4.402250212643679E14
-1.0261381650107073E14
-3.775620007585851E14
2.7154820433481806E14
-3.6424823896592E14
4.046991138417964E14
1.0435900642854181E14
8.435016250836551E12
-2.143722854799862E14
3.58792941872674E14
-8.760757934581736E13
-5.279848632647762E13
1.414133213683303E14
-2.0718425258721962E14
-1.3160746753770402E14
2.0353249817204793E13
2.2253404418728397E14
-1.720993116129044E14
2.993727138496813E14
3.948962399513506E14
6.387020008160715E14
-1.2941590891622864E14
-2.4429859444580412E14
-3.6865734701754956E14
-1.8637818282823416E14
-1.915518634329898E14
1.3664678582904939E14
-2.0532059315805612E14
-6.382427229821813E13
-2.3440063204799175E14
4.978379154054057E14
-5.350865105319094E12
1.362026220305021E14
-1.0501976277259883E14
-2.635636325986733E14
9.994878042666302E11
2.425920618398701E14
-5.677906531411155E13
-3.6528060988978414E13
-2.001844618957943E14
1.6205678011209334E14
2.7390797440739088E14
4.259028319916804E13
2.300301978702062E14
1.1302824834384872E14
-6.458801388305912E14
-9.440144708297738E13
-1.0795466642868022E14
-7.48964648975111E13
-6.790758906072669E13
2.0305262064563106E14
-2.245131699588513E14
1.5686547210157797E14
-1.117078395318973E14
2.1814201453942672E14
8.754609920398716E13
-6.724537435057226E14
-2.3212180529050622E14
-6.3427507758701484E13
7.762156797252766E13
1.4299096317717984E14
1.2238786349493347E14
3.199877659847952E14
6.608605304457935E13
1.5559442670836547E14
-3.449569002208914E14
6.038754281065842E13
3.581035496203976E13
7.634439213465626E12
2.0070155231935353E14
4.477328015208327E14
-9.41619879053558E13
4.034448540449872E14
1.8148105245487338E14
6.39441128384538E13
1.3029548852583598E14
-2.837491871418042E14
3.2418698391034594E14
2.3111491045382528E14
-1.8709946009571534E14
-1.574285829455369E14
5.638788566862667E13
6.5575920405188164E13
2.2050271747455203E14
-1.9438018605910972E14
-2.609345929104713E14
2.0359948792423072E14
2.0070616901314113E13
4.02703095134887E13
-2.4436264252430116E14
-2.341807849133873E14
-1.5095839177467656E14
-2.306835173194746E14
-6.802603212620151E13
-5.363702752152675E13
-3.990227524258116E13
-2.89304280840644E14
-1.7785186047616575E14
4.431699900470693E13
3.7883028223978056E14
-3.095669221474128E13
-3.504135322711875E14
4.8395258759744766E13
7.213127334691606E13
-7.362344977117428E13
3.912107286886193E14
-6.7520503606065625E13
4.4515495087725044E14
-2.853856999007385E14
1.0668467144078508E14
3.872742036140226E10
-5.465616453620379E13
8.575147993682845E13
5.029485892914092E13
-4.9725769755334875E13
-1.1878841554989931E14
-3.4499158774905694E14
-1.7574167508849544E14
-1.3158430133560712E14
1.8868453076149694E14
-1.9328324627598254E13
1.721640963624722E14
-3.800586957667094E12
-7.464918476913383E12
-4.676591936847903E13
-5.358399905863829E13
-9.60945337798697E12
-1.4703289126319366E14
-6.9517350167173375E13
2.3056302072222938E14
-1.2763330811346262E14
4.056805490513371E14
1.3410101075167539E14
-6.075798960007909E13
-1.4214731562417888E14
-2.151624965419128E14
-2.3762959124731284E12
1.5382385253769456E14
2.579879133018017E14
1.3246349241200112E14
-2.1474574069104856E14
-1.0404514114083975E14
1.0562366457917127E13
8.379354801708852E13
-2.1183117088933888E14
2.6158160438305562E14
-7.785057113936786E13
-2.3673136286401176E13
3.070345545499315E13
6.645740577898937E13
1.8947039358467572E14
-2.3063571589085816E14
-2.700032711742385E14
2.069712056824583E14
3.122870387471228E13
-1.6003180296977403E14
-5.0219914477250664E13
-3.3351650205894494E14
-2.4671056981692855E13
6.842702714327573E13
-2.479232150938369E13
-1.1624068429045962E14
-1.618534101202334E14
-8.360091701390568E14
1.7745860674369906E14
6.301503475475045E14
7.282218744715511E13
9.782645972569886E13
2.526070505640712E13
-1.2335413227068754E13
1.2335649400639808E14
-1.2112235687239673E14
5.827028906520461E13
-1.0073057018263453E14
-2.4606894363107075E14
5.6201264500926594E14
3.928903933282384E14
-2.64691285574113E14
-1.6704054833871712E14
-3.099777085821543E13
6.899091315943938E13
2.0958601076784872E14
2.9643167877470725E14
1.7685526421309734E14
1.5131457715213107E13
1.1885509739491453E13
1.535474496104815E14
-1.0277968704970977E14
2.1721184233572928E14
-4.648395414932472E13
1.5999360762086047E14
3.191887678745173E13
1.3658645549702234E13
6.214038892422385E14
-3.395099718975931E13
5.617858746350544E12
-2.602937519794111E14
-6.249443634973702E13
-1.4905805646686653E14
-1.061721261493441E14
-3.150779495801186E14
2.765913094132973E14
3.358245459102816E14
-1.86927494710103E14
-8.896982163772184E13
-2.0819276730614694E14
-2.345637941977437E14
1.463413911379856E14
-2.4490168179774918E13
-1.0339075197831908E13
1.0449181469082589E14
-1.757083094019121E14
-1.7560194128471803E14
5.5412045373792544E14
-1.0611420329205E14
-1.4608697310013962E14
-1.7147463236695756E14
-1.007338961142049E14
-2.98457678793813E13
4.442441745136775E14
-5.9360321533815016E13
2.7885929057597075E14
9.138142909367785E14
-7.244517925504456E13
-1.2659543508993016E14
3.655212944754492E14
9.507805508844266E13
747678.4096506572
