-1.5045668954156977E13
-6.677709201599774E13
-4.6196211432441975E14
9.573594600951734E14
-2.2960610378673387E13
2.327276586036202E14
9.689610079617345E13
-4.9142286609415056E14
4.154371239675591E14
-4.286522431282992E14
4.8891239582620775E14
4.800942859058843E13
-1.8899689106125975E14
1.297332672747706E15
-1.1181555248342965E15
4.178250345585848E14
-5.791944720603898E14
4.8551295078263344E14
-4.178109503426671E13
1.353396436340289E15
-4.1930128352428625E14
1.2432154224123412E14
-1.5869698439779572E14
1.7854127230048634E14
1.104807820996931E14
-1.0091425572911385E15
-1.4029750435519798E15
-5.717528400300102E14
4.409050230763695E14
5.794100481927628E14
4.3191605145120425E14
-2.3416128995757628E14
8.097000728331455E14
3.912423422446616E14
-1.2684119982820208E15
1.3174806633025006E14
5.782927872988686E14
1.2523145277799065E15
7.834127378691099E14
-3.8003920950380194E14
-3.683788797651912E14
-1.1939214420111358E15
-7.839074927961972E14
3.709790762035694E14
9.760220198467684E14
3.454366538839011E14
1.1114638676030258E15
3.515538056775795E14
3.629697557516596E14
-4.931939608816526E14
1.5511750541645166E14
-1.139963000505144E15
2.533908807166256E14
-2.384267125412684E14
8.272314480829449E14
-6.559272128348838E14
2.4768437265779747E14
-4.3535680223788544E14
-1.6065661632157738E14
6.695318556985865E14
4.1078450009941594E14
-1.1309749864027858E15
8.810989109498756E13
2.4214393672323403E14
9.730026672245589E14
7.125355716219526E14
8.230944192232286E14
2.957673973941836E14
1.0013592392032798E14
-9.625782436395538E13
-4.7697193183347575E14
3.352624411145417E14
-5.622108610712831E14
2.6566024633642234E14
-1.0345966023345278E14
3.131936497481427E14
-3.085600432795118E14
1.1191200995761216E14
2.501102692101116E14
-9.758281276984456E14
-6.068466047428318E14
-6.293538037307062E14
8.720968996046576E14
-5.4145886515443984E13
-8.425780678608548E13
-8.291524727202395E14
-2.882959925118374E14
-1.1696040850388622E15
9.393234367905674E14
9.230584870495232E14
-4.280261855685271E14
2.828177943811835E14
-3.011675104098548E14
-4.545275792238388E13
2.3749253898448853E14
-5.38920021259234E14
-5.85024881105843E13
3.1720005284482194E14
7.316284286253755E14
-4.7499051416273925E14
-5.0157947542705075E14
-3.6404795242206825E14
-6.814669041772769E14
-1.5767611926657688E13
-1.6232250843250434E14
2.681460549068444E14
4.704267328420787E14
2.665505193243343E14
-2.8251032144027225E14
5.581515309893731E13
4.3358568340722606E14
4.85943302524746E14
1.3857705626350697E14
-6.625173334648645E14
-1.8833487243836834E14
-8.645829196016055E14
5.6115629240476006E14
2.2502349885334584E14
3.19048917051E14
2.663765229730078E14
-2.4510271743143338E14
-3.694429952486267E14
8.53130141394285E13
-2.830294983573153E13
-1.7545027538152788E14
3.4065916338229025E14
2.292219646994856E14
-6.251100191254126E14
-5.987659282836252E12
3.776058239754146E14
-1.714846180751031E14
2.7556929320699553E14
-7.823284547816122E13
-2.066338801187133E14
-1.6861769045221388E14
-1.6006550526528828E14
2.6389074748049156E14
4.771417258020196E13
1.6275927283564422E14
5.364268612663037E13
-1.800925473074807E14
1.2387938370410732E13
3.72611216847533E14
4.1406620459098606E14
7.513801444647722E13
-5.969567339238288E14
-7.237461506426596E14
3.903759012749847E14
1.1317105022543352E14
5.560122955761097E14
5.5938622806299456E14
-5.5999266880151125E14
8.383420692192542E14
8.36873868803088E12
1.183420090942914E15
5.626087182015313E14
-4.3313318096596856E14
-6.26883500171982E14
-6.463876688791141E14
-7.926583124389514E14
5.849647669638086E14
5.83663075947583E14
2.1029252561608618E12
9.30332610438355E12
2.793132928648258E14
7.72095333837502E14
-7.276843548929386E14
-1.436348755346261E15
3.136360864286391E14
-1.0085819766274588E15
4.8451970247638944E14
3.358368925407953E14
6.888407542495109E14
3.0372908346487856E14
-4.401897767246273E14
1.149469620901676E14
-2.372542912082126E14
4.144666299854085E14
-5.3080072213005225E14
8.430058908192519E13
4.786755389595313E14
-9.27752478829041E13
3.656244518497744E14
-2.627954172667044E14
-2.4046284320975516E14
-2.804351846231088E14
1.5678373666526744E14
-1.3499777650816523E14
-5.6225039965877016E13
3.09497685722355E13
-1.0538143256796106E14
-2.81855929780522E14
2.961300256024371E14
-5.4166565615174594E14
-4.3393662318165656E14
-6.597293231886768E14
8.851361472376999E14
1.2979164279110473E14
-3.970229489375455E14
6.822740967405719E14
3.492040287903594E14
1.1664153184480065E15
-1.6061778139335478E14
1.17910249582976E14
3.9247518614077175E14
-6.141927113619761E14
-6.210692613012052E14
3.7835100723219656E14
-3.959371007879606E14
-4.231986452328813E14
-4.1493783741121544E14
-3.0851679497860975E14
6.092287947162966E14
9.266063314527834E14
7.521660966351515E12
-1.583902555516794E14
6.166502979990071E14
-2.2365301248908303E14
-1.1195144794687206E14
1.7645325688298094E13
2.4660457391682164E13
-6.825577796484965E14
-4.927560010326303E14
6.0129966678229125E13
2.638461362451414E14
-7.843627504192599E14
-1.1430170152385005E15
8.545828530708225E14
8.000810656905675E14
4.271256379841529E13
-6.815784631188369E14
-1.4128056746870925E14
-3.339716525046077E14
1.1259841890729502E15
-1.9934951346226106E14
-3.9656712496310694E14
9.507492856952997E13
-1.6733830513541384E14
-6.135331175942095E14
1.3175095280747639E14
-3.8000171780775825E14
2.916742837563732E13
-9.125073550269984E14
6.731807977347678E14
-2.0079592624597266E14
-1.795117370795338E14
4.7443362362029844E14
3.7855824784318375E14
5.260405599358793E14
-3.359766742052513E14
-2.92011215971675E14
1.1704176169764258E14
-4.194842291728253E14
-1.0137176715741017E14
-6.287634893836648E13
4.921905570640002E14
-5.848986216476161E14
-1.656004906587131E14
-4.690613454528252E14
1.031460182136343E14
7.242612767307942E14
4.349351404376417E14
-1.5286077202428538E14
-1.986412276841216E14
-6.440625070133842E14
2.340136303844781E14
2.570600611687479E14
3.1812785630250325E14
-7.172172515664681E14
4.1125335072653325E14
1.870873352410097E14
1.2376416299365605E13
-2.3144441217609666E14
1.617863312247999E14
1.4648915689590238E14
-3.695774872977558E14
-5.012608447327328E14
-6.555160333103488E13
-7.834981982284705E13
1.5133542956633797E14
-1.5270031691365522E14
-6.594743427041995E14
1.399064910963479E14
-4.5209175184340444E14
6.167395248752061E14
-3.562508102049033E14
2.3443827542262316E14
4.27043060271553E14
-1.4048765538660362E14
-8.335135925470888E14
-1.0142953168233533E14
-5.497703967316879E13
2.834310091430666E14
-1.0009652553307683E14
6.427905984435356E14
6.784455870452122E13
2.0193775495376128E14
4.441035942605828E13
-7.351403026915862E14
-1.82771759206551E14
-7.039224003427419E14
7.186604908048901E14
-1.686226074274254E14
-6.993655875910857E13
3.9703136318455825E14
-1.2366866526800336E14
-6.075537885457383E13
3.605659815457176E14
1.718203536936721E14
-4.842311666754103E14
1.1200176731515695E15
-4.3142950429343075E14
3.3092826921158944E14
1.919689725858534E14
1.1403316731212645E14
-2.3202517183057944E14
-2.7610452279470184E14
1.6969033713868253E14
-1.1929735702985475E14
-3.0914351539189727E13
-1.1309418217930735E15
1.3262292090264564E14
-1.1652037779770836E14
3.984482698803525E13
2.4761600631412612E14
7.418530660310189E14
-4.8165543894122844E14
-1.5710845289427625E13
7.414487140219628E14
2.052185480657024E14
-4.727829367029742E14
-1.3006968804862308E14
4.1487094977205144E14
3.193404326228779E14
4.197921886606641E13
-2.664053820948594E13
2.1605266555227972E14
-1.1609138228679542E14
-2.2742856046740244E14
4.417522780034135E14
-1.9277625540300435E12
-9.528364692621085E14
1.9619139553569266E13
8.37222315747626E13
-1.7947443665444038E14
-9.210606388589897E13
1.0666620348710867E14
6.412401591764564E14
6.20854756212807E14
-3.859027787177645E13
6.598474061834781E14
7.641316092200919E14
-1.4352739449737094E14
-1.6494663881252647E14
-1.738865990460238E14
-9.386128924120662E13
-3.524557403200779E14
5.636418367688413E13
-5.901173267304743E13
-1.657054665044689E14
7.761411537662406E13
5.284066971562591E13
6.897020251163634E13
8.780110304877267E13
-2.3442969353042544E14
6.012854274387042E14
-3.887830776415732E14
-3.031624837392424E13
6.958531764375689E12
3.252374916126261E14
-3.3441685337537244E14
-2.988935288088347E14
3.3233257900297106E14
-2.946279103080403E14
2.269179821279493E14
3.867735180268734E14
-3.8307152200988425E14
2.2288365637056023E13
-4.615981201276245E13
-1.3050996024385852E14
1.7886963758800938E13
6.204638886990932E14
-1.8067670506982838E14
-1.3126053911203561E14
1.7158831277960816E14
-5.011037620432831E14
-9.81598952881633E13
9.07933607910248E13
-6.273790243426556E14
4.385153428729866E14
-7.232238286523266E13
3.9707380292053794E14
-2.62824868065548E14
-3.427459917947409E14
-3.939101778193907E14
-1.3561714611463969E14
1.9699513702642903E14
-5.794325751596129E14
-2.397767671802483E14
-4.833690626473977E13
-2.6605575538153075E14
-2.3835815148874903E14
-3.775906059633176E14
1.9146903871546956E14
9.294861205973173E13
-4.805085569968548E13
-1.2205311119177769E14
-2.6542946418746053E14
-3.851341218593299E14
3.6512947057769006E14
1.3440987407885489E14
-1.4104614129717306E14
7.021526505140469E14
1.9121393501248047E14
4.9763705631984425E14
4.137443407562496E14
2.17452618663058E14
1.3653633605907311E14
-4.574203719696461E14
1.124010377996687E13
-2.7126424952081522E14
1.092628805176367E14
6.140265577596087E12
1.6905183976779588E14
9.659219345874753E13
-1.4272496093597675E14
1.4353380391652162E14
-9.540484426378075E14
-1.2480933962367073E14
-1.5970490684237596E13
1.6951395848537806E14
-1.3922966552237952E14
4.297204071089263E14
3.2810425859698956E14
-2.737762384713334E13
4.167470623868031E13
-2.2565700644811525E14
6.01308596788609E14
3.594200395122958E13
3.66483546080747E13
4.026636689363802E13
-2.890127166958443E14
-2.22877770710951E14
4.891387251171641E13
-7.07452973861987E13
-1.4797307120946116E14
-1.0192030889609173E14
-2.4298711668821586E13
3.483151461741255E14
4.597799506865022E14
5.484674974613458E14
-5.031600003146076E14
-1.8697549673681078E14
6.304839999110336E14
5.981491015217749E13
5.439275052848979E14
-4.154992823298365E14
-7.199398492622974E14
-1.126839766224093E14
-1.406102467055113E14
6.547299809711599E14
3.556420371207615E13
1.667410982523022E14
-9.087713673593064E12
1.4591156304961494E14
-1.3465071967944219E14
-1.6036829497922816E13
-4.6242520124495144E14
3.576823320126892E14
6.105490563474307E13
1.8255420807087138E14
1.833908088053934E14
7.026597831122468E13
3.988706900614921E14
-8.55108025228241E13
1.4127565013526425E14
-2.4580677168398206E14
-4.092116564926547E14
-4.862290065862464E14
-5.51448574214531E13
3.2667027677956963E12
3.9510995033399475E11
-3.7736063368699287E12
-8.229610032102159E12
-2.733531142160592E12
-2.4631720126247437E12
-5.491799699648383E11
2.795662424967732E12
6.160964246057853E11
-8.464917494038204E11
2.384071905818634E12
-3.2224373230967937E10
7.811941165872776E12
2.3602428087586014E11
-1.0010621685177468E12
1.4272671064949966E11
-2.3390241267216475E12
-4.431248070636583E11
1.9240919368829498E8
2.8576996463462244E11
4.8721573104637933E11
-1.9974983604849014E11
4.1280355604562823E11
5.815179332400065E11
4.3291494227068213E12
1.4238960368198633E12
-9.540094840051893E11
2.771852669710465E9
2.3964546195820166E12
-4.0705524704040713E12
1.515001980608406E13
3.1737426112178605E13
-9.260446315374117E12
-1.0535610453867355E13
-1.5097873205176756E14
2.8417758371025456E14
4.975302116951358E13
4.8551350491255544E14
-2.302085006313784E14
-2.540671929766165E14
-1.34271855191266E14
-2.8366106512549294E14
-1.672794786235356E14
2.830397587999956E14
1.9521845982231562E13
-2.293382712286875E14
-9.60100737216772E13
2.5309365165346785E13
-1.0080289732868239E14
7.730769403264619E13
6.942401275165765E14
-1.526327759876916E14
-2.757575649423519E14
-4.735319049733339E14
1.1790682346044E12
5.069412430273104E14
-2.2812845577017586E13
1.0407917850682789E14
2.2241926286418825E14
-1.4973497931648066E14
1.3302595880928E14
-4.8284963422127575E14
-1.3049924567009772E14
1.6185575614804084E14
2.874296994191854E14
-1.9410117303838038E14
2.6851544281543203E14
3.7794781259804294E14
-3.803843655386345E14
4.040208606858579E14
-7.586200937836042E13
1.4739719526533706E14
-1.2296048020221734E13
-1.9329676085714144E14
-1.5364089569233494E14
1.1495381095547538E14
-6.454932483202313E13
1.1116424753624639E14
-2.2975828666118697E14
8.942498823121844E13
-8.118844161659119E13
1.106887455658883E14
-3.489105730265854E13
7.115720168540739E13
-5.167677174056228E14
-6.403412087046515E14
-5.646300191218894E14
-2.6146274881728844E14
-3.916578699639758E14
-1.0473162682769308E14
-6.927730906165593E13
-2.8240906023229242E13
-1.892120162230171E12
-1.2968077550351964E14
2.0731365299360266E14
7.595648639047333E12
4.060468717547406E14
-6.815623756796394E12
-2.9204961385168977E13
-1.06526584645683E14
-1.544254109099326E14
2.941963225747468E14
-4.612166423280886E14
1.545658005251408E14
9.09221114810195E13
-7.385665334708442E13
-7.668327247997853E13
4.1775676115668706E14
-1.118660780655963E14
-5.475754808453274E14
-1.829806521725178E14
-2.3381857998373556E14
2.4164340241418228E14
3.0013319240119067E12
5.59424367526422E14
-3.589870837839081E13
1.3143406590713055E14
3.3798719955917194E14
-3.023391329031781E13
-3.138252641567089E13
1.3106131746619934E14
2.4494794273856106E14
-6.827190538680958E14
-1.6637202925393725E14
4.071722313589576E13
5.233040384914813E14
-9.790552791829697E13
-9.152473049330425E13
4.2734571214779756E14
-1.0593222292655453E14
9.02369498358911E13
3.3078455125743244E14
-8.532472490763503E13
-8.747040039980458E13
-3.28943333308707E14
5.8803441865903125E13
-5.830832410726083E13
3.21157282888585E14
-7.097536767923877E13
7.509783142425442E13
1.0555160110080375E14
3.5432882370802144E14
1.2713167288729302E14
-7.575898596053681E13
-4.883760126677319E13
-7.992377956841802E13
4.056581690344136E13
-1.9330056045433275E14
-1.2868489705899358E14
-2.6301463933820156E13
-1.2482554950241455E14
-2.340386841044346E14
-1.4767339470578938E14
3.6085265748909575E14
2.6944527423224703E14
3.7970232052476606E14
-1.1589240553562239E14
-4.0320667655399544E14
8.246581321263997E13
9.97355201962786E13
-4.289889845585959E14
3.395201345087541E14
-1.484273713105898E14
-6.900923904390714E13
7.065315173057927E13
6.515016825929726E14
-1.7423700021284738E14
2.0466765717668244E14
-2.4843715390260925E14
-2.5156234750117225E14
-5.664176574020774E14
-2.4798724886363574E13
2.7291767597928363E13
-2.4394574041128397E14
-2.8733283536020944E14
1.0793236632780212E14
4.3764299402397984E13
-1.6496131403213216E14
2.1883920732780543E13
2.3610315130177688E14
4.960947280332443E14
-1.207930654774424E14
1.590207814515929E14
1.6338892264765622E14
7.068896405516669E14
1.5705922830400978E14
2.3674104789167184E13
1.5725938715406638E14
-1.3764855244574828E14
-1.175004619032259E14
1.1598317680030288E14
-1.0740385604986238E14
-3.814296966728811E13
-1.0510316364156133E14
2.3391409420176894E14
-1.2485507915146688E14
-1.875510787332196E14
-1.644566156720872E14
2.4069019289763926E13
1.3291271682075588E14
-2.4405942529589616E14
1.3657706792107239E14
-3.0432299473960525E14
9.351200769641411E13
1.5238177856206088E14
2.985944367624089E14
-2.2893903669589725E14
-2.976458118953191E14
-4.149110240211171E14
-4.1037968830469336E13
-1.4893731776992097E14
-4.893799743740468E14
-5.900492883449296E13
1.2810304033108953E14
2.56180164107869E13
-3.195456704106633E13
6.921991620482165E13
-9.966147451594827E13
-1.1317238220327319E14
-1.4724006944733366E14
2.2549890341157613E13
-2.0734490083493794E14
-1.1005735567029697E14
3.498303810886886E13
-6.073029016431362E13
-4.772415318491901E13
3.064759338156879E14
-2.2381894564995055E13
1.0950794923819756E14
-7.928535982748636E13
1.464504500448637E14
-1.999627954056094E14
2.5890446608889647E14
-3.0983076113966775E14
3.7869806250157775E14
-1.9055478625796756E14
-2.7056727226570353E14
4.694625918762514E13
-8.107848388910316E13
-4.4557875460269575E14
5.109828171128928E14
1.0687126490824664E14
-3.427471049100432E14
-4.035086673786593E14
-7.663064099949847E13
1.7266104193905956E14
2.87572738417715E13
-1.1518176355091135E13
1.0760264170261217E14
1.9650798581315297E13
2.5406371224003722E14
1.5164823455646203E14
4.316265496555677E14
8.78370882688167E13
1.147618177202026E13
-2.1884335002726134E14
-2.9807003892038694E14
1.472987434212271E14
9.496194567845608E13
-2.1510447948626344E14
9.736737514902181E13
-1.1094342198421033E14
1.3308778279701873E14
2.2395062959920253E14
-4.6006234692043806E14
1.0979056650081019E14
-5.8533988489845555E13
9.414011164856847E13
2.5403737111419834E14
5.048519485796762E14
-2.249803602892202E14
-3.040500290603548E14
7.229778562448584E14
7.231607295687722E13
6.83778630493494E14
2.2217108130946747E14
1.2257030091443311E14
-2.8855926621962125E14
-3.621785946650074E14
9.214801437891655E13
1.0812374582777281E14
-5.60993403170977E13
-3.326166981439873E14
5.184212902662129E14
7.052752776680735E12
1.2468006738935183E14
2.815943381020707E14
-2.5037354560206522E14
1.1279728266488142E12
-6.632536859868901E13
-3.6712591928282606E14
5.98128293619367E12
1.4119789353234747E14
-1.1574315181490564E14
1.8291777787032006E14
1.7898315603886288E14
1.4823422191732066E14
-2.2569534738597328E14
1.642387664218018E12
-1.1706541564083183E14
-1.391761217141769E14
-3.351760272948492E14
-3.493689571681432E14
5.9590679106059625E13
-1.5014466453833262E14
1.574029223499021E14
7.489739330061953E13
-2.4754581877119206E14
-2.056743141912067E14
-3.562548968381674E11
-5.5733197943025456E14
-1.533912811117534E14
-1.8521185148793856E14
-6.27071410724262E13
1.080422075647332E14
-2.083903324691362E14
3.0322538957519325E14
3.324546911172738E14
-1.4700947124629738E14
4.5623743378671775E14
1.7374798351691908E13
3.1383782842729188E13
2.3911849340127303E14
3.174022446276396E14
4.2854252557500194E14
-2.0426119654617878E14
-1.643780323816288E14
-2.1706897092497503E14
6.722883874810871E14
9.073689852916027E13
-1.857968400230065E14
-1.0220585641411645E13
-2.44667252780054E14
-1.7234516798227047E14
-7.908849610825573E13
-3.0301295327153444E14
-4.104387094299495E14
2.8128203977766863E13
7.599221982386775E13
2.0245275139298372E14
-3.969997304210891E13
3.619784431598771E14
4.025510289484956E14
3.59272654041302E14
5.054966514123635E13
-2.2041356558010244E14
-3.3870948255916825E14
3.0526498989303194E14
2.6243375453521312E14
-2.1624889846885466E14
-7.537124143887475E13
-2.7807821865910462E14
-2.989151747874343E14
3.9475160750818506E14
1.1188628055893861E13
-4.475055309548175E13
4.397971587255882E13
4.979778592345873E13
-5.360820786944365E12
-8.336590469263842E13
2.016804250520531E14
-1.7464536217448662E14
8.272016471182247E13
-1.0510402000134672E10
-1.1269038858274039E14
1.44878137604252E14
-4.9405715905133444E14
1.8369509017361322E14
-1.178789660689601E14
-2.07693266362743E14
-6.165232966899221E14
-1.0682164530685445E14
-3.3999847513913105E13
-1.0664265124069652E14
4.8783286687643025E14
-2.4904206147222332E13
1.0700896957029555E13
1.8681330190793375E14
-2.6546594295056897E14
3.930831236672384E13
1.4188763576895147E14
-2.5361411656133553E14
6.158623658983089E13
-1.7929245560412112E14
4.610163537117763E13
1.3672099453377284E14
2.4513905278694916E14
1.3631552402912903E14
-2.65123792170329E14
-2.358810976363078E12
2.2524628338019988E14
-4.243515974690382E14
3.233766979737672E14
-3.218007396376451E14
1.581167968393425E14
-2.85911959319424E14
6.560690848138066E14
-3.1797453117876055E13
-1.4695023756149178E14
-4.702561690877157E14
-9.602590716990326E11
9.09159453739646E13
7.015997474370215E13
5.280917581840154E14
1.0895447899564047E14
-2.421836394176186E14
1.3062285383012061E14
2.9974838292770306E14
3.00162187365855E13
-2.1936320163897847E12
5.488158945518451E14
-4.351484394202898E14
-2.343981075585543E14
1.8060996011418828E14
-2.3659743639849228E14
3.0840233423887156E13
-1.6713359052552425E14
-1.794635644951244E14
5.0174912198522925E14
1.823026133347281E14
7.815593655955385E14
-3.601636963693426E13
1.531472523544378E14
-4.516651426015321E13
2.0120187050089025E14
-2.5106806795116E14
1.9840251156998153E14
-3.503530727877548E14
2.773144777195469E14
4.831301895909334E14
-3.7199343330343056E14
-3.624098707241457E13
2.3091666358536356E14
-1.746718675906102E14
1.0142151955604498E14
-8.298909875759528E13
-1.9141983310474678E14
-4.48084205705562E14
-6.6516952176698664E13
-1.9764567286612992E13
3.468734527451321E13
-5.836855465269842E13
-2.921656270347176E14
-7.677701619089903E13
9.615257656974095E11
-1.4588582452257678E14
6.691916130795429E14
1.0185487643223694E14
-5.5545168131392244E14
-1.2046055796394056E14
-4.450242053437649E14
-8.777500520717366E13
-3.082065880301684E14
-2.2305438601006578E14
-1.3283170218593095E14
-1.046592845944596E14
-1.3194070568725792E14
2.1416444397141395E13
1.849985251120703E14
-2.2475897793230816E14
-2.8290969412789836E13
-3.3974560629078256E14
-2.3875053247369847E14
-5.0007073979085187E11
1.890012250029748E14
3.5245042791846025E14
-1.780679649863334E13
2.5142569055945934E14
-5.98732719057621E14
-6.140394168689025E14
4.628499197520068E14
-6.491611553594764E14
-3.1070540592935402E13
-2.3649984134645867E13
4.442093245124408E13
3.682816491044002E14
-2.0588760419297306E14
8.114337832729795E13
3.909236627538787E13
6.965259481035262E14
-2371409.4042459787
