8.280486818416284E13
9.626914822752619E13
-2.746877457992786E14
2.3413646241843988E14
3.136506186735341E14
-1.473607882056556E14
-1.6785735444523262E13
2.520906717420159E14
-3.707719864085286E14
1.7342363447091278E14
-7.448117638580578E14
-3.993941547002958E13
1.4151383071515388E14
9.243970603820639E13
6.907263204818799E14
-4.2923273510284006E14
6.504115969853086E12
2.0717075906185588E14
-8.264174416548958E13
4.640652904704156E14
-5.3268593394092425E14
1.5970710622625016E14
5.688825069443854E13
9.097360068544067E13
-1.2585185499666977E14
3.024025928175775E13
-1.2411394598752588E13
-1.1083161917884223E14
3.870751518226892E13
-4.9127725306391625E14
-2.2774603171367534E14
7.0148475952945195E13
1.8813537549283266E14
-5.246408159989739E13
4.597183999719958E14
-3.7991271472037664E13
-3.6148021282825594E14
-5.034769275857578E14
-3.358367949341018E14
4.686436478604173E14
9.53010555460735E13
1.5957356464321344E13
2.833747071251112E14
9.166985422291253E13
-3.479712312820581E14
-2.1981768737793597E14
2.2006790464270288E14
-4.553236922061958E13
1.2633269563298252E14
-3.295666923887356E14
2.5453794183362525E14
1.800542990641736E14
-3.8668825310401025E12
2.6944164228838362E14
-1.2245369642888639E14
-8.015841727799511E13
1.1588305582696588E14
1.6137850767954162E14
2.0163975397077003E14
7.123553939969929E12
-1.2745227102458577E14
3.3076483150878555E13
-1.2529849769008519E14
2.1865752701251322E14
-9.730669893624048E13
-4.889624246223319E13
-2.01323716102962E14
-2.7609025339111644E14
4.439023424222649E13
1.6163783965603466E14
-4.3953432864083484E13
1.957219793993732E14
8.660677405309812E13
-3.766904691495952E13
-5.135952524249295E13
-5.620792832141839E13
-8.991692732482989E13
-1.996866840236946E14
-6.692112395583629E12
9.71244146004427E12
4.975215093409907E13
2.65435057520563E14
-5.5109376162070414E13
2.6092878482129508E13
-1.4260010377415982E13
-2.2240075619211355E13
2.2554402391488184E14
3.445855551121214E14
-6.634442219582446E13
-2.1978253432394372E14
3.42739987258508E14
-8.065128611761652E13
-1.9856321162930394E14
2.3434412961272397E12
-5.798895223213889E13
-2.584478141313079E13
-1.5688728251483734E14
-2.1141107360088612E14
9.539217696631288E13
5.046633087731549E13
7.797658844717861E13
6.7274501070370664E13
1.0307473447703383E14
1.554224473261753E14
6.372935258894099E13
4.71170619795772E13
-1.627256529222663E14
-4.0462101016933456E14
5.454342692127818E13
-5.7891417473245164E13
-2.2746439878678047E13
-3.1865351103458223E13
-7.239290661072044E13
3.934360589673008E14
7.055553412870294E13
1.0106041164616577E14
1.7422643744218384E14
3.54454890701332E13
-7.86901730312236E13
-1.0931359787003595E14
2.4640723525001766E14
-3.132295372175646E13
-3.487469556820407E13
-1.0145297031056832E13
6.8948777433563984E13
5.872120111183721E11
1.1547465547304492E14
-5.5534325095332805E13
8.579274178719005E13
6.679407612003696E13
-4.312032743456284E13
-1.7516851328578012E14
2.5899356900117074E13
-6.009785195146744E13
1.0924306855937578E14
2.480725232725568E13
-8.080408142657175E13
-3.4299850723118745E12
8.38826760517428E13
-5.2816068624241875E13
-1.5937262389209174E13
1.2387987752283389E13
9.491774288874558E13
-4.3760437360040914E13
-1.8753641762589625E14
-4.562364987842052E13
7.61417082163012E13
1.2982302588044827E14
-1.4236189034139038E14
-1.565412709946539E14
-2.6812441564164926E13
1.460797633976802E14
-2.7483197122761184E14
-5.5416118701935E13
-9.212833853709208E13
-2.414242699929242E13
5.557272346040964E13
8.981580669594295E13
1.7050854478802547E14
2.641756478011179E14
-3.877128350425663E13
7.760003146684098E13
-1.9463831794263403E14
-2.596486595868213E14
-2.392354412734834E14
-2.355343742225881E14
2.2119010042808362E14
2.576552852421748E14
7.531004147260681E13
8.521694033354956E13
-1.9075457018042153E14
7.247373056380827E13
-1.5638883432590762E14
-2.0166675206144688E14
1.1454807163251281E14
-8.120520047053418E12
1.970375133203624E13
9.654749273983838E13
6.962292818470989E13
3.995918268125146E13
-1.182347146243796E14
-1.4814936457231847E14
-1.039123738019134E14
-6.9466522514084984E13
2.197819595334202E13
-2.4077755124721617E13
-4.659784368350494E13
1.0933017558436961E14
1.4776695627854617E13
-4.3361448496443445E13
3.091288436146856E13
7.412657463062933E13
5.690791401452516E13
1.2844274802351527E14
3.3514804837714332E13
1.9005496108509928E14
-2.299621967964925E14
7.842546514951462E13
2.7343113998496582E13
-1.702492380931583E14
1.2633651657242944E14
-1.469670883640558E14
6.444449017279981E13
-3.1031030198405195E13
-3.7355457850861875E13
1.842892746775908E14
1.8734219491143184E14
-1.9798907046084853E14
5.708129165762155E13
1.2439736043753525E14
8.330185802247348E13
-2.4644422859098395E13
-1.051822517051246E14
-1.198304261570099E14
-1.1047732778838761E14
1.3467020557787853E14
-1.0514962561499127E14
6.323860638846141E13
7.579659201198766E12
3.472163561018969E13
-1.6170235567731228E14
2.4573010389425712E14
2.2516078397275466E14
1.647567087378877E14
-3.6267324046116984E13
6.088752717044146E13
1.872259819539197E14
3.600250709649744E13
-4.251665724512037E13
-6.424745322754113E11
1.0170423566191806E14
1.6140020355800788E14
1.8318735218217097E14
-2.5959158324527172E14
7.745394357509739E12
1.6804961925432612E14
-4.095691716047819E13
-1.0895049505017512E14
1.2035489547136863E13
-1.1963266978870077E14
-7.135030333724403E13
9.14994019915922E13
2.604227516532795E14
-7.591042015138766E13
9.96306981070502E13
-1.1055472958961828E14
-7.406830686701555E13
1.6847614875927606E14
-9.568374075549794E13
-1.1747267378428E14
1.0895485490775858E14
-3.3830544023467938E13
2.1756485495158664E13
6.786865020530458E12
-1.052645822572104E14
-1.0111809238801348E14
2.936810434443224E14
-4.9318632914232516E13
-1.5182493489492512E14
-9.943589391302467E13
8.52452885477869E13
-2.610260268974507E14
-1.5155882077349622E14
6.967704596689745E13
1.4184170958434906E14
6.247649374900081E13
-3.313687485406493E13
-8.65670373436378E10
2.398762511440712E14
-1.0629243502155075E14
-4.887138240776567E13
1.2645206193965648E14
1.6174637615964478E14
2.331294455044848E13
1.024825843561449E14
-1.7712401200830417E12
5.4683368692342945E13
-1.892626330786193E14
1.1944294404973502E14
1.2234677151712862E14
3.5715830924855055E13
1.0723729935127186E14
-3.037054286423286E14
1.3624458582714933E14
3.9107142058453875E13
1.0828505533616812E14
-4.645124344513649E13
-1.103507700173913E14
1.0943099315549275E14
1.4208469366421003E14
-9.562892339378806E13
1.28482387700426E13
6.158582468422779E12
-1.2189685610989277E13
-4.543624379811382E13
3.2413581581059367E13
-1.3922572434721145E14
-7.160043976288383E13
1.493578488395843E14
-1.194309593791785E14
7.728321927132634E13
-2.2380058861354222E14
-1.1482644558252888E14
-8.453265020333044E13
-1.2224244934226383E14
2.7726082183554168E13
-3.741115701618093E13
1.6532332139603303E13
-5.1781785552684586E13
1.1885093125932189E14
-7.706089233147816E13
8.506406777007219E13
4.447687184735382E12
-2.4115192927627797E14
-3.4718684795859074E13
-1.3662087921934326E13
9.522918762671728E13
-1.0923387789399308E12
6.825572325217587E13
-1.2893294262827612E14
2.8749057090244706E14
8.684309045968752E12
2.537497686507793E13
-1.1508703872074444E14
-1.1676585567144972E14
-1.432170306037654E14
1.620019262813648E14
1.4855470421549816E14
-1.605695351642704E14
7.49011265068288E13
1.8513412703722094E14
-9.348667745565948E13
-7.437698760879427E13
8.958255007642547E12
1.2259339216737902E13
-1.2914920752477444E14
-6.026820905378246E12
-1.0742682623705852E14
9.17151329546347E13
9.149276813342057E12
8.322239375011415E11
1.8294624873541594E14
1.3817715006183098E14
5.699701727042546E13
7.85489753319754E13
2.1829463426555832E13
6.485905910982527E13
-9.507022146426511E13
-9.110685724071506E13
-1.087081084935614E14
-5.76047014392115E13
-2.6156763191652934E14
-1.9782084269921196E12
1.902404901732818E12
1.301012991941015E14
-1.2153657398976096E13
2.352343679134085E14
-2.276301741237515E13
-2.1208389956130528E14
-3.242648696369257E13
1.0017980646339902E13
5.8008566748590445E13
-3.7352615315173306E12
5.874443492802098E13
1.5360452696809059E13
-1.3864278628220323E14
7.395878688055888E13
-6.425717172045239E13
-1.0187525635147322E14
-1.830032995667542E14
6.2679364516567766E13
2.0269757852353652E13
8.004172319785306E13
8.160048607581852E13
-1.717603212819238E14
5.01029956613551E13
2.506255347433275E14
8.959866452476452E13
1.87269907785193E13
-1.5809985297019928E13
-1.8229826682743613E13
6.751689606668828E13
9.472038389877002E13
1.6550382290234653E14
1.0212967163281094E12
-4.258269521444469E11
-6.444263454810072E13
1.2325543860094156E14
9.66831134162977E13
-2.5363329619934947E14
-5.329128839569826E13
1.4391719758001322E14
-8.995726596017208E13
-9.20676690926612E13
-2.5553632391899457E13
-8.13248549137268E13
7.998284351902122E12
-1.1075496646358855E14
-5.384290099441859E13
3.291823867947378E13
1.3475002205617166E14
7.861629704543148E12
-2.8875421262850775E14
-3.3306081059729117E13
-4.926764018485488E13
9.055658514456438E13
-1.2782481400567834E14
1.2984511672585852E14
-1.2183467785368255E14
-3.0944577666876184E13
-2.0081472539214828E14
1.1342872428267069E14
6.646488188294379E13
1.2243416484020506E13
1.5419462294217744E14
-5.259825577244509E13
-8.004102878462309E12
1.416219644888306E14
-6.094287291290812E13
-4.8360580518571195E13
1.400747913034598E12
4.61244224378123E13
-2.199930650346316E13
8.827817056413988E13
3.824601608073572E13
-2.108022146250952E13
-1.4000036660384977E14
2.2853607112048303E14
3.103005444393272E13
-3.547258291652293E13
4.8077627418255055E13
3.759547261118672E13
-1.5185573766453316E14
-5.510989305274723E13
2.220024750012705E13
-9.391546157327002E13
-1.593000891999698E14
-6.8849154048216E12
-1.090311963522277E14
-1.7979863534150925E12
1.0065753418744123E14
-4.210380931077852E13
-1.363658125208659E14
-6.246255750375323E13
1.0456909434491045E14
6.4203047009091664E13
-3.555447752544081E13
-4.90791416495588E13
2.0126238227002777E13
-8.992128625448508E13
-1.2210299194991819E14
1.3217280360137723E14
3.775457269204343E13
-4.7054416175227E13
-1.1930145951785314E14
-9.519773239036525E13
9.758685274916447E13
1.4365067585180756E14
1.2261763242120208E14
-4.036964689985648E13
-1.1222397667992736E14
-2.3532108923187703E13
-5.21922625310561E13
-7.528668837315995E13
2.2968623129898997E14
-4.320621947888228E13
-5.400635051656993E13
7.366438324022933E13
-1.2110359538599262E14
-1.601663569965371E14
3.3386709755432348E13
-1.555268569763295E14
-3.3329992678660895E13
-9.768668483278019E13
3.006770976069915E13
1.9248141161804082E12
8.543035944602245E13
-6.051285531969875E11
-2.1621067020849523E13
1.8223892815239862E14
-1.9233857616014053E11
-1.0673843793016177E11
1.1598728710388372E12
2.0230995078444668E12
3.3896692488278656E11
-8.094401945793499E11
-1.594680518103062E12
-3.9059670923911115E11
-2.9819744145389576E10
1.7656386056175957E10
1.9554407778514016E12
3.612540714083748E11
-3.2558130600191516E11
-1.5512118798052747E12
5.239150266770632E11
-8.190002455809726E10
3.191089267028286E11
2.0495241071828818E11
-1.0325376529043565E9
3.2813055306262286E11
-1.0472990293451965E11
3.3185414100787315E10
-7.264361538440924E10
-1.1827179915581327E10
-9.088924658128396E11
-9.82746078984631E11
6.247593372197231E11
9.403430343201787E10
-1.0526605102517396E12
2.217122692082329E11
1.071030971850484E13
-6.619967693028401E13
-4.1381589979698846E11
-3.571009780716968E13
-1.7812285776916215E13
5.010200093998876E13
1.0210452446826908E13
-2.5441464774084473E13
1.7989293079272634E14
1.0400946677646053E14
7.664054650158817E13
6.4842938180156516E13
6.307248370717536E13
-1.3737869701344769E14
8.716811581975711E12
1.14786685320254E14
-1.06973087230247E14
-7.210282965072355E13
-1.0534190183963201E13
-1.4033770857789069E14
-4.0750300390984766E13
-1.4075790236990753E14
1.0610010161604589E14
1.75240249473152E14
6.3203119940530086E13
-1.35333457280318E14
-9.450191099779314E13
6.934289024540127E13
-1.1566173455829111E14
-1.30358992123E13
9.1781902438768E13
6.759228972406532E13
4.339966692963107E13
4.830703429210718E13
-4.558078742525386E13
8.160471191432942E13
4.254669425610093E13
-9.12402847533978E13
3.131295764541709E13
-9.446937210810631E13
7.562387171685434E13
2.9595732237845047E13
-7.182126510662953E13
3.1537294641071963E12
-5.831580119546478E11
-5.6001955719130664E13
4.289836586696185E13
-5.238678311560655E13
1.2650792124849361E13
-7.741999174404067E13
-1.277054164195191E14
-3.733842711833975E12
5.3614495356810125E13
1.913152409691916E14
9.267326229989564E13
2.0419011058785506E14
7.084672629488094E13
9.102984205905232E12
1.4298521686550552E12
8.986774610568478E13
1.1982353608167812E13
2.0955360510305062E13
4.160005654943411E13
-1.7177194801473625E12
2.2897034791410977E13
-6.697589932203024E13
-1.140703951748696E14
-5.960113064600692E12
-4.0664583849208266E13
1.3710241099721311E14
-4.998089540158852E13
2.6502376373237434E13
4.132662368861306E13
-2.1518805838813303E14
-1.3446285454991275E13
4.077377460824676E13
-2.8896909000672137E13
-4.562238641147489E13
3.174120168275739E13
2.797569920203941E14
-2.6252545542508234E13
1.1823954660755133E14
7.470811229881561E12
-5.496929999369224E13
-1.996674000163989E14
1.0435426646884738E14
1.2010407165521134E14
-4.176064629745333E13
2.4265119550541633E13
6.133624425804E13
4.844267210831458E13
1.5397193980585497E14
-8.01836633755602E13
8.931224936790448E13
4.056883680555919E13
-6.0049465781827484E13
-3.982300002556368E13
4.2474230195402983E12
8.958866431567389E13
-6.702319845531861E13
1.2719629084542936E14
-2.3528316308905496E13
9.843769297989414E12
-6.1805048889819836E13
3.784413527647147E12
2.9480639752981207E13
-1.5130165363644775E14
8.124503677712588E13
-1.3315438323466911E14
-8.60429368402176E13
-2.7666349524163547E13
3.8649501602019536E12
1.0988981574324292E14
5.133871165639154E13
2.1184045563286316E13
-1.743941562015649E14
1.0350154338094822E14
-9.186348002725238E13
8.970471998972807E12
5.17278321942184E13
-1.8383190776892418E13
1.429005166651919E14
-9.022198876378966E13
-5.352823233303004E13
-2.091595307214575E14
-3.75855915454444E12
7.577332922639911E13
-8.900690045459322E12
7.505735022146496E12
-3.3483886090479055E13
2.603592544733712E14
-1.0439208121197794E14
-1.3948542568915144E14
-9.207870310357188E13
2.50104973644041E13
-7.129998285109867E13
-5.69641599507592E13
-8.382275481870176E12
1.2987399868846494E14
9.469386748152788E13
2.2667673653178134E14
8.65971074541465E13
-2.0487929956650153E14
1.4257955912533738E14
9.428094758831447E12
1.4255792633309428E13
-6.368263381138572E13
2.1448882674755447E14
-6.100111430180661E13
-3.6363645473316766E13
1.2346025752166045E13
-8.199112579061922E13
1.3126158943319661E14
-5.868098666964269E13
-1.6463717554705356E14
-1.267820537438791E14
5.3302884969630234E13
-8.12092378874495E13
1.831107401409469E13
1.2077469945559208E14
-8.427391311025189E13
-2.1970748756021123E12
-1.5862701964274656E14
-2.2412840589576522E14
-2.1459037841354953E14
2.3839921800190035E13
2.008522544598571E13
3.8168835815879355E12
-4.348927846972462E13
1.0583592959753764E14
1.1879908324642789E14
1.2382319766909848E14
1.7951377345873316E13
-1.2909450367990666E14
-3.842580480336484E12
-2.1427905689445522E14
-2.9224955840814617E13
2.591443929121568E12
1.465144680110979E14
1.1976250590755465E13
6.2191827570555695E13
3.0542779082669785E13
1.0442600004187738E14
8.120279809869481E13
-8.108831453644514E13
-1.907458160705327E13
-6.531336880330576E13
-3.781512907734509E13
2.6795593156179812E13
6.7947119711582295E12
6.286471257669731E13
2.718370319528058E13
1.8431243171044777E13
-1.1856098690759148E14
3.284345148580304E13
-9.365792635188236E12
1.1693976985438023E13
-1.1391118264658606E14
-4.806254862304446E13
4.501590234606968E13
-1.1144694700188105E13
5.630895014767998E13
1.0071237877480361E13
1.5205027720343775E14
7.723279446987825E13
-5.35435732554679E13
9.403239058256681E13
1.0840588233858511E14
-7.170554918977962E12
8.041704586389007E12
5.110517934221846E13
-1.1053746159706472E14
-2.2816419014541E13
1.3767467135840422E14
-5.021707384389521E13
-8.129496765030312E13
7.567139830646234E13
-1.6246459756040462E14
5.184742650475791E13
-4.088374917925082E12
-4.26628675150294E13
-5.630175582142013E13
-1.98710063740227E14
7.963485068525047E13
-6.4866286231311945E13
1.1059998279101098E14
6.038555145543873E13
-6.6578989668290266E13
-7.692775189943472E13
3.615353284523553E13
-1.0386762856873772E14
2.0031732036518882E12
6.742249357465659E13
-1.119309654719408E14
8.191722273331484E13
-9.061385806450623E12
1.276434562525471E14
1.3553864353972988E13
-7.662953103760989E13
-1.3316201991057038E14
9.622954038373506E12
-9.16546433919495E12
-1.641343404944135E14
-8.688047887409766E13
-9.23016682332799E13
7.51410311732176E13
-3.2956320518812163E12
5.64405672441412E13
1.3434670085262675E14
5.483804432702264E13
6.364897608398197E13
-2.2874581990517508E13
2.8661561236726777E13
-2.418992546810736E14
6.087269348381644E12
-1.1266231581030314E14
-4.125787755721706E13
1.0926538069972523E14
-5.2498980709165326E11
-4.2428398171834195E13
8.108645984398936E13
4.408217135092624E12
-3.0017888395572293E13
-1.0557058753892578E14
8.101794416688277E12
4.7024993323012375E13
-9.244655846116202E13
9.364447597823955E13
5.060260326707711E13
-1.2783803466309906E13
7.92373522570973E13
1.6529575719896847E14
-6.617410601688935E13
-7.433385667304094E13
3.1207273058385035E13
1.3102937818702229E13
4.082446722792669E13
2.556007278950503E11
7.329512562789617E12
4.161738841971582E13
7.93427211469208E13
-9.127108099742688E13
-2.8194549804694082E13
-1.0631971154690436E13
1.6973334768861875E14
8.747906588118052E13
-7.001275088824539E13
-5.510837662957822E13
6.028542125335728E13
-8.49167663474439E13
-1.6107570088267275E13
-7.60694848714518E12
-1.8190519634744466E14
-7.165240771758719E13
-9.232283821156396E12
4.62139279613106E13
3.600525963262264E13
-1.1749863558313611E14
-1.9576857255734543E13
3.1778984116225613E13
-1.2329966660687825E14
-5.646976536647408E13
6.584734226112273E13
9.143172802923294E13
1.490052942924642E14
-1.2590932052853395E14
6.115801752848725E13
-1.376762273546973E14
-6.590499789428143E13
-6.2476776615873664E13
9.965301655760686E12
-1.647999934121531E14
1.0214420510372455E13
-1.2512521616224598E14
3.65270692500381E13
1.4151485637094299E13
8.156917085453322E13
-1.1207914025083707E13
-3.8378880836170566E12
2.0415669389758062E13
2.7808935458907535E13
5.457735845051032E13
-1.1429947101694861E13
-9.130702140078615E12
9.758699747312656E12
2.7607566227685535E13
1.0493858322283275E14
-1.7441139849388075E14
1.6227315818849478E14
-2.313622931639304E13
-2.658352409028194E13
1.0824564617075125E14
-2.1011748272168824E13
-4.414840117023984E10
5.24185080286573E13
-2.614233068929481E13
4.091061536493377E13
4.463890455697928E12
-1.8045373826752324E13
9.784439186127794E13
1.8617054893845894E14
1.2685832661810747E14
-7.498963098276884E13
3.4652022652251637E13
3.964844052444633E12
-3.9063862285090005E12
4.305533696056979E12
-9.452554998272103E13
3.5816434005381445E13
9.256848355824148E13
3.1762878879677285E13
1.1988193541178014E14
1.0054352564669689E14
-9.499733074319424E11
-1.0177963011684773E14
-6.865886836225266E13
-4.693791994154999E13
1.0371971216029723E14
5.889143117020781E12
-3.23854777546607E11
-7.123239622523677E13
-4.340135272776172E13
-9.10951154323318E13
9.137252602269105E13
-4.575108403030933E13
1.3060597477580523E13
-1.8075653783457653E14
8.112493626223362E13
6.308305368829803E13
-4.115060395017541E13
6.943238569579123E13
-5.0837018658294375E13
-3.791341866656899E13
-6.324653281993412E12
5.953609853635291E12
8.779689334800495E13
5.423611494908383E12
4.113588500277034E13
-9.676727465019902E13
6.51095068851639E13
-1.0026384250468847E14
9.635635540749617E13
1.971292420448388E13
-7.115387820573186E13
-2.806760888903673E12
6.6092943050409555E13
8.519350795015644E13
1.0203177906536928E14
-1.170547244103648E14
-8.06513095434695E13
-6.734498238034863E13
8.004318345204928E13
3.858544974110926E13
-1.1556536829970886E12
-1.3560281416348731E14
-3.25470719049319E13
-1.2174329257600105E14
1.0459188671558347E14
-1.524611354379825E14
-5.1145913824416E13
5.835296851800924E13
-4.7206700917102195E13
-1.1237837484442605E13
1.4718350015708484E13
-6.0298666828147195E13
5.8245240549234484E13
5.9131688562870836E13
6.4145039294620805E13
6.241873421954386E13
-6.972144904279859E13
-2.4433148672989168E13
4.565700460695326E13
1.807610683356613E14
1.1545352826908906E14
-3.0948996500677777E13
1.0465569846201338E14
-1.687934787191803E14
-7.519129435284884E13
-2.585520221294406E13
5.105381239617347E13
1.0012497420557027E14
4.398301160381324E12
4.001078084459956E13
-2.347348733479381E13
3.2640703505497944E12
-3.684699082444488E13
1.109325357601073E14
-2.6541627977143184E13
-1.597965822245355E14
1.3609522065261306E14
-5.79924196645401E13
3.551589866751006E13
-8.825425912182608E13
-2.7090450721551168E13
8.830667852109938E13
-1.809760743170906E14
-4.504417313447973E13
-1.729441189232346E14
9.916651251785934E12
-1.573796462467427E12
-6.0851972493930586E13
9.836105210859496E12
1.6713879932947223E13
-7.641315104567269E13
-6.784750244908428E13
-2.0165097091016888E14
1.4512568428158462E14
1.456762148518353E14
3.937507700235263E13
-1.3774051098188005E14
1036284.2416147079
