7.584153880787856E13
-2.0585410436679788E14
-7.251557754827194E14
5.914856882881466E14
6.22675759831383E14
8.848002991390273E13
1.360388097780658E15
1.578164676701339E14
-1.5782169245551862E14
-1.285407367969846E14
2.943338886070125E14
-1.8280578876450336E13
9.271865849904648E13
9.28191966227058E14
-5.911299508238701E14
-4.0591447850557394E14
7.28395943636769E13
-1.5802359742857292E15
-5.487876877707015E13
-3.875846210807931E14
1.8406729403452766E14
-1.6565975411299053E14
-1.6864822050120316E14
2.1792085547511088E14
5.17814730146515E14
-6.0504939070412266E13
-1.7443283396507553E14
-1.9937380448334325E14
1.985373100253614E14
7.486361290924372E12
-9.831273275294208E13
-2.3074359040499656E14
-1.0398538123596501E15
-6.199523055952165E14
4.32615617652966E14
-9.123917223460801E14
-8.497697764487864E14
-7.198230415220206E14
-3.389410795344915E14
4.076832150031158E14
5.628736359257774E14
-5.2613288658313836E13
4.308406885262305E14
1.6765979948803022E14
1.4101132627918438E14
-5.851153821690071E14
1.714136474589753E14
6.369893665077341E14
2.339619961031188E13
-4.6470962686386156E14
-4.9075274019944875E14
-5.2592755828590836E13
4.609347216176611E14
-2.4006668500479425E14
4.96134980730307E14
-6.004133983307411E14
-1.1719291866291783E14
2.417999786680703E14
-2.2274238355946574E13
1.7697826085092866E14
-2.3442232459015066E14
7.012957135883851E14
-7.362250978468481E14
8.0466810226733E14
-3.29875575303107E14
-6.207731130211212E14
-2.8073592537432588E14
5.509752706397095E14
-1.7832971861753122E14
-7.264192311549716E13
1.4346486008609597E14
4.920676282431766E14
-4.0413976417430706E14
2.2687405928323572E14
-3.8824158233539625E13
1.5094039447730884E14
2.3112434747377712E14
7.927603918023536E14
-1.2115711311501648E14
-3.1681436287219956E14
-1.8095031517035222E14
-1.7132667027671925E14
1.603343099980984E14
1.7765831330279238E14
2.1210836867984203E14
2.8356957745669544E14
-3.913247294088722E14
-5.516412695281566E13
-9.297690215937122E14
9.132985786845953E13
-7.053423444944488E13
-2.1634996362035447E14
-1.8782153839048206E14
6.127758926859743E12
8.006460897603073E13
-2.9952411396700806E14
-1.109063661009677E14
-7.376807891189103E13
6.59693593847121E14
-1.6505107573253894E14
1.117626313236186E14
8.591959228196573E13
4.448345292515223E13
5.3211829899289875E13
1.0736109095081428E15
-4.48547268926898E14
1.6938534124659762E14
2.7924958768128428E14
4.83307733998852E14
3.781120490225513E14
-5.722950575956908E14
1.716408837058045E14
-6.364028316215636E14
5.585060308177325E14
-4.401903314717976E14
-7.80770488309978E13
-7.709831047095236E13
-9.738801425559568E12
-3.493498976983139E14
-2.197562344989729E14
8.966172410654808E13
-2.0244899290088394E14
-1.9329077993075793E13
-1.3061140473215228E14
2.777905695773347E14
2.215452524263375E14
2.457569575320595E14
-3.6716055178305494E14
-1.0034671086073583E14
-3.243780640146044E13
-8.212095804813428E13
-1.5563186844719066E14
-2.0214686639480694E14
-8.556109752041525E13
-8.576594819678661E13
-2.816119839968667E13
4.302906291219445E14
3.737990268959152E13
-2.0829499092806225E14
-7.655928800170952E13
1.2113249513431553E14
8.501803847026982E12
3.2779720222463344E14
1.2339467420479314E14
-1.4809220051051638E14
-3.700275281386853E14
2.2849979097845225E14
8.133799356852711E13
3.859740758666589E13
6.0824850126476914E13
-1.709151672055281E14
5.978481047588722E14
-3.675887700054115E14
1.254401214375901E14
-1.1573326181931008E14
7.549861791756879E14
-3.402580936689871E14
-1.4801548062570938E14
-2.435612299612844E14
8.660926215911236E13
-5.33749712364847E14
2.9546188685019925E14
2.27315379935246E14
-2.1314747689806466E14
9.633180453982567E13
1.8215687332091672E14
2.2349108922436178E14
1.0391715574742358E14
6.414693874313298E13
2.2596957011740222E14
-1.803896719307861E14
1.2007299660997552E14
3.588653833734455E14
-3.1389072183006544E14
-2.705868927669362E14
-2.4897435983047462E14
5.0806497355235344E14
-4.7245320093520744E14
5.070046098345966E13
2.0429725790560863E13
1.2390029990844788E14
-1.1345364932454764E14
2.7800873284184555E13
-2.5551732046531656E14
-1.4883750057403606E14
1.2764687175720172E14
1.2329210661399206E14
1.632302489277065E14
-2.0406435839161644E14
9.974415311357064E13
-9.791948808000531E13
1.510753615616695E14
-4.2250341501701245E12
-2.4588249280630203E14
3.073037325275985E14
3.573043145092038E14
-1.106213385865178E14
1.0086008188981573E12
-2.4322773247253506E14
-9.66425513889428E13
4.292114789564281E14
-2.3140038344825694E14
1.7135780741394797E14
-2.4173896034670728E14
7.281366654606255E13
1.728610295261255E13
4.972179222051658E14
-2.1720419882293844E14
2.7798648108620707E13
4.0937769657767206E14
4.475198201419082E13
2.966604529700639E14
-4.007349311966026E14
1.150970966540253E14
-6.7100660111451984E13
1.986899603549929E13
-3.343239942981978E14
7.790668971613161E13
1.8433617197988884E14
2.2303941953540384E14
1.4926493577978232E13
4.2536108276106225E14
2.5842135513720777E13
2.5628575723547403E14
9.811592138397667E13
7.961898873798983E13
-2.3052190851513775E14
-7.898310924504442E13
-2.955353447754983E14
3.541052947104068E14
-5.744388761923377E13
3.1826491040927008E13
1.1137399465925945E13
-1.5231039795439853E14
-3.6593949605114525E14
2.910064022912534E14
-2.1975822602969578E14
-3.249102972774363E14
-6.089924991963698E14
3.214238714363928E14
-1.0640475385478414E13
1.3802283340312916E14
2.1355773842663203E14
1.6336094891577262E14
1.031457894764743E14
-2.2812455313988656E14
3.5272052770269266E13
-1.7519852775932503E14
-1.993023504961825E14
1.5701964061536777E13
-6.923838576741558E12
-1.6533537116993123E13
-5.825389091123123E12
-2.365254886326258E13
-3.213595051002E14
-1.2106476275312122E14
3.720633080606574E14
-2.6052987350740582E13
1.296540302367461E14
1.3399953467395928E14
-9.92176794751811E13
2.0962279488979694E14
-2.5616744052523388E14
4.140458955020088E14
9.49695535986918E13
-6.259278116280098E13
3.403912293643966E14
1.2023425177130298E14
4.4339344648881825E14
-5.148260288462719E14
-3.333764273261598E14
-1.444820287750842E14
-2.6809031429169134E14
1.4489887746371666E14
2.1824304829680612E14
1.5265331802307128E14
-1.0693423810706523E14
-1.477251992480295E14
-3.970018100187754E13
-1.6055199355984625E14
1.7008445114869906E14
-2.731926857211607E14
-1.2422845219065966E14
-1.4632812941367371E13
1.6187100370009988E14
-3.585382073435704E14
1.8904805117652072E14
3.184772502398924E14
-5.3109990768123644E14
1.7616131899681025E14
1.8507198704089056E14
3.1095513853383246E13
-8.999488473309575E13
-2.7243538172834103E14
1.2491135911999208E14
8.661005655089498E13
5.448955281669552E13
3.4467342618071044E14
-4.996057531435754E14
-6.298971033470499E13
3.577202798666656E14
1.1860700906337622E14
-6.215450021011927E13
1.38226560861193E13
2.162564662544369E13
1.5347846437467903E14
7.218125346999488E13
-6.434085420190556E12
-1.5366526535185596E13
-2.606737809607087E14
6.401670931258704E13
3.216177767298483E13
2.7666082435688094E14
-1.869355394892116E14
-4.830823860149726E13
-2.986795295834332E13
3.287669669597533E13
-3.9137169368624555E13
-5.401215536486937E13
1.6745143090582596E13
1.6245695659346068E13
1.706123423263672E14
1.5696815493600438E14
-1.9028307716627828E14
-3.4685623438169475E14
-2.5299313588304306E14
-1.0491455742947483E14
1.789146015694891E14
1.191965806567585E14
-5.39049042812576E14
-2.1867627505816555E13
-1.2523239895741155E14
3.0838450067149883E13
-4.6018754710838394E14
-2.849953157932465E13
8.182051547286725E13
-2.2188580520289973E13
4.359183300650578E14
-1.8965047124143362E14
-1.3207725695296492E14
-2.5351893913605902E11
1.6315971511058453E14
-1.2860497959140986E14
-8.879329776408934E13
-1.4896774542653147E14
-1.4568436491513125E14
-8.856902748938128E13
3.168186427979084E14
-4.997758850055145E12
-1.7742207605701716E14
1.7882967339092244E14
-2.9046955246716675E14
2.100740115306959E14
1.8293850906866875E13
1.2737448950449875E14
2.969831409459788E14
4.963605132842913E14
-1.157199927536397E14
4.518887733154784E13
3.8976787938843106E14
2.02921887936932E14
-3.736786073875289E14
3.211962897596888E14
6.488894342729789E13
-7.268596100551225E12
6.46426420000184E13
9.306935607997155E13
1.2454942706236155E14
-5.520870233239348E13
-2.5971782667738978E14
-1.1538685534910145E14
1.4012158469492525E14
4.5033534370431055E13
-5.668912261488394E13
-3.2657948092377225E14
8.54862152719086E13
4.496862551117787E14
-2.93427288865665E14
1.1459213856880748E14
7.37790048834306E13
5.870615960826516E13
5.5415656124183206E14
1.7661338062589662E14
-1.5887957870393072E14
1.2806295986768334E14
-6.902802276865894E12
-8.635264115677994E13
-1.1195705582468769E14
5.3928344903370375E13
2.553863644786308E13
-9.632332062613342E12
-2.8902217366383293E13
1.2538082075868484E13
-2.7336115320486266E13
1.7566877661036422E14
1.9721415386655872E14
-1.2204960853463293E12
-2.135247107724281E14
-6.041622217655509E12
1.8955945731885678E14
-6.363063142411905E13
1.2876568612475106E14
-2.8663122862651555E13
-1.0925705080064398E14
3.360390679374761E14
-9.49966066593091E13
-3.747788591428119E14
-3.206857967224551E14
7.65349611699244E13
-1.8809402711029303E14
1.5451134153378078E14
-1.4304405801990553E14
-7.240367122776322E13
2.8778886112641206E12
-2.7656274339607222E14
2.459452668689249E14
-3.2146502924121806E14
-1.002767053010381E14
-3.5066613711628044E14
-1.0677834753285697E13
2.936270392212068E14
5.995786806907506E13
-1.334988660505543E14
1.7349676504390105E13
7.61645464148638E10
-1.792093885990313E14
9.024644072000266E13
2.833501115543483E14
-2.8977143875352E14
-3.014056647422159E13
-1.3495147323698762E13
8.09205714147424E13
-3.319905554151591E13
1.973517038267911E14
-1.7261150927286155E12
-2.8393204758252994E14
8.700405034829852E13
3.547346859007577E14
-4.7793445093329164E13
-3.674621304948298E13
3.3061763806298406E14
-1.477828784097301E14
-9.252190813579223E13
-4.041655724306688E13
-1.2684554047505669E14
1.2658935009215308E14
-2.600774088990497E14
9.056318813933889E13
-1.6943290220674716E14
-1.6990201589215544E14
2.1797203119860534E14
-1.4039555852934148E14
3.728090947034898E13
-1.9552137954396438E14
-1.631244292503472E14
2.738154200687628E14
1.6418858006062625E14
2.05367913709959E14
-2.576277009108784E14
4.942558281259554E13
-1.632470624282239E14
2.200631038851823E14
-2.487365322413182E14
6.007440795789173E13
-8.057714385087364E13
1.610676507785221E14
1.8197009342552762E14
1.1760411379010145E14
4.340787862635568E14
-1.1472488726678777E13
6.465701706480771E13
-2.3176572962671706E14
1.2705554804022217E14
2.85852950102967E14
-1.3164579934399786E14
1.676803369859162E14
-1.5794588008251605E13
-1.6374071771535247E14
1.3808149186668938E14
-4.205450421666308E14
7.620687879674962E11
5.1137276030015924E11
1.467462003578716E12
1.9179420671211995E12
8.778722948699404E11
7.387716885300056E10
2.642893030422617E12
4.289913649512147E11
-4.767869248146055E11
-1.486189073689856E11
-1.499314116547898E12
-3.483049980061269E11
-3.5339357027623506E12
7.625983203743129E11
-1.3555219763914631E12
-8.769825709527102E9
7.20193223982347E11
1.9159591445506177E11
-5.657097566311156E8
4.339928057491015E11
1.6669591148629953E10
9.094699798165125E10
-3.0501887039484796E11
-1.4839156640836386E11
-1.8000273142342354E12
-3.155453520843451E11
1.277116244354122E11
-8.256458341551224E10
-7.395992344675536E11
-3.0466876732773267E11
-1.5211860634153914E13
-1.094910032416987E14
-3.6619288494475527E12
5.714302871502856E13
1.3513051094881123E14
1.0372693044699594E14
1.0948299406984127E13
1.1820203594736395E14
-4.906292144444927E13
3.228827672337758E13
-1.6994545082653978E14
6.5349641621787305E13
1.6557997209487522E14
6.962212069079844E13
-9.140418604509211E13
-6.208988864082239E13
3.912235171287523E13
-4.520899742939874E13
3.5128703021618668E13
-3.109661960873603E14
3.086348059801501E14
6.549096160050938E12
-4.417367005637775E13
-6.493370653404212E13
-2.4629420509802028E14
-2.162955140485095E13
2.3138485262158207E13
-5.127744391005523E13
9.111522871184823E13
5.8258532699093164E13
-3.087252403159264E14
-5.5518586894408375E13
2.478381248271426E13
6.634504942052687E13
1.2552718556994439E14
4.724787547553268E13
3.122854062400595E14
2.895595188065228E14
2.4590327716216785E13
4.70348673735283E13
6.0646724730513875E13
3.019695496962861E13
-1.1472222173579205E13
1.447215437429621E14
-2.480287033551742E14
-2.1589439073404103E14
-7.899128198961139E13
-5.770187242217874E13
-2.865120635905006E14
-7.274384870757081E13
2.00146169068797E14
3.834072677623106E12
4.914639079486073E13
1.634452156412631E14
1.5515865085849662E14
-2.1881731815357916E14
3.142529610220469E14
2.683266581499299E14
7.098694276757072E13
-1.4172018746938562E14
2.4791808488436228E14
-1.2472344013063719E13
-2.3171436688848184E14
2.940208751663808E14
-7.146461871917573E13
-2.7755890901493332E13
-1.1072510396854914E14
9.113806129405958E13
-3.1449066728126535E13
-5.899976322294073E13
-5.418116230018558E13
2.0252838523540075E14
1.0765232607426456E12
1.310374484236487E12
1.7231878968345947E14
3.2570659013361234E13
-7.641557344564233E13
-9.702508522005692E11
9.538466082576855E13
1.4838808694721312E14
-2.7027808045219078E14
-4.887042902327297E13
5.675434314773098E13
-1.955476103081056E14
8.761073838444708E13
-3.0309720684086207E13
9.875601917274994E12
2.853659474845666E14
-5.612884651459178E13
-1.6373156825730342E13
-1.8815362037758575E14
-1.2148890110557598E14
-1.195807744754107E14
2.027732322874905E13
-3.263749690168986E14
2.0331000473573666E14
-1.2919982621009305E14
3.657135481657577E14
-8.272861564050331E12
3.4510938306464906E14
-1.4789773266065112E14
-6.8803211088857484E13
-3.0654649346502256E12
6.515399389106612E13
1.8059799295835934E13
1.2531713186650277E14
8.51576177535496E13
-1.4908138990566225E14
-1.2713338211823061E14
1.2751575411236967E13
2.45353786058226E14
-1.969182251237828E14
-2.0483795812847312E14
-1.1800977535871716E14
-3.831911270755498E13
2.5596012611078797E14
9.577365442533875E13
-4.817970928360645E13
1.541952938159262E14
-1.6324079437339312E14
5.698207374519933E13
3.652527269187124E13
2.8072447276549984E14
1.1476347645187581E14
1.0616996652986528E14
3.195071170169062E14
-1.5584985408564229E13
-3.4169293109763348E13
-1.2193973218283402E14
2.3509942373002244E14
2.0853615382867086E13
4.486513574821632E13
-3.0221365842043227E13
6.993744322819662E13
1.0778122352345658E14
2.0589037101425062E13
-9.546766414615117E13
-9.026132333106742E13
2.4396444226694197E14
-8.463681107339511E13
-1.3514470529405528E14
2.2137679636784707E13
2.370671470463682E14
1.052455747713322E14
-1.723244474200431E14
9.36402171048378E13
-1.4474675038063883E13
2.8110116409726637E13
1.7647916770801006E14
1.0589214833612761E14
2.2497740947750188E14
1.4192337297054282E12
-2.7097253142823586E13
-1.765044065181631E14
4.382190906911077E13
-1.5377881688270299E13
4.103814001422627E13
-1.66236747515773E14
-2.2741051162987934E14
2.1263440731937525E14
3.312876931325655E14
2.8674847848443825E14
5.581733620648522E13
-1.5702132256419456E14
6.396115929519953E13
-2.3748473608070306E14
1.919455348652103E13
2.3299177823162966E14
4.028481925938029E13
1.2435111381905981E14
-2.369988841040614E14
1.5361529159346644E14
-2.6581611261062153E14
-2.2209406457131494E14
2.4959662382328695E13
-1.4153798129048925E14
-2.466127743701508E14
4.022598667680312E13
3.7960670359936544E14
9.488997920998975E13
-2.164419465545501E14
-2.0139019747034284E14
-2.3021735778246556E14
-1.8462532674029322E14
1.8911962136435466E14
3.2564450693731395E13
-2.428114807708242E14
1.291444635420973E14
-7.446950400117006E13
5.853195366332973E13
-1.6600686944805294E14
1.1684929073873656E14
3.914333937829327E13
-6.720001556599715E13
-1.6845320807909744E14
4.20929419416135E13
6.944389688746645E13
-6.9766716269618305E13
1.5567988903961506E14
1.8693153093243103E14
-1.0877489659758024E12
2.0976563163641522E14
-2.3374929736529547E14
-6.404632210419561E13
-6.396055708775309E13
-1.889547112730925E14
-1.5633822656413812E14
7.776353099426666E13
6.76909568731587E12
5.650398547264361E13
-2.664652336215124E14
-1.1081653958219727E14
-1.9334270800355062E13
-8.627887392780888E13
-2.5252264145824322E14
-2.5970231781191416E14
5.2516070098100266E13
-2.136127931264525E14
-9.113029760375638E13
-8.829094844572917E13
3.727287462792971E14
2.3963416799600242E13
3.190121459032533E14
2.029982023131176E14
-1.062101094877544E13
-9.615811314155922E13
4.762513310052485E12
5.273158787871405E12
-2.3932606485608934E14
-1.531397677181972E14
1.977623933691176E14
1.4632167334989947E14
-1.8462449041617075E14
-1.3248984754502297E14
2.034123223595836E14
1.177146177593403E14
2.4072827328757397E14
5.5137297621634625E13
-2.3513696660171225E14
6.4288493498239836E13
-1.1688153678302393E13
-1.7175102775057706E14
-6.865615231684716E13
-3.8833673536182156E14
2.142032358863189E14
7.433547135418472E13
1.7707490934051992E13
1.2017960441913572E14
3.711677374328432E13
5.478249800013195E13
2.2333484417444588E14
-9.850766609379802E13
-8.935065874469589E13
-2.926596470898234E14
7.325168083333828E12
-2.6463295159673773E13
-3.3392918309783664E13
1.0064272945257934E14
-5.1805197821652313E11
-7.355793481468975E13
1.3251117718770108E14
9.310362632175379E12
2.611779792678168E14
-3.2663016836250637E13
-5.99100199090587E13
6.093240863434497E13
-1.2188928378227769E14
6.014115087133691E13
2.005631165281024E14
-4.445693437665231E13
6.144763673487098E13
4.320422733484975E13
-1.0057842779780268E13
4.566179903638685E13
-7.815451781013358E13
9.598885324246077E13
3.928808180875307E13
8.300171494760014E13
-3.597313078170596E13
2.2929789825023466E14
-8.5808754752149E13
1.1002806137332972E14
-8.923990943221603E13
-1.2877719490242086E14
-2.118818893582583E13
-4.1618370120122644E14
-1.721115130264809E14
7.583177138069502E13
1.3392829532474306E14
-1.780538521757253E14
-5.530386603522462E13
1.4932725773099957E13
-8.764174777066667E12
-1.717720466275066E14
-1.5441320153960166E14
-8.060931755028797E13
8.856084147896198E13
3.03620102027402E13
-1.3510855704992142E14
-3.619073598442208E13
-1.1729199391269148E14
-3.008027011660733E13
-9.597424262802484E13
-1.9765845298311438E14
2.8613634437817275E14
-9.628335408358186E13
4.871286979100025E13
-7.509473759598469E13
-2.2212166907152822E14
3.0690097860102875E14
2.2239254587323008E13
-3.800852306605823E14
-1.056652435548551E14
-3.594841304370779E13
7.945130968889617E13
-3.0101296209068106E14
2.5663294524368847E14
2.2513734928028272E14
2.2369202257494825E14
-2.1646341338987766E14
-1.732776996521965E14
-1.8497024712676247E14
1.2818043614181756E14
-1.878883610252085E14
-2.8509943640490756E14
-2.5045177940552912E14
4.366511136944169E13
6.176817546130511E13
2.2160874047463706E14
1.705238879996065E13
-1.1734747754014831E14
7.038337763485636E13
-6.225295318113436E13
1.4820997853390837E10
1.2883572326361908E14
-1.0938949909888545E14
3.483911844450914E13
5.135933707183614E13
2.2222590279707547E13
8.19849195915844E13
-1.0943170169864002E14
4.197759311863774E13
-1.847070326733462E14
1.1603672969305894E14
3.4092832116419434E13
-4.63579995961944E12
-1.6151036727910696E12
8.496831577460223E13
-5.8809848186794445E13
-1.4961633696201623E13
1.2742261862308862E14
1.7386679125830572E14
-2.513437549420984E13
1.0614225987189814E14
-1.0850796867162552E14
-5.581358579076688E13
-3.084113328977328E14
-1.0026349973091445E14
7.542978499261954E11
3.82953239523524E12
-1.503164495600243E14
-2.127149669696256E14
-1.0515182004592373E14
6.974018043029958E13
7.441423153402822E13
1.3216623067239408E13
-1.59183111554784E14
4.8542949244353016E13
-1.8221592478501006E14
1.2250829243640367E14
1.9614890460106712E14
-1.2617689459600104E13
-1.469849036632138E14
9.697410157346933E13
1.0871050779911544E14
-1.1066745574156319E14
-2.3599565924982025E14
1.5148905711844506E14
-3.663728477678351E12
-1.783541762763079E14
4.158685690155091E13
1.823566203809957E14
1.4013264841128034E14
2.1220033851040166E14
5.068872131321642E13
2.151404555649679E14
3.368986222960139E14
-2.3544531337153794E14
-3.1135664755173075E14
-1.9797220800153078E14
-1.997350472957616E13
1.9597335483564262E14
-2.1964948044313883E13
-6.587351063832823E13
4.24107218055584E14
1.8392452677019484E13
-5.882215202427518E13
1.1203079492599322E14
-2.7224814614139247E14
-3.5130016711970125E14
1.57102852706097E14
-9.20363971860249E13
7.089030170143448E13
2.307830958489191E13
-9.555700552639028E13
-1.0223503248606886E14
-2.582912516361503E13
-7.65665029504804E12
-8.836852419202416E13
-1.6135491905822862E14
6.7485697861771375E13
1.5692623841364438E13
-7.461821434014366E13
-3.809342771471716E13
-9.324200782228542E13
-5.362982469896951E12
9.400270534575308E13
1.4003677795566938E14
2.3189409645135397E14
1.7941027047940662E14
-1.919429165513054E14
1.13436544867469E14
-1.5931151065266338E14
2.4568848931965712E14
1.406670292616123E14
-1.700141610905707E13
1.6233100577247106E14
9.201064263577647E13
2.4527772347002738E14
1.4021076801880592E14
4.720477905800342E13
4.043785496435311E13
3.868946687603224E13
5.774060287772441E13
6.393824459121715E13
6.4226302528631125E13
-5.3399009900904794E14
-1.7983490863185403E14
2.79492451805595E13
-6.203184049957037E13
3.9632135205870195E13
4.9259487248005914E13
-5.137690458124321E13
-1.188976704429672E14
1.9372253124111496E13
-4.912793185414437E14
-1.8841402273960356E14
3.1923539693890456E14
-2.4389391310234172E14
-1.212783043489742E14
-4028356.3409524276
