-2.8329085636547047E13
-1.3779027846595773E14
2.0150108958510475E14
-1.286813825720354E14
-7.350710305150264E13
7.096278402478531E13
2.938931068762023E14
7.501314456032238E12
8.725907475976434E13
-1.8887003665877003E14
7.486492056605426E14
1.5883275539553352E12
-1.1733404474303822E13
-1.5750107956329191E13
-8.375981318252538E13
4.326670740443494E13
4.811474304247104E13
-5.994686826425505E14
-4.2904767255364234E13
-2.3399232189849866E14
1.9524940514569447E14
-3.835265406528318E13
2.5418283019859697E14
-6.287159108794921E13
1.3911026252173545E14
8.944136815196355E13
5.88643272176895E14
-4.9138358692873375E14
8.326902128650548E13
-3.023481703894719E14
4.7941924373501125E14
-4.4447498711735394E14
-6.723054014189282E14
2.5351863572175722E14
1.3678685391221227E14
-3.551397906490775E14
3.2988499921579344E14
-2.046554830091085E14
8.409576179027852E12
-1.5675242219237794E14
5.171824378119944E13
-7.654463705218453E13
-3.3104202660254425E14
1.9050561545395238E14
6.973681412614274E14
-3.4228562509686494E14
1.4430760196179988E14
-3.2079690510591016E13
-5.141651119350023E13
-2.4162243179493723E13
-1.3287256436589536E14
9.851028646229238E13
-2.307710244494374E14
-3.9313267364215394E14
1.5650995051982038E14
1.4259347411123806E14
1.1533459405537195E14
-3.591572799512357E14
-8.286170350372348E13
-1.2427835929155002E14
2.1729279737883444E14
5.394430401690765E14
-4.1367771439096044E14
-1.7139395800247294E14
-1.4791453845225175E14
1.8413902328395316E14
2.0248711302879728E14
1.6254085777202297E14
-1.878913685957701E13
1.0437625104164712E14
7.42542580191118E13
1.08153737561916E14
2.8409839553756688E13
7.955059580451744E13
1.6965405687548176E13
-2.278567120302739E14
-7.25414112595938E13
-1.5862590401914784E14
-8.63653666984081E13
-8.161016578001022E13
7.693862994565178E13
-8.080944804155255E13
1.8031141914987244E14
6.861882573901007E13
-2.1188772772773138E14
-1.7287467999749139E13
9.512310683745508E12
-3.666216895866083E13
-1.6928562371384912E14
1.6275063832045922E14
3.621742552897884E13
-3.808120168852727E13
-1.0398104067389964E14
-9.506865857826508E12
-2.9557865535482075E14
6.671091044365477E11
-3.0834547549189926E13
4.697812430050346E14
5.209909428800043E13
-4.0070628875018906E14
-1.8947566129872244E12
-5.084593572585066E12
2.1070319695570112E14
1.0799259083333125E14
2.3026218443688944E14
3.292593319589778E14
-1.521755142861924E14
2.4449688635173403E14
-1.6133402115323168E13
-3.904836241360152E13
-2.385565941969959E14
4.0883124252799484E13
3.1407288923095215E13
-7.916287683003955E13
1.6373715681839853E14
-1.494350468010646E14
-4.1511006491323644E14
-1.1241466279692875E14
7.02348259428209E13
1.2345522594113514E14
7.524325530626139E13
-1.3079172634930047E14
-3.4925135411617544E12
-1.1610810249876469E14
2.427310540916149E13
-1.7780253928356116E14
9.51712487686345E13
-1.5192390830731994E14
1.2351728596256612E14
9.436103124714117E13
3.760112143098491E13
-4.609746713018626E13
-2.818486789351482E12
-5.409853847426275E13
7.067734968158344E13
8.921396166150428E13
3.776788824204252E13
-4.527463284262916E12
-4.341308024480801E12
-3.060628097269305E13
-1.3702925224505055E13
-1.1951146812365648E13
-1.7733911791006862E14
-2.6176355006037973E13
-1.2927324303263018E13
1.437353711251006E14
-1.2044891532576256E14
3.1968621474085363E13
2.5820816687525897E14
2.9333064569926953E13
1.9844364487595106E14
-1.244007587754832E14
-2.2482104225403575E14
3.2024407429890625E13
1.2081439289938577E14
3.1997294082300156E13
-1.3139608216997562E14
-7.749574606784345E13
2.709925367273304E13
-7.751239830870513E12
-5.059367054018109E13
1.2323705317414636E14
-2.2436306862913938E13
5.115431567108918E12
4.155395062646714E12
4.1201148398129016E13
-1.7320668332094116E14
-3.171667708445287E13
2.1290619415567934E14
-7.668218477685739E13
1.3280177172880434E14
7.49001138779543E13
2.4577645737022097E14
2.0609849784981848E13
-1.2467301764908527E14
2.984696065372879E13
-9.290397603224192E13
-7.1585220745246E13
3.624538985613761E12
6.919166429353622E13
-5.749984069614715E13
-3.602617579989521E13
-2.7799389435123777E13
8.744402564367347E12
4.6035654335408305E13
2.2221271414573588E14
1.1646226238096275E14
-9.242624316356631E13
1.3718021348628767E14
1.0137692164399228E14
-9.186994589210293E12
9.490916927557034E13
-2.4227817020275004E13
1.5919833812098356E14
-1.9386164316232275E14
-7.766193346230108E13
1.5648304092143206E14
-1.259587697745441E14
-2.2084380395495912E14
-5.425827815859837E13
-7.341309519448673E12
7.802102272454519E13
-2.4921465752046535E13
-8.192331011001064E13
-1.721101366031295E14
5.429922510938126E13
1.965008873567402E14
6.380421038550555E13
-1.2271149800292161E14
1.7391163024421895E13
7.688957272313848E13
-8.013362508951575E13
1.0965066166471005E14
7.502614190524277E13
6.327118630210933E13
1.4741866966896691E13
-5.127738227067507E13
-2.1983469666860327E12
-2.5812447276543156E14
7.8034754649483E13
2.158935454990479E14
1.055664264005081E14
-9.216736123883238E13
-1.345132850609325E14
7.461354488962836E13
-2.2390927239540838E14
5.349786734357245E11
2.4300136462733703E13
1.0404341280696248E14
-3.3257094402335273E13
-8.216335417451622E13
3.1884217339028844E13
-1.644864771961364E14
2.449537904064375E14
-1.1358019128999216E14
-6.256355913647436E13
-2.710921921615209E13
-1.2454535325437732E13
6.44976462509175E13
8.598601674688077E13
2.1167744771120586E13
-1.3691823667390283E14
-1.0445901151163017E14
-1.0927926993282636E14
1.1475331221705995E14
-3.371224930357353E14
8.318562687021814E13
-9.861555329254945E13
2.994431245070734E13
1.9096562571698472E14
3.6976867078095376E12
1.5578872566931966E14
5.982912478735595E13
1.634944790473032E14
-4.754470045954522E13
7.921661368371225E13
1.2497042100664833E14
1.3066008280843512E13
1.1073597420197188E14
-1.0387321052174322E14
7.681217717154483E13
3.502722495828806E14
6.874060234819969E13
7.397202580015403E13
3.381136365985687E11
1.2530730348778906E13
1.0773204745426528E14
-1.6805188732702662E14
1.905368761085549E14
-1.087578367066546E14
-1.3627404568874894E14
9.876197946750361E13
-6.488339664911765E13
8.645312307801073E12
3.5106981846267316E13
6.998048219992916E13
-1.169985887653075E14
1.6205490895916653E14
-8.999469478447622E13
-1.1061190895418912E14
-1.7662607562791312E14
-2.8369922070168925E14
1.2099031491317394E14
4.7790866081585984E13
-8.813688097744998E13
-2.3138896340263336E13
7.59292707036208E13
3.758624823358343E13
-1.5334799895705444E14
1.2481021162482395E13
2.1577937885999746E13
3.2380531530277766E13
-7.642908940046844E12
-8.839689323939783E13
1.8514866404696462E14
5.033420372337722E13
-6.878374708012115E13
-6.8994913400581875E12
-1.9858549247510012E14
-4.252683744286954E13
1.7040723325066228E14
6.4259270418733555E13
1.050143513920915E14
2.4576487934543716E12
2.5426239232052055E13
1.2190782708128195E13
-5.3848183149080625E13
-8.495537693322531E12
-4.277727502818105E13
-3.2195798538847582E13
-5.602641741139385E13
-2.1702109100510775E14
1.2948017810658E14
-2.36232605900834E13
1.7665258283888855E13
9.22182118793027E13
-5.2055538508005875E13
-1.6683727047156084E14
2.9541455520621895E13
5.364916748336324E13
3.2752233028797637E13
-4.2751210429432375E13
8.083073105593605E13
-1.8178927985337138E14
1.0019261389685127E13
1.5543217511317597E14
-7.654101862141464E13
-7.37465009189894E12
-5.24800543919348E13
4.46175779678656E13
-7.9934528005218E13
-3.2537289407293184E13
-1.0187622319840462E14
-1.0228122201945373E14
-9.893125546138619E13
9.884598778828684E13
-8.761311423693386E13
6.793272612110626E13
-1.1456520674768634E14
1.2942496960021455E14
-3.9605680056518646E11
1.6149892378453502E13
4.023489974067082E12
5.993434129198168E13
-5.293291971863117E13
-1.7387346907401844E13
6.788048387965106E12
7.62256660951297E13
-2.7110280555132275E12
7.558857384490994E13
1.3293415541507339E14
-7.146409742225102E13
2.0856732358099644E14
6.151671734771075E13
8.60049548100748E13
-1.162790446234935E14
-9.772674339838597E13
-4.3251925844815445E13
-6.523566549168135E12
2.020925885155547E13
2.1438717844924008E13
-2.2517904876289504E13
1.1823568729915334E14
-1.0728225055420127E14
-4.2027867278231445E13
1.4215426863109406E14
-3.489212605272E12
7.345890502420906E13
9.74623725165372E13
-1.4211684634695272E14
-6.257569867665343E13
-1.3200263030159475E13
-6.3510292147985E13
1.2431261973772908E13
-8.379151880466252E13
1.1232873510972811E14
-1.8985694909659547E14
3.8054289332840266E13
-1.4526214218873564E13
-1.083804769542555E13
5.33183157598523E13
-1.0761641776077502E14
-8.996092378928419E13
4.776151636543885E13
2.961897351387891E14
8.435313139138598E13
1.2495089259745578E13
-5.494502843812716E13
1.0114925247771287E13
7.944030898607466E13
1.1897330821289428E13
1.713392600075666E14
1.1266798949531519E14
5.37806100865155E13
6.881005586738469E13
8.180607150530406E13
1.2039016656499208E14
5.902181960848629E13
-1.0778481900437205E14
8.36448333222904E13
-2.3784989007131695E13
5.81500556427847E13
-6.690007612442408E13
-9.992224345387848E12
1.3681481297105333E14
9.15107511398103E12
-9.168032070303033E13
1.5659438661837477E13
8.512427098234939E13
-8.884195501712748E13
-2.225141095840969E12
-5.1636524543071016E13
-1.8178102364405465E13
8.34695061049523E13
4.3062523580848875E13
1.2141878826753928E14
-1.8156567313682625E13
5.625313767681432E12
6.513834649519E13
-3.630770356750503E13
1.307173251859402E14
6.835559200446747E12
1.2969974497732722E14
7.23610923102554E13
3.71382148434109E12
6.8273352980794805E13
-6.967755975873521E13
8.26122111449102E13
-1.668133818707542E14
6.906981146470685E13
-5.3232223516085E12
-3.0686278661881016E12
9.364624453898459E12
-6.4992071163128375E13
-5.9785064011817625E13
-8.076065810365792E13
1.145294085761037E13
4.839245244981857E13
-6.529411951022131E13
-7.808797377891064E12
1.4968118142550033E13
1.2221817578635336E14
-5.0628645538077586E13
7.89961420178504E13
-1.5265764387346425E14
4.439053302685356E13
-2.86430670433814E13
-9.733901997660333E13
1.7756281853939928E14
-4.78620492413748E13
2.0800494210398022E14
-1.674168086272143E14
-4.2825810325497773E12
-9.908069468362783E12
3.1137185463614836E13
9.489158797050402E13
-1.2321023316285512E14
5.559272157808438E13
-6.0369147200700445E13
-2.997279044060435E13
-1.0466063503329412E13
7.64754085966839E13
-8.11941426581173E13
1.2354381940797334E14
7.219777649076354E12
9.846241888330939E13
7.701725728628198E13
-4.4383386827194336E13
8.20631745689793E13
8.044320453910461E13
4.750839943430115E13
-1.2106497030925434E13
-4.6731019031126375E13
-4.2603502205196626E12
-4.186082045116026E13
4.716516652528798E13
3.6274068185707664E13
-1.0128927495281584E14
6.833456203307288E13
-1.1724102892019906E14
-6.754783089063541E11
1.5090172488300303E12
-8.300592910649878E11
4.223142611051782E11
-3.3623239095074066E11
7.552580228553967E11
-2.2487803844725054E12
-2.728689233662741E11
2.0989356052109906E11
1.3697083469483606E11
-1.7251490315878176E12
5.698467199915249E11
9.149328873074878E11
1.1297067417350383E12
1.3742316833417424E12
-6.386912473923114E11
-1.0008151695717737E12
1.554152965651654E11
3.711054471986343E8
-1.6293154870230604E10
4.066417749051983E11
-1.7405309397194778E11
8.183434982212329E9
-6.892628083447649E10
2.8471190639230585E11
2.0212054684400977E11
1.5164030819638367E11
3.822194265001342E10
-5.67171493005723E11
3.047332218424235E11
1.6771961427326406E12
-1.232876956673504E14
-6.773994592002466E11
-9.744389915841613E12
-7.184926073948992E13
3.703788687642752E13
2.9132955700597715E12
-1.2749135752362454E12
8.71171132350224E13
2.923378333685583E13
3.834073231892998E13
7.220476310667844E13
-1.4351285005217426E13
-6.7183152335619625E13
6.779750529848694E13
1.2453907828761098E14
-1.1955386301820948E14
-7.287367765530462E13
8.768964865211745E13
-1.7353550129942734E14
-5.691490437334898E13
-1.8371868453780793E13
-4.508301675842682E13
7.258454864450633E13
1.1909898762341964E14
2.381625150126164E13
4.47162013694258E13
5.8163574022661E13
-1.4902943310871469E13
-2.7052206935419082E13
1.0534983250127038E14
-8.894149871027557E11
-6.181057518770031E13
-6.591547483024308E13
-4.797498790298776E13
-6.564803530215191E13
1.5599714126933389E13
1.6049225348265478E14
-1.5131321758162332E13
-3.397390987670029E12
1.2664210168475719E14
5.650521203000186E13
1.4514123176098944E14
8.939069544283742E12
-8.167035027540567E13
-2.6907852669019703E13
2.553807925517858E13
1.226640482442913E14
-1.9870058505319872E14
-7.568570011448361E13
-4.4599820257230975E11
1.5471685876576533E13
-1.7431233778593795E13
-3.79858128103406E13
2.9223220226318566E13
-1.0741856723280353E14
6.268125907261661E13
-2.7525699003472137E13
1.0547001943243375E14
9.614898948855467E13
1.050295300139536E14
-4.855565610221186E12
-9.801513255913362E13
3.3369146269253715E13
5.5726593055826234E13
-1.0236165350299325E14
2.598133962226244E13
-1.2925357275301865E13
-1.601617899490559E14
-7.576949979892627E13
-6.225556774864462E13
5.75531943903246E13
-4.051658396210656E13
2.489279015910066E13
1.7895927673294957E13
2.4770744072227668E13
-6.580337925673364E13
7.813696068496203E13
-2.9276168577943945E13
-1.1128384338000884E14
-9.076467268484352E12
-4.956808972150398E13
-2.2870969195197367E13
-1.4504629581777117E12
8.176678085482331E13
6.5514245379054805E13
-8.481977066572592E13
-6.126742425389166E13
1.6949082777995234E13
8.558396229892134E12
-8.673150370573992E13
-5.285208899242838E12
-1.1953224179396642E14
1.4323644824718318E13
-1.53256575393578E14
1.0903641158465733E14
-5.35546948389916E13
5.376004667545447E13
-7.553838886930439E13
6.915658508601606E11
5.309738710291277E13
-6.037315770729676E13
1.7747320528442863E13
1.5928212547544395E13
-4.289431775850152E12
1.1903506789356047E13
1.6560750637943713E13
1.4650031586697928E14
-1.0991476607598548E14
-1.1236069485312056E14
9.307959448547077E13
-1.1073941529877783E14
9.472708911832943E12
-1.4726376038380283E13
-1.916994711231278E13
9.00787978305418E13
6.496061397249272E13
-5.7725324049409484E13
1.1757728699253473E14
4.8449261768160516E13
1.84074591564221E13
-1.4674220901202288E14
3.916413325430677E13
1.1798872192152845E14
7.627432564264502E13
2.473966047744021E13
-1.4314682083244456E14
-3.4888159627124297E12
4.771429097401157E13
1.9797724474225332E13
-1.3270880699908797E13
5.1372002228846484E13
1.0896752507689553E14
-5.5525747446085984E13
6.165594494239686E13
-1.111437429112962E13
-1.641202567674527E14
4.810738819338739E13
4.770571362037367E13
-1.6899347052486178E13
-1.6486261340674662E14
8.46510533225951E13
6.255872883407299E13
-1.5065512876326703E14
2.0720866597892684E13
-2.2090210530218055E13
7.721058202163673E13
2.2470563085322805E13
-6.5274524984654E13
3.3554484610384387E13
1.4175137377954288E14
-9.633386049270283E13
-5.6796839892072945E13
-1.1201114939883871E13
1.3725840475749942E14
4.30912580169516E13
-1.5103601060246012E13
1.7928282819063184E13
-4.0681592613041305E13
9.611550923395478E13
2.8766128336706367E13
8.451616782686712E13
2.2432101413594324E13
-1.773343667581298E13
2.0866090094086664E13
4.096848030301502E13
-1.1986079203925683E14
-1.1318952531753605E14
-6.659995446376631E13
-1.2503399629118417E14
-6.745124619390583E13
1.0263940730063872E14
2.9682999083124977E13
-9.034929234813631E13
-7.816602982809113E12
-7.35323297585772E13
3.3732802861761633E13
4.340097236664344E13
3.2943690842921883E13
7.220268992526788E12
9.611843260863684E11
1.2968769613658322E14
3.1173569746796363E13
-1.137165968279036E12
5.502181847614131E13
-4.2781918379914234E13
5.24195893472229E12
5.431654525584579E13
6.146544146752098E12
-6.14514923581008E13
9.021195943717973E13
-2.4096963058200348E13
6.360586532784207E12
2.87085708731169E13
5.863543232813974E13
-3.0879457635624047E13
-8.265481852804525E13
-1.3047046512508096E13
1.1898183749719693E13
-5.095907502880293E13
1.4036522421793992E14
-9.566925141197136E13
-4.031172504137668E13
-9.146165875547756E13
-5.6840866838480305E13
9.774912581348623E13
8.357791125510694E13
-8.004088946054706E13
3.3286341220449387E13
-7.445352018864818E12
1.5974570207329E14
4.2908935224911445E13
5.8353231522515055E13
-1.486279618247841E14
9.09739854630222E13
2.0584604450333516E14
-3.3242202353645754E13
-1.051671170276663E13
-6.387098665506799E13
-3.0663025744007215E13
1.2543345672158455E14
-4.708862071109125E13
-1.4177212139113234E13
2.682648040294764E11
3.111709735261148E13
1.1183342669438731E14
-1.1491639776572994E14
-1.1059954097964555E14
-4.683317706513075E13
-1.2233909848578404E13
-5.398525254490845E13
4.753083800605757E13
-1.1891909133177452E14
6.543215283040509E13
-1.1347570465788295E14
1.4200808838526318E13
-2.6805062057752062E13
6.123486941522197E13
8.872817729292305E13
1.112249191762321E14
-9.614795187085066E13
-8.070452608936925E11
-1.6702147672866742E13
-1.9206404639109438E13
8.012660329573296E12
-7.847737707388348E13
6.049853502976825E13
7.697666664493355E13
-1.8620631420166725E14
4.867457373162389E13
6.400260967181653E13
-4.201922544718736E13
-9.461437211938325E13
9.002755944689984E13
-2.3732660176054395E12
-1.5246801059288764E13
5.70703275980843E13
-1.5160710850386697E14
-3.657592507329966E10
3.312783250718859E12
2.0971919084423008E13
-5.168872709017864E12
7.78694305723368E13
6.565610014346817E13
-1.6480183114720213E13
-8.760613430482677E13
6.515813788171046E12
2.6012357794635674E12
-5.19929807087455E13
4.110768682148809E13
-1.193066898025183E13
-1.0241100778021698E14
-2.4886118322692383E13
1.1879088827948088E13
9.264346803239547E13
4.22300052137857E13
7.186772795603216E12
-6.250948304597224E13
-6.438110683493366E13
9.507978389154431E13
-6.400026309677797E13
-3.789356379863055E13
-1.144993855875581E14
-4.034211873293152E13
8.090389573073545E13
-3.3346597613807305E13
7.925394698491456E13
1.3241655170729145E13
-4.893684953066675E13
7.231223472607695E13
8.724141536228177E13
6.111207320058603E12
-1.8913085033591793E13
5.533166271477123E13
2.2251896800494312E14
-4.870299251556981E13
-2.9628138052677473E13
5.634822753144111E13
-2.415788152835659E13
9.363049410199658E12
4.650742435768021E13
8.487926414984238E13
-1.6644486263367538E14
-7.912279700551647E13
-4.056783873668485E13
3.620729241897956E13
-1.7837295802003418E13
8.320943294392639E12
-6.7326115256047984E13
1.1699763190179666E14
-2.8228289382451363E13
1.1326509144626439E14
1.6402844930130369E12
-3.2573219619693504E13
2.1728507071419652E13
-3.281741418457092E13
-1.0648931882271127E14
-1.8332949158036688E13
1.2557753423410479E13
-6.90498675068398E13
-1.9224704586797534E14
9.776108280309014E13
-2.916029685822828E13
2.4099471391562742E13
-4.107352748741888E13
-7.79312182578975E13
-4.896661730031307E13
8.580819313372191E11
-4.861545258325536E13
-2.971953396099575E13
-2.0144430017817312E13
3.173413515861722E13
7.957479419623978E12
-8.47832299731859E9
7.166406009586844E13
-2.626749222738358E13
5.408794909448124E13
-2.2890900611297954E12
1.1895701713778395E13
-6.9016058981992086E13
1.1107708006288453E13
5.104513578534269E13
2.9156359054426066E13
-7.709997364547467E13
-5.36420249175906E13
2.39174844913315E12
2.011214034780396E12
4.71764303461483E13
6.39490318757474E12
9.130604450490831E13
-3.090256169065388E13
9.748522660776261E13
-2.6693065270489258E13
-1.851531876995481E13
-6.609015865119871E13
-7.122291411496275E13
-3.3614868657487656E13
-1.865657272802924E13
-3.1250679705646473E13
1.0985706558754229E12
-7.693921679779717E13
-6.7495224032917484E13
2.075046350774201E13
3.774637626408996E13
5.445617274737395E13
2.1324416032709336E13
-1.6865108601567445E13
-5.832801415868212E13
9.740736476547383E13
-3.917882527858E12
-4.710714231682274E13
-5.238810571032289E12
-1.9043917975659438E13
9.163208481418395E13
-6.4822445096970664E13
-1.7938308238043004E13
-4.151257441217013E13
4.464564871072573E12
-6.127181998658842E13
6.420605620404679E13
3.235853278977737E13
-1.1056709448784631E14
-2.2127318444706613E13
2.110116120160896E13
3.9392177970476984E13
-7.342888787030614E13
1.5104073587188426E13
-6.296195672391533E13
9.102391221166364E13
1.0902830917760194E14
7.269824773953925E12
-6.599903567058149E13
-7.823201506168644E12
-3.4528898629432574E13
7.339263220812245E13
8.187002029385538E12
-1.2396007885948889E13
4.82888599398201E13
-1.4029194572272467E14
7.646977832589917E13
-1.8617068530700156E12
6.774751496994026E13
6.700712583015939E13
-1.0240580257762636E14
-9.858651855790733E13
-1.5255976304503953E13
-5.172108319334013E13
2.2186175839852026E12
1.9900279418548207E13
-2.422488030090032E13
3.2939797598882996E13
-4.884652200994122E12
-3.825399510227092E13
-1.409036149929942E14
1.6623819111762788E14
-5.074192727688748E13
5.599809198530384E13
-5.15830634008456E13
-2.3513575448354566E13
5.706740974552272E13
-2.0380952858982055E13
6.395674801267504E13
-6.601102426159586E13
2.6736541252181113E13
-8.183898845976214E13
-5.31479072855926E12
-8.1323610192591E13
-8.17139472888301E13
2.3171342879842473E13
3.5234918177286086E13
8.4942411631305625E12
-1.3152587469609852E14
-6.02148230425637E13
2.363035669395761E13
1.4615639031422555E13
1.4218555066168266E14
-1.1788934611758556E14
7.537878205596694E13
-4.7239716909060555E13
-1.442791813492618E12
1.4541428633865038E14
-1.1143495768065725E13
-2.0442622966464556E14
5.3580350844941586E13
1.455523733333936E13
-1.6011721611168866E14
-1.0515573723241134E14
-6.726961943280197E13
9.085751882803822E13
-4.98944964025499E13
-289478.73999665666
