1.4073625686307422E14
-1.8417827465577584E14
-5.354545429893684E14
9.653816906085326E14
3.8061973423711644E14
-8.099415896219097E13
-4.0019368893029516E13
3.76484748882055E14
-2.514842193591517E14
-4.7348491028077294E14
6.048387632757626E14
-6.1489868889400625E13
2.2309194694805953E14
2.8913933462519715E13
5.922650482745974E14
-6.502967929016942E14
-5.2268069942068555E13
-1.1229913131779632E15
-2.5702278636678094E14
1.063119072100163E15
-3.614107463149826E14
-5.316142022586107E14
1.107116711974414E15
1.9757140958678697E14
-6.981737224900781E14
1.3848270843817467E14
8.069769162764152E14
-1.0330288425079109E15
3.6782126140856356E14
-1.2390115219772919E14
7.481230637818988E12
-3.3826477678190664E13
-6.351596621841046E14
3.3168544247510825E14
1.0575922829997348E15
-5.380317925414584E14
1.5231649000585184E14
-1.8970772709725697E14
-4.9933294731428856E14
3.154611318500695E14
-4.512596714147354E14
1.5711041443800997E14
-1.5649018596785666E14
7.077476879576246E14
8.258518614552452E14
-7.896381940735769E14
-4.076172901808028E13
3.702707559466962E13
2.3430828692279078E14
-7.39918130672529E14
3.1213784932411825E14
7.795863768346362E12
2.0345020435945625E14
-4.54242362489347E13
-2.851196160136916E14
5.520920743272679E13
2.9314428972025756E14
-3.3225270711962656E14
2.425312625434624E14
-1.9000007530473753E14
7.587076400650751E14
1.106493077325603E15
-1.0671277891878689E15
4.245728265732938E14
-6.708736461113824E14
-1.4956348886656112E14
2.3784878486913353E14
-7.4575773014497E14
9.609840126907575E13
4.120980647354986E14
-2.160505284460157E14
2.9531737575921425E14
6.301526449083916E13
-3.882733724894408E14
7.805105788757825E13
-4.519999092563348E14
-3.007364056366213E14
-5.5543010272781475E14
-2.0209896179996156E14
-3.4916084345310926E13
1.7111166444194966E14
2.623460681407415E14
3.3768404188072175E14
4.715485870606321E14
-1.605603356028885E14
-1.6843173122063784E14
7.60068766704773E14
4.5953960518266656E14
-6.1798506136147875E13
-2.0430356729401628E14
4.650431553058219E14
-1.8259590750942294E14
-5.0058032392499844E14
8.405722459299573E11
-5.517682561582848E14
-3.53939894836923E14
-1.7957559301917394E14
5.525748974340706E14
3.176834325217459E14
-7.352216055593314E14
3.022868947901316E14
2.60823294595232E14
2.795765795401731E14
2.974762665962348E13
2.7298404614416447E14
3.923508140988276E14
-4.081479207060696E14
-3.5132019228272956E14
-3.981151485809131E14
4.39740964326157E13
-4.071338144711867E14
1.9604981084659524E12
8.576511589682731E13
3.6493763422114706E14
3.8781003057815256E14
-8.772394604635384E13
-1.1387340395986189E14
6.729022970750846E13
1.678833064925029E14
3.032554007041541E14
4.268778444806491E14
-4.354221560992491E13
-8.919331842515467E13
-4.719052632905456E14
2.0356346120454556E14
-1.915709509836727E14
3.18931903177886E14
-8.04167529109659E13
2.815960509204432E14
-2.5491919683947273E13
2.0214711092484008E13
-3.0647283275769344E14
-3.1908975960590723E12
-3.0155859379528875E14
4.0350248983916056E14
1.204626139306689E14
-1.4541121256908588E14
-1.1029657446515492E13
7.666151253206017E13
-1.659688647005013E14
-1.14823814392441E14
4.316904747696076E13
1.0462721683817427E14
-6.1833137137418516E13
-4.597410398159645E14
2.2771023245840637E13
1.7735699995809328E14
1.921835656999638E14
3.713920765593576E14
-2.718297599377805E14
2.7743444493259538E14
-2.4726422262622688E14
-7.154374600668456E14
-4.496581999191082E13
-1.622574803434637E14
2.2432290126186153E14
-3.2826249002067825E14
1.122761212803045E13
3.8389318932894506E14
4.5041907993651625E14
-3.171649101120816E14
3.84924297451881E14
-3.955067319119974E14
-4.5335328425180525E14
-6.382651946988632E14
-1.3110883952007147E14
-1.9134668155366056E14
1.8348841803332612E14
3.4651340712035744E14
6.988047697406946E13
-3.6250914625076775E14
1.1823702046832175E14
-7.668169739970934E13
-3.406591014486042E14
1.9452526968103903E14
1.717676870989328E14
-1.1805821072304561E14
-2.1300291459283828E14
2.847268704071762E14
1.3552634961465427E14
-1.9518827114115725E14
-3.7743707160308606E14
-2.3875209572338103E14
-4.109276219057641E13
1.0942974570946156E14
3.856821862610846E14
1.083543729387939E14
2.4753023160082503E14
3.400896287091185E14
5.290898718938232E13
3.1058667194622425E14
-1.052525558393844E14
2.0086054258155003E14
7.91415460765347E14
-6.091960773796043E13
3.024216146858235E14
-2.3721475831395866E14
-4.239053620294022E14
-2.6515686020233775E14
-5.384736427085344E14
8.65839146298119E13
-1.1788053960016211E14
-6.071530895018256E11
-3.181134573472164E14
-4.977639047102949E14
4.033741461511091E14
5.4267912343572625E14
-3.4032798251238275E14
-2.7112936040393832E13
4.0482500348245E14
9.911228955488002E13
-8.794901326333872E13
1.0081693068972027E14
-4.026882345471048E12
-1.873981677999781E14
4.0750525788416E14
-5.046574547504638E14
-1.5253829485894478E14
-4.6595724186543594E14
-8.280984904809328E13
5.519683150577869E13
1.507755587836525E14
2.693938474018451E14
-3.592185195321756E13
-9.721783628131484E12
-1.617914593110276E14
1.8451073595113878E14
-2.7760334165575366E12
3.6507322691164325E14
6.871914247404521E13
2.418338868773627E14
3.338693627079968E14
1.8734706942300044E14
2.1806263946061434E13
-1.0120417542926395E14
1.3567762931550662E13
2.636303840838868E13
-4.169654758515021E14
-1.8264422500547716E14
-9.192410662221089E13
-7.676861955553489E13
9.592918978157576E12
2.8815914412719675E14
2.938261156045029E13
1.1883897783124273E14
-6.305128866039328E14
1.155968690987618E14
1.6711688715460538E14
-2.954847963853546E14
-2.4915354215126914E13
6.665079066849198E13
-8.776313085912602E13
1.7042407225009566E14
3.23845073145571E14
-7.069974718197938E13
-1.3025480054270775E14
8.267683869172915E14
-2.2171157374516016E13
-1.4377510931173175E14
-4.04090333112253E14
2.5339269661714478E14
3.8625992844772975E14
-1.7868899986539544E14
-2.7579240099688125E14
2.183347692883441E14
1.4082532081369884E14
2.0196243573263097E14
-4.488117067725084E14
7.91109380211044E14
-4.418297827651641E14
-2.228614579600924E14
6.068572075512512E14
3.857250211755906E14
-2.3859657394470855E13
9.213442516600234E13
2.6258505467314234E14
-2.1607503229192356E14
-2.162038352929494E13
1.242017236633718E14
4.885794194545323E14
-5.0728506523292694E14
-2.8731862953771556E14
-2.4528703230775978E14
4.598432070389076E14
8.83418495447578E13
9.798617493800512E13
8.149106655051352E13
4.1462430397343604E12
-1.1572839533897353E14
-6.462029565977016E13
-4.0016436620733644E14
1.020456224487382E14
-2.097506541329797E14
5.5869793383074016E13
4.410212975254441E13
4.417237508201481E14
-3.7264143700614306E14
-2.971713438887063E14
-1.4271129285614544E14
-2.9890275241053356E14
3.7074658944875775E14
-1.9358151716749203E14
1.1695364368889327E14
-1.208378849675474E14
-3.73468138290442E14
6.867854815675708E13
-4.0537199314863516E13
-1.1435670484608034E14
-1.6414874385546597E14
3.191410643267118E14
-1.2828148769440897E14
1.1763852824495428E14
3.6934771762870156E14
-3.4467631836502306E14
-2.6835437320497785E13
9.529306239507119E13
8.088496047827964E13
2.558635579052375E13
-1.4052950906432584E14
9.777519971416544E13
1.7285994544754656E14
-1.0853451033058631E14
2.304708140734603E14
-4.54055923388173E14
-2.822674754027322E14
-2.390001034641357E14
1.4166506312974284E14
1.40475485785481E14
-3.447878179757277E14
-2.39357800290016E13
1.6133939680445762E14
-2.0131688154255753E14
-3.053270419705607E14
-2.571126860877894E14
-8.045806103215442E13
-2.78807158307749E14
1.0329139182857462E14
1.1833535999078194E14
1.8446049482216056E14
3.390609099876735E14
1.2664292876945854E11
2.263417412602106E14
1.0815221105713514E14
2.0932240520191072E14
1.1154337842463919E14
7.747631081691011E13
3.2004376546113225E14
-1.6337745384167997E14
-1.4168764169139003E14
-3.179401258797858E13
8.860792712093648E13
-4.2998105985713994E14
1.3376123354690498E14
2.9634437638722742E13
3.4071974055961356E14
-1.085586883477484E14
3.332077871751796E14
-1.9007516138464347E14
-2.7808103081710997E14
6.198368795361819E12
-3.884626576912824E13
2.3779298028498303E14
2.1772796644479766E14
-1.0374880612055934E14
-1.4508301498687533E13
2.4422295096122395E13
1.1728951646220333E14
3.052237406323515E14
-7.799374342750539E13
-1.596307058035185E14
9.664023700978861E12
6.447302446769446E13
-1.5396624838027444E14
-7.712273845294606E13
-3.6433480526110656E14
3.6112253559939806E14
-1.3550757300566445E14
1.248116335871322E14
1.5711481631478444E14
-4.295560079960698E14
1.2204794886666395E13
1.0383220041855123E13
-1.5714758646176562E14
4.0293877255135956E14
4.4040900177600156E14
-1.3289183213831373E14
6.790558902787757E13
-1.3713817778659231E14
3.205513858907723E14
-5.229550956658243E13
-1.2602130497820219E14
4.186653121802108E14
8.893742372518212E13
-1.3258431723960305E14
1.12344684323034E14
2.1605495825535575E14
2.1901169848785978E14
-9.269342180768302E13
-4.4405457908386375E14
3.187813121918521E14
3.490830443069109E14
9.794762799745792E13
-6.039677392564444E14
-1.7248590063880147E14
1.4281650869100145E13
1.3133539678203548E14
-4.450830171491475E14
2.155521400808083E14
1.0552775604464469E14
-3.109764624077015E14
-3.3485165626858925E14
8.862344696972167E13
-8.782090637153323E12
1.3354602449351653E14
2.7987886847823925E14
-2.4843426096940703E14
-3.2246315568859703E13
1.4806957105809584E14
1.0647562865832917E14
1.3098896135976178E14
-4.390624257621297E13
3.2530106153300008E13
1.36215720063878E14
2.740000243691722E14
-2.994804638008364E13
8.691712969808819E13
-1.710710361032944E14
5.232834786177643E14
-2.2422437152750222E14
-1.0138308264809186E14
-5.569768322538845E12
9.720177374811925E13
-2.525878420364162E14
8.501242752010006E13
-1.1837989255683961E14
-6.436957267124014E14
-1.7138381328899094E14
-4.029170111925169E13
-1.8148492695986784E14
5.217272290364556E13
1.2198149650751419E14
9.242861137465047E13
-2.2294465749755444E14
-2.1102239949836662E14
-1.2943796680381076E13
1.3902498463920555E14
-1.0679149509039869E14
-1.3874834770021392E14
3.160670865373269E14
-2.0923153800255847E14
-2.2289077664242715E13
-7.065381114321469E13
3.0049132067356203E13
2.6081272993846777E13
-6.764613843739437E13
-2.1607766351256676E13
-2.2621660514844543E13
4.260676215324423E12
1.1836479618429081E14
-2.5213755266751172E14
-3.8640426359503425E14
3.2745982343266324E13
-2.315351260620503E14
-6.258734501257583E13
2.7352893933815112E14
1.5605113395249672E14
-2.8344445137241523E13
5.142161945811682E13
-5.7428372228824086E13
-7.97466468799277E10
2.968463803581596E14
-2.9205108906479175E14
-3.540828614850022E13
-2.2496851866732584E14
-6.0073764413938484E13
4.53665708630469E13
3.490430205973816E14
-9.138516135979211E13
1.9933263607177256E14
1.7431780154347038E14
6.358921642742922E9
2.2144828929372847E12
-8.165127543504681E11
3.553243340123739E11
-8.107341881592721E11
-1.4461695642625408E12
-3.1436453735445127E12
1.1096927052584619E11
1.3720522868750325E11
-9.67879813563716E10
7.661484089090198E11
1.1557846208495784E12
1.794056779086782E12
7.660785909044644E10
9.592021258180066E11
-1.0295257644158326E12
-1.7580633904960806E12
4.0889718119090564E11
-1.1179195638701177E9
8.184286212207063E11
7.490919740825186E11
-1.8363008418085718E11
-2.5887382968460598E10
-6.0240056981147285E10
2.857685670429282E11
-8.966281163920888E10
3.8787218556940845E11
5.790359885124443E10
-1.056589287489692E12
2.0419340159050607E11
2.61248530125132E13
1.1835457446446878E14
3.3764686692753203E12
-1.0229174964600205E14
1.1980121389831011E14
-1.3581481281438883E14
8.485155187238992E13
-2.879624338435467E14
8.439006296773853E13
2.0527746953464328E14
2.2352752911979484E14
2.7275770410850445E13
-1.6685218621500727E13
-1.1093268026341233E14
-1.3502033071863127E14
1.2906928725876705E14
-9.741126501860138E13
-7.778316384910104E12
-2.7113121944033644E14
4.036906155507521E13
1.526757585559679E14
-2.4846732629166588E14
2.0322354117198722E14
2.351909265083732E14
-1.5135930284826406E14
-1.157080978179279E14
-1.0921007165126858E14
-8.793416610259722E13
-4.794839597020032E13
-6.435734555027777E13
-3.239229110449744E13
6.26885417223903E13
2.472069843126462E13
-1.1759293138709041E13
-1.5311280948720622E14
9.115341186413789E13
1.167271370154878E14
8.735055767364323E13
3.2608497624360234E13
-3.5853809973708984E13
3.8496927601198606E14
1.5966869201112903E14
-3.727712999392429E13
1.32333570784577E14
-5.1775325880511984E13
-1.8529686859536503E14
-8.623127524377766E12
3.649243524927257E13
-2.6327855735400403E14
-3.0968139985819694E14
-2.263173772597356E14
-1.7588162468138912E13
4.8159796794846195E13
1.4416343382892406E14
8.254343610180752E13
4.7994023903172844E14
2.659120252390454E14
4.891053327320218E13
1.4155826009131778E14
2.481920633529466E14
9.242511576438261E13
8.282130014911024E12
-2.147442696076981E13
4.801092363237081E13
3.94456745314223E14
-3.266428614022358E14
-1.5001550453705475E14
-2.7357547172624116E14
-3.7986076427065956E14
-6.372924128623159E13
-1.812976462435231E14
1.8515102681132344E14
-3.8639489868950336E13
-3.3876267645538594E14
-3.721431071541622E11
4.587032335214334E13
-1.247316621356925E14
1.2551752426885744E14
1.374987556205765E14
2.5781072822806256E14
-1.0422556587874479E13
1.1621346927475905E14
-3.730396607766531E13
-1.2221826012949208E14
-9.799704771731802E13
1.5847728927611225E14
-5.112935103464755E12
-1.5319189468390428E14
1.0363626736743814E14
8.880942241292464E13
-1.0893846380124416E14
-2.723707155575767E14
5.476447120710908E13
-2.0658727035480212E14
-2.2226196792536447E14
5.1172221662600975E14
4.623199679079775E13
-5.8714054384471E13
-3.114243754796338E14
1.645820972847693E14
-1.940552434296941E13
-1.3323062780861284E14
-7.275197195141402E13
-4.3232908030819836E13
-1.0293957607816245E14
4.393604146764603E13
1.9090509968749556E14
-1.4421340450419762E14
2.2207379435166012E14
5.888624547646725E13
2.1267857771749503E14
-7.859217775293548E13
7.932407705561062E13
-2.084331721114221E14
-9.091275979492105E13
3.6557300236186525E14
1.7778433542429147E14
-2.7953255166323684E13
1.9823835846051528E14
1.204561899402128E14
-5.5456660321361836E13
1.1452751756773253E14
1.7683544858983034E14
2.9505838045031694E14
-2.832609209473722E14
-1.8498331848764706E14
-2.1730382813340125E14
-2.309045772030963E13
1.005369323327137E14
-1.7699512218234978E14
4.219465876613759E14
-1.680616628398521E14
-1.0166788701514684E14
-2.82814143154198E14
1.061666184855437E14
-1.910798131798057E14
-2.734314775345602E14
3.4442314271035223E13
2.1646651441052028E14
9.874495259093503E13
1.0106880810867942E14
2.318458179311588E14
-2.452577269316246E14
-1.596118557617467E14
2.2436908366378134E14
1.4158556490489462E14
-3.1820043645297207E13
3.6270746330813694E14
-3.0829810939717044E14
-1.4819055994781084E14
3.4923610058664894E14
-2.855761956255742E14
-1.3710524587919989E14
-1.4042890050976092E14
4.3453465600524272E12
-1.485434549754107E14
5.171257779271017E13
-2.3646500948211988E14
5.025153284473E13
2.91162320154278E14
-1.067574794815354E14
1.6655917472718872E14
-4.49368110087097E13
-5.825387063588415E14
-1.637654808859184E14
2.4403177240698312E14
-2.4072240069569424E12
-1.6949202169621666E14
-1.0872195616926825E14
-1.708696468192182E13
8.080775553342331E13
4.1223274856007406E14
-7.100079633181114E13
-5.735669364495006E14
7.903133170600972E13
-5.744083161973255E14
9.832559295972872E13
2.1604328555582078E14
3.580734407172129E14
-1.0311798344278828E14
2.888313785855238E14
2.6274307081626116E14
2.273009610500581E14
8.321058337335892E13
-2.4001807516267375E14
-1.683142997066517E14
-2.672209895842654E14
1.1672538018398606E14
7.640057757412677E13
-1.1279873764074106E14
1.6920999028768772E14
3.1710665536492026E12
5.482933872343003E13
-2.2318038235311928E14
1.747837129911935E14
-8.162606503062816E13
4.3635782279770586E13
-2.521014386447105E14
-3.634995943552877E13
3.765958701292753E13
1.2187190713420822E14
5.43973978893688E13
-5.058016115148319E13
2.639783611048979E14
-2.286739942262392E13
-5.6067612195709766E13
2.6860343963504684E14
1.978400367112032E14
4.866127483838242E13
-2.6773677755578728E14
2.739535707593203E14
-1.9274993409086203E14
5.761099786453715E13
3.4730802838574907E12
1.1811840703658439E14
2.9971083966541316E13
2.3196974656304238E14
-2.142613627607334E14
-8.813570024818311E13
6.896131637367241E13
1.293833008658461E14
2.3773492470020312E13
-4.4207459242704394E14
1.4646435328024912E14
-1.381606143869159E14
3.044083325508831E14
-1.797392469386938E13
-2.927924221905891E14
-1.693895724291157E14
1.613831156182418E14
-2.3329029753642353E14
-1.8580959447528973E13
-6.646563081272624E13
-2.4480279574311297E13
2.2373023401700216E14
3.1134545799649273E13
2.364754349684977E14
8.175275186873028E13
1.0248628803021734E14
7.155103090731725E13
-8.469014129500922E13
3.5088477780236133E13
-2.1135921603893394E14
-2.0777345618285928E14
-2.620151616092102E14
5.95680339340586E13
1.45139230037643E14
1.3049732568609537E13
-1.2449415259151764E14
-1.8393164261109832E13
4.489459399827593E13
-1.3302767136176227E13
-1.006672567405831E14
-2.3306768607174547E14
1.6298301050239553E13
-1.7025578103806806E14
-7.491850989677611E13
2.6206874681846035E13
-1.3278350440952488E12
-1.9582564002849494E14
1.0143862828493709E13
3.174876070274868E13
2.368414904791283E14
-1.387790708118543E14
-1.0587995490985244E14
1.0444243516904602E14
-7.376842100480323E13
4.778759612685591E13
1.396885980873756E14
2.561922360139031E14
1.3582117639319289E14
1.2187806783169198E14
5.9514025640321945E13
-2.976660872266582E14
3.103374246731825E14
-2.066257489969854E14
2.1589512745240184E14
-2.5471455542612956E14
-1.8362576948661438E14
1.1691716400142514E14
2.2289171597909997E14
-2.505072856068791E14
-9.475222224066697E13
-1.6320826985359272E14
3.554315922453828E14
5.497862072929872E13
1.4974290460338738E14
-1.2516492282213869E14
2.373256195827227E14
5.1250965608612375E13
-4.463234990190211E13
3.173360013223143E11
-3.0468791871466556E14
-8.656733405949502E13
2.843188977992099E14
-1.5743576836840962E14
-8.991818071101389E13
-2.438084939375427E14
3.732559994197148E13
7.679268271588506E13
-6.379558866666509E12
1.3216784168587108E14
-1.632982491692992E14
-2.9344110244722992E13
3.209349997088339E14
-7.704770587334756E13
3.700361992014178E13
-2.3295737182344422E14
-9.73945320002911E13
5.1669115056016336E13
-4.680287514279744E13
-2.407953473023963E13
3.145061246417803E13
-2.8223528221558844E14
3.65648985155939E13
1.1963216173075905E14
-2.7446969334693394E14
-1.5576373080628616E14
1.0191370214389114E14
-1.014272614793618E14
-1.3067856386193183E14
2.5324318484538188E14
1.2948883521583014E14
-1.1793339542917294E14
1.4045882195303647E14
8.029721899498615E12
1.0407249656180642E14
-1.8241262499948038E14
3.199913719751867E14
-6.433551377719147E12
-9.178117912511169E13
2.111703001796964E14
-3.1751307883457723E13
-9.80970690237825E10
1.8692979247589922E14
-8.626668618266353E13
8.248033649080428E13
5.400586937719554E13
-9.932517911585017E13
-1.9053499504465848E13
4.3519656964809006E14
1.8711516498015944E14
-5.667953374153214E13
-1.380758869220019E14
1.0845410132552844E13
-6.610850348513813E12
1.3326807892584973E13
-2.96338244525122E14
4.537986456680837E13
3.768606324558376E14
1.145254416078179E14
3.157157310124153E14
9.355916642081981E13
-5.436644000795661E13
-2.1793627536206344E14
-1.1706508707710169E14
-2.285677112342969E14
3.123733881976703E14
3.1331546194990145E13
-2.8948529471612573E12
-1.732539550755476E14
1.7616282981805175E14
1.5603050323039366E14
-2.7258106853577784E14
5.4743351577419586E13
-1.1438494273973272E14
2.0408485950631894E14
-2.894989242829349E14
-2.0689147253158153E14
1.7759187701977112E14
3.906176524359301E13
1.4607567605877975E13
2.1690948188588656E14
-3.9505494018442875E13
1.565549734717282E14
-2.1277713763440884E14
2.4550865096283902E13
8.222178932770933E13
2.4509203317911828E14
-2.87707480366911E14
4.485760708626462E13
-7.943897076198917E13
1.716266664030254E14
2.0137349509261088E14
-7.912790124010996E12
-2.2248319899364006E14
3.958526452727839E13
-9.496334379991531E13
-1.528499072105335E14
7.416079984344862E13
-1.3387677024896425E14
-7.290296921005015E12
2.0000252028695834E14
-1.194092722514122E14
-2.189489191886052E14
-9.784294837974878E13
-2.6193852339713543E13
1.4027669174480236E14
-6.86417306268323E14
-1.490068216273518E14
1.2176584446695036E14
9.721268258083614E13
1.7685790407892688E14
-1.625106596376101E14
-3.547850971737044E14
1.9112757899790875E14
1.4705145447082894E14
5.446647610781197E13
2.0418671799772484E14
-2.7720684141874734E13
7.749245959003836E13
-1.6526321136655638E14
2.13690217200909E14
-9.271560350963088E13
1.7147884379853406E14
3.152622071952238E14
-3.4320354256002206E14
-1.2754650815301289E14
-5.1861345923145414E13
3.039550696492509E12
6.719641672629802E13
8.825631111124189E13
8.302646369092422E13
2.0455429740815215E13
-1.4224698882242634E14
-5.649205599551645E13
-3.3167617101518745E12
-2.8687409032950056E14
-2.4971662506954916E14
3.863695257460478E14
-9.832680531672973E13
-1.1821178136039681E14
-2.7561937660053903E14
-5.866350592027793E13
2.8949473181024306E14
-3.473244659709133E13
-1.475974926137828E13
9.504535390252566E13
4.0553219740430356E12
2.4250701727529428E14
1.7732170391400978E14
-2.231169858692437E14
-2.823900711129049E14
-7.642904777862318E12
6.842087786739079E13
-6.458172355038566E14
3.927331086204896E14
3.863149759713167E13
3.4156319148945794E14
-2.4260550716046397E14
2744011.611165035
