-8.39582446626086E13
-1.7281656042191153E14
1.0851977050910295E15
-1.1673336589953982E15
-6.581329585278415E14
3.459544443255874E14
-2.083468560039452E13
-7.0112520006391E14
5.601837966694737E14
-2.837952074786109E14
1.3818409166736365E15
1.3346126999213872E14
-3.890085207873075E14
1.223885973477369E14
-4.6474985822497656E14
7.235782802947345E14
-3.4826736046560824E13
6.117922837641121E14
4.692324465829621E14
-1.2794933093133022E15
4.786189982659099E13
1.3387328468399405E14
-7.216282770089541E14
-4.864119987145434E14
9.013429642645876E14
-8.925653214513131E14
4.640625592700015E14
3.236947123818463E14
-3.509760305594923E14
3.9461553509359756E14
8.571861161023295E14
-4.604167885986141E14
-1.7802682868842098E15
-1.061161745063943E14
-1.2549424370862458E15
8.024346241282428E14
9.223809544546338E14
7.38249147043665E13
5.1190441770341266E13
-4.507146543849688E14
-2.166397709497998E14
-4.455212337926215E13
-3.921311708442378E14
3.379254077794591E14
4.938706961645874E14
1.1334888516081962E15
-7.148121387982832E14
5.0413493129919144E14
2.659706919509734E14
8.49929394810224E13
-8.564142868100195E14
-5.8631963633711914E13
8.005215003113266E13
-6.351290983094539E14
8.800597278696606E14
9.48838633534277E12
-1.6563389778179635E15
-3.703098515843123E14
1.30325038644003E14
8.614232536878336E13
5.363332909627316E14
-8.0304350500124E14
5.5183667181422494E14
-1.1718707922822558E15
6.752111327763032E14
3.1138687384347525E14
2.4069128535795603E14
8.206563348056605E14
-3.9102942525511675E14
-5.127973871578741E13
9.357063864806761E14
-1.4785903794090238E14
-5.64007171385101E14
-2.906159737393348E14
-1.744096575929869E13
-5.84169620724807E14
1.9104124682696894E14
1.962495270914392E14
-1.0493250205125033E14
-1.867999442556179E14
6.161080599092811E14
-4.820261592113593E14
1.945425271102041E14
1.3450455294937434E14
4.812959805465225E14
1.681204451834585E14
-5.3883169885609025E14
-6.216676719743866E14
1.3656447047477553E14
6.2209334746182664E13
-1.1254089529953955E15
9.341307805189394E13
-2.2073076337823972E14
-8.896625586480829E14
4.695552292822432E14
4.249678904012067E14
6.516588401782171E14
1.1345481606834181E14
-6.796934618803279E14
2.4464939819682884E14
-7.00484152654886E14
-6.105987556316448E14
5.877684342864869E14
-4.553512337236077E14
3.861821287434577E14
-1.22348414092974E14
4.264972887828141E14
3.1646819019081356E14
-1.2294549964752581E14
3.9052947584611025E14
3.1083537621764117E13
2.6872704733492416E14
-9.4421077559466E13
-8.62168298225375E14
9.165190787065504E14
-3.9101302587670875E14
-6.682687678101054E14
-8.938535262348845E13
2.249745647586139E14
2.6652510650896516E14
-8.58623552107664E14
8.02549731553432E13
1.2395932962170572E14
3.0107262762904344E14
-1.0887463050502775E14
2.024295277876532E14
3.0076487075275106E14
6.551119135767496E13
-3.992011057045463E14
-3.9752529976922706E14
2.15358469926545E14
1.1002122913594202E15
-3.9387659038673486E12
5.5999426343178484E13
-3.6428387556420975E14
-8.307686232471583E13
3.2688470247712675E14
8.776231511229833E12
-3.365361036100578E14
2.3320931410644438E14
1.1362003563978338E14
-1.3051759728815861E13
-3.9112944363522306E14
1.9254938860431953E14
2.7588190095086956E14
-1.8231119180727734E14
-6.860476254430049E14
-5.45964623894659E14
7.372178772194229E14
1.0632832787145022E14
6.2158585051082E14
-6.426595939016245E14
4.141041614502376E14
-9.552373157042252E13
3.434024211681606E14
-3.0497829032729694E14
2.0699210379385172E14
5.4806871883034125E13
-4.234613776212686E14
-3.869682516408723E14
2.677045526176814E13
-1.7031449166144212E14
7.188879779865027E13
9.532390803248486E14
4.912762649425559E14
6.405454677263909E14
-1.9656024554577375E14
-3.6493656129790494E14
-8.222218588468757E12
-5.388046466827584E14
8.109381944227419E14
2.896416978806535E14
5.0399993474206656E14
1.576702090698615E14
-2.6109676348312588E14
-6.620423307811694E14
5.280188563323268E13
-4.3432955029516336E13
-6.56876300380195E14
5.0308629056306506E14
5.687390594070545E14
6.02651497770631E14
2.8998630438989244E14
5.1489540622506156E14
3.703181487770649E14
-2.7718278574307053E14
4.6785965208577575E14
-8.801785541582102E14
9.838028832833362E13
4.348883975014477E14
-1.3063392027992256E14
-3.958890567439964E13
-7.28732141593904E14
6.572040268930394E13
-1.599879196789966E13
-4.6289812040695025E14
4.148942653160077E14
-4.0532951816341414E13
8.259788873769025E13
-4.72577770453734E12
2.530409025236042E13
2.032831553650087E14
9.442471470087727E13
-1.928287946799922E13
-4.689068324654402E14
-4.123293857010952E14
-3.331122069215835E14
4.685402488683497E14
-4.6435276281024606E14
-5.79255254132236E14
9.961055338044936E13
-4.096801956945614E13
2.599561773855694E14
7.324759080515258E13
2.0334452364744872E14
3.5697948529294794E14
1.376303028933633E14
-1.844206996249292E14
-6.603592374646308E14
-3.8526224133161244E14
4.2893691961551175E14
-2.008288290808871E14
-3.587137010219127E14
-6.468601991359465E13
1.3800286146987214E14
-2.029448800112239E14
-4.172462103933677E14
-8.243198217525781E13
-1.881095541659447E14
-8.197861299447777E13
8.078920618026967E13
-4.2321294411714494E14
-6.617591177033306E14
7.907362044496259E14
1.8265725847834697E14
8.305996838558828E13
3.723416172702757E13
3.9113757164483944E14
-1.1051033112739906E14
-1.7223586951865662E14
5.716540602621338E13
-3.5948604267641856E14
-8.398055026374819E14
-3.671513943763556E14
1.6708810279580975E14
2.954356309154876E14
4.16838118499298E13
-7.658710472472283E13
6.682012393336508E14
1.420053564906172E14
-1.8358436644581753E14
2.57855889578422E14
-2.790532246947173E13
6.368212319330525E14
4.3968361420261856E14
3.1510405183980056E14
-2.5252514076622438E14
2.651019237805968E14
3.586583380609119E14
1.9456429914316378E14
-1.659800648130488E14
4.3294155945969475E14
6.994779721673794E14
5.83542259124713E14
-7.500856469335229E14
-2.6106145807791275E14
2.3738408442617945E13
-1.9100633484716366E14
-4.194361726613074E14
1.7813970349438228E14
-1.2322240042271703E14
-1.0548930938526755E14
-7.278449284054354E14
2.7774609707350988E14
7.821768280064592E13
-2.7550138283663403E14
1.4067455970638192E14
4.0343065837156006E14
-5.93940158559952E14
-2.16438458510848E14
1.2685738918646323E14
2.6282984154093273E13
4.503771948667573E14
8.441100845425378E13
-2.502164806990804E14
1.9035145258479466E14
7.742296316100414E13
2.155634538349649E14
-2.063341333747474E14
-6.056143551361301E14
-9.38797224607805E13
-8.198596402857634E13
2.2759409693664325E14
4.175182558759071E14
3.481070462486712E14
-3.6686583906213644E14
3.856129308855316E14
1.2875034063381628E14
-3.2142921694543594E14
3.459407857896353E14
3.526661682252253E14
3.716592244948852E14
4.054359862935412E13
3.754958005088561E14
1.2653935660114314E14
2.3946126604687606E14
-4.6138946757087506E14
-2.915268901654652E13
3.963760329053023E14
-1.9236599534955162E14
1.4550770495668522E14
-6.400763433248948E14
-1.436427321077991E14
3.9501241952231094E14
1.818508389604503E14
1.9708593692335597E14
-3.81833536144209E14
-1.097119616257613E14
-3.089713013599845E14
1.5860003385826544E14
-1.986603974865177E14
-3.048739581382393E14
9.001358915211894E13
5.767373022927354E14
-1.3946236748432058E14
3.5484234522277344E14
-5.690466195092952E14
-2.511483879640246E14
2.870403443351768E14
8.61564700740864E13
-2.939136291238006E14
1.705169711245522E13
1.6188423798173934E14
1.8817497464071856E14
-6.8281380521271045E12
1.428566691423844E14
-1.1555304121548339E14
1.6591651885166895E13
-4.1623175430781975E14
-7.135327402087644E13
-4.513901969184773E12
-3.294879357758921E14
-8.119360830042603E13
-4.892992023327548E13
-3.309814807187477E14
-2.0396148624427594E14
-2.4653775025157597E14
-1.1468392462942686E14
6.311696736025514E14
3.7418549488133794E14
-3.486234027174434E13
2.173858790204285E14
5.246439198031226E13
-2.999985151250332E13
-4.42372246919164E14
-1.1067525231055236E14
1.833189821019246E14
3.5128163393208294E14
3.6111290556612956E14
2.7702861092669328E14
3.1354965450352606E14
-1.0555491872758398E14
1.7773817144695895E13
-7.257190519955606E13
-8.917152880497302E13
6.343523275243983E13
-1.3069702671814812E14
-7.749426111342969E13
1.5197628758092828E14
2.5502060390193238E14
-3.0054876931474506E14
-3.936034147047944E13
-2.188284803817114E14
-1.3580618694718506E14
2.5115256460675084E14
-1.9811154115171394E14
-9.680784323357839E14
2.4613700810914325E14
-2.0640785370476725E14
9.210364354188053E13
3.505922256810718E14
-3.4575498286604406E14
-2.0350091253344788E14
1.2652443548836123E14
-1.0512726829439723E14
2.6873302358529334E14
-2.941356962829744E13
-2.211734278738119E14
-1.3637814598949072E14
6.79220409886435E14
-1.2739903160757155E14
-1.6716059293009788E14
4.602915832782968E14
2.7289678653976122E14
-2.1050950927319421E12
-3.818034776118804E13
2.1428183619121716E14
4.10139732148811E14
4.314897674346637E13
1.6660182462043888E14
9.74096795201853E12
2.2803278198951297E13
5.417139954255806E14
1.1051738495510162E14
-1.4791887096094806E14
-3.015579209266404E14
6.276166407766598E14
-1.0824402995760944E14
1.4345343376299562E14
1.4983194149764406E14
6.045615956246775E14
-6.657869364817495E13
-2.3469626864024884E14
2.4851588248072914E13
-4.6318992446761306E14
3.474872255747669E14
-5.739089412647562E13
-1.1766172217445389E14
-3.430583043751973E14
-9.32811355863882E13
4.814680404139954E14
-1.5307571023477E14
2.785546256528743E14
-2.917244205026517E14
-5.4339468951863914E13
6.290666109534063E13
3.7154245000066125E14
-5.4752377369709225E14
-2.6239671016748634E14
2.5268812450381325E14
-2.055773009257273E14
-1.0592347630219777E14
3.2951038959609675E14
-1.2957032654626389E14
-1.912479740218984E14
1.6371889859987666E14
2.2865572767482462E14
1.006159908271216E14
3.425061605816921E14
1.3526384174376955E14
-3.667442543846046E14
-2.51036371787008E13
2.5604806997126688E14
3.7062051458028925E14
-3.413496001855694E14
-3.562760725377979E14
3.8128846213678294E14
-2.7950628490633194E14
2.148381561181872E14
1.7389374275065956E14
1.9674073279548194E14
-5.0346438790915606E14
-4.865643892825666E14
9.765411400158606E13
5.874745795811892E14
3.058556136032221E14
-5.7159992681333766E13
-3.803232362156401E14
9.919089955750906E13
5.4279938979137144E14
-8.959855923802758E13
4.1384265649830306E14
6.149348890483706E14
2.2387615165324388E14
-4.933804373539353E13
1.2561451373758317E14
5.663274560592122E14
1.1505852438962703E13
2.7087698865438434E14
1.822154944200594E14
8.043160915884888E12
2.3796618976824372E14
-1.809945706924764E13
6.633458187870544E14
6.426586148929903E13
4.626148832445594E13
-1.479804281150876E14
-1.092227796390568E14
-1.4498769652782138E14
-2.21784844517247E14
-4.2763960801965375E11
-6.978279465325292E12
4.2843027619833286E12
4.3023090985199365E12
9.463987252402657E11
9.463610368015011E11
1.0277787155495814E13
7.258689953339978E11
3.4333838789359924E11
-7.024992290560171E11
9.03796663126941E11
-3.2600911181983228E12
-7.628391476930089E12
-1.0396718534258674E12
-5.216477138007526E12
2.6009340086272085E12
5.139834252040097E12
-3.575202460028611E11
3.095967477688751E9
-7.760352829115524E11
-1.4856014473469397E12
5.94115496447813E11
-2.4530001773223602E10
1.1046743209223638E12
-2.939460713214924E12
-1.0758726784516554E12
-1.1082350051781343E12
-4.4139594271812006E11
2.277571082455094E12
-9.875332265725592E11
2.215159284122449E13
-1.020641093630657E14
1.8452601324215222E12
-2.5855156384499594E13
-1.5003903519775975E14
-3.5403598035383094E14
8.975069121859242E13
1.6924050430569797E14
-1.8210356347003588E14
-3.824075453725635E14
-5.1238680387223055E13
1.8915114039383816E14
-2.2624153059707412E14
3.933834374592862E14
-2.0811997359632653E14
-4.574514221306629E14
1.7414156260412244E14
2.5844345074522194E14
1.0760117678295458E14
4.215270273033884E14
1.5307593968765059E13
4.5273120406037456E14
1.3842021776377375E14
-3.609434646222037E14
-6.432339415560549E14
-2.4967324254255372E14
3.745869883991429E14
2.1807265429121494E14
4.356381385538893E14
-8.899034082059856E13
-2.5073158096735856E14
-7.46166629882994E13
-2.7934702644412766E14
1.6026392845225396E13
-2.0273390932304662E14
7.360288795766736E13
-3.095939057960816E13
1.973595010641228E14
3.3791654319806074E13
1.0162603410112277E14
-3.015437452200466E14
-3.3919443353155356E14
3.0876104440607694E14
1.3565870791218438E14
2.544719581644672E14
1.3776025903991722E14
-5.262612004239924E14
3.2441430974056925E14
-2.837924991656028E14
3.4215003417234306E14
-4.594262445839497E13
1.2130747546715297E14
-1.157711884258841E14
-2.1640049590101066E14
-1.7472338445705475E14
-5.4019028953766975E14
1.0672804058773135E13
-3.382669869830349E14
1.744596037250972E14
2.402818368963303E13
-2.436891384241687E14
-5.3141810265282484E13
1.9564087611235438E13
-2.5746998738723447E14
-8.145798945188422E13
3.4734086893237744E14
6.185329710915496E14
-4.157943643761207E13
3.046703437519508E14
-3.070842517310063E14
1.8117468584880853E14
-3.4844944210159694E14
-1.265357555552035E14
2.9023179563128794E14
-8.63705035848819E13
-4.463023351620234E13
-4.967358465915725E13
4.693379252096904E14
-2.8384407526403906E14
-3.60439780498051E14
3.276139214157054E14
-6.191702680541304E14
7.380912165102089E13
3.729112400473912E14
4.7574393334548356E14
-8.253087917453956E13
-5.240867474844619E14
-1.781836132741642E14
-9.467271579268272E13
-3.830867473665201E14
-3.174134093745884E13
9.98572135960694E13
5.238194617178902E13
4.194265590658164E14
2.1539429799535984E14
-1.3602847594470142E14
-2.8008572499642303E14
3.028346302609202E14
-8.221944255288761E13
-3.0363625567226465E13
-5.986569223750337E13
1.0762145833732025E14
2.2085605119600128E14
-1.4391812108623844E14
4.4542215602507975E14
-1.2208382859124898E14
3.438443168749587E13
2.804863582646609E14
-4.2896080128072125E14
-4.196799153349292E14
1.904746259322725E14
-1.3131490867194002E14
8.155808421149442E13
1.891738174112114E14
6.178846569144548E13
-2.674929619175149E14
-1.074225776481619E14
-3.066868059433668E14
-1.437786174451607E14
-1.4186045710760115E13
-1.2484684713111317E14
-6.439053943862292E14
-9.904395381868998E13
3.551685908265934E14
2.88492411615792E14
-1.1301671529265344E14
-2.0672208294938725E14
1.3774901535043273E14
1.7169079100508797E13
4.287348160316135E14
-6.731660400467269E14
3.5586791951102E13
4.3960950970922556E14
1.1549799520696078E14
-1.6642203448777606E14
2.3215795919934794E14
-2.2595094409334247E14
-2.2266980088030994E14
-3.786241260759187E14
-1.6513692524634988E13
-4.570794157526202E14
1.5464505504526847E14
-2.452703097908166E13
-1.4834211141973516E14
-1.735068208777591E14
2.657101606723008E14
2.5658394168487085E12
-4.294152501547553E14
3.6134927008018275E14
3.8930253332990195E13
8.237955119601862E13
4.82495890050912E13
-1.4583612287132047E14
3.131293776390155E14
1.2887522562664123E13
2.7861911961889444E14
7.560438362971836E13
-5.350314156904497E13
-1.6539234664048884E14
-1.581609201637223E13
2.5123154461759195E13
-3.2879256547446344E14
4.8837905845637356E14
2.5788119401534284E14
3.464418848077102E14
2.0190601061068712E14
-4.908796648645217E13
2.9695280276482744E14
1.354425548917938E14
-3.2673209375470175E14
-2.7386067763044938E14
-1.7458160307188994E14
-9.781143250076756E13
2.419116831709839E14
-3.182571108195299E14
2.917226718974884E14
2.7696129292207028E14
2.3849391748504322E14
-4.051189390848062E14
1.3555088875173569E14
-2.1022724040994616E14
1.7266896019571616E14
-6.466230995507865E14
-1.1251349883414147E14
1.0290191795046366E14
1.5971397901074006E13
2.2964407643753666E14
1.1053521914932536E14
6.4224867802647836E13
3.0716302221450086E13
-3.505593624685776E12
2.639043863775106E14
-4.087627875262076E13
4.083851563380659E14
-2.3093473871377605E13
6.825800214872461E13
-2.2235008355531306E14
-1.3136630878298917E14
3.017473422445389E14
1.7898676566929862E14
2.41459757693731E13
-1.8086500283143425E14
-7.966024708668375E13
-5.469827373638748E14
-1.2715576422129589E14
3.005164925307168E14
-1.1715123834520027E14
-3.951258980564214E14
1.6273390084558734E14
2.946960847735701E13
9.196454412108105E13
1.6554572173898234E14
-1.4067149309549744E14
-3.2946068353875836E13
-1.0459927902443397E14
6.144956320603096E14
-2.0994220471567975E14
1.440770466503907E14
-2.5871671565113653E14
4.730142237884358E14
1.8413319884203278E14
-1.6461974819674E14
2.3740103026860025E14
-3.562917299557858E14
-9.945890275045534E13
9.941321655327592E13
-1.4120892968539334E14
-8.833352159888998E13
1.0214704455106753E14
-2.574768321167723E13
3.3079093014787094E14
-3.437717353414882E14
-3.8257934048147E14
2.697386120105443E14
-3.1036822679071225E14
7.846450707704688E13
-7.064738682177874E14
2.2718436364006788E14
-7.685908260515527E13
-5.720072568013756E13
-4.555725973291994E13
-5.8655114853668945E13
2.217572799515783E14
3.95184408513912E13
1.4076319868376634E14
-2.6406261491352816E14
-2.7399805572647082E13
8.694088801487095E12
-1.779644632281148E14
7.813199166831526E12
1.5609702217325022E14
-2.3914513725747722E14
-7.343100017501951E14
4.7564208375930456E14
-1.4205967852338345E12
2.352106811396017E14
2.6176058370600197E14
-7.18608998740777E14
-3.504907136722759E11
2.4608827101305738E14
-3.213114704099907E14
1.95739028007671E13
2.5257426487194588E14
4.1054830390523125E14
-1.0935518151679681E14
-5.001584090587933E13
2.86451164425228E14
-7.891046783461793E12
-3.876431237326242E14
4.17586525854467E13
-2.902764926899404E14
-2.929228718708453E14
3.1202224104196244E14
2.3848419302933916E14
-6.014636920004141E13
1.5196162896654466E14
2.4625720330433534E14
6.1124906733860875E13
1.9434902116154306E14
-2.956793051265111E14
2.2562993412032895E13
1.9898983588153597E14
1.4826705212096707E13
2.0559558276146188E14
-3.985796598588952E14
-1.9727805186186503E14
-1.694121511754939E14
-5.011356411854094E13
-4.0293701495250016E13
-1.8238733593362028E14
8.672746760347788E13
-2.68336205637434E13
5.356244332422753E14
2.0442704139655534E14
3.6756983265651244E14
-1.4118971421982027E13
-2.7515560816705695E13
1.4913913913932094E13
-6.941354104234209E13
-2.7070312278790953E14
3.516866642068068E14
3.9504406034854275E14
-8.181168286957006E13
-1.9368327638228803E14
-4.8147622202922994E14
1.5047444817036597E14
-3.2187661980272556E14
2.990127393699505E14
4.136337097708884E13
1.812504255502476E14
-1.2926491582358705E13
3.66538779723502E14
1.8281957954740953E14
2.599439997317206E14
5.27417290049521E12
-4.224132456991369E13
-1.4909855654737053E14
-1.694240972201602E14
2.996105876410386E14
1.6185497619167634E14
-4.4505394106627856E14
-9.081623272437783E13
-4.163792958084716E14
1.899421443369037E14
1.1633234592903672E14
-2.2658871534727402E13
-4.1112486052178E14
5.022525983973025E14
-3.9772549819377506E14
-1.3959170735298053E14
-1.3027425767542294E14
-2.3448630775944122E14
1.2131764809236922E14
1.3114071280302853E11
1.0328722916744545E14
-6.575892779729687E12
1.1459150171724889E14
1.0733480339789078E13
-6.269975334875063E13
-9.37044868472903E12
-5.340055392406376E14
-1.1254496309121106E14
2.3158043663209522E14
3.950113923918947E14
-4.062031405353702E14
1.3877249165622646E12
-1.059050090347468E13
-1.8828065172205047E14
3.187610198274968E13
-1.901830845247642E14
-3.1675130075783184E13
1.1168932836052236E14
-5.622073344355453E14
-1.0472546171804156E14
2.7187264836203944E14
8.312949384448773E13
-1.2114960336159712E14
-2.8193417629247456E14
-1.0229914411112816E14
4.501094936028955E12
3.190822334400157E14
1.46181740617718E14
2.861846282489205E14
-3.916684107572803E14
2.6483015894940425E14
-2.7577718571456525E14
3.746714899440389E14
-3.4715321030469094E14
-3.0284608058997363E12
6.0613094654330266E13
-1.850428183542304E14
3.504535711093912E13
-1.5959970506467603E14
2.4191861161414828E14
1.2757690117102655E14
-2.7512107928882966E14
1.9155225774586975E14
7.111255296887217E13
-3.747363733318231E13
-1.9756715644022275E14
3.882342389531887E14
-7.003318144786805E14
3.168366276649911E14
-3.894457589183074E13
-5.434439205958178E13
-2.6735659122348525E14
-3.3848817112820275E14
-6.441148330875946E14
2.1037959865141008E13
3.482655316286009E14
2.9547625961257406E14
2.424773292512118E13
-4.150476581130621E13
-1.7258833078191522E14
4.351552532313269E14
1.0003280710542964E14
-9.076516654462902E13
-1.2809080014214825E14
3.710634822124349E14
1.4934304394341053E14
1.0941676290502245E14
8.699558937905447E13
-8.57444783322911E13
-9.191456137700788E13
2.2907533624976234E14
-1.669071260047446E14
-7.389887472749984E14
-1.8531920562169534E14
-9.944402458265127E13
2.391534669401016E14
2.5898737568134834E14
7.225447557091036E13
-2.3729603622901372E14
-4.340734674853242E14
3.430026229407506E14
-2.9917373470279694E14
3.1046344182121175E14
7.225078918755371E12
-9.493892118888416E13
1.0937905160485111E14
-1.2103144570532481E14
2.6130674264082766E14
-8.14038018657711E13
-4.151477739662096E14
8.787289128862295E13
1.0849800027995283E14
6.511953868163386E13
-1.1174384333053481E14
-2.985705830597754E14
3.1158532998585694E14
2.5296266347165428E14
1.8219074866260022E14
-1.23781000593291E14
3.8462205672711516E13
2.3817069493629175E14
-5.020582590397302E14
-1.6138707585493334E14
-2.318732531502884E14
3.119679063971022E14
-1.507514852957852E14
-7.04013045431163E13
2.3755386399684875E14
6.0139847606065164E13
-1.122773703307427E14
-2.1218180396357E14
-4.092924144633558E14
5.523137018454023E14
9.492438121172555E13
3.9831890470672516E13
-7.966564674667338E13
-150468.16942727313
