-1.3923409025355744E14
-5.436458516500135E14
-3.69797286248799E14
1.2340857934394938E15
-2.9091853830433175E14
4.2308397712968675E14
2.0878354114119438E15
-1.347142018051834E13
5.2171241924054075E14
-2.4711954195337803E14
2.305076740206523E15
9.152151254610867E13
-2.5878732348854338E14
1.4678828248125815E15
-2.290833857063215E15
5.836487086502764E14
-2.6120292485209184E14
-1.6719324045507965E15
5.503966982068331E13
-5.037071232860703E14
-1.837256573323418E14
-1.0316807786017992E15
7.650820286368458E14
2.031021895763295E14
4.029713071795125E14
-4.8886261359933875E14
-4.070955560558554E14
-1.4223087068696708E15
1.10305251544942E15
1.4674425099387055E15
1.3369875078184642E15
-1.2558890276398688E15
-8.650609900617758E14
-3.2513716038913715E13
-2.3555195936621972E14
-1.7619871975614722E15
8.144906752496788E13
1.5488931396793908E15
1.668713441731958E15
3.283506881514769E14
-5.515229196017165E14
-9.66132351381424E14
-8.16454537350888E14
-2.424632898658246E14
1.793812281493869E15
-4.608962997991171E14
1.1145030237957948E15
5.665732285897675E14
4.8068666831908756E14
-1.1299437320408619E14
-8.022823258870551E14
-8.696521204540645E14
7.210397042784418E14
-8.725109365494484E14
1.9050357418010902E15
-9.553500642486282E14
6.56947936825736E14
-1.2283891479848978E15
-8.262341246018156E14
7.268829480862414E14
5.025772802326628E14
1.0813949877155929E15
-1.6106543478919032E15
1.247833612741356E15
7.435180019645797E13
-1.7895101584372288E14
1.2486935806793042E15
1.7006494163452852E15
-4.2189120220467194E14
-4.316518143651563E14
3.7892594280256044E14
7.330577706733044E14
-4.976281457091188E14
7.226987893961549E14
2.1433760756052938E14
7.041647415236272E14
-5.82549444146535E14
1.108319069119927E15
5.782404956344326E14
-1.5567075680917338E15
-9.254437623480396E14
-1.5182805360931828E15
1.0673139242760099E15
3.3839605717484887E13
-4.2020696795475025E14
-5.914766136975652E14
-7.228634221534794E14
-8.206395119681335E14
-4.333377986851204E14
1.6912743594123562E15
-1.1938316870597658E14
7.435478428732691E14
3.0651446443731875E14
3.228601025039407E14
-3.8446697589842756E14
-1.162662851866028E15
2.5085827196452503E14
1.8005113283156282E15
1.6509281623021428E15
-1.7896316870591592E15
-4.189752059815724E14
-3.6217306872816E14
-1.0114286187504849E15
-1.1832993511296247E14
1.0553612058274836E15
3.24852364681176E13
7.511611497979806E14
1.231852523772367E15
-6.486290701016201E13
5.5874820948734756E14
-1.100209473641629E15
7.228414289858512E14
9.421769237688897E13
-2.903412971905069E14
-7.100959792610201E14
-1.4407337656194002E15
-4.7643661123307375E14
-3.266266807771558E14
-2.563954601835134E14
6.514719375345906E14
-4.221570059973131E14
-6.093277240830605E14
5.473616485284085E13
-2.87387267192277E14
-4.059533733475594E13
8.243444776691319E14
5.450896076126961E14
-1.0709594955432776E15
3.007225410514545E14
5.399750360362544E14
-2.121095306160037E14
-2.8176166135436725E14
-2.053689963400218E14
-1.0419728849648948E14
-2.941211519126081E14
-3.2685854450046887E13
4.116808113118563E14
3.724286976823673E13
1.2336724169190261E14
5.856197227509185E13
-2.1945889192886912E14
-2.0675927051257633E13
3.222943437298359E14
2.237105540528311E14
1.4532226387641075E14
-7.625626802279121E14
-3.819419901476758E14
1.5747442567480206E14
3.228037799340988E14
9.198628163919065E14
8.454329597317098E14
1.1780061193934866E14
-2.0635687566153594E14
-2.681577444783464E14
7.646157232036275E14
1.3861569323630432E15
-1.3746075675896675E15
-1.0713480186679349E15
-9.729583626063339E14
-6.585504034240194E14
1.20752417276352E14
6.764942349125198E14
8.67525891834368E14
1.2851834349720519E14
1.0360083370065678E14
6.88929134664458E14
-1.1806438743052235E15
-1.600485913422896E15
7.61624600726954E14
-5.131843661158831E14
5.2805809316176275E14
3.4161703661402144E14
1.2481888070374482E15
2.902008829486119E14
-6.829015447925988E14
1.3304686312160222E12
9.626831014373784E14
-6.155978294546011E14
-1.593977841371325E14
-5.5877595624656606E14
4.9394220528731906E14
-5.89457846436896E14
5.103237352527582E14
-8.646149154881164E14
-1.9992549539890347E14
4.4327314516212794E14
8.267022192777325E14
5.705365791780848E14
-4.458259038832486E14
7.837166706766328E13
9.5771305587536E13
1.8542355243447972E14
-6.306585751744506E13
-1.2602843137692905E15
-6.254960913622712E14
-3.650426881816768E13
9.28093308283776E14
-3.570378096173179E13
-5.1752393297652406E14
7.80602548193513E14
4.247830410977497E14
1.0380908680820805E15
3.005224558848463E14
-2.4274538647942556E14
9.42088702085069E14
-7.756179389495679E14
-2.024116115971081E14
7.754085185856579E14
-4.5172432166877756E14
1.8515775907079147E14
3.662360515833477E13
-2.1496069829580194E14
5.883077001060035E14
9.735865694908835E14
-2.445530905965644E13
-4.7487839662626975E14
2.175300875193602E13
-9.996588558250302E13
5.4158209744123164E13
6.03012004061189E14
2.7199617030786812E14
-7.249232404580527E13
-1.9444754776957684E14
-2.4617860853854438E14
4.813622185624131E14
-8.667629454312324E14
-1.4626942815691135E15
4.035532260195485E14
6.755708910745621E14
-3.827383414008439E13
-1.0158546848935215E15
-3.033967397439119E14
-3.8975727786171294E14
1.2205955194181645E15
-3.0492028859215556E14
-1.9150580128570916E14
-1.6240674188692803E13
-2.881460020050629E14
-1.3342865921018118E15
1.0378090086509232E15
4.863240483859893E13
1.570671865307739E14
-8.396686566115671E14
4.4709572564995894E14
-3.573689788567083E13
-1.2180850331765892E15
8.843513753291008E14
7.748655102770544E13
-4.848644753730411E13
2.6460969682448766E14
-6.415700265256326E14
2.3297608148096697E14
-3.4720253333089525E14
-8.511603278496352E14
-6.772924260479369E14
1.5408922799385012E14
-1.6788679310190812E14
-2.3060102770091844E14
1.412318749099939E13
3.391250493956951E14
3.6932320719113E14
1.32591150727617E15
-4.1673953562750056E14
1.1145309860701073E14
-2.959632044385619E14
-3.849514677985706E14
8.079119130574031E14
4.197692882486259E14
-4.124401689575716E14
-3.624232748940994E14
-8.800675453390717E13
-3.3119022926369494E14
-5.83830867975422E14
1.1605692994903444E14
3.4338849956084344E14
3.86314517651312E14
-8.120027176541125E14
-1.2385089178897111E14
-1.894053049974685E14
-1.0480541941341258E14
1.3711873747921186E13
-1.5529743204793475E15
4.212122018220168E14
-5.948042981326118E14
4.0061312861428175E14
-1.424075260073457E15
1.0414983790456676E15
7.161047493035329E14
-6.99109582073175E14
-7.813298393439432E14
-1.9423517318294872E14
8.951298989848005E13
-1.0629801076320047E14
-4.9368694333136144E14
7.874277263478111E14
4.417925489207821E14
4.013111401489179E14
2.6553631183586722E14
-1.49344124673148E15
-8.019242107097699E14
-3.995428965067022E14
1.3224110221793325E15
1.723889681018461E14
3.6067417016358075E14
-5.221657116929013E12
1.0374142395864264E14
4.3039078377513194E14
1.8911893612403956E14
-4.289616432182174E13
-9.313505952099345E14
1.2142021549161105E15
-2.5415531755209728E14
7.49986296757237E14
3.6360944106612925E14
3.9787212650568606E14
-3.327317757629605E14
-5.2871608593396594E14
-3.6542204146489794E14
2.7863060249392883E13
1.7197378905310484E13
-1.2539917757977102E15
7.135576778479632E14
3.494626611360405E14
-4.945195720610037E14
-3.8180541828273206E14
6.790805484270564E14
-8.944678374804714E14
-2.4894994622845465E13
7.796225466338764E14
-7.029115645574528E14
-7.275134182948222E14
-5.922251084764446E14
2.6024763360042622E14
-4.871222618845954E14
-2.0535177657695338E14
1.9366921068593494E14
7.9494776386448E14
7.512567187505329E14
-9.765160105284555E14
6.082922166479288E14
-3.433058494637985E12
-6.530696081922248E14
-3.153712916351249E14
1.192221701450102E14
-1.6045632948465212E14
-1.1686778717437958E14
-6.6609344755733414E13
9.480451740373474E14
6.651305390267584E14
-4.4829935232688734E13
1.0971835941874908E15
4.791696919530408E14
1.6559852729144028E14
-1.7001844825717884E14
2.4642428050396078E14
3.0475168550659244E14
-3.520435310257538E14
-6.30358789978582E14
2.234149684491972E14
2.4518952685716303E14
-3.0023405853251375E14
-5.4861260485410625E14
6.306806129915534E14
1.956752214482297E14
-4.918786105028266E14
7.170649961512405E14
-3.831441168847882E14
7.74252289318129E14
-1.3356741470664078E14
2.6921024942523566E14
-8.085526322516105E14
-1.2182524614002611E14
3.604146989203897E14
-2.5092653715050578E14
-2.6611330116172572E14
5.283644636488033E14
1.6586450431977278E14
-4.068955063617053E14
4.437794361030678E13
1.937526047876849E14
5.862341539377669E13
1.239369970017792E15
-9.728331448394211E13
-8.295059751473469E14
7.384975268025896E14
-4.6607534976371906E14
1.479239870501034E14
-8.652040066094458E13
-4.434164945810875E14
5.405530858482746E14
2.298947675003388E13
-1.1289144797544598E14
1.4338966572840812E14
-1.3372787908274805E14
4.892658885206791E14
9.073233363385735E14
2.8502213509674856E14
4.217713253445164E14
1.3249467623311455E14
1.3979996789312948E14
-2.2184499026399347E14
4.139809329762351E14
5.701389666538032E14
-2.067976815502828E14
4.268030306183409E14
5.596336324815884E12
-6.709156275082496E14
-2.6691622060683356E14
8.645045352187305E14
-7.819391349925824E14
-4.607899361886235E13
-1.2332258382498281E14
-6.281742995649862E14
6.243149376897269E12
-1.1313528890652865E15
1.487000593442867E14
-3.154814518843663E14
-5.522204059015452E14
1.2675365634673119E14
-2.5267050818441434E13
1.0460970579983678E14
3.5783318507100925E14
-1.9973206518221716E14
1.395859238419079E14
1.7261660176778537E13
-1.1847279316784566E14
2.7477852968022134E14
-9.593476763603996E14
-4.129032504039954E14
1.4013030199299811E14
6.457685942251534E13
2.001313658551596E14
4.0105643068795256E14
3.506944330286192E14
-2.2677904027018425E14
-4.5138997012802894E14
3.7458466869394525E14
1.1345936704043508E15
5.967406054855448E13
-1.641696569897384E14
5.246627982228532E14
-3.441037725950892E14
-3.6909960070173675E14
-2.4906112673619797E14
-5.902354114932132E14
1.3559184350531425E14
-4.096011331283646E14
-1.82971714614914E12
5.360990467074288E13
2.31114062932398E14
1.3481146471620732E15
-6.138136227044191E14
-1.4115892526527747E14
7.497009067873321E14
-6.386052578504045E13
8.469390290010815E14
-5.16427389978446E14
-2.942138624626016E14
-1.002114693135129E15
-8.626174398237314E13
6.611186756520182E14
1.3824580607000412E14
-3.401674485033363E14
2.4486105788075444E14
-9.769044117024831E13
3.212669898091365E14
3.857511255018992E14
-4.064309709189762E14
1.1285714409379122E15
2.039062505236065E14
2.969973044101451E14
-1.9031839611581832E13
2.6936933572941144E14
4.0663369452777344E14
-8.739147533749645E13
1.460614761788984E14
-1.4285671774183803E14
-1.62044747895729E14
4.5137210197105914E13
-1.292211402786445E15
2.5306126299591533E12
6.526880084207446E12
-7.82637983872234E12
-1.4996724851299666E13
-5.068806432799904E12
7.116454089547477E11
-2.435922301441415E12
3.5755549115221104E12
5.2492795451533276E11
-1.165800274466517E12
-8.672052278014284E12
2.4273395941193545E12
1.196770650712518E13
8.98744123392739E12
1.9386159104433457E12
-2.922941697544466E12
-7.587329765229324E12
-1.5218027206833636E11
1.8904654905983403E9
-4.411920222758496E11
2.714243383001683E12
-7.50044925159655E11
4.801521843956629E11
8.609669808615146E11
5.302881066306795E12
4.813221621056665E12
-2.505490495853518E12
-2.606066566805254E11
3.6264268400448394E12
-2.291380973856417E12
-5.1512444156265106E11
4.321140158806966E14
-3.926179561198281E12
3.8073132322582695E13
1.037960509969956E14
4.144995564079762E14
-6.397487475799929E13
6.638112671001251E14
-8.39242635101963E14
-1.5002327635182222E14
-3.909471126374958E14
-5.0100719975804475E14
8.744327808316152E13
2.7456894596344934E14
-1.2497523170948573E14
-1.4596159918928888E14
3.941543999681708E14
9.146856813875234E13
1.562877000290781E14
1.2650458935384222E14
6.69958897087986E14
-1.3406961065582086E14
-6.889365768331104E14
-8.260518344627144E14
-3.083175357672271E14
5.569859206023924E14
9.314816633973258E11
-2.7851450144899725E14
3.5205355220998744E14
1.0090917247997733E14
-5.135097433138944E14
-5.485398430514922E14
2.6633181435146006E12
-5.271082580066448E13
1.8570124551167197E14
-3.640116625622694E14
4.6326192939396206E14
1.1994179694006925E15
-1.8715610630929906E14
6.98823790335094E14
1.3827439738551708E14
5.96361972348127E13
1.0311318049819897E14
-3.360176491256644E13
-7.743876842285229E14
-1.2356665894588319E14
-1.9953936344283112E14
-8.900812627644139E13
-5.0745045661737006E14
-2.8038606379454E14
3.4401372380294956E14
1.4679071996421215E13
-1.7701796375086934E14
2.7160597411750416E14
-4.100412320219482E14
-1.2940555295680052E15
-2.599866843210874E14
9.825681703226316E13
-2.811626163438084E14
-2.1332220758826116E14
2.6071833243029138E14
-6.4519205480813766E13
-5.899454967218881E14
5.5084359407771325E14
3.952237497994699E14
-1.8890815065485575E14
2.246393258502708E14
-9.491011454114939E11
-3.709869790608386E14
-2.801518264020645E14
-1.1206984191967495E14
1.943832587132953E14
-5.939772315540072E14
6.455767515056181E14
3.479416940103646E14
1.840338636355154E14
-2.766591227441378E14
3.571239695151382E14
-9.930435052450475E13
-6.300454546791284E14
-5.944696405927961E14
-3.1900924723362756E14
-9.008360950548108E13
-2.8437221897048275E14
1.0040910089967872E15
-4.255304589449998E13
-6.053371980566734E13
4.2029526737264425E14
8.313765370475514E13
6.632294766037876E13
1.4081621299927744E14
1.2456507055108327E14
-8.786663886100372E14
-3.6047968967430875E14
-6.550893232556196E14
1.0753242364018632E15
-2.065625982637126E14
3.677767877894624E14
2.848895466303654E14
3.058587642911524E14
5.0110999158273944E14
-1.1186586075764492E14
-7.442952171416431E13
-2.2997203957215747E14
-4.370729419429771E14
3.327320363254409E14
5.5156902935294336E13
5.669318495408589E13
-3.3404162303761206E14
-5.973551325867978E13
2.841692544587267E14
3.7522120675540305E13
7.047013605017392E13
-7.723812269518478E13
-1.4717870004282028E14
7.731331692884689E13
1.894386975194378E14
-5.782464965137304E14
6.109931902109301E14
1.3510566117690188E14
-1.2269343578551214E14
-4.0671669911483706E14
6.983189201505627E13
3.482650883595032E14
6.675462116752154E14
7.834338631876222E14
-7.81697842274459E14
-3.741286661692482E14
3.209350836502465E14
1.150992971039067E14
-4.6670165238828875E14
5.1463504297986825E14
5.8080428720786586E13
3.0647757197400944E14
2.4706932778918384E14
5.09479833707873E14
-1.887622196822322E14
6.72493978966918E13
1.2694640838154031E14
-8.162560168084235E14
-1.0395832836056878E15
-8.777320772668383E13
5.2511058091642325E14
-9.475683822064096E14
-3.548828819704712E14
7.561764142741008E13
3.150873771836107E14
-1.3593453345744266E14
2.988938024619795E14
1.5873515360456945E13
-6.924193246309539E14
3.087773973506307E14
2.3606052464397375E14
1.186191120806578E14
-1.207407773365954E15
-3.86684152690457E14
2.2300580846033512E14
-3.400813757460106E13
2.5094015212905747E14
-2.907338095198996E14
-5.634778261387034E14
-3.08207434796038E14
5.102300863353352E13
1.5449158204993653E14
-3.937614227237485E14
3.553784655406526E14
3.078383471539316E14
-1.0890912477430702E14
-2.6868670375865394E14
-5.02864482669787E11
9.618796519157276E14
-2.227712806212463E14
2.9274084741269294E14
-1.2611515332680008E14
8.600399618670883E13
-2.843907665209163E14
4.953708196798702E14
1.993586293295242E14
-1.3887739179960044E14
-1.7633017994571766E14
-3.537245893134241E14
-1.0832553491063005E14
4.0160252967815175E14
-9.644697138995352E13
-3.150922038380297E12
-2.0411866270099944E14
4.1731625764253975E14
8.381931290221275E13
-9.142149090638217E13
-2.5828487598907425E14
2.1139483169317697E14
-4.932509927019591E14
-6.164423127858486E13
2.067536911753101E14
2.2183732556398866E14
-3.289387898870094E14
9.4401041200795E13
2.5794636640834662E14
9.161928190919895E13
-6.12251676777722E14
3.467338379711265E14
-3.2527525641944606E14
4.041401195323882E14
-3.511110082000878E13
6.232310623418317E13
5.03635617096214E14
-4.8508580302890306E14
-1.2219493521063327E14
2.6832641538942272E14
-6.167862598353286E14
4.749035569797361E14
2.492766068963809E14
-2.806679753679748E14
-7.373198792211681E14
-1.48584047261419E14
-6.713523698292934E13
-5.796632518223043E13
-3.441145348892991E14
-2.9471980062690094E14
-4.200161638465809E14
7.177875326594378E14
3.71525623759428E14
1.1700247496759042E15
3.3081458834063156E14
8.590761261943286E13
-2.6465513917890006E14
-6.483378850917031E14
2.853747757722346E14
-5.979891060085804E14
-3.894618720217464E14
2.2862171946490725E14
1.4712083265448041E13
-3.328169057774545E14
2.895659801905719E14
-4.750421144015103E14
2.177622126026925E14
3.523423043707056E14
1.2939829371984695E14
5.353531167606289E14
7.293206362628236E14
-1.585448532005135E14
-5.5039304143433644E14
8.710593383041554E14
-6.988172104799075E14
1.1510670346198538E15
3.818701015142763E13
6.315198550150804E14
-9.110296814345608E13
-7.316919191015391E14
2.89403309439007E14
4.042264093526296E14
-2.6485127543471613E13
-3.973290782425642E13
3.342931445558576E14
6.848055084470034E12
3.628717742500732E14
1.8705668315204116E14
3.519740860342485E13
1.920307783332025E12
-4.761056015003343E14
-1.8668873123932378E14
-8.086396952970431E12
6.365716545122276E14
-1.0322460953265966E14
1.7845764719277378E14
3.2754079848665E14
-2.6846119160660207E13
-3.011407962634939E14
6.558730411390232E14
-1.1072919017701193E13
-2.8124695697744656E14
-4.714027625456326E14
-3.359082077655757E14
8.09554162340934E13
-1.4616784820049275E14
1.2088823864757147E14
1.8407810231407402E13
-2.1842503249915962E14
-3.959147675456223E14
3.7957257696276175E14
-3.7687921218931575E14
4.865872553844367E14
-4.7845750714764956E14
-5.8596419132081055E13
-1.2420516264489872E14
-8.291412132816061E14
1.2739992006651498E14
2.0465875284647534E14
-7.099222653293953E13
4.3241142135092425E14
3.6343415992064606E14
1.1576108480247666E13
1.8715643435192394E14
2.6716962501416847E14
2.0327836563097606E14
-5.43657396435196E14
-3.23141499612525E14
1.307337940735109E14
3.8431554990620544E14
3.93492048887012E13
1.9059874701266706E14
1.1921772787593634E14
-1.0109784928004164E15
-4.996856786028227E14
6.242246499078426E13
-1.839476790358691E14
-2.936899578544748E14
7.340481041034536E13
-2.310676524975773E14
7.648380423283268E14
-2.5986612419090824E13
4.7699132254135E14
1.5237453310542756E14
1.9404238875978638E14
-1.3858096849519581E14
-5.0894624449850225E14
-1.9046450527903653E14
9.930002677976827E13
5.3960467183803606E14
-4.441670122422051E14
-4.0704469371801356E14
-5.184875557414494E14
3.3554690822994544E14
9.170272994851438E13
-2.5449985151120722E14
-3.972321826714219E14
1.1923492517629043E13
3.229752385017566E14
3.066197533571268E14
-2.80970889564018E14
-1.872318435936793E14
-1.1435549215592228E14
-6.098698683345762E13
1.1949857410298891E10
4.471818849748531E13
-1.847194046686635E14
-2.6565522478995003E14
1.3613522286993281E14
1.1881096806619362E14
-2.142899931856235E13
-5.593974730523658E14
-7.301626899836528E13
-1.2277848051734242E14
-2.914770882254976E14
2.2530091404861238E14
-2.2305647861420445E13
7.046510120818407E12
5.630304638015139E14
-4.07357025634138E14
-2.768774913659097E14
2.900206646498819E14
-3.176496196498415E14
-7.811630605010564E12
2.398886830175901E13
-1.5630454756853034E14
1.1137720196384129E13
-5.054390734827442E10
1.8900753948989262E14
-1.0643531788010223E14
5.049939883085839E12
-3.946357959887192E13
-6.33178900467447E14
2.823527502367605E14
-1.6073409612053084E14
2.183902807496188E14
-2.430039059371321E14
6.284665645642081E14
-2.7741883770672227E13
-4.042673269060637E14
-3.2953243055402825E14
9.604694123694866E13
1.8489720962091016E14
2.11909743571339E14
2.3662626877477766E14
4.318885305063628E13
-3.1829017772346856E14
-1.3250898402682439E14
6.910662587877574E13
5.729168886475815E14
-1.8729385050918707E13
8.226365483899725E14
-1.6526151047871053E14
-4.7956976601100344E14
4.720812417406238E14
-1.5826244284063544E14
2.395990592721615E14
2.4830778707875338E14
-3.090720833472534E14
3.254481735419916E14
3.1102515678471137E13
9.357998245251959E14
-2.087176804642231E14
1.4453217380315103E14
-7.890716486124252E13
6.397787590725599E14
-6.644021203449854E14
1.6948751038199656E14
-9.185899153990884E13
-2.6148427591167684E14
-2.677969743996592E14
-2.0958166205367156E14
7.148693033366575E13
3.1910823216175025E14
-1.6547438939641803E14
-1.876026897984955E14
-4.975947560002245E14
-1.9455360474893906E14
-4.5679767300821094E14
-2.4423230525020428E14
2.9735284613164215E13
1.7545665489486122E14
-3.934333461235447E14
-6.603657372667191E14
-4.0038485218757556E14
2.1788952376936293E13
-1.1158756794003828E14
4.9443778269446E14
-7.449445434570727E13
-1.19913492574056E14
6.843425320144055E11
-6.620908848502868E14
2.1822201877824547E14
-6.894709377545176E14
-5.135825939781122E13
-2.5749361116633634E14
-1.5790431279297434E14
-1.7438971044584016E14
3.7154285694897644E14
6.11431056236966E14
1.1660526712992367E14
5.766656329773602E13
-4.3218569516857425E14
2.3070858047660938E13
1.1123982387106489E14
6.45340354256932E13
7.57159349788127E14
-6.287777643079746E14
4.927453304203201E14
-5.615982456928579E14
-1.6952384364387353E14
4.8504159208980344E14
-5.139529455924272E14
-3.010412192458882E14
-1.5984937960271206E14
-8.932200447436316E13
-3.98570070660414E14
-5.3921572824841475E14
-1.1859416910163522E14
-4.297116328598902E14
7.803198208955809E14
-7759709.792206415
