-1.1293593990965454E16
-7.057341778624003E15
8.394020269237898E15
5.259369720152155E15
-6.118001851557799E15
-3.447634442794389E14
-3.0230686607292268E16
5.486861833520543E15
1.9211172536814248E16
6.850914882295872E15
-1.9234527917442902E15
-1.0678294458645524E15
6.265738119855109E15
-9.997050717724374E15
-1.4291272477945432E16
8.181043724163609E15
-4.557158624783242E15
9.973038903303136E15
-3.256059838750418E15
2.221537294634794E15
2.350173508212547E15
2.7712259792375155E15
8.315124265910898E15
-5.141181878691295E14
-1.457952192550179E15
-3.965393946686678E14
1.8668706262458128E15
1.262031101182493E16
-3.1371327482887765E15
-5.028775044105247E15
2.3208715402721635E15
5.033605877712926E15
-1.0729121452275806E16
6.122899949297183E15
-6.195377481408621E15
-7.435828632658944E13
6.256021358525921E15
-9.869854536354866E15
-2.680447213364132E15
4.9169208040885E15
8.271839121144994E15
-6.613328376265612E15
-7.15076296002863E15
-9.552913089211126E15
3.5920857741157015E15
2.789644600682791E15
-1.8860338731873645E15
-7.499514944301716E13
3.2669293181337325E15
6.167459873132966E15
3.5590658688996665E15
-9.17161585755336E15
9.536974071310924E15
-4.814285358615588E15
-1.1149149726962731E14
4.977289662759964E14
8.347484773503706E15
4.195261669106787E14
-1.042954095235013E16
4.470607940926824E15
-4.953980635968698E15
2.3760680249557445E15
3.424113170789486E15
6.230374209212351E15
-3.374743093584668E15
9.211252841948296E15
1.6917328775121638E14
8.791591387337931E15
7.537155274755175E15
-7.009912757707534E15
5.879422817341425E14
6.138355028049824E15
-3.099727802431967E14
-1.2786629400952992E15
-2.1351014410793078E15
2.928846903778812E15
-1.4873324556857505E15
3.8844068569817045E15
-4.942569101983673E15
1.5305394299829645E15
-9.089044870888206E15
-1.3630921936483798E15
-5.609612742809777E14
3.1975310849082525E15
4.2509266832885695E15
-9.326896008093402E15
-5.671582340372845E14
-6.033441160673189E15
-3.0741326922126945E15
5.061173861819572E15
-2.301124254914121E15
1.6639938943994002E15
-2.4684880639031485E15
3.590855074955091E15
1.0596069663912385E15
1.3743983382254188E15
-3.355857135843228E15
6.203437888452543E15
5.222402429836844E15
-2.9804436649768485E15
4.937402197053585E15
-1.6075343427349168E15
3.800780669355463E15
2.899541384872949E15
-5.460381280613863E15
3.648055370655632E14
-7.740290215798504E14
-4.901760284607539E15
1.1886680022362742E16
-4.3305086287323595E15
-8.23535809967646E15
-1.6481922040305414E16
3.875623406245167E15
7.251209310935176E14
-2.342764131604535E15
-1.0637286223393421E15
5.13016289273785E15
3.4386751846828715E15
-6.238533387303528E15
-8.166246817230506E14
-3.018094771709786E14
-4.889506829506376E15
2.9923263266990185E15
3.70086402137109E15
-5.2981109103205444E14
-1.0816505034950462E15
1.4751359080123605E15
8.22841923489628E14
-2.397727015204895E15
2.215739232400913E15
6.309860231927449E14
-6.4268405489637E15
4.903591327920028E14
1.4088519100537768E15
-2.498369611012129E15
-7.388875724067596E14
-3.2409455842858115E15
-2.1693361006406375E15
3.164155348019103E15
4.3190636655673685E15
1.8580952133839542E15
-6.733819973299018E14
5.635651131008682E14
-2.8114294834907185E15
3.225923363909357E15
-9.189695881934255E14
-9.9346854173162E14
5.266097186328021E14
1.6760878369383255E15
1.3901950673423962E15
-8.05564538250126E14
-3.6609337400252655E15
6.208583495090292E14
-2.298363901244293E15
3.15623569904128E15
-4.030435142266377E15
-1.207257418567992E15
6.852539407904209E14
2.817850036859412E15
4.980238743326224E15
1.3767358383983668E15
-5.526239455504639E15
1.7303828376587265E15
-3.193905869840474E15
-5.319006998570379E14
4.528550455956737E15
-1.0782145638936547E14
-3.566781986734485E15
-6.17462316172589E15
1.7174531121177018E15
4.68689918264227E15
1.4358221105831232E15
2.9856908604184645E15
1.7734079850145702E15
3.993245981508327E14
6.19364660502735E14
4.345059433030961E15
-2.6228257123893515E15
4.237321781275026E15
4.3792132705050765E15
6.916408571744069E15
-5.878596100994259E15
-1.3954706985104065E15
1.9868872207949342E15
1.606658305965431E15
-3.0652177673987605E15
4.0158002971475344E14
2.1600938527588562E14
7.049081059924381E14
1.9501285714305982E15
-1.99475904449705E15
3.4161802167063705E15
-6.621404764846388E15
3.596352156622577E15
-2.512276741330444E14
1.6931027982204505E15
-3.2785718950255355E15
9.323218352318564E14
2.72358140384278E15
-2.7901115644433255E15
1.504242540112381E15
-1.5404590596420195E15
-1.4613398699873952E15
4.0386937440316435E15
4.790216683376459E15
-1.995394798227312E15
-1.9972679714597132E15
2.715710411266858E15
-1.1071584550938475E15
1.5423934391681032E15
2.1044322917428335E15
-1.90460868767295E15
-3.705500576551655E15
4.3201715346790415E15
-4.3197754949317965E15
-1.0163984941622614E15
-7.430336947583006E15
-3.1534284663540906E14
3.891527803105157E14
2.81584500441549E15
1.3945647347502422E15
6.350256983299886E15
-1.410818673053798E15
-8.322664898735211E14
-4.70635106189015E15
2.812557712465047E15
8.289216007260096E15
1.1887836886627218E15
4.727620341264464E15
-4.985585598809244E15
-3.159574307558375E15
-3.1810933598812165E15
-3.885263333512218E15
4.89576765079773E15
-3.2692828947291955E15
-4.661569357474848E15
-1.7852243393351922E15
3.191418286640084E15
-5.839817788590508E15
4.277193329394279E14
8.195616667904358E15
2.0755793909107122E15
2.076817493507143E15
-1.8934964044913988E15
9.528319717382751E14
4.613376823098567E15
-9.5153480136064E15
-4.0907353975246365E15
-3.914571867290659E15
1.3448943707321448E15
-3.8662929043925485E15
-1.7533757668981182E15
-3.6843958195026635E15
-4.496254239807272E15
1.7904838331986812E15
-3.682032154166155E15
-7.585118148740235E14
4.2478774138966125E15
3.2222187101884315E15
-4.433152260072823E15
6.355849331538436E15
-1.4821438985447135E15
6.040325282099178E15
-5.432026327378957E15
2.3266364499361775E14
5.482744084082144E14
-7.543309878433714E15
-5.515637891833719E15
-2.9550579367591195E15
7.283468350608354E14
4.447565245461191E15
-6.639800775763665E14
1.1224776863375358E15
2.6582903259017475E15
5.6270475831681575E14
-2.4859796222054595E15
-1.0735709003881795E15
2.295058838768804E15
-3.6047841723766795E15
5.681148421737977E15
-2.280868894927529E15
1.9872307303368355E15
8.814883887271561E14
-4.1105644945116535E15
3.021383376648483E15
-1.1121294615301244E15
-2.4298905027396865E15
6.320648254633674E14
-1.0416269036748774E15
-3.37553837112024E14
5.189125911187387E14
-1.7184788772081178E15
-1.7584871914242018E15
-1.3411274501295142E15
2.4599018197133434E14
1.4655288554242572E15
1.1865765158763718E15
-1.0262141542989252E15
1.6490719444732552E15
3.5463114949272305E15
-3.51510287603928E14
2.555966621650835E15
-6.304042680612888E14
-4.907147848577551E15
2.5549125383049575E15
2.189206572547211E15
-1.0554374994638625E15
-1.855728833835967E15
-4.1045773842509336E13
-3.681059540058263E15
3.1750967552926775E15
1.1328842174345862E15
-3.4767407077956725E15
2.1404311561515368E15
4.3073305808564815E15
-2.42261539026314E15
-5.691714636913767E15
-4.774294188997447E14
-2.6334240102210575E15
-1.9103399392026118E15
-9.253682852474405E14
-4.8136871287761075E14
-3.664828412714741E14
9.476908952308446E14
-5.779563459963266E14
3.487696705628289E15
1.3041037662284898E15
2.729374350283892E15
3.3630191496439615E15
-2.475155451914545E15
-1.6529275010084288E15
-2.254642260537485E15
-3.3491893224597885E15
1.0330359551661854E15
2.0374027412915008E15
-6.600694288043094E15
1.55183945198836E15
2.9856495128165215E15
2.4434819159441855E15
-1.0551981471236506E15
-2.0819396902231793E13
2.7474156601546345E15
-3.663998806940787E14
-2.271178627785355E15
-5.321929862838728E15
2.2188171799548448E15
1.648862258742719E15
2.659745832384689E15
-2.3094626762070435E15
-1.469369422962023E15
2.4894476252375735E15
-4.4562037118384105E15
-1.159041095783485E15
3.2123926372532445E15
1.0632063113307554E15
-1.577052779925908E15
2.1129989480736065E15
1.7022701033300485E15
-2.8579125551473045E15
-1.0402117326972406E15
4.827990274605973E15
-5.374242558249328E14
-1.6874201510265484E14
1.6094547628492785E15
-3.673666312911801E15
-1.1216164804896489E15
-3.142675370082735E15
-4.884544787858648E14
-8.92684620762475E14
-1.8466222368779888E15
1.1762250579558548E15
5.730599130621976E15
-3.0084311437748944E14
2.3358572543833425E15
-1.9838314040922512E15
1.0299117286621278E15
-6.034831141829859E14
-1.2926128266153127E14
-3.3549616535401355E15
1.8815886174687642E15
-1.3201422502036295E15
-2.3056425307898215E15
4.271437606421294E15
4.0714945607562955E15
1.5519386581535662E14
-3.191473966596272E14
-1.644105749462514E15
2.160511106616713E14
1.5102929843351415E15
1.137937433532509E15
3.891761357180597E15
-3.0455687788833345E15
3.688874589561113E15
2.9827197310998E14
9.821338673875874E14
3.092934364234182E15
-3.479796188673507E15
4.219313145603202E15
-1.6886944026110692E15
1.0413517510486438E14
3.7650269596220465E15
5.2304767029094775E14
2.0878288463776262E15
-1.426114740764184E15
7.320420997387702E14
2.6290915022338195E15
1.4686645590300782E15
-4.807185892421065E15
2.4648967936678445E15
9.66897056116295E14
3.7542707930604015E15
-5.006887970335146E15
1.5999031198832115E15
4.627807263623592E15
2.508885290920745E15
-4.1770962445837885E15
-6.122891835857534E14
-3.9161052276906805E15
-2.208966991069533E15
9.974052362131832E14
5.318350581539512E15
8.933056572439929E14
2.6255604449248355E15
-1.5803907166434612E15
-8.018988685270839E14
1.3315789935795445E15
-2.6585119596756528E14
3.07972906365536E15
-2.251092873246868E15
-7.22394472785716E14
4.2227646347514E14
-3.490175531667535E15
5.193681931948872E15
2.4501494078640255E15
7.09480499757657E14
2.027658102022474E15
2.4984572607552495E15
-5.44761580348374E15
-9.617090041756325E14
-1.9273817156399858E15
-4.2704991017797094E14
7.255806255320334E14
2.09514032311124E15
4.659092305447948E15
-2.2400443021202338E15
-2.36271306212925E15
-5.033504788831998E14
-9.299870702372142E14
3.3606611362966926E13
-3.6935174210428785E15
-2.3862385799261716E14
3.442525051285913E15
3.587566567247601E15
3.3746329644561485E15
-2.49783082376725E15
4.4070418487481725E14
2.294578741659419E15
-4.407258876840565E15
-5.662461910461286E15
-4.754510964631907E15
7.631552179253332E14
2.1428298473145458E15
4.217368390112247E15
2.5830599058470135E15
1.131392906214802E15
1.3336766201509852E15
-9.438329845340762E14
1.4649046711731905E15
-9.191053902177582E14
1.5695801956366022E15
1.0644353711580975E13
3.354184574168323E14
-4.476221518741826E15
1.1038658790902884E15
-1.9267278498632018E15
-8.37616067427016E14
-4.115124621911364E15
1.4803666367371602E15
2.969631550012256E15
1.5993994610433618E15
2.3279573507132453E14
-1.7854371823023242E15
-4.027185741800435E13
-2.7171811005212245E15
-6.576362208232426E14
-1.3083376381939072E15
-1.3598793611622712E15
1.116352221300049E15
5.712738785151071E14
-3.0214233085101335E15
8.671229222969387E12
-1.2200076477025455E15
1.8934657689742925E15
2.8194148776992525E15
8.692931833069036E13
1.6718345072590078E15
8.546731975807065E14
-6.736296090927049E14
6.854268091138268E13
-1.0515875573979655E15
1.8069376532371475E15
-1.41035425800396E15
1.2476648017019302E14
2.588208355219694E15
2.268201790937837E15
-2.683111839659554E15
1.5197809338576998E15
-1.561730009403206E15
-1.0205035507672452E14
1.910214475200185E15
-6.406240370357008E14
-3.828899847105086E15
-3.166360837147228E14
-7.741351885806229E14
-3.2386824861019E15
-8.500323406698405E14
-1.2709644445197518E15
2.1597024033010662E15
-1.4076009304949762E15
2.0541242958155758E15
-2.1581015603227152E15
7.824388419126494E14
-1.4279768147598548E15
-7.959993526130702E13
2.6136929892498415E15
2.7712014602754897E14
5.819939456759332E15
3.333034413810085E15
-1.6051012455662435E15
3.800767559406914E15
-1.2451240450587248E15
2.3285076466839535E15
-4.7489391572867E15
2.86297302072995E14
-1.5968812176420598E15
1.0399256973457591E15
4.961191834218974E14
1.9199091410695702E15
-1.9593899207779102E15
-1.7861584785495298E15
4.581863743113449E14
1.9638458643203165E15
4.088397350962521E15
-2.2283671126699998E15
3.077066279634984E14
-5.056796291154584E15
3.6224071322650365E15
-3.4846849247771845E15
1.7727658370597668E15
-4.1267052223577965E15
-9.353214514237424E14
-9.84662009942511E14
-2.343409451901149E15
1.8726320684570212E15
4.901611172953645E15
-1.8003983921368442E15
1.3236488442623388E15
-1.497309430866345E15
8.50850408888863E13
2.0120846684450238E15
-6.381468325059102E14
-4.476769121957244E15
2.1391854351615038E15
2.045041640309925E15
-3.94229719895993E15
3.85100058148642E14
-6.835311287121586E14
1.0476278791594306E15
-1.41931304817517E15
1.0055095053814341E15
2.5193902269747095E15
5.602162211551061E13
-1.6600762300874122E15
2.4414925638290953E13
4.3603588480982E14
-3.6421764508715944E14
5.524545384369469E15
-3.562167600493578E15
-2.6094400028855405E15
-1.5260309718769425E15
1.8140803323075928E15
-1.0595943276046984E14
1.5174153027009548E15
-3.6826642548845565E15
1.0308659193539058E15
-2.1215838343367498E15
-2.77754000945103E15
-2.84099671944046E13
-1.5023531542935675E15
-2.214701769292494E15
1.5972839760717825E15
-9.292976783429989E14
-1.6182491190306158E15
3.1224729925404105E15
-2.048031501979294E15
-1.9360135281054038E15
-3.6930496196012085E15
-8.859477580962621E14
1.5549809493058703E14
-3.9364869477973905E15
2.762882013705293E15
-1.0956868490881171E15
-3.283243981297562E15
-8.350221801920676E14
2.3275593673811984E14
5.95807688225261E14
-1.3046754759375272E15
6.263153721687114E14
3.9263679080170515E15
1.654173209608031E14
-2.166764168486706E14
1.1580665804959982E15
-3.111976494810159E15
4.8165184499516044E14
-1.7393384193934472E15
3.260244529244177E15
2.914455090480882E15
-4.7528526931688975E14
-6.168156037605276E14
4.171968319964397E15
3.347650900469247E15
-2.936758686559122E15
-7.835592803677689E14
4.8368611886212394E14
-1.4297747519701012E15
-2.1850281232803902E15
3.9452367352335586E13
-1.8027442169996465E15
-7.534256438848321E14
-6.419501200311791E14
-2.3316805176921515E15
-7.841730228226235E14
-1.1753972729825625E15
2.234821166097543E15
3.4089027729116335E15
-3.185460330775123E15
2.7607822678633753E14
2.8795390512357595E15
-2.685377355326976E15
-2.1361727649796842E15
-1.409544232613206E15
-6.60921401583542E14
-6.930652283538145E14
1.581563164459862E15
2.975433532062471E14
1.1594279490042858E15
-2.8749997294430525E15
-8.290226435506938E14
-1.909066599655632E15
-3.81536709210149E15
-2.632374663898764E15
-1.6597256197873525E15
-2.581526662946939E15
6.890539017826279E14
-7.06000141980445E14
1.6709026596983992E15
-1.282700435130705E15
3.0636624193003655E15
-6.918301083378186E14
3.516627412558386E15
-2.1798653597394534E14
1.1166838937183881E15
1.9910742211281253E14
2.1035595033140625E15
-7.340547778694741E14
-2.7492182832079995E15
-4.8762389849708956E14
3.124916810258776E15
-1.2710216871611927E14
-1.382048180191515E15
1.6107589331876453E14
1.396360317931685E15
1.8640953673482432E15
-2.0696701129642285E15
2.695436283259814E15
9.016879509880851E14
3.6847008177353055E13
-3.6246954215422085E15
-9.294468033768325E13
8.789117266165094E14
3.589462433875763E15
-2.0442293596464762E14
-1.0477414703517979E15
4.9179171405192E15
-1.260599787308266E15
-7.14077919575897E14
2.8147017452077853E14
4.5279345660575794E14
-2.5423644868454665E15
-2.0280647370885188E15
3.0395973151201856E14
-3.7820878101129856E14
4.1175518790540925E15
2.4581902852996347E14
2.501416287919894E14
-2.6926135619182978E14
1.1966083649554778E15
5.5058369208379275E14
-2.4982426323307455E15
1.1168051649112461E15
7.134538312708582E14
-7.514251171233485E14
-1.5960095567132975E15
-1.1772788000148818E15
1.2718663598970202E15
2.3600019472993875E15
-4.390120714881501E15
-1.3901175071889398E15
-2.897454206829555E14
-2.291842318878723E15
1.8267371705981002E15
-1.0617834538785326E15
-6.381291727149004E14
6.462969207580144E14
1.1136622417932668E15
1.440500476699794E15
-3.6180943902006544E14
1.549556897145793E15
6.928601730839304E14
1.0079373436474244E15
-7.020937684527684E14
4.594125942867643E14
1.6549002906873245E15
2.3327347870426845E15
1.1392995604850538E15
-8.20527706657336E14
1.761137715213917E15
2.9168526128953945E15
1.3525937070891205E15
-1.2767741572167018E15
3.475286825159547E15
1.4299683398737845E15
3.096250670544736E15
-3.0898473714611345E15
2.8096074255356345E15
-8.809760962944359E14
1.968064379280636E14
1.4972726186705709E13
1.4756658991936855E15
1.5064854154312072E15
3.2149380213849705E15
3.4946969626430155E15
2.6710666223321688E14
1.2460353734946078E15
4.4353383508010605E15
3.493086192715835E15
1.5628165138644E15
-3.073716808886038E15
-2.590803600618379E15
-3.3296637731015225E14
1.5610338400743052E15
-7.762843190119559E14
1.8941942488438865E15
6.88868876749229E14
-3.120483035527626E15
5.3186224579782075E14
-9.083229706080388E13
-4.38565769937728E15
-7.079503867423342E14
2.3019149178788995E15
-2.175955689736579E15
2.7973603828892406E14
-1.6479264557797272E14
1.3511946260024965E15
-1.26286809922666E15
6.143962037541816E14
-2.307312177183997E14
4.1634285385629065E15
2.671014568695737E14
-3.0473163124194E15
-1.1689134552704898E15
-1.7433974213196355E15
1.1677952545291918E15
8.735053307288082E14
-3.790190917350798E15
1.3306902904196075E15
9.516319874667355E13
1.535497406168557E15
5.068067098423048E14
2.4889238876891335E15
-1.1203483543323295E15
1.2474643701665195E15
9.19664655759537E14
-1.4129785716670025E15
-5.830560405032181E14
2.855580266360973E14
2.476455338833995E15
-3.071642962521546E14
3.3777240639219175E15
-1.2054634390010515E15
-4.281165509372401E15
4.565943505594321E15
-1.6028099222123945E15
1.4415520411293882E15
-2.471776822214168E15
-2.0564302799010002E15
8.402687855824409E14
-1.8543533450150685E15
-9.542809766210855E14
6.264112440991681E14
-3.887549277151954E14
-1.511958191367327E15
-2.8393695832292156E14
8.914346946739396E14
1.892454021571358E15
-2.842487950052103E14
8.06961694190644E14
9.552734566254544E13
-2.7156553086998185E15
5.419857871132318E14
-4.23106249848932E15
-1.1260100705172669E14
-8.167348750135165E14
1.8047120460983235E15
-1.1199470413493376E15
-1.3357665812067572E15
1.048625969802908E15
-1.2526506412084645E15
1.7055884767054022E15
3.406805218770972E15
-1.9413970254201228E15
-3.9098149838674235E15
3.772798606908957E15
-1.3112791511131695E14
1.695239370451687E14
9.050036709192582E14
-2.906360731795317E14
1.2579282238234668E15
5.736827255990841E14
3.068685955363629E15
-1.544735457699542E14
1.230054088615514E15
1.4951039106514752E15
-1.675858568891011E15
-1.0176043568171196E15
2.0119782856276648E15
-6.840349909633821E14
-2.8889792705411435E15
2.1664163608092072E15
-1.9882956245291698E15
-7.803604902794645E14
-2.0715491157562092E15
-1.9156820501247095E15
-4.356007727492776E12
3.42555991449384E14
-1.9350914810442522E15
-1.3564656514979965E15
-5.487371810179952E14
1.9804767384979625E14
-5.068252572476731E12
-1.2278404490299385E15
-1.252720660865259E15
-3.9715249672689215E15
-2.1425751437386735E15
3.2002326564134925E15
1.1656565157195569E14
-4.458800401840212E13
4.525638978074796E14
-4.646836043877632E13
3.3099031306839055E15
3.2525427121416545E15
2.1579418274879765E15
2.0011209045214395E15
1.0907081929661134E15
-3.0061372764550185E15
2.2976675734478555E15
-2.2626014430875395E15
1.5895643166739735E15
-2.8976111608734585E15
-3.167187427433866E14
-1.833785605614195E15
3.125401541021404E15
-1.3537352253371455E15
-1.3899428422441319E14
3.1659388211290375E15
-2.1424664519379788E15
-2.0525967711805272E15
-1.694527839964478E12
-2.6467278974403605E15
2.0690936781173588E14
1.2940516705394362E15
-2.076016336805684E14
8.537632221718084E14
-1.7162683043611245E15
-2.980601034042494E15
5.1782257952215875E14
1.1204061428178046E15
7.534290572317685E14
-4.02081533545793E13
7.222664665949471E14
7.194554960258674E14
8.651886073794048E14
4.240652176653968E15
-2.823987789329631E14
2.0884144576963692E15
1.0544213207159139E14
-3.465589070409908E15
-2.2003917710900915E15
6.753859935748669E14
-4.27156616692789E13
-2.742179635640597E15
-7.092856616436924E14
-3.13317686065583E15
6.178861177298458E14
1.1864088952296092E15
-2.6541524239179238E14
2.032308166382851E15
-3.024268700148517E15
2.4122170978904455E15
-3.981926894557726E14
-3.1128851803988885E15
1.2696710123562828E15
-1.743734886743178E15
1.5591160039120028E15
-3.6568125121540125E14
6.440928184680711E14
-8.247073542179801E14
-1.2959136798478872E14
2.156145602929618E15
-1.462306632850765E15
-8.865897634544214E13
1.2116050709059068E15
2.1698785722283525E15
1.603409724018686E15
2.1665152148739915E15
-1.4071914750008042E15
4.426794996403754E14
-1.1956978934807225E15
-2.620022034645587E15
-1.0770748889482383E14
-1.8343835279132365E15
-1.0068063708335552E15
-3.443808076801999E14
4.076391013947278E14
-4.718629099829244E14
2.4869266212589215E15
-9.546055635787873E13
1.329211458415427E15
-4.770300981470206E14
-2.497041964341938E15
-2.7774126634562866E14
-1.504974843430286E15
9.558081637201324E14
6.405994451000756E14
1.301140011291435E15
9.224739221504081E13
-2.127798832239913E15
-1.44445976369478E15
1.8634854581788802E15
2.3351193000429005E15
1.3406321296650038E15
9.123073015435775E14
3.967948617349087E15
-2.2222117411887746E13
1.5675917680414855E15
-7.330324871393544E14
-1.0270832952513605E15
1.3862126818761118E15
-2.1561022370229605E15
1.1465856918423832E15
3.4373093677001305E7
