-1.4210759889850392E15
2.0656296767164788E14
-1.1367712177295228E15
-1.1763562216588842E14
-9.576705124320914E14
-7.895804633550855E14
-6.153486228803918E15
3.53874456103389E15
4.4753652075973635E15
5.862145102636384E14
8.199847661205494E14
-6.384698732254664E14
1.3365615752199492E15
2.0538863948172222E15
-1.6701529629782385E15
1.5988606354466598E15
-2.492204397419311E15
-1.0403874858682906E15
2.6840720399127785E15
-2.6820476922495765E15
-2.2278253325494048E15
9.427829345727918E12
1.1404654842990273E14
1.611008414397783E15
1.0776786112692031E15
6.607821817707622E14
1.4107345796532698E15
2.462089541487368E15
-5.431582018442918E13
8.402673720627709E14
-1.2800088069323948E15
-9.039565242343505E14
-2.725736537406288E14
8.108148720231494E14
-2.1196673475850582E15
1.0860913229722775E14
-1.0296521873848556E15
-1.1218903457420622E15
-6.151922913667418E14
1.147087761294992E15
1.6462199328615285E15
-7.277625549845808E14
-6.8138056778722734E13
6.183634583627218E14
7.102807560421898E14
-6.25802024017972E14
-3.342519558413715E14
1.2048987399724265E15
2.3328899812817385E15
8.286953490588608E14
1.1157170345044862E15
-3.9221864537647775E14
2.3373091694689105E15
-1.734196146721248E15
-8.640960254795779E14
-1.3660218223207605E15
1.320183661314308E15
1.7976297750357365E15
-1.2263085845748565E15
1.9781330965456035E15
-2.4378202870099175E14
-1.6936310483912744E14
3.723785521583382E14
5.3685695626887556E14
-2.0619116856685525E14
7.528115700092546E14
-1.2107779814757182E15
1.3763638353607958E15
8.197256937115472E14
-1.9294265222090008E15
6.096920611281735E14
1.1480714199730752E15
-9.90904774055679E13
-2.3251075962936065E15
-2.2058346237658538E14
6.446909992201222E14
-4.109614639806151E13
7.496775766631779E14
-1.224984740892425E15
7.250177721449712E14
-1.4012234681868E15
2.828566789896472E14
7.960571095669658E14
1.1151420212695888E14
1.9798864720492245E15
-1.5813949844690522E15
6.316290001989794E14
-1.7747906689573832E15
3.788916487211254E14
1.245884750457577E15
-4.1148905474325525E14
7.604776576011766E13
-3.273711075610892E13
1.1990022600130098E15
-3.6219444782132206E14
4.0617272087438294E14
-1.5844652828928333E12
1.1013761560423621E15
4.909439792002518E14
-8.46595255858283E13
1.1907831761161372E15
-2.646769563934775E13
4.4919826772667944E14
-1.2599467638339395E15
-5.1973822794863875E14
1.1752230720185415E15
2.7068693932434378E14
-9.445526233436996E14
2.014250646838071E15
-7.116486591818941E14
-4.1029772265155125E14
-1.5449877926472452E15
1.4388367149201575E14
5.580740196227477E14
-1.241754314135171E15
-1.553197899058717E14
5.973202816599806E14
-5.249892842690314E14
-7.136949247889909E14
-6.809094360250182E12
5.5590644082380606E14
8.377714700444049E14
1.324352519564319E14
-4.1049867088274856E14
-2.388895435461481E14
-4.0151920293460694E14
5.2005193842259894E14
2.843478958432756E14
-9.203464469586932E14
4.5314601542168794E14
3.5479868609200294E14
-5.745939647356008E14
-9.231978028964728E14
-3.9729057359549925E14
4.286312613696507E14
-3.9187102958729956E14
-2.5320632460608612E14
1.3338289680788253E14
-2.1480534197089078E14
3.300617476434762E14
5.625506307786153E14
-2.2197433511072303E14
1.0651442773916086E14
-1.5043614654195584E14
-4.2725592498101825E14
-4.727362888126593E14
-5.803354503353468E14
2.809277187535908E14
9.061728652896665E14
2.3203953962490662E14
9.447293837131254E14
-1.1072800027958085E15
7.099337695332834E14
-1.2338213311078592E14
5.25013749775903E14
-6.025934495909771E14
6.892603479281231E13
5.754622025084941E14
3.4913298188698156E14
1.0971996409251045E15
-4.262228812599528E14
-1.0379546140221175E15
3.8659750272109675E14
4.3167054542853456E14
-4.362251954374232E14
5.568858133952567E14
2.5616229062011897E14
-1.877106628578069E15
-1.1875100233474188E15
1.0750070897447253E14
7.369361639642455E14
7.928481712656099E14
1.401724722189259E14
9.147828426797899E14
-3.9926745410649336E13
3.8801337031269494E14
1.4958665026852718E15
-1.3335818805473392E15
1.285103563138573E14
2.9423311714811344E14
1.6842716301357135E15
-3.524615082141674E14
3.9652390209468516E13
1.8773625195209825E14
2.778742738819448E14
1.7637058784444403E14
-3.4327272591761756E14
5.5714255186109806E14
-1.1927735550887673E14
2.043905638398169E14
-3.5750772477986625E13
7.579036685603855E14
-3.577518421485791E14
1.5033308809979755E15
-1.0202311349490014E14
8.790907733999319E14
-1.2853334976641238E15
-5.4239851010028975E14
6.288567728140352E13
4.466069705367757E14
7.2440389557308E14
-6.899799784893281E14
-4.9067104417283844E14
4.305873657352071E14
1.339579548278349E14
-5.309447127424832E13
-1.0479680100349421E15
-9.926075087914447E13
-4.96736058551241E13
1.5645920723195788E14
5.378689007366031E14
-8.580013688321925E14
-5.823908965989065E14
7.207524552431802E14
-1.1770532915943682E15
2.3302578279060075E14
-9.688638771741665E14
-5.623546355995545E14
-1.5977188233622512E14
1.6000499608102732E15
3.7457979165481575E14
3.1163202824820394E14
-2.4590145743362478E14
6.757616352534316E14
-2.3103077094540234E14
1.1407514864240716E14
8.23416895438265E14
4.5231906782138244E14
3.32998953864241E14
-7.407298284034841E14
-8.330883978484388E14
-5.418946405896649E14
-9.96277717625191E14
8.266921513585966E14
1.686183906165296E14
7.705376467909529E12
-2.8024527534503175E14
1.0763733706712985E15
-6.198121599536784E14
-6.186629988733131E14
1.0327592810720696E15
1.879659900586171E14
6.569159141378605E14
-3.672245087728656E14
-2.2537336111507362E14
8.740886287993958E14
-6.695677595153964E14
7.547865813004625E14
-5.0009701237227444E14
6.525190984003049E14
-9.601424307871414E14
1.926325050226651E14
-6.731878093456615E14
-4.609734997607351E14
1.0076932384447559E15
1.3598294526380867E13
-4.70884487927785E14
2.2040015871940366E14
1.271268615401079E15
-1.2999869965637262E15
1.0349702355380374E15
-5.1635010904038344E14
7.656331193090638E14
-6.39247802531718E14
-1.3078429771083588E14
3.157293589059267E14
-1.401694926419652E15
-1.166786725879472E15
-9.969675154459448E14
-1.0638882937625001E15
2.5825759761717544E14
2.2777827032773212E14
2.0827607906425556E14
-4.645634104723307E14
-3.09524366451246E14
-1.9549501673020228E14
-1.5511016234646534E14
-4.9430949628056725E14
3.2284531085830644E14
-1.1243309395015201E15
1.0226755683114641E15
-1.6325556817428034E14
-5.922521010113455E14
1.2416607239983832E15
-1.1213910789511008E15
4.0834235730011144E14
-3.175002424042243E14
-1.3856257140142345E14
1.3742734723221117E14
7.409363293608206E13
-4.4589423213242456E14
7.817644829635751E14
1.9292932761295556E14
1.6273503099952634E14
-4.20720422872574E13
1.3261527427484111E14
1.4933121511344225E14
3.061693967670779E14
7.669393409828482E14
-5.56840190756532E14
1.46425566603783E15
-1.563219870195654E14
9.029440736126328E14
-9.7409126183058E14
8.193174442949686E14
1.0369743512396659E15
-1.3483431538006942E14
5.753595383851813E13
-5.873629642409449E14
-1.188471686659755E15
1.2477487819658408E15
7.328877929832816E13
-4.2256687238704744E14
5.588132897924007E14
8.875111891917452E14
4.179037168750533E14
-3.378064163323919E14
-8.939672240519571E14
-5.077026198958723E14
9.934569143539331E13
-3.980957840011122E14
5.973304280300777E13
6.962693719733881E14
-3.255193816714931E14
1.330108583206757E14
8.295022276061451E14
3.875048148726456E14
7.635122289974249E14
1.375575818731263E15
-2.86869976720875E14
2.6388054313660426E13
2.1657616115983203E13
5.616763757398136E13
5.061013288385881E14
5.456444094946661E14
-1.477413301840135E15
6.547123143327279E14
3.790740624301027E14
-1.1069533624954033E14
-4.3931297344328994E14
-4.5679841842811016E13
3.205573791080622E14
6.339792666478679E13
4.934348621843374E13
-2.417606077419622E14
8.693917103361511E14
8.585332956742644E14
3.651644046285859E13
-6.029052380219995E14
5.788916611848635E14
5.418450504596993E14
-1.3155090035084028E15
-3.1879296121089694E14
3.540366799260824E14
3.1483964274007856E14
-3.969398498916486E14
2.6935840585829456E14
4.325706852000363E14
-1.5421248034998953E14
-1.200553143579689E15
-1.5163858513560866E14
-2.0512014368661634E14
-3.9781851957946356E14
2.1509245791104156E14
-2.3400230749380828E14
-6.49281622502701E14
-7.310941060695168E14
3.4021676287220094E14
5.079268772536825E13
-8.089745930961845E13
1.7454074873277506E14
7.225815869872141E14
-5.6187277535741744E14
6.48620561627646E14
-2.24496466375908E13
1.6980691931104488E14
2.1991522280513234E14
9.649952885339881E13
-1.240444318911484E15
-1.2314122054965195E14
8.125062305182867E13
-4.566833859517167E14
9.922205902580231E14
3.771367277505978E14
2.2538365665508597E14
2.625736935352039E14
-1.0094794988430268E15
6.368156377036522E13
1.123514469482368E15
2.879640756180581E14
2.1420008165082756E14
-4.4475119875601206E14
3.135202490052407E14
9.050120356483653E13
6.057472175951441E14
8.831471227422966E14
-6.595051453803091E14
5.797738329646692E14
-2.527043933088568E14
3.7176380863350594E14
2.641829664489344E14
3.6339248980976644E14
3.314101871294764E14
-3.846994511078908E14
4.928743667098844E14
2.5054280941476956E14
3.231424838585887E14
-3.2785955595551625E14
1.7078327520929545E15
-2.3105936807825238E14
5.39146873550608E14
-6.59980675591127E14
1.6575921447447647E14
5.219719555419252E14
-3.016332028246254E14
-9.706452939220269E14
-2.2118787690173772E14
-9.419541464577482E14
-2.097566129758896E14
3.57383097019201E13
8.556565482343734E14
-6.586150922725378E14
-3.40109184211691E14
-3.054956928436308E13
1.1204092675826117E14
-1.5521822454107488E14
2.83372293264419E14
-8.03147960755905E14
2.774413107265461E14
3.3762492878911006E14
5.62582648313176E13
9.73650112526111E14
-8.835872711423341E14
-4.8396034159930294E14
-8.751378802776335E14
-9.53355457530538E14
-3.9238093358466144E14
1.261069224690986E15
-1.5383189036594713E13
9.316037707560022E14
1.9218000263893372E14
-1.1103683482783305E15
-5.886255787245429E14
-1.5688139995762384E14
1.9120181652824034E14
1.8686261068752562E14
3.994952482204818E14
-4.8831374542199575E14
-4.541405450900098E14
6.322891330494204E14
4.011165974271482E14
4.587606094757212E13
2.47297975997783E14
3.9150289897815844E14
-8.434205272982099E14
-4.830231068484589E14
1.073733839111474E14
-4.334689913306327E14
-8.448979688768438E14
-8.23955736391727E14
2.5375612088168122E14
7.135631945851466E13
-5.570554619895166E13
3.514273072804438E14
-5.609858866874223E14
6.323973336884548E14
-1.2602121329256332E15
2.143589130007385E14
2.9651085633513025E14
-1.7357452094952494E14
-5.538228698616422E14
1.0360312495544425E14
-6.650103993899249E14
3.0575033614511105E13
1.5849010416702752E13
-2.7732317883153925E14
-4.436254173494886E14
3.191187891287626E14
1.1180765502185364E15
5.644822318126134E14
-3.4071103755497594E14
-6.273004238323334E14
3.1546321642071506E14
-1.7862392124838138E14
1.7984213458429797E13
-2.7611929486494778E14
-5.0946771438424575E14
1.6981500347342584E14
-6.122851498687146E12
-4.4560222887639675E14
3.297077210872248E14
6.026717236446691E13
-1.0339466013155622E14
3.1775375608714055E13
9.801174852113164E12
-5.024108955900345E12
6.612815026216644E14
2.407161488536335E13
8.898806638288086E12
7.456385200367012E13
1.3238172103924385E13
8.169812273340545E13
-1.3003325842334789E14
3.705735439591022E14
3.518780496128678E14
-7.301073075223199E14
3.6372574113366794E14
-3.0173343430490225E14
-6.506052185545641E12
7.726946006499304E14
-2.3193106744721044E14
-2.165143640819299E14
-3.1971545708991508E13
5.253826212798732E13
-3.232693254077225E14
1.7359584414189922E14
-1.3997453093111456E14
-6.570887230883821E14
-9.151426757757911E14
2.9926459808034494E14
-1.0243818444337722E14
5.01036050477966E14
-1.1878756534608175E14
1.7930810870804572E14
5.446731513369872E14
-4.987276982497693E14
1.140805981051853E15
8.298705486056575E14
-3.4956109790784225E14
1.5988329013211156E14
-2.845477405618523E14
-2.4412456774030297E14
-6.525070571645382E14
-2.7731146942594844E13
5.7035776025602055E13
-1.769703508435834E13
3.050302541990724E14
2.0840121305780062E14
2.9197423873869725E14
-8.430184942995466E14
-4.4218379154459456E14
-7.932940897067347E13
7.619062904329261E14
1.5107970691560447E14
-6.893453211555587E13
-8.839578939184684E14
7.255597847602598E14
-3.7194157622617825E14
4.1026196252665225E14
-1.2789590305829995E15
-1.3815454012135155E14
3.3027259962038075E14
1.9012061389337656E14
1.1477843344265156E14
8.514742550954889E14
-5.020975548658275E14
1.3051658025827962E14
-3.38079164139679E14
-3.24631629861963E14
1.2665759084522889E14
-1.2160975063521195E14
-5.1158402378657106E14
4.429854901855056E14
-8.589934253075452E13
-9.90024079058514E14
-6.492831233983562E14
-4.9615996929555125E14
7.719075248811458E14
-7.347427470183445E12
-6.958899519573286E12
2.6126476015743753E14
-6.361985577892242E14
-3.41358040737048E12
1.9348004407755475E14
4.632374197961272E14
-9.103954516577255E13
1.1219689390929826E15
-8.290137694746946E14
8.2881147528422E13
-5.330359016014329E13
7.66220222952316E13
-9.83807848436461E13
-1.2114863635707548E14
-2.7961432860785856E14
2.5166092603451416E14
2.513530809548086E14
-1.568334401323483E14
-8.185310571646424E14
2.879983111098259E14
-1.0037107083273869E14
-6.968002792517199E14
-4.696340236183936E14
-4.2096314907276425E14
7.381561404425809E14
1.5579888794208078E13
-7.461994321140379E14
-1.3507234691568015E15
-9.576377393389728E13
-1.4245625834769356E14
-7.449458367380851E14
5.2358936514378375E14
-1.1888206385775061E14
-9.287640335902306E14
-2.9766074158031356E14
4.412514397892325E14
-2.0281885933911994E14
-3.682905128922418E14
6.399572253983611E14
7.513731058585711E14
5.175070257849108E14
2.415393792663229E13
4.318938523359353E14
-7.336950785264456E14
1.63475965217195E14
-1.5872204074442225E14
6.742859163814434E14
-2.6767540474919388E14
2.537661835473187E14
4.7582698369730445E13
2.7257012539761206E14
5.2039235719524394E14
-3.144628938087461E14
-4.828716549006314E14
-1.4857452673078588E14
2.884979236754374E14
-2.541072866295927E14
5.933579560977875E14
-1.2602687020859125E15
-8.335851042754373E13
-4.2761815578842325E14
-5.350610834658737E14
-3.2857271286005744E14
-1.1092660104245242E14
8.883237927962133E13
1.0885887382828264E15
-1.2765904122228136E14
-1.9786654042988418E13
-7.290277220250448E13
-4.194923036505364E14
1.2730745650336795E14
5.3855379338593594E14
-3.410073912786577E14
1.826212338006696E14
-3.971892938337077E12
1.2982527613440508E14
7.338180331340878E14
-2.9165245729589794E14
-1.4326025341188422E14
-6.413073294918561E13
-1.0136932409771575E15
-5.3407638765993044E14
2.423248430028594E14
-3.3368923304308925E14
7.415861917467686E14
1.7747958308996388E14
3.797984387358062E14
-1.7085300344900934E14
3.014880264865995E14
-5.411290963151869E14
-1.9918263826706406E14
3.269736344837925E14
3.995809106610555E14
-2.2412873395570975E14
3.294710290057945E14
-2.7609038827606066E14
-5.905830634551351E14
2.034221541233712E14
1.8014709872167212E14
-9.908338877770598E13
-8.316408159701305E14
-9.194829558693708E13
3.373291853153229E14
3.233506946318399E14
-8.288394543086628E14
3.2238512703590794E14
1.8850750926582258E13
3.0087979097414906E14
6.8800222561799E13
-2.2289094241317478E14
4.7618843355803794E14
3.561561870036239E14
4.643383071218661E14
-3.4434293167065025E14
4.0081484751833675E14
1.8294245985659556E14
-1.4757246645726828E14
-3.6602361182009994E14
1.7494803262351472E14
-5.570876953575289E14
-3.799691185153273E14
6.236313976196429E14
1.336725923571405E14
8.102632412800466E14
2.6555497282724962E14
-2.0452372928554184E14
3.809194815170633E14
-1.930922752143008E14
1.0463381125676903E14
-3.87579105666822E14
1.0453973658274636E14
8.890317608089752E14
-1.1112195138594927E14
-6.152916306327182E14
-7.047302290713026E14
6.789304829366348E14
-1.2104167736809444E14
-1.1500301381154092E15
-4.6553618011377556E14
-7.430993149859897E13
-7.144571893664202E14
5.432027777599713E14
3.129680471024305E14
-1.7207173202571816E14
-9.067041499500089E14
2.924791830589247E14
-2.114561220946006E13
-4.769955717279944E14
3.2179213070320694E14
-3.9099958493323706E14
-3.330447179176793E14
-4.824506979039043E14
-1.582306251369452E14
3.097506639285169E14
8.417098260106934E13
-1.5881504248533497E14
-5.154751120437949E14
4.5771989968683475E14
1.9678857541651478E14
5.035926030313901E14
-3.2790309181538944E14
1.0167653905640048E15
6.407727845654304E14
-1.0624861214475439E14
-6.12090424687671E14
-4.26973473752833E14
2.947817231923401E14
2.7791878839455047E13
-1.6095894701126112E14
9.747199230273028E13
2.9329991910205797E13
2.0321162428148628E14
6.63043192764625E14
-2.701772822136258E14
2.861584367507252E14
7.813780650790208E14
3.496505715480002E14
-3.476042555193067E14
-5.675398783262956E14
-2.885796073332366E14
5.934517333044419E14
-6.395926472122939E13
-1.3170932646682503E14
-1.5453646538148572E13
5.8024077751821945E13
-5.993613922291655E14
8.439675896336221E14
-3.745150169757879E14
-5.139845214901588E14
1.1241124477087389E14
2.4935043782919966E14
-6.6205009846893E14
1.904631869128148E14
-5.0671538011006044E14
2.363276008002777E14
-4.301432017361439E14
1.788483609821148E14
6.813451487579874E14
3.0163544998331544E14
1.1716331492594188E14
-8.067559140768979E14
-2.839091782204284E14
-4.189916917702617E13
1.9912113067314825E14
2.0021974168281994E14
-1.106372550841876E14
7.063991917246196E14
9.174454021702816E12
-4.2568638243529756E14
-4.756033746576424E13
-9.021956086797654E12
1.3662642591332911E14
1.3738493026336806E14
-3.260632859486268E12
5.9702310282435266E13
-1.9711969770584162E14
1.596534017598636E14
6.818268204680015E13
2.6814079771196562E14
4.51060120570535E14
-4.448084410096189E14
-5.015623046116233E14
8.277297971262719E14
-2.898804655707306E14
-2.5565162650004138E14
-2.7894410709742416E14
-5.0085036743659975E14
-2.571071539514366E13
-7.100129153383945E14
-3.20087564718779E14
7.234824994960165E14
-9.678652665661736E14
-2.497056838010258E14
3.677266896196824E14
2.965789974045766E14
1.2534319192828439E14
-9.300387904238975E14
2.2756501760481803E14
2.6960870512778975E14
-1.31788974768523E14
-2.7265356528196538E14
-8.721275349132901E14
4.0028866048338425E14
1.183141789914892E14
4.524558905021217E14
-3.6395376150360144E14
1.4618128600349378E14
-5.562003574139204E13
-6.822801242674512E14
5.0728886576205306E14
1.1883938090982898E15
-3.4291076858970475E14
-1.1032941703538328E15
5.231351887949333E14
3.123301785802986E14
4.094547656655861E12
5.2030701882933086E13
-1.3144189928759211E14
-1.7120938200086534E14
1.343977796281634E14
7.730507291217605E14
2.0934634797627778E14
3.731173049052305E14
7.325891213986E14
7.451361606009494E13
-1.5200100000100316E14
8.309385674312873E13
2.10652883264887E14
-2.2461303983967556E14
6.071619887842716E14
-7.844606436142991E14
-3.941915793177773E14
1.2487321586970705E13
9.701344235446208E13
1.7241147411663475E13
7.448621923900119E13
-2.5964231651395434E14
-2.814030019683425E14
-6.329511724278876E14
6.820226679384282E14
-6.813391984255408E13
-3.931989326664993E14
-4.386591157718493E14
-6.507327554341301E14
-1.110418377294179E14
7.380800175656869E14
-2.7403865344045425E14
-3.9316657565502325E14
-3.2460245745205275E14
-2.876358157267996E14
6.019256964483256E14
7.983982658498891E14
4.858912876429529E13
4.560803219807666E14
4.0325298316798425E14
-1.1367131139634818E15
-4.899875331692872E13
-7.571752595052805E14
6.386249415934881E14
-3.368693735299117E14
-1.830328630914959E14
-4.724265927936846E14
-9.999641761670444E13
-4.02135565430467E13
2.3704868005179016E14
6.435280558785062E14
-1.800306393368483E14
-3.6170738972476306E14
-2.6302737449063606E14
-8.61961954426067E14
1.1335899763138525E13
1.9521636335530275E14
-1.9376423788616697E14
3.322498147094139E14
-1.2845716462913647E14
-7.231374663577E12
3.592661975306069E14
-3.737303208532522E14
-7.83903383939148E13
-1.0658297834980954E15
1.2835146420103648E14
-1.3070782284672895E14
-2.9415305211430676E13
9.385196292460869E14
5.097431305794756E14
3.33501661445186E14
-1.020793231693939E14
-7.031067566661516E14
-8.57415630862632E14
2.302257055955563E14
-2.052815616227201E13
-9.896193316304519E13
1.4758872819921643E13
-7.082091285864534E14
8.036645077788549E14
-7.09526109263209E13
-2.0182038481992244E14
6.887047907888598E14
-5.165665582372264E13
5.896282750903006E13
2.730702243721679E14
-3.295279076834764E14
6.34218178606953E13
-5.686563528038972E14
2.7057284850684144E14
-6.522468648175824E13
3.8079212010892925E14
3.483396044688968E14
-1.7152679245977603E14
1.5758095947377628E14
2.3032662974945694E14
1.65527558041678E14
3.249256223803714E14
5.948880738813965E14
4.162192583252717E14
5.239757899606798E14
-6.681644792001818E14
-2.1846055248459147E14
-1.2092706535616302E14
-3.095590509740686E14
-1.9227595063933465E13
-1.9174294016336322E14
-6.956492079538444E14
4.095152619066442E14
5.911171178917358E14
-2.5517374538251956E14
4.455372049183557E14
9.102527403954588E13
-7.402397085729328E14
1.8891683141536634E14
-3.699159157540497E14
-1.2024552488090039E14
-5.6440147413089625E13
-4.344357796494391E14
7.393547372699336E13
3.9379129144089144E14
-2.626535855291071E14
-7.092881996184389E14
-2.6052980390773806E14
-1.447145837916001E14
5.988860797444858E14
-2.6780444915152242E13
5.12266740495045E12
5.352206854672973E14
-6.798359005118857E12
6.328607550239125E14
-3.6531347465300056E14
-5.107009294584263E12
-2.9828852123743975E14
-6.722274979082665E14
3.688049270695788E14
-472189.9266909256
