-1.5847940298644488E15
-3.113203770633443E14
-2.971930010275797E15
1.4559073172140208E15
4.166319889476888E14
-1.1957574997589945E15
-6.059588854191859E15
2.8697419587695585E15
3.0638291603589365E15
4.561589033395027E14
-1.1239903132947526E15
-1.0936650890082716E15
2.085158663394796E15
1.87196710126663E15
-9.300196507056196E14
1.3920521396601355E15
-1.2556666966006002E15
-1.2523211762556168E15
2.114493519940796E15
-1.9626488049091428E14
-1.6502949004901235E15
4.290891116014975E14
1.3032578282298232E15
1.207761741052075E15
8.11226975955847E14
-1.4273464186323488E15
7.571430890461829E14
1.195611499282568E15
4.6050999378907106E14
1.1550832669548675E15
-3.055340202295718E15
4.0338328983154825E14
5.768995848701796E14
1.0519583549324078E15
-2.0042065300190812E15
-7.489858420416975E14
-1.4891129141463518E15
-5.601360167031576E14
-4.7137327237892406E14
-4.1026862673438644E14
4.369436524304553E14
-3.096790183259726E14
-1.8039981074299125E14
2.5919587757684528E14
5.93870878169931E14
2.301571185792476E14
1.3053609406570458E14
5.739994453929506E14
1.2407924252529115E15
8.529036554412464E14
8.712758085961525E14
5.930802206532206E14
-8.815823865725947E13
-2.7492934520821806E14
-5.5318846136982025E14
-1.0540847897519632E15
1.0252698269128872E15
7.339752194334722E14
-8.364251125292E12
1.1287747296095018E15
-5.595546567126578E13
-7.601998084891076E14
9.907549681574097E13
-3.495922999970373E14
-4.708849933056525E14
1.21676067741168E14
-3.9664462084634394E14
5.880894332455165E14
5.867172818198028E14
-1.8167480139263992E15
-4.0771525472172975E14
7.812389001684014E14
1.6716068664752128E14
-9.222858149164551E14
-1.6421809174931285E13
-1.2546901065966542E15
1.508698808843898E15
4.3407369400199025E14
-1.2974009885784562E14
5.662943002516202E14
-5.548090462496799E14
1.0051916471756165E15
5.94912188702359E14
6.933794004784634E14
1.743835256371733E15
-1.2946506257865435E15
-1.8215151377629466E14
-1.9281169786213988E15
-9.328661794919804E14
1.2050813297601102E15
-4.384513824706616E14
2.046614529681911E14
7.160785157401025E11
3.424702962551871E14
-3.3227238105866725E14
6.121198655866431E14
1.3378922448694E14
7.869210220513234E14
9.030055913543988E14
-5.987925744911068E13
1.3605721672686723E14
-2.530842076487937E14
-1.38207831548381E14
-1.0302830842848969E15
4.6248333554839725E14
8.206825128146276E14
-1.7331924224492006E14
-3.105382595711427E14
1.8620745513016652E15
-2.3113778272424506E14
-7.846541568846488E14
-1.538113692620303E15
1.200755359267982E14
7.015641185385064E14
-1.8000870412993278E14
2.5612972773722353E14
2.5584968831464047E14
-1.7767590342666475E14
-2.5666383092554512E14
-6.549533110382856E14
7.815058634058748E13
8.649982834230474E14
-6.150839009817138E13
-2.8128854391790556E14
3.2995358018338606E14
-6.306944460498884E14
5.77990522029165E14
4.835768067906861E14
-4.173589087226258E14
3.229742794697195E14
8.532406673324694E13
7.372115000797236E13
-9.084342640344391E14
-7.55894980509955E13
-5.964095883841764E14
1.9233539721502944E14
-2.276686751708472E14
2.2839975513612203E14
-4.3101233223663325E14
-5.398257725391371E13
2.2374168452800716E14
-3.2636979889501525E14
6.682976145796091E14
-1.9301177672216322E14
2.7106753301663338E14
-4.660552388227401E14
1.533965387197998E14
-4.0702589755870445E13
-6.307489071851364E13
-2.1123034248053322E14
7.675635266392868E14
-3.336286748837304E14
-1.1775042689547417E14
5.211773696553763E13
3.802354923517885E14
2.2460496479921803E14
-1.9522400440489722E14
-3.5824480682477444E14
6.830443578051685E14
6.770894460481396E14
-2.7634044149600438E13
-4.4673823935908394E14
5.954763045696555E14
1.0285036352043611E14
2.9321497958310025E14
-1.0404092618133155E14
8.045016922171151E14
-8.32895090285471E14
-5.4931244338992794E14
-4.133447698322954E14
3.213162700354296E14
3.0851108761044806E14
-2.157859821285084E13
5.375262733863256E14
4.795918694110469E14
-2.6347309800419638E14
4.0199310977995555E13
-4.214949208204577E14
4.265837285082934E13
-2.4852901930644363E13
9.991449369514138E14
1.0955228697105819E14
1.2023651347825934E14
6.918211998242007E13
-1.3437680874147356E14
-2.865614512264292E14
2.4755332375772506E14
7.480043807253555E14
-3.99011971738243E14
-4.43589979479656E14
3.0225740203420525E14
-3.9426408915483394E14
7.098349234653519E13
1.1592461111469755E15
4.3067167523569856E14
4.7704422632392906E14
-1.2856381174956252E15
-4.8509379395166805E13
-2.1729191512665712E14
4.2803636912958606E14
4.505149018578394E14
-8.580982875946965E14
-6.368912368281979E14
5.74743183252238E14
1.015282430415726E14
7.953960260231336E13
-9.756905108676246E14
-4.4137087770873144E14
-5.526152828521153E14
4.7478523663054225E14
1.6522919154153116E14
-4.543231570588199E14
-5.320712035353441E14
7.946032256091319E13
-1.0861358270222625E15
-1.2714694992625436E14
-4.672888613962057E13
-1.1925474893125284E14
-3.12492966910056E14
8.432033469625914E14
3.9614407333194344E14
-2.41395318124229E14
-2.2143391957513168E13
9.72047377655253E14
6.272589400213922E11
-2.846707442171626E14
2.2542718954141297E14
6.191873046396184E13
-1.0776999784834423E14
-6.96769159451738E14
-4.0537537603061544E14
-4.6499457263163025E14
-5.171304849827217E14
1.8202436747920166E14
1.0369307519217386E14
1.2270975600529844E14
-1.2907062746727809E13
1.0654958320841156E14
-4.638054424352958E14
-1.8615142421936953E14
5.5157309071620306E14
-1.3779326762845387E13
-2.2722536083608925E14
-2.2970390441060872E14
-7.472319430014206E13
1.9286117360375847E14
-2.9059167351451106E14
5.390734869925226E14
-5.812759758010086E14
3.0193085260415225E14
-1.3503821415846497E14
-4.8207783816240205E12
-2.72639998994236E14
5.980011992968085E14
6.67488471240621E14
-1.0584455063084361E14
-1.0327264577445232E13
2.5104938620105303E14
6.344032410157074E14
-7.308951981607504E14
5.724178828940915E14
-2.3746160504807056E14
1.738484891516913E14
1.491985689402933E14
-7.518630094162344E14
3.896959381519176E14
-8.471750748332524E14
-4.682067460742713E14
-2.4933467117048253E14
-6.810423174895381E14
-9.650605994293978E13
-2.800187839712034E14
-3.617510497339147E14
1.7558980492987175E14
1.09414204230704E14
6.746379804333332E14
4.3192793284665306E14
3.9866234985766494E14
1.832684263847334E14
5.345820004130525E14
-6.842883272807161E14
1.5427635128933256E14
9.032802855296435E14
-1.072652696989092E15
7.01797490144096E14
-4.6701303437376016E13
9.649264453353781E13
-6.2656641606793664E13
-5.284431113585656E14
-1.0210078036904467E14
8.17506686471036E14
-3.6311150523489656E14
-1.6474331058338397E14
-1.2065352917519703E14
2.6814381699216778E14
1.3265102216332981E14
-2.1500568748218006E14
1.4496629336211229E13
-1.6236823713351822E14
1.1859221533350336E14
-1.3159792160955172E15
1.2500213582690811E14
3.7078454399465206E14
-1.5695109134841172E14
4.1052322539476575E14
8.827013454007082E14
-1.6393488708018703E14
3.773553323924596E14
-4.178832425854644E13
-5.185806397796785E14
4.361846620161186E14
-1.5455612122187544E14
9.341891529408942E13
7.085688012116156E14
8.654091094035011E13
3.7378658271639695E13
-1.8842386910008303E14
-7.343954462970525E14
2.2783635966560206E14
7.436275349963997E13
-8.107068148224594E14
-4.840786384421212E13
6.252332161831469E14
-1.244390011890952E14
2.433922524158759E13
5.2121060003982144E14
-2.447954626142482E14
7.677322247164371E14
6.172867381082596E14
-2.7307614100079872E14
8.635931208964284E13
-1.6672199361733934E13
-4.818650210759251E14
6.135386931405102E14
2.6215294974452293E13
-6.826439342618231E14
5.950400336179556E14
8.393465189627028E13
-6.27606408024053E13
-1.0924121083006962E14
-9.3153429581381E13
3.307396804935394E14
3.378324940800537E13
-3.595957364649287E13
-6.073627432713716E14
3.81456935878795E14
6.365790706546434E14
-3.444699896662751E14
-5.464491045254119E14
2.6467115293169853E14
6.47556956701009E14
-6.9121108571654E14
-1.0748083317807566E14
6.021478763917206E14
6.161845679720969E14
-4.8052144178136325E14
2.1095204081349344E14
-1.1143806037689006E14
-2.905154599400245E14
-6.664807901882755E14
-1.1858841436699052E14
-4.329661812483575E14
3.0982065473095508E13
-1.7651610614375456E14
2.475848036708589E14
-5.961604817769208E13
-3.5072113631388494E14
-3.719185369256103E12
-1.3770595092300948E14
-5.1284120624570706E14
1.559049350801781E14
4.8404180963205106E14
-2.2373095738261422E14
3.842055983704128E14
-6.051062072321117E13
4.9528948988602575E14
1.0521381623128812E14
-1.886549222089881E14
-8.962242991607941E14
1.7962016353897538E14
2.3403328734595828E14
-1.3327416825177195E14
5.172300821133643E14
1.2894675269927561E14
6.857870621436828E14
5.126335722743191E14
-8.700510171525622E14
4.204540017429824E13
7.023901663824934E14
4.604487234902215E13
2.4845341794683888E14
-9.080514427318269E13
5.389799997391492E14
2.5621350096770672E14
5.5398825434221445E13
3.3467890258862825E14
1.5975880404924256E14
6.520887890267719E14
-9.164810922728091E11
-9.218745406347582E12
2.0063910625566925E14
2.2405433332482306E14
-2.227674773408595E13
-9.925992490687156E13
1.6864125654368297E14
1.40067470474134E12
2.3158017431907712E14
-2.6684141608083347E14
1.3261608263334172E15
2.190027669268375E12
3.240411753653604E14
-4.726288722383523E14
1.2275305496657048E14
2.2781031572111628E14
9.184622685340611E13
-4.2643017261585794E14
6.018739983523809E12
-7.136751628121572E14
3.29520771749314E14
2.1156859736055566E14
4.411180878860965E14
-2.7257924576757138E14
3.126507777907802E13
1.1721857110816677E14
3.782236739602647E14
-2.6799698282106334E14
-1.2165159620116867E14
-3.8467340688254325E14
-4.679653015436987E13
-1.3281905431221214E14
1.7423846487713188E14
1.6480118218948538E14
-6.996693058277908E14
-1.938860217221833E14
5.397176022125764E12
-7.219935715480451E14
1.8632475895555832E13
2.5611169825091028E14
-8.31241367677584E13
6.695433176589195E14
-2.944261986601234E14
-7.694700073218374E14
3.671256026955301E13
1.7172601868741147E14
6.1510003037936844E10
3.128690179352128E14
3.079928430443637E14
-9.200667530938997E13
-1.3821595798156777E14
2.9760541508936794E14
2.7380648225751084E14
-1.4461688218550888E14
5.3943307160188044E14
6.423245739014335E14
-4.675457436898738E13
-2.0951098392009412E14
-1.214293918041165E14
2.2045776147238016E14
-2.3046778140321197E14
-6.720731241623435E14
1.2771868777816111E14
1.2169384175472411E14
-6.720563861727815E13
-1.020303590678054E14
8.760337969434484E13
8.729767693850608E13
-8.389243224374079E14
1.7909529631227855E13
7.199398110929953E13
1.1172253417607775E14
-3.193932126989046E14
3.648604821580427E14
-1.8661080591120747E14
4.370481803279061E14
-4.347496354811778E13
1.4547607244569938E13
-3.130521955067102E14
4.0604586830649844E14
5.616722922294817E14
2.1332571183962003E14
-9.91145967669715E13
-3.629184320951501E14
3.037396252359937E14
-2.508901283779575E14
-1.2772782205361396E13
-3.007796698396468E14
-5.71312006854289E14
4.167097542760107E14
1.0574846724002416E14
-3.611899754943612E14
3.7084885947169144E14
1.1742896921312217E14
-1.9997760293136316E14
5.738966640175431E11
2.1625683243626972E14
-9.538894461099781E13
3.832475729769171E14
1.883956010287471E13
1.1716856932550428E13
8.176729020270086E13
2.7600835443493156E14
-7.810864927831953E13
-1.4059103024099719E14
3.303774859695172E14
1.449154972670807E14
-4.291555044419753E14
5.131317786043876E13
-2.812631616531873E14
2.0660022510952353E14
1.6409815196988522E14
-4.1646821238565264E12
-2.9302442959253825E14
1.2786585816679004E13
-1.568678205925147E14
-1.4288892233519766E14
-2.309947529727308E14
4.501855872634446E14
-6.351574324709249E14
-5.023143568040388E14
1.8617719662638637E13
1.3332391073389822E14
1.614314291682594E14
-1.6378549406636988E14
5.480926843707224E14
4.2195944521369356E14
-2.913869062036319E14
5.71210709260483E14
6.445283418843248E14
-4.842850080818599E14
-1.7752044340476875E14
-1.9999769471926088E14
-3.58415302163023E14
-4.36492158215501E14
-1.4216189856954075E14
-5.4917372059918945E13
4.634733283726661E14
2.1223645218860222E14
4.4911115684514195E13
7.594164882461317E13
7.849316600682175E13
-6.739834418570671E12
-2.817391981734499E14
6.408553488530416E14
2.09088090323621E14
-3.1231509550903225E14
-4.8203185487778256E14
2.750997574020592E14
-2.4836271893928047E14
5.208405110594976E13
-9.003324203724821E14
4.3192648041339484E13
-2.058522588527815E13
7.95581607365763E13
4.356997411568919E14
5.0395214710077656E14
-2.5108872834440662E14
-1.4823348274198925E14
-2.558992695805865E14
-2.822255479411677E14
8.885228262862839E13
-3.326766532835649E13
-2.983289514487775E14
-2.2714073526806145E13
-4.430125660846442E14
-7.444744746379394E14
-6.551063540306182E13
-1.0156439729482238E15
7.304207360502991E14
8.507352888506822E13
2.3999853342892047E13
3.4113261950916175E14
-2.6864084050598403E14
-7.425059491646584E14
-2.846915794136927E14
4.9736418776180325E14
2.0564099972167147E14
4.3017733799172856E14
-2.4461270442667475E14
6.04664491685197E13
-3.855491989481013E13
-1.335873761331659E12
-3.461932193968705E14
-2.5745516049878638E14
-8.497783280796372E13
6.586205796593312E13
2.601391725125269E13
-9.014493945011578E13
-5.0183497671212925E14
3.4855314847146894E14
-4.3001053658548445E13
-8.452449317400427E13
-5.0479244549610475E14
1.0797528219786892E14
5.696072562382512E14
-7.39022095460044E13
-7.411367640465776E14
-6.980931559963854E14
-3.3904061840470875E14
-1.3509840330459478E14
-2.4898729596306853E14
6.90364373432099E14
3.3697755694931356E14
-8.025405216059305E13
1.7304868251528284E14
-4.230930241438454E13
-5.772595194744233E13
-8.14490395375602E14
2.4518924455682666E14
3.200860211568287E14
4.242594581251984E14
-2.680551726184263E14
6.049521567616284E14
-3.149614451047631E14
2.29162264721032E14
-5.247693448232662E13
3.585929084873671E14
-2.0063080695623353E14
-8.176143488378506E13
3.583496161236183E14
4.2869579135158275E14
4.374311712223382E14
-8.480737571138336E13
-2.0893525039173188E14
-1.4226496345519106E14
2.7122195759396744E14
-3.698939932887005E14
1.1669396110830792E14
-9.059346343101175E14
-3.796593374517982E14
-2.525815064555365E14
-3.273653157388234E14
-7.595630265490784E14
7.822174456823677E13
1.6122959934713003E14
5.694663451160368E14
-1.159245351227334E14
-1.651749202106668E14
2.5762961399797444E14
-5.238135582041865E13
-1.673600234101359E14
3.3632382114877594E14
-2.0934632991427922E14
-2.191657723510298E14
1.0667001201798633E14
4.872010751158185E13
6.535799362024588E14
-8.376127760015911E13
-6.235486035572235E14
-1.4184042361666256E14
-6.202146483920954E14
-4.811352451333694E14
3.12583054413399E14
-7.277014447368383E12
4.361917845205097E13
5.1955416014902016E13
3.2081820871399944E14
-1.367270092589923E14
-1.690934618011107E14
-3.1085318840457475E14
-1.7663475770673778E14
-2.2105636060562934E14
-4.235858523749381E13
-1.1492688554880388E14
-3.3985522758205744E14
2.4784457763449297E14
2.4825806292255447E14
-4.790557457643498E13
3.245173319415159E14
4.7365533341077544E14
5.1185651373354544E14
4.467083006980649E14
-3.774371169595421E14
-6.812835289462884E14
8.22962576038606E14
-5.818302709657688E13
-2.954389239792722E14
-3.608123736243266E14
-9.262514190591522E13
3.292884453128265E14
-3.252301959921824E14
-6.329983096143942E13
2.6662652753290616E14
1.434891605429596E14
-4.43287088843995E14
4.384413878058182E13
-7.74240821056436E13
2.8104811275560706E14
-2.830813470863742E14
3.69092111660777E14
-1.9884170138942253E14
-3.7100899267304694E14
5.95583909010074E13
4.713466567332208E14
-1.966757588747266E14
3.0745978861837938E13
1.536191950184013E14
6.671029057017252E13
1.9597530311238816E14
-7.008458088067072E14
-9.138224704338957E12
4.357814577649858E14
-2.3840145879718647E14
-8.832590228025516E13
-3.437416111611973E14
2.6856828210380338E14
-3.6087316415411775E14
-7.648078616530141E14
-9.030277569368111E13
1.1180300713135722E14
-7.245432433779389E14
4.731060047516734E14
3.695260645572487E14
-4.0150589170648456E14
-4.135010799031808E14
1.9129986833256584E14
-1.1880436217868486E14
5.200726201861145E13
-3.2928203162450075E14
-2.7844596931587675E14
-1.0590686610493016E13
5.183745777095412E13
-8.663218614259831E13
3.706957952346549E14
2.6225900675814428E14
-7.085089929129689E13
-1.7569461881068075E14
3.6458712059495525E14
1.6097275322672503E14
3.844389017096599E14
1.2136904264541867E14
3.363587304018481E14
2.940626834153845E14
-3.734921391732166E14
-2.979513808992178E14
-1.3200229563551008E14
1.4797068269156894E14
4.1367770822901194E14
3.582762553203201E14
2.881164550629322E14
-4.866816023762964E13
1.951113869188831E13
2.8609859902216125E14
-2.7039007443514422E14
1.586592546076492E14
6.061747288479762E14
4.889298162438807E14
-1.068804156945992E14
-8.989100463114895E13
-3.5726394322747794E14
2.6850810410257538E14
-1.0500853813117589E14
-4.02942116389494E14
-1.0339864496086848E14
-4.7318145066549306E14
-5.594651902940515E14
5.11587375625469E14
1.4485562674228975E14
-1.670398026238113E14
7.446948913699214E13
-3.6975156776808195E13
-5.897102821786041E14
1.578524376128052E14
-1.3039379819429767E14
3.95538860887661E13
-3.659295937194823E14
1.9336756611031453E14
3.790182323327956E14
2.4093390531107797E14
5.858622683977689E13
-3.961054894672376E14
6.452637445652478E13
-1.2767382548429E14
-7.510594362642712E13
3.704255288108044E14
1.35180737404893E13
6.717001208384909E13
-1.666737823703015E14
-3.19579785212503E14
-2.0999472618071594E14
1.3978255748552005E14
-6.875041537319565E13
1.519973524322355E14
-4.611991244235202E13
3.978320501360494E13
-4.022779868482207E13
5.521195564733478E13
-1.0137036381195648E14
3.0508850303487675E14
1.794720355351926E14
9.443678628223177E13
-7.465463462401458E14
4.5622747015026656E14
-8.083860650095425E13
-1.578651712897518E14
-1.0901591499127939E14
-1.0991513268437262E14
4.667718594641888E14
-5.907666722595596E14
-1.1833469007388938E14
1.1813201628504666E14
-3.7815525125068825E14
-1.6184519589105312E14
-2.388174027424459E13
1.7867532483213612E14
4.363149591517444E14
-8.278163141280665E14
2.8655387354961194E14
3.127233141747283E14
1.5140049503565962E14
-7.054482920663098E13
-1.5951993132512897E14
-2.9633378796846156E14
3.727557430871819E14
3.76946603212261E14
-6.187638989198488E14
3.277483900682069E14
-2.7686146733471312E14
1.70386430903771E13
4.4296138143243594E14
4.551960695118362E14
-3.513356073758309E14
-6.879051127579216E14
1.235448038267292E14
-2.79419324269738E12
2.96821787992735E14
1.0535049784898038E14
-1.8857611489943747E14
-3.4485971540537075E14
-7.268042431204681E13
7.598435269785034E14
4.52838085980247E14
4.225909707823584E14
1.671513128241497E14
2.079053502255696E14
-1.7380000776079006E14
5.370759255593971E14
7.905288717521842E13
-2.3864583140832103E14
5.918819750140618E14
-5.399971937863E14
-3.8193928900293056E14
2.6760590943999723E13
4.617774892984975E13
2.2799732512019613E13
1.2714861634508038E14
-2.4066188542289162E14
-4.891207451918579E14
1.2528422712618053E13
4.8189139184645675E14
2.167218425840594E13
4.440368681393881E13
-9.140866696828242E13
-5.5278512339285594E14
-1.6312452353329047E14
1.0187998498478552E14
-6.2352821386667305E13
-3.789777728311445E14
-5.2563743067171825E14
-2.5523269151212912E14
2.0988619897069775E14
4.066726162189371E14
-1.6412389249120784E14
2.1091640099221072E14
6.267801440452569E14
-3.918888624812631E14
-1.5521311829912756E14
2.2028554767745688E13
4.281430561334137E14
-3.2225576107475875E14
-2.1765955438207022E14
-4.012851564835974E14
-9.435610467658333E13
-5.160619235171485E13
3.7284696065300794E14
1.792783350594516E14
-1.74593830241591E14
-2.2162015660002056E14
-1.2225987765499431E14
-2.5886599878227056E14
4.28297247043311E13
-1.5713131494625003E14
1.487494726108446E14
7.228605906127608E13
1.2973744103217128E14
-7.639369645688756E13
7.720599223796484E13
-3.2947161553375594E14
1.3396199570019653E14
-5.0177846934623856E14
4.5178149336620516E13
9.570665647360781E13
-2.3067700495135156E13
6.556466575311618E14
2.854598459180387E14
8.947308729359653E13
1.2004112699914086E14
-6.413738608726985E14
-5.520169104760907E14
7.984317573693798E13
9.510191132758002E13
-1.1967566201306719E14
5.903672855504293E13
-6.862986630136944E14
2.2033478813905725E14
2.442847943811506E14
-1.4958185638899816E14
5.901881395793924E14
1.050120937547545E14
1.7911304396472734E14
8.89293697512E11
-4.4802354630711025E14
-6.9580632653266445E13
-6.631045803104538E13
5.94701144063106E14
1.1321347426029852E14
2.354372559713971E14
5.928732289625418E14
1.5739877571464416E14
4.3369498113585856E14
-1.087652501136021E14
2.3520822477345238E14
4.8957914384095506E14
3.18318208808545E14
1.8672724924278278E14
1.8501903460496328E14
-4.7930269337020344E14
5.625409282014134E13
2.148810742587985E14
-2.1340222780995922E14
2.1699113826250103E14
-1.2711576570484617E14
-4.189970170897716E13
1.3244967969567714E14
3.4455396720032994E14
-2.3442983503240453E14
-3.043569562647798E13
2.433015750276886E13
-1.8260046979938622E14
7.19362941805623E14
-4.5073835706431836E13
6.2593113789127164E13
-4.7896829381139725E14
-7.328351075421645E13
2.7121971359154975E14
1.5654031356230078E14
-2.2224293245667184E14
-2.607158861139274E14
-5.1133573517806025E14
-7.894089412401594E13
2.3016798849891306E14
-2.927517566648234E14
2.033660120441179E13
1.46034745436421E14
-2.8157342819383794E14
4.010911819618921E14
4.981377138021257E14
-3.852730974101417E13
-4.819654161953388E14
-1.8801663218744812E14
2.4495386958307866E14
-916973.033781305
