-1.253619074293368E16
-5.256081828699506E15
1.8061397762001992E16
3.796758838081119E15
-1.3104612660653748E16
-2.7251187838351715E15
-3.789498897935648E16
5.541806210542158E15
2.5255909009963644E16
1.171433929893425E16
-1.0985624049366199E15
-4.2640127126811456E14
7.223368368434224E15
-1.7938918873206E16
-1.7339402599176716E16
5.610802893965584E15
-5.396782034496078E15
1.5389916301797744E16
-6.895119768672987E15
4.0092521550982155E15
3.299726779875577E15
2.1486332316698312E15
9.193316023856838E15
-4.227869069636574E14
-1.94803995874462E15
2.787359384390535E15
1.5124842157902218E15
1.7718037074792944E16
-3.9620204490426675E15
-6.063557092923223E15
7.816186802878933E15
4.534581409793003E15
-1.3766447626807888E16
5.90317627473272E15
-6.425511686785851E15
-1.8283763438995384E14
1.0570403269050948E16
-1.3371456471552656E16
-1.9366569474618905E15
5.727518323082432E15
1.1307147231544266E16
-7.177129246387338E15
-1.0359198683449164E16
-1.4107745106753386E16
3.5472257260319175E15
3.062608721064039E15
-1.4247834105740078E15
-1.7037125467527915E15
3.145480144447808E15
8.828839146072358E15
3.1771924464909225E15
-1.1135042808974016E16
1.3092478596269122E16
-6.968492060888002E15
1.192812280647121E15
-1.2129066152358372E15
9.641743316490276E15
8.11475694788895E14
-1.6088948284044258E16
4.874909113684245E15
-4.70762002851479E15
7.152649140538538E15
3.5593879761111145E15
8.25876095705334E15
-3.119878182230119E15
1.2390549113301392E16
1.6191374689170565E15
1.0961281160386406E16
1.00506694121242E16
-7.51149292957084E15
1.8763088725331332E15
6.283649446006044E15
-7.089545359380399E14
-2.461924851136074E15
-3.320496968489892E15
4.683424671605257E15
-4.809105857136831E15
4.2214270888609115E15
-6.206678096495892E15
1.9179669134753852E15
-1.1572956853240072E16
-2.99273647720595E15
-5.843805817902891E14
1.6892622374874005E15
4.515774204537716E15
-1.0237317109152298E16
-3.3071987009373156E14
-8.017779582665009E15
-2.898082089244621E15
6.251358545631891E15
-1.817798250971807E15
1.8910125222440668E15
-3.713697725981519E15
4.593594577541989E15
1.4457145374616922E15
2.4515672270631332E13
-4.3801968283411455E15
8.358065621337535E15
6.292628061488374E15
-3.4719913713061355E15
6.199106582507574E15
-1.7131781796344285E15
4.979905612865441E15
4.890430140149806E15
-7.948740473506436E15
5.182265268750716E14
-6.693653228730811E14
-6.03265931726681E15
1.4434367100762668E16
-5.311314738773513E15
-8.340004948919178E15
-2.0991398538475036E16
4.71668868675845E15
-6.6284595258966664E13
-4.011961320810165E15
-1.3776879168769655E15
5.267122040125846E15
4.417334494386407E15
-7.605324685677458E15
-5.489320894457794E14
-1.4450592074863068E15
-6.191042931067028E15
4.114804949155644E15
5.018376820290186E15
-1.2331192466161818E15
-3.975216387682573E14
1.9801545177173322E14
1.3921055083365755E15
-2.418962771043116E15
3.2635678528674095E15
-2.4753117333177428E14
-9.301337779878898E15
1.6068085413263225E15
1.40362362510621E15
-2.5278693557160725E15
-6.33392156774237E14
-3.5202676213388815E15
-3.0475893686132825E15
3.391848107537573E15
5.545067862755804E15
1.618865173176397E15
-2.1824134340671053E14
6.214535396089871E14
-3.4525747519445385E15
4.150169431159934E15
-2.2342721625474094E14
-5.46426565618019E14
1.700037519658328E15
1.587727479704211E15
1.7050800606252242E15
-2.0645604310395628E15
-4.234376594252927E15
1.8254579876798285E15
-3.38502357908942E15
3.81614893769534E15
-5.973293947366619E15
-2.2768514079219245E15
1.0525799010715504E15
2.1739273311928912E15
6.147337614411952E15
2.5565991828319965E15
-6.903135479633077E15
1.833403585877392E15
-3.6614701584052635E15
-9.016777081710091E14
5.955335725618398E15
2.4363098649868362E14
-4.0467836956089115E15
-8.010048262987084E15
2.0282441891602215E15
6.577527481280284E15
1.1960467974710665E15
4.590803620152799E15
1.8809393770275462E15
3.3764514119803594E14
-2.5379856669279722E14
6.691794544791108E15
-4.2018194924445585E15
5.17602747408187E15
5.413547904915759E15
8.08204904725013E15
-8.408337774810566E15
-2.757612761032721E15
2.905308666304921E15
2.46685871935892E15
-3.905269699647412E15
3.600056866873847E14
-5.436425910548708E14
1.356528400961734E15
2.65359750248372E15
-3.18549862512177E15
6.414835966944553E15
-8.85108473878193E15
4.854109258280238E15
-1.6889610775124245E15
2.1179426005496292E15
-3.7752975542243055E15
1.0758643056819539E15
4.16994878086045E15
-4.767982669695436E15
1.3075912566666675E15
-6.855702374055784E14
-1.0318054352865795E15
5.344270881601446E15
6.035381077499865E15
-2.675717354395342E15
-1.5243322347666148E15
3.7500240628906805E15
-8.115973530231462E14
2.0683466930733462E15
1.9790990508029312E15
-1.741654896607654E15
-4.3097071180701745E15
5.891402619082191E15
-3.9390290967837725E15
-1.379512295663865E15
-1.0748254783685128E16
-7.267483643883838E14
4.953722052757555E14
2.4179319843444285E15
1.7427551619956205E15
8.02076042560535E15
-2.1889490195632698E15
-2.4173981781058535E15
-6.169398464134725E15
4.751999662912403E15
1.1315661967479582E16
1.456691173453506E15
6.2502133825144E15
-5.057106988595615E15
-3.7102409742732745E15
-3.6226325827928465E15
-5.06116881382813E15
7.518017796851026E15
-4.3358886599123375E15
-4.512835605431123E15
-2.832015131473514E15
4.0641045097407485E15
-7.608358030026527E15
1.313512660125972E15
1.1943809712505224E16
3.792154725426055E15
3.2852543257198465E15
-2.0069310140298492E15
1.7656007010910538E15
5.694499248827263E15
-1.2982841241544276E16
-5.558899513586232E15
-4.4969413724835435E15
4.446279419735591E14
-5.499176767204348E15
-2.5013106991391675E15
-4.742136159216282E15
-6.331849147584944E15
1.857077600154901E15
-5.017694259357867E15
-1.419870622745503E15
5.022294863694149E15
5.055451651987225E15
-5.086061042399428E15
8.190353032963403E15
-1.6887096298171072E15
8.38685581313868E15
-7.305312889402678E15
1.6252286157206208E15
9.753840821958666E14
-9.22358635324016E15
-7.611995232011494E15
-3.4261652046882045E15
2.433190629867368E15
6.425882962838357E15
-9.780586887217385E14
1.3908528298770395E15
3.9226144379241155E15
1.4272192709717055E15
-4.118619010669954E15
-1.9464038965790482E15
2.5551167109288155E15
-4.932643972057394E15
6.96603740707839E15
-3.314498580429091E15
1.910773055653567E15
1.6469845955240928E14
-4.3870945134858785E15
4.369814669341862E15
-7.418175933256318E14
-3.8567730052594705E15
7.181067998548492E14
-1.0003608104125064E15
-1.9784807694900044E14
-1.0157059420426296E15
-2.553683571076813E15
-2.1505209048445208E15
-1.3411040788623435E15
-6.865790902889505E14
1.7496432466904242E15
1.642541114112116E15
-1.7342554866522655E15
2.0145389451801848E15
4.394612290676645E15
-4.026846349110007E14
-2.9557113761106885E15
7.56437355863669E14
7.576204686892694E15
-3.160830962420775E15
-1.5264853904602435E15
1.25271956554344E15
3.4746865168354545E15
6.498683743986836E14
4.702286555121185E15
-4.793077255277977E15
-1.7046563981940242E15
4.2972191943924165E15
-1.5396537652039508E15
-6.681197896196586E15
3.0391317916408365E15
7.117567765076146E15
-2.9228092592831543E13
4.4679681225692585E15
2.5687528902203905E15
3.992008074078584E13
-5.139951688447836E14
9.211784917508255E14
-6.498139859199308E14
-7.702126374070448E13
-4.613992571907495E15
-2.260150975969192E15
-2.977379538344861E15
-3.863825275376029E15
2.8600343034355315E15
3.2837299331732815E15
-2.3271941169139075E15
-4.022666648523893E15
4.45800089895325E14
2.7353038289435625E15
-8.635722832996385E15
1.203460906560926E15
4.4924689666408075E15
2.2447128489473162E15
-1.2830873313337912E15
2.4290604157108453E14
4.036124442109396E15
-3.3034739980664285E13
-2.968880897701131E15
-7.382644172366883E15
2.649448270615879E15
1.3891095025918082E15
3.8101973395563025E15
-1.9163422044924128E15
-1.945616558316184E15
3.1152633994169435E15
-5.567209657770954E15
-1.2476473964809808E15
3.6498544837894785E15
5.1988035863740056E14
-1.611954127213274E15
3.1261188444108775E15
2.0996226543743302E15
-2.9675209967806855E15
-9.962023040704184E14
5.963734512824869E15
-6.286204889596121E14
-4.725464147288022E14
2.0271882476980785E15
-4.504119581725138E15
-1.8632852906783545E15
-3.757145213634719E15
-2.24329422565899E14
-8.968496125178062E14
-1.607324282937426E15
1.842849139811629E15
7.011198159847098E15
-7.859575572723622E14
3.5986832807318885E15
-2.3352824388844775E15
1.7868110204959552E15
-1.0801151378244295E15
-6.840517011043288E14
-4.3975598779686465E15
2.964965085044364E15
-1.1938891039704508E15
-3.019209989214984E15
5.013432500297103E15
5.524509915855136E15
-4.5307508821882194E14
-1.046699048502989E15
-1.4027970594273885E15
2.1819214524973425E14
2.155102227727363E15
1.7394278055233165E15
4.4448740337724315E15
-4.625021681467627E15
4.222516380233021E15
-1.2265558670403323E14
9.583349100014481E14
3.88819404450632E15
-4.790650256301239E15
5.268505719000048E15
-2.3067514673266305E15
3.6056334572114644E14
4.2044103590729565E15
1.5993783504704795E15
3.6528235577726895E15
-1.4147726306989198E15
4.804522597769861E14
4.185154742125116E15
2.2460145471641368E15
-6.543124811143223E15
2.660679002917005E15
1.8386237298731628E15
5.988428582437715E15
-6.141813460188253E15
1.8154023479119275E15
5.367380854502159E15
2.788421167472234E15
-5.267504628118265E15
-1.9342351967365905E15
-5.315999482374172E15
-3.5999777594383075E15
7.917093489483072E14
7.155969112511336E15
-8.930206379679031E14
-4.2768901047418385E15
1.8449203058890725E15
1.3688626712282102E15
-1.4669489790168475E15
5.666549903357442E14
-3.3722737010373075E15
2.3814951984307195E15
2.023567286140998E15
-6.306519780974314E14
5.196897664813991E15
-6.417879304547366E15
-3.408686355002732E15
-1.452170895460637E15
-1.5269775059876912E15
-3.714491072131856E15
7.668140908377284E15
1.5289997463356415E15
2.3088526243116045E15
8.653687510763446E14
2.4220805813391166E14
-2.879915359524966E15
-5.860553974035108E15
2.406958433206847E15
3.1216737221482515E15
-2.717492818301949E14
1.436773067982035E15
3.114306455252425E14
5.111932960420308E15
-1.0662736684001258E14
5.07985539989398E15
4.2505553369275005E15
4.585664780192156E15
-3.894961973017276E15
4.688397250855403E14
3.7475742852586475E15
-5.507371774796325E15
-7.814840282488099E15
-6.102636979130128E15
6.823765886215329E14
2.520532165995761E15
6.461908798306448E15
3.621009809357012E15
1.5177861345181022E15
1.8344008500948618E15
-1.202563579761059E15
2.7297701635974975E15
-1.5004131029144575E15
2.3029067927497775E15
1.0575288701882748E14
5.12748084908815E14
-6.156267216213183E15
9.639373961000358E14
-3.2254543232385575E15
-1.6555764846545682E15
-5.341552100234937E15
9.871163481576835E14
3.174434431253928E15
1.941343568214167E15
4.3662201053701025E14
-2.001955808169971E15
-8.006245130930711E14
-3.374942047227809E15
-7.085254709951666E14
-1.007555825835615E15
-1.5855377668905475E15
9.046841260010311E14
3.5132232044395656E14
-3.9364816021571265E15
-1.7238246696338606E14
-1.7778209998165748E15
2.791743992105801E15
3.031281233627857E15
3.3719969468776775E14
2.4160836046077755E15
8.141012678956802E14
-9.991215419263214E14
7.104543266073873E13
-1.579617973419184E15
1.80751248693962E15
-1.7203784309377035E15
4.686024830438148E14
3.2770671944117185E15
3.2231929553292625E15
-3.064675033093158E15
2.1390560716787068E15
-1.5924895439252942E15
-6.346954749714771E14
2.74309989038631E15
-5.118813894743469E14
-4.923276919871264E15
-6.849121714589822E14
-1.3088201413053335E15
-4.29511984374992E15
-4.69825206843312E14
-2.3052968397616885E15
3.4836823149711575E15
-1.7493416737850832E15
2.328218265704553E15
-2.8583296202764455E15
1.8744500426858802E15
-1.2427637131928432E15
-4.023816095315614E14
2.733849327373298E15
7.265326294863152E14
7.635122973558691E15
3.6196706283507805E15
-1.3607612967935802E15
5.359677688730444E15
-2.0405187169948145E15
3.3613590788955645E15
-6.609443999286909E15
7.764413847027022E14
-2.0253187391146532E15
1.1524557812588835E15
4.960843179491261E14
2.626586888393282E15
-2.682347845566883E15
-3.440851239337566E15
1.2647162813900968E15
2.6490211506447015E15
4.958402895346818E15
-2.934310243745262E15
1.227966052135313E15
-6.961445571304703E15
4.3971871791729565E15
-4.230532549942109E15
1.9809453894678458E15
-4.684503536801451E15
-1.6987510878747155E15
-7.824889939894001E14
-2.91596972862747E15
2.4991222950525445E15
6.731217269661955E15
-2.8499267077437405E15
2.2043830395913608E15
-1.8784418453675405E15
5.2073706847058925E14
2.398077627052105E15
-2.1991447475426742E15
-5.4008254945792E15
3.099273891464801E15
3.1962079542059465E15
-5.101378918064442E15
7.07064913896607E14
-3.277382872284873E14
8.333656800901074E14
-1.6964276490699272E15
1.8856850855847352E15
2.8955783680013685E15
-1.2050691246891767E14
-2.3842763239711345E15
2.6741490602340824E13
-1.9761501014245003E14
-3.010910095192385E14
7.664503357975166E15
-4.741321633322336E15
-3.283433120223164E15
-1.8835051807869232E15
2.6431249502672155E15
4.167303131895721E14
3.024639208764553E15
-4.663228879522413E15
1.0920500752084912E15
-2.6858540139939285E15
-3.080841285720049E15
6.328482957761242E14
-2.006649474429471E15
-2.1759108628974422E15
1.7311044188970898E15
-9.686233745119108E14
-2.661104558366229E15
3.6874080579357125E15
-2.634838293898878E15
-1.6440231868870435E15
-4.668781058074216E15
-4.190361467101675E14
1.0747296443064666E14
-4.816716232221885E15
2.260357832631236E15
-1.978961090945388E15
-4.2604021636627135E15
-1.1825981453518162E15
2.0130125530347062E13
1.0254236168421785E15
-3.7172669006448725E14
4.133778311457399E14
5.565856514005315E15
-8.576758767086395E14
-4.759910306625147E14
1.0827339350091049E15
-3.277606218419429E15
6.331877643390057E13
-1.5029980073593828E15
3.4860142810532705E15
3.6630698297741885E15
-6.517504026987678E14
-1.0002635055608416E15
5.238301968512753E15
3.884847158883978E15
-3.7136890909001705E15
-1.2766695320452728E15
6.942662388389088E14
-2.2519560833444245E15
-2.2830105552118615E15
7.720099717734072E14
-1.8535979552126298E15
-4.500054924959404E14
-6.139605114954728E14
-2.9889617943725475E15
-1.0460508237618686E15
-1.6448394750962038E15
3.2612000515132495E15
3.4639374720205045E15
-4.530534184140973E15
1.4633081885886635E15
3.6805519227489795E15
-4.329610413944518E15
-2.0518481365636092E15
-2.550495647158796E15
-6.237924530541985E14
-1.0036718828592872E15
1.9478256105712035E15
2.037205759064351E13
9.688862743413072E14
-3.6418330899384025E15
-1.2696790440433288E15
-2.419947857890345E15
-4.640030746742675E15
-3.077081859784766E15
-2.177895791953522E15
-2.9631632884563365E15
6.800742100948971E14
-7.629654269940202E13
1.9963156696103308E15
-1.9867249866069208E15
3.946101233382025E15
-8.965467296461514E13
4.2155260133408285E15
-5.589041133483185E14
8.167460905964986E14
3.783492694612838E13
2.725615626372132E15
-6.354182213562169E14
-3.52715471216429E15
-3.959556334359923E14
4.970754181059887E15
3.620862671315388E14
-9.831174936628941E14
1.1118124256065726E15
1.094531753512512E15
1.4742987564708482E15
-2.3177375377839245E15
3.6908988940083075E15
7.101556095420832E14
2.719779638241108E14
-4.682959691468754E15
2.3580569133193216E14
4.5945991241060266E13
4.691337499839832E15
7.475498554335E12
-1.9288792075517822E15
6.435759166319537E15
-1.9142837725669988E15
-1.720545625016821E15
1.008902712953423E15
6.355997435641411E14
-2.628977044037399E15
-2.728002141665734E15
1.0741540055246752E13
-2.6803652425230566E14
5.277685142678641E15
-5.749554064335975E12
3.06871074108957E14
-3.264563966467467E14
1.8196666825960575E15
2.159445935168992E14
-2.706773757535816E15
1.6506162112333245E15
2.0681711813675475E14
-1.3116988985949562E15
-2.2691097331285865E15
-1.2497943554967552E15
1.2129956227503592E15
3.21526722110804E15
-5.061090068948356E15
-1.7779111018905622E15
-4.6644914066097056E14
-2.358290266159114E15
2.7103034016098645E15
-2.1142672854771682E15
-6.996335682436914E14
5.668406739767916E14
1.4222487923625212E15
1.2808240027746828E15
-6.329972610908995E14
2.4243670002803035E15
1.3953583394276722E15
9.942862763882361E14
-1.9195777167794555E15
6.660014697306262E14
1.682858633967955E15
3.1200310475917685E15
1.056052101621694E15
-8.067162719367759E14
2.262291305912321E15
3.7289654905336835E15
4.5716546991447856E14
-2.5884907637088555E15
4.924292614963889E15
1.7028723591741945E15
4.218017537066816E15
-3.4800000367830185E15
3.3629287336464945E15
-1.5099876241165982E15
-4.360911375780664E13
-2.820627196258172E14
1.221862049500767E15
1.614935547539917E15
4.2016010081850195E15
4.717916704971316E15
6.63595721350738E14
2.1804184388069245E15
5.306681725656952E15
4.66251066284773E15
2.2608865975318535E15
-4.544330942383635E15
-3.2012897266030285E15
-9.725914896248529E14
2.4933332551039835E15
-1.462210180653365E14
2.7873636328394475E15
1.1124950346192785E15
-3.7238492411626375E15
3.9539587193280325E14
2.9222733697089056E14
-5.977346995786151E15
-8.614434553825142E14
2.6996883902019975E15
-1.7619381335771342E15
5.6720690109343E14
-4.320863155706633E14
1.778564378529613E15
-1.6515124604368022E15
9.787429179069611E14
-2.247407077359704E14
5.157409238530645E15
3.948096177113377E14
-4.3517962844429655E15
-1.6314114376875298E15
-1.7670120797895585E15
1.7063828925983665E15
6.205820830582768E14
-5.238255418657581E15
2.0866413250977608E15
2.612761477164424E14
2.4367696663003715E15
5.849018625633148E14
2.911734495526202E15
-1.2133696103731682E15
1.6345496032679382E15
1.4101278501369592E15
-2.464443152154252E15
-9.020279679878065E14
1.3498166411298105E14
3.524513023333889E15
3.231043695801623E14
4.644896074051109E15
-2.1559741540986952E15
-5.030835490658445E15
6.202088570419669E15
-1.9328270208216492E15
1.973281487578633E15
-2.893091524719716E15
-2.6598226253181315E15
3.945630997001673E14
-1.7032337258857765E15
-1.2866843452718735E15
8.514112202206775E14
-7.402477652997361E13
-1.75537916265501E15
-4.598013682769931E14
1.3329667329083218E15
1.9531675897629978E15
7.625746940888885E14
3.3186431673528525E14
-4.3515953051363606E14
-3.7253147663584705E15
3.462659248584827E14
-5.722693825511081E15
3.930985754872322E13
-1.0966989713611019E15
1.7909302791507808E15
-8.948668942422434E14
-2.2005276702122625E15
2.0103911772602768E15
-1.8587097062248252E15
1.715662651183669E15
4.555724866394575E15
-2.707120211541109E15
-4.536249482470151E15
5.46496864144783E15
1.5245291769221603E14
-9.615780961557206E14
1.0567966785498805E15
-3.9227470370965606E14
1.4923002407394288E15
6.137133685590121E14
4.097812056710827E15
-8.864791886355525E14
1.3706883609379388E15
1.726307602599142E15
-2.1369146976704835E15
-4.9244378639857856E14
2.2234183904567848E15
-4.722752488246121E14
-3.551969451380877E15
2.1174056171304328E15
-2.361671092999101E15
-6.461004441520594E14
-2.717411209207122E15
-2.6234178515107445E15
-3.6150494458638336E13
1.391903888992452E14
-2.4385504689006675E15
-2.1885965826585758E15
-7.778771982548438E14
-3.4895475876278856E14
1.3633153195919023E14
-2.071861512790332E15
-1.5724877945848738E15
-4.3707776985857645E15
-3.0393448632854235E15
3.5548302581179365E15
-8.915202902300502E13
3.1287385632862475E14
9.908171547839424E14
1.3435719815469184E14
4.634423353751451E15
4.585958316882644E15
3.328586242991054E15
2.6128727299956725E15
9.016713398309325E14
-4.3688174270507315E15
4.0804217095355E15
-3.753086992826588E15
1.8170843159531018E15
-3.7660059659769295E15
-4.2349379579140906E14
-2.2405510862862832E15
4.15599982572578E15
-2.1141900865450525E15
-2.218849934558562E14
4.3343102254182195E15
-3.045702288090929E15
-2.807642220494134E15
-7.204910194903018E14
-3.1760488940021135E15
5.1990250824580875E14
1.9652274762247058E15
-6.212303113525444E14
1.3408519860015622E15
-2.859747480717499E15
-3.9549495745136815E15
-2.8715249389832715E13
2.0207629101325808E15
9.488859893117762E14
4.6989615387535775E14
1.3984355410011338E15
1.2619855979738152E15
9.743752492638859E14
4.886197179489255E15
-6.128311843438628E14
2.504977078144986E15
-8.940640502010942E13
-4.592178293476518E15
-2.454614058384194E15
8.575117660228641E14
1.5476392866064902E13
-3.2595632372930825E15
-1.0179805927014872E15
-3.0974867830239745E15
2.669600148329739E14
9.887353184106354E14
1.5010058948865253E14
1.9145661073360852E15
-4.638021814579656E15
2.9817782214003195E15
-5.476815617050677E14
-3.2682468563868745E15
1.6838896302772068E15
-2.000266419581447E15
1.0609948569747596E15
-3.262082337859189E14
3.017919091865181E14
-1.6035482728043452E15
-1.0140636053002825E15
2.6823545631761235E15
-1.921907235346543E15
-1.795581701576782E14
1.12410826110387E15
2.555292725486987E15
2.156495315088974E15
2.509976569951579E15
-1.387240918295912E15
5.772786604278011E14
-2.36092731310361E15
-3.070057923747025E15
-2.3424565644617706E14
-2.6532079444217135E15
-1.6522465914786725E15
8.937396134598375E13
-1.5333823587675872E14
-2.927713459230325E14
3.314267179742469E15
-8.673460224244486E12
1.2317531404180572E15
-1.529727316476654E15
-3.2581258443948265E15
-3.325824166056707E14
-3.278011086761631E14
6.222724076573992E14
5.96365917872685E14
1.4826901247887812E15
6.016625548826044E14
-2.2941189413544375E15
-1.5854734904842255E15
2.463090243463139E15
3.1897821006641025E15
2.1244090929385548E15
1.0237841998829302E15
5.699000067500172E15
8.462446822392734E14
1.5238399815356255E15
-1.2288064263112765E15
-1.4713197933791605E15
2.3656225170433955E15
-3.0339645770043405E15
1.089402914899449E15
5.570751943064261E7
