1.3909030098057E15
1.0540102804649801E15
-2.080498752707675E14
-1.1651611828075318E15
4.364214217287535E14
-3.5601421761419756E14
3.1940570204730135E15
-1.8226862383140438E15
-1.9618560331151258E15
-1.0556263619386112E14
3.386044137920103E14
3.2149964615023106E14
-8.943992841595038E14
-7.235934713772476E14
1.8774010236863312E15
-1.7089374542862098E15
9.792536388477136E14
-2.1698220535060794E14
-4.9028600057149725E14
7.955115352220009E14
9.141486500663706E13
-1.9670332404113016E13
-8.140821121983946E14
9.838051962800492E13
1.4616386233988262E14
1.7657151346621E14
-5.1632271641392594E14
-9.949162287155388E14
6.624753420896835E14
4.357587049413606E14
5.153039203151315E14
-3.238187722992055E14
1.0586019099732358E15
-8.963652038395725E14
9.162497497951021E14
-1.9126811738489175E14
2.479638292661566E13
5.2405995955886575E14
6.204948271069382E14
-4.4405351721542075E14
-8.757526800872209E14
1.0175266061576538E15
1.9303988592040744E14
1.7635920327777872E14
-6.241587043719439E14
-2.4415460190935742E13
1.4016228272748445E14
-4.291625638342138E14
-9.293316525976038E14
-5.3688895988328E14
-8.785562938448436E14
8.227985742100925E14
-1.3934958371707375E15
5.971603020189332E14
4.3860401686690375E14
-2.8992663036618194E14
-1.1635299432314672E15
-8.273986928736138E13
4.165926846955562E14
-6.819807117729556E14
8.700500162126784E14
6.640753012330075E14
-3.042571917641734E14
-6.66723839233537E14
4.510878644015601E14
-7.552535058353151E14
3.300992725146397E14
-1.0029733808969992E15
-5.896570746012135E14
1.0392522481512186E15
-1.7065064574503244E14
-9.896212408369522E14
1.693467820313987E14
4.490404933717482E14
2.4651057401825612E14
-6.462453704348059E14
-8.533072920736061E13
-4.923483773731805E14
8.321026402728E14
-1.2901303070914116E14
1.08947389102876E15
-1.7817795378396838E14
-2.096396304277911E14
-5.5500161469626094E14
-7.211663923921705E14
1.1549232860546805E15
-2.9493364107076525E14
7.57921879208578E14
1.9010899859223106E14
-3.7259372094562825E14
5.955649140881645E14
-8.153194908727695E13
2.1170012336340294E14
-4.102379430491933E14
-2.0148517713349284E14
-4.021527418083307E14
3.442434849974727E14
-3.3400775899096256E14
-6.25395100348599E14
-4.416447304963987E13
-7.98857251776519E14
3.4519112172358637E13
-2.3685664947245703E14
2.695542048211845E13
2.2928546886796847E14
-2.152904628859489E14
-9.078506528548948E13
7.298817383642665E14
-1.3689706567818505E15
5.705483396411008E14
7.996378364981852E14
1.4469935510068555E15
-3.5607988306224194E14
-2.091306636244726E14
2.8084009094009216E14
1.8708030275639997E14
-6.993210108966349E14
-1.416184054214617E14
7.750126250909974E14
8.95452659311709E13
-4.334833717846861E14
3.3775311337076175E14
-1.693438922219893E14
-2.197440874831911E14
6.001817543702873E13
2.9459971280722694E14
-4.9656125914551494E14
9.270871060553838E13
4.311880193546962E14
-3.19000034394022E11
-4.688993909322457E14
4.7786356029890356E14
1.675603554993085E14
-2.2041794703980117E12
2.2480306660384188E14
8.049718582946303E13
4.714183656678791E14
2.0706868842423488E14
-4.471242167452726E14
-5.325472443183967E14
-4.9269397084224475E14
2.5562857445690853E14
8.741760830515881E13
1.755325332968301E14
-1.871144323514683E14
2.7669958609493E14
3.3634010749763175E14
2.2504657009797778E14
-4.364369450731716E14
-2.7969456094951722E14
-1.148149485730331E14
6.727076619611111E14
-1.3020754138397088E14
1.4086665584855653E14
-5.470402185064464E14
1.2397942732362597E14
-1.2923630251735373E14
-2.1999002418134388E14
-5.0756964682318856E14
-6.586834991488518E14
2.82654948401847E14
5.616677978191487E14
-1.948976383750126E14
2.135351158948417E14
2.239909152663945E14
-4.841007382834542E14
1.3946731094005947E14
6.494948514915685E14
8.162952246643888E14
-4.02369609064941E14
-4.752119808712748E14
-2.6531742632276228E14
1.5599208508718238E14
-3.441340564208268E14
-1.852850415446043E14
-3.711004048670721E14
-6.75895223718627E14
2.2614429286893706E14
-3.101819454633093E14
-3.4132811166792075E14
-9.739840327075519E14
5.0834133352601975E14
-9.399065285553775E13
-1.6928832885242206E14
-3.017537829699566E14
1.1806593597516589E14
-6.6777605197325414E13
-1.409641295259654E14
1.656206464708062E14
-2.7728585252561006E14
2.2648485778603528E14
5.964144694912492E13
4.2837932212727475E14
-4.749033205561905E14
-2.7910743019033706E14
-2.597806944194593E14
4.1427021698649844E14
2.024411361040661E13
-2.887475470252982E14
1.3433001894221089E14
-4.118313436266003E14
3.5081149931650875E14
3.176632949779867E14
-9.884561593752552E13
-4.941456352633799E14
3.4969963672835744E14
6.040463216894489E14
-5.580885318974572E13
6.802295108195563E13
-6.479616835883373E13
-3.927571271226527E14
5.2037681102264756E14
5.913329776459255E14
-5.5978075082650844E14
8.491245480204991E14
-1.7403818385514148E13
4.7428211670674244E14
1.0050115995034811E14
3.036869679962359E12
-8.652229625251718E14
-7.871972977342062E13
-5.019140472697563E14
1.2182989220144864E14
-2.9763375231961694E14
4.102620565156856E14
-2.2819585961143494E14
-7.725196006302876E14
-2.531321124119036E14
-3.6146675430489844E14
6.588060390622359E14
4.900184399235665E14
3.941798662308804E14
5.134064229845765E14
-4.303328853752293E14
1.616384025818506E14
6.543705020245618E14
-7.022273658222911E13
-3.961464189241985E14
4.623936917782648E14
1.732887957468927E14
-5.018805592521019E14
-4.0899934610820516E13
-1.6935682793097116E14
2.5576004747471003E14
5.576124491357766E13
-5.2983423784691425E14
7.938522282171831E14
1.9701681398951388E14
4.546722962019379E14
-4.7526821273381244E14
3.963330602221728E14
6.322233192580752E13
3.228284376563568E14
3.15820198785959E14
-4.159774047764018E14
3.366709016926902E14
1.5511314190994877E13
-4.065413247163849E14
-8.683227996033397E13
6.547997289793206E14
-4.6826722161685856E14
1.5354060646496047E14
-3.0639450312157244E14
5.3002235859578456E14
2.026073079115681E14
-2.9402301151515086E13
8.220761249350688E14
5.832672779155361E14
5.398750958032307E14
2.883298402078057E14
-1.8032021435075034E14
1.7086940118872844E14
-1.1440115557356966E14
-2.3994297433793447E14
-1.0432723861809894E12
1.2777896553794596E13
-9.369566395949903E13
-1.9137095300605475E14
4.3972512971020206E14
-5.961829117788296E14
3.8591217457803056E14
-2.89428352022018E14
-1.7951343492838138E14
7.423931838122126E14
-2.951464270807968E14
3.77706043877652E14
-7.829347396915488E13
-1.4499173092922188E14
1.0755087348481848E14
4.4356277888932664E13
-4.023263579614222E14
1.5983818974229556E14
1.4451680560847994E14
1.942383309823438E14
-1.5499131245921972E14
1.2682846428179197E14
2.0704667483032883E13
4.934010779046697E13
-4.529889181920878E13
-2.8142729370493078E14
2.28072445212909E14
-8.610246569750372E13
-1.8389562197126372E14
2.2264397984373094E14
-4.303499028835499E14
-5.4258488973890275E14
8.882594851165939E13
1.83417035316496E14
-1.1594812736812234E14
4.730019112118521E14
-5.1228635724019644E14
3.126889502321646E13
3.20387210244738E14
-4.5687019995565056E14
-3.435208622123619E14
3.784129919896386E13
5.494937819272076E14
3.686848926816473E14
1.7994558266282453E14
1.788475204336552E14
2.268377605951671E14
1.451261224879347E14
-1.9670912669818094E14
-2.2184114444325138E14
1.3237794414185295E14
-4.3289143950650625E14
-1.1055421010855672E14
-5.641058556925968E14
-6.448540803800784E14
9.416470688279483E13
-4.8965921446121875E13
3.146116058470515E14
2.7613180854714778E14
-4.690294587293988E14
-2.0389982243380422E14
6.284025271464982E14
-3.3334341767757144E14
-1.07060434197142E14
-2.079515928048456E14
1.0479645582230919E14
4.457500439131006E13
-2.065913331298095E14
1.6276878481368462E14
1.0927354362562556E14
3.2470993807682144E14
-3.1194260813723906E14
-4.946373749385583E14
-1.3990030616355672E14
3.2645833472199375E14
-7.211444413011586E13
-1.6008500314985372E14
6.336888052456139E14
1.7669364622172088E14
-4.119410727456682E14
-2.807074515774687E14
2.1145554262761612E14
-1.5904839749737666E14
-2.1305398226074688E14
4.40848502541763E14
4.1931121797788756E14
-3.1407454417292444E14
1.454465718677288E14
9.982808086113852E13
-2.342287899886156E14
3.8477878536376275E14
1.5210568960942672E14
3.6981704275315925E14
1.8140120777652712E14
1.4388668067442172E14
2.5643196492201694E14
-1.0305616776068522E14
-5.70680756974028E14
4.672541607525918E13
-2.446177921274398E14
7.000118551223311E13
-6.812071684413915E12
-9.592243157635045E13
-2.25799984657876E14
4.86868435731142E14
2.4955981888613322E14
2.0317834413385466E14
1.4971182553851547E14
-4.9810833023705494E14
-2.822445313586255E14
1.3871340071162684E14
-1.427863972992542E14
4.1071895077755475E14
2.1433796958584312E13
-2.2513711012410966E14
-8.096910113938395E13
-3.714575617715586E14
2.3163785694979512E14
-3.5792682971207544E14
-4.434801510594019E13
-3.309121384708302E14
-4.701571897489274E14
3.776579084323879E14
-2.6822402961158366E14
3.211487215963753E14
-4.40796631158754E13
-4.7161000277626844E14
1.2458039440572108E14
-1.4277602664524675E14
2.069827821239641E14
-2.8593986347518775E14
-1.5078693864686253E14
-6.763150069222914E13
4.076357577664558E14
-5.18849714455037E14
8.596041223803608E13
-1.968479492698518E14
4.8989436584346794E14
-1.7253709900787988E14
-4.580990173284919E14
-1.3765081581093692E14
6.498100384600926E14
-1.5166907483071356E14
4.2936831471165875E14
2.046886008783486E14
-2.6568694949838816E14
-6.035683494360109E14
1.8489550908375434E14
7.821485863511452E13
-1.153174208921796E14
-7.930984460811255E13
1.1345743021158567E14
-7.532466531095606E13
3.921244900058297E14
-2.430269065149139E14
1.9632204769644938E13
4.884580476035128E13
-4.15184637881402E14
6.348634813169939E14
2.1545441636894428E14
1.65741958316019E14
4.8337924013165444E14
2.069055472685641E14
-6.211405248082184E14
-3.0524199269420773E13
-2.6203783746975578E14
-6.323233020374901E12
4.0887183804629444E14
2.862909898443331E14
5.34471949490792E14
-3.374818561661401E14
-2.7423093711667828E14
-3.6784291831583306E14
1.7322699963883928E14
1.0698297847595206E14
-3.2918756792960794E14
-1.5386928986245778E14
-2.147463257197046E14
-3.82005316700662E14
-1.903281214996919E14
2.444901368741256E14
1.3239736430468525E14
2.3933130951383176E13
5.30459256950377E14
5.4255253559846975E14
3.44685078485469E14
-1.7101891733116562E14
-3.371117768629714E14
-8.55261443510536E13
-1.5780556988124997E14
8.853203920758131E13
-1.9570246781242425E14
2.1377031391023884E14
6.559901560116089E13
-5.478927566871103E13
-7.515722056100253E12
1.0363563402375945E14
5.606653812370037E13
3.9799208594243744E14
-9.234060002517356E13
4.4403481303069484E13
-5.494129035983785E13
3.0781750495682594E14
-2.2987221902841262E14
-4.398146788336485E14
-2.608779280749622E14
8.796774110881995E13
1.6498968832271516E14
-2.0352095793442528E14
1.562303106962193E14
7.462847879461134E13
3.250724870973308E14
2.7720340212237534E14
-1.5937499313951525E14
-9.3054209380505E13
2.9384716397588394E14
-1.0189088750795645E14
9.290084748362036E13
-4.005406594091928E13
-3.0584332766678506E14
9.188268641788355E13
-1.8296955840914272E14
-2.4619745177610297E14
1.8092680472801516E13
-1.0987646638673027E13
-1.1659423337843453E13
-2.010536949644918E14
1.3782931289870286E14
8.468783005457147E13
-2.7252816295773466E14
-1.5918368605206972E14
4.241623247260764E14
-1.584539244583111E14
2.330689343673279E14
1.5067287960486885E13
-3.3968843194396025E14
-1.4603663800874147E14
-2.142305331457983E14
2.8190105914502758E13
-1.8655295052787125E13
-2.5683565409730312E14
-1.4006937577446458E14
-1.134710624054641E14
-4.8189336310020336E13
-1.5641495904091394E14
3.0586725089706725E14
-1.976490672133091E14
-7.220614657685616E13
-1.2555433391080531E14
-8.808027194854966E13
3.9193000380038256E14
-7.119674380338995E13
5.058224499073769E14
5.1074783059809506E14
-3.9368934206847156E14
2.1050074707835397E14
-5.1300738730763766E13
-2.9403072663649227E13
-3.303274612679314E14
-3.380186401586068E12
-8.270135201942969E13
1.6037162508008388E14
2.688147121414928E14
1.883464313082649E14
-7.204080411042952E13
-2.0461271744836572E14
1.2315132731721788E14
8.258765883572561E12
-5.2941746719881806E14
1.4732261886064156E14
1.4370671366807562E14
4.218841954313023E14
-3.673208001075547E14
3.1960170165176825E14
-2.2355331908937947E14
7.333498450763426E14
-1.4029226076680386E14
-3.3815030360941246E13
1.4045699569160414E14
-7.763567440364795E13
-3.8895711544868325E14
8.179729314805292E13
-1.0113900064151377E14
1.2162364691873039E14
2.0030712164977712E14
-2.5460733435898494E14
-1.723686638396371E14
4.4016566456138E14
-1.4667859491852006E14
-7.778523782886533E13
3.4534964757435644E14
1.1513939167454133E13
1.077043858270435E14
-1.7438212715017975E14
2.0721742312914597E14
5.414654061240296E13
-2.5654375670376472E14
6.771398760094156E13
1.1281745313408581E14
-3.1927977612767316E13
-2.515442182904126E14
7.264445291025789E13
-5.283542305975724E14
4.723974635667241E14
2.161627540143609E14
1.6015002583612153E14
-2.1673433882107925E14
7.0479241853426E13
6.639311953136784E13
2.774692028853044E14
-2.4664726167459988E14
2.724953267682212E13
3.893801801605624E14
3.336898003727992E14
-1.2506309955504125E14
3.02808733993313E14
-6.6934316576734516E13
2.1058258469032777E13
1.1749528024032995E14
-3.2341742590613425E14
2.178328597666299E14
3.362238389022243E14
5.4403095386483806E14
1.9199467185300362E14
-4.0474730823211305E13
5.478925021306629E14
-4.491670650886886E14
-4.8245075589946445E13
5.711806288692271E14
2.1992089655250412E14
-1.9234530036800644E14
7.207581188136997E13
4.2989263917617025E14
-1.693457873393389E14
-3.899128811460452E14
-3.353824092402436E14
-1.036921862074643E14
-2.642504179251568E14
4.298890183231999E14
-2.546793034770536E14
3.48819916275666E14
-4.690268900023809E14
-1.9118161461321534E14
-2.087415191706263E14
5.840160800440142E13
-2.51231038062505E14
-4.0557567190925394E14
2.8655830655535775E14
1.2234119889253731E14
5.466479073882498E13
-1.1869640826430536E14
2.0579876246052012E14
1.1303604131371802E14
3.887941489184061E14
1.760433007544601E14
1.389491819247975E14
3.2823555533021106E14
-9.762266875969639E13
1.4205040103203766E14
-2.0296959923167762E14
-5.61210846365655E14
1.960601941719699E14
1.3521377984302084E14
-1.1373329185859155E14
2.1190961063000256E14
2.348179938526175E14
-7.734534530893117E13
1.5146855607749547E14
2.857913568703007E13
-1.104951503978778E14
-9.919535700247483E13
-3.222806339134284E14
3.0308567747997275E14
-5.859852148015441E13
1.4032909362558523E14
5.093688616552952E14
3.313569415193486E14
-4.040017130128772E13
2.641298456049956E14
-2.6364235474537238E14
6.511143838465271E13
-2.0317926810822438E14
1.101706015802824E14
-2.6809840580009022E14
2.6940882853648275E14
-2.991117458368631E14
-1.8321872193667094E14
-2.5801409678907928E14
2.9331993523528062E13
-1.707777899958636E14
2.0045835105397444E14
3.638861748823464E14
3.0080851166085637E13
-9.67161236185947E13
2.2064668762109034E14
3.9618369896071025E14
1.4001703683805039E14
-2.3680736860705334E14
-3.3641374722238706E14
3.640635591438873E14
-3.252459901703594E14
-4.194894325457449E13
1.3582599653892397E14
2.6762562041908878E14
7.667887261890084E13
-3.470297112619579E14
-2.9300212275249356E14
-4.632842249510826E13
1.2222544256987122E14
-2.0498902858600625E14
-2.5741228069243787E11
-4.4588188296918914E13
2.4373540030955253E14
1.9819636708511906E13
3.863281816680871E14
2.9309732419443406E14
-2.117799744534858E14
-1.160595794191126E14
-4.4219127477741494E14
-1.1783049750843222E14
7.409152682766944E13
-8.414487780629972E13
-9.232493841223545E13
-1.2184891248615892E14
3.1606614284016575E14
-1.3379657353189272E14
-4.3239867483078444E14
-9.548598600000467E12
2.228896456917659E14
3.1448252051009406E14
-2.4702236740680116E14
-2.84971666747919E14
6.063851622352459E14
2.034639405021555E14
4.923475934649073E13
1.8190707147483288E14
-6.363808393231409E13
-1.0134623311753548E14
-6.426207827666668E13
1.6192048030194403E14
-1.479423806499008E14
-1.5701782632647516E14
1.4526688472674678E14
-2.7089860364832912E14
1.3074664357624581E14
-3.943355661546846E12
-6.650412094751452E13
8.676027366797993E11
-1.2380873991187697E14
-3.849226732921484E13
-1.2397924315380436E14
1.7881843209600525E14
-1.5809040340005516E14
-2.895572305395895E14
-3.1179586185030856E14
9.24069826106795E13
-2.8958114750888825E14
-2.311568780020402E14
-1.604319169752344E14
2.856243648222851E14
-1.4276185921952944E14
-4.958731518822503E13
3.016215623694955E13
6.144322165739417E12
-1.3861370783252081E14
-1.1972455774546306E14
-3.7811436520118744E14
-2.5638864599740022E14
4.641764091007549E13
3.141907670390688E13
-4.960502114277789E14
-2.4312879719878478E14
5.7102186955997484E13
1.0551566331677531E14
1.5418634853223522E14
-1.7273814837220125E14
-4.4717078062305445E13
1.7657548739015512E14
-1.0741203800564925E14
-1.263953663717172E13
5.276354792091002E14
-2.9625049013693825E14
2.0644379757607094E14
2.8949584495313694E14
1.0747368344666527E14
-3.26108281599978E14
3.655554411130484E14
-2.4740564074406207E13
2.0657560203220223E13
-1.0179186135859742E14
2.050095628634726E14
1.080104103729723E14
-3.5171345481696867E13
-3.76221640572132E14
-4.542202550552345E13
2.2996988829384038E14
-2.653478252275118E13
2.471034565147322E14
-6.4952798549062195E13
-1.8669812210769272E14
2.0147511609551316E14
-2.1821045607299244E14
-5.498529704755283E13
-3.1470414404378555E12
-6.192905962934736E11
-4.050208516941714E14
3.226396602691377E13
-9.245375629073027E13
-1.883535537057549E13
-5.58833277019159E13
-2.210634413905428E13
-2.516139480840743E14
-1.54387151051175E14
4.0400622799466E13
-3.208875724060493E14
2.3923874133735578E14
4.819148489930272E14
-4.6987017321624106E14
1.4340280461835412E14
4.9866955097749875E13
3.95223386403228E14
2.544498168842496E14
-2.6187246635672082E13
2.8241733280824944E14
1.27500353576402E14
-3.7301405095023544E14
3.075510839352613E14
2.571168626686452E14
-1.2845494887811755E14
-3.4239214605292414E13
-1.4840944051228584E14
2.87375939740576E14
-6.770274817710447E13
-1.928438846489716E14
1.9280644328600878E14
6.480609185068442E13
4.2800346036572894E14
-2.4073278112614434E14
1.1777196296296519E14
-3.2923518583146025E14
7.819235389392345E13
-7.604555598229348E13
1.2629254567179384E14
2.1186959364181572E14
-2.9378196052998456E14
-3.769886789084784E14
1.2957748614140527E14
5.105178314285134E14
-2.312189249048465E14
1.817780015427733E13
-1.707194670054212E14
-4.1221479581462984E13
-3.0719830068842863E13
-2.24493705488893E14
-9.51591424098662E13
-3.0216457364901656E14
-1.0818177469321698E14
-1.4930694944209838E14
-2.2742806768801925E14
5.05153533230029E13
2.6665915104044406E14
-1.9052283508350634E14
1.3318508930746938E14
3.2216920321728875E14
-3.735228623743071E14
2.6241415785057588E14
9.255695495435883E13
1.9436535370637988E14
1.3531758229918538E14
-6.392584727495616E12
-1.500325304444393E14
1.6850788799101794E14
6.294773888012884E13
2.0085595287781238E14
-2.447451352361564E14
1.9173361675093004E13
6.2257139891753016E13
2.3501884739830272E14
6.02020277108996E14
1.3247213042809148E14
-4.539182017962173E14
3.143571895647252E12
8.237704335028636E13
-4.888552850273699E13
1.1212645542900973E13
-2.1537597893536553E14
-2.468473376945621E14
-1.163617970117804E14
-8.314128785112567E13
-8.664570518726783E13
3.7015204287527606E14
6.060539963300138E13
2.1516873603058262E14
-3.548740489759629E14
2.2878436810632634E14
6.1128793281991555E13
2.046981544118797E14
-1.6338438884562722E14
8.537205966232566E13
-8.654300178331581E13
-2.7252297464687806E14
1.6999948698262522E14
1.8203294223716625E14
-7.710861832033711E13
3.805134269986655E14
-8.453601327961523E13
-1.016499893867142E14
2.885146456046885E13
-8.885244912987866E13
8.181021043975381E13
7.41573529646946E13
-2.4138096594896647E14
7.12847095663899E13
-4.684365565747593E13
4.3111240231606006E14
-7.671273389286523E13
6.78610016740822E13
-1.8070142923011938E14
-5.0125236262517275E14
-1.0475480030102367E14
-2.5385292987154153E14
-1.322156616045818E12
3.2365176967703256E14
2.9117699371601744E14
-1.453133549157141E14
4.278955746576444E13
2.0065945081173834E14
6.505597586018089E12
4.689933336132294E14
-3.131948057037113E14
-1.555762043931446E14
1.185652770803167E14
-1.681456819914533E14
1.0155162504895716E14
-1.6498978564799794E14
-1.400706521076624E14
4.0350276868165525E14
-1.2847068694430461E14
3.5513871392528044E14
-2.422545583671512E14
6.17120253291854E13
-1.7564342286023006E14
-4.688660168394258E13
-1.2419642356869928E14
-1.857700980878045E14
-6.03523312370655E13
4.064668394318196E13
-1.259468690689192E14
-4.002638709047082E14
-1.4993014357346747E14
-4.011448591200089E14
1.8511467818924375E14
6.141339033583953E13
-1.8280334257197484E13
3.138032332569392E14
-6.314349028723511E12
1.1355183823589681E14
1.455837887723343E14
-4.204308381604403E13
-2.0956639039386156E14
8.751441225793669E13
-3.675880120512032E14
5.790821789165475E13
-7.579293308415569E13
1.119498698681335E14
3.8505850746296994E14
9.424472350044275E13
3.625626384300454E14
-1.0995723487806739E14
-8.431408621683866E13
-1.2152651935052536E14
1.6294619883651528E14
3.7498457884386256E14
1.77466297722331E14
-5.511505356918161E13
-3.498441188420021E14
-3.801374186657077E13
-8.293533298597977E13
-3.038489598238666E14
2.294849787187558E14
-4.0644857020567856E14
6.193098478291835E13
-5.136057272745796E13
6.2756794327270664E13
1.9159995660353097E14
-3.2379744159422825E14
-578759.6289376876
