1.8590608893005602E15
2.1349190339892685E15
-2.0641825004555488E14
-7.221299900979195E14
1.343209921162429E15
-1.1046954296581941E15
2.78447349152242E15
-1.1032295766278858E15
-1.402943489886368E15
7.517350072548066E14
2.3246760133661844E13
7.8594801955913E14
-2.16822506098465E15
3.880341602654431E14
1.6683886272496978E15
-1.789677364210473E15
4.936677005231916E14
-9.276583651735084E14
3.36177694961426E14
-7.156912718840999E14
-7.70526967130063E14
-8.832401635469429E14
-1.166622440660612E15
-4.077391966765972E14
3.500248899652195E14
1.089349974149081E15
-5.275225206387181E14
-1.151167420723549E15
8.492642910791796E14
1.3335358452323672E15
-2.6055246614300662E14
-1.208053002175969E15
1.7335489543194748E15
-1.0366727070301584E15
1.3031908381979342E15
-9.630539069777128E13
2.6558750463224243E11
6.882370867328315E14
1.7397737941452956E14
7.418825022019682E14
-2.8133686208655544E14
1.5995853382553447E14
3.284726271655721E14
9.123891979829941E14
-1.233207821014336E15
-3.881054064806013E14
-4.13034127065098E14
-3.1432849159267594E14
2.2330850124684725E14
-1.1004094105722596E15
-6.5317484828063586E13
8.869081566266456E13
-5.339726102613731E14
-6.7813712613803305E13
4.726360263953264E14
1.69019469337063E13
-7.890025653288915E14
4.539682062505914E14
9.919972604681866E14
1.4332900252208778E14
3.253042304666837E14
4.121835592614282E14
-1.690611820638253E14
-4.795655006412147E14
6.723859846031845E14
-4.765324148312151E14
-1.5642096061109588E14
-8.629754528665096E14
-9.280860031854811E14
1.1798738901809875E15
7.30813751178078E13
-3.19659616984508E14
-4.355576583049681E13
-4.65249067349408E14
5.2016277979476625E14
2.4893070253749522E14
-3.126632151825181E14
-3.277045458189805E14
5.188408977554397E14
-1.760166418064705E14
5.354392371073579E14
-2.217219687831068E14
-4.413765432916765E14
3.2136343039327506E14
-7.351103673287228E14
1.0146197036717971E15
3.295522158139151E14
6.189426436923982E14
2.1089818623996284E14
-1.4173145662136978E14
1.5003988352580894E14
3.845056856189921E14
5.561318008405643E14
1.0162536991748641E15
-5.358351126456413E14
-1.2338813843402198E15
-1.13925570794533E14
-9.017500238886841E14
-1.1344145719821462E15
-2.1172274039101616E14
4.198246491539314E14
-1.8738609332423094E14
2.166251601205177E14
-3.737167378051039E14
6.579370763487923E13
5.427743406884005E14
1.3974002659894833E14
4.6709460585561775E14
-1.4317439068001725E15
1.377291915789636E14
7.900621877441661E14
1.9287608285842648E15
-2.961221173195942E14
6.31822063966851E13
2.3032692465388488E14
1.732406923379961E14
-4.731292570339254E14
-2.649932981462262E14
7.441505107087285E14
-4.1389454026189575E14
-2.199996820210895E14
4.2594536446162675E14
-8.863341251995075E13
-1.5896161463451016E14
-2.0698961093003847E14
-1.1483353841100592E13
-1.8292214082877478E14
6.0807292964552E13
1.7524496619360634E14
-3.217982768647663E14
-1.0015205838186294E14
3.519651745739982E14
-5.146836814904251E14
-2.802446398608746E14
3.0242204003552875E14
-5.980898278087682E14
9.706966291408771E14
3.608021142420154E14
-1.6030574966084375E14
-3.245008451234623E14
7.127739341870344E13
1.6059725377462328E14
2.2537414745656022E14
6.56348179224288E14
-7.410731137095372E14
-4.743838463784646E14
1.2476194202120938E14
-1.591142663290676E14
6.037120769301821E14
3.163619918683792E13
3.4728070003177344E14
5.0348271198783906E14
2.5426923598491672E14
4.281985327466375E14
-3.9211743958522044E14
-4.583776091324851E14
3.318018359155118E14
5.3911112103978225E14
-8.278660193317081E14
-7.347831276447014E14
1.7120915611269478E14
4.4031032795073606E14
-4.9496772742748E14
3.016339350227358E14
-6.270608080116902E14
3.303031670046535E13
-1.530671102632188E14
-1.5710517751041662E14
-5.210634952285796E13
-1.4096923949303362E14
-5.4646050196450894E14
-1.2476047482130715E13
-1.3942931205465678E14
-1.2540758496033694E14
-1.684239096080868E14
2.989664891804431E14
-4.657051389137439E14
-7.112481575652271E14
-5.129976272096021E14
-5.899390849480595E14
-1.0917636578959808E14
3.133416708913309E14
2.982297258831876E14
-1.6343210544219944E14
-1.4391560118610762E14
1.202286894558124E14
-2.737901858454335E14
-2.2314359006377797E13
-1.8064460213549416E14
-4.578147845294119E13
-4.780698098263591E14
6.308829513729726E14
4.8399027619655606E14
-1.2077848103491705E15
-5.150767982228628E14
7.0288045844395945E13
8.459545180595183E13
-2.051373065674415E13
-2.445920961718374E13
4.478351832830526E14
1.3672498478493877E12
2.3541166072882406E14
2.958095042684907E14
-5.801710193727585E14
-6.279439590097664E14
5.4465185840365516E13
5.061421960632E14
-3.760672344012607E13
1.5773978152021706E14
2.5210775121087422E14
8.096066097218194E12
3.4888802936205506E14
1.1087012164259967E14
-2.603873669423943E14
7.372348710601091E14
9.745688419153414E13
2.6743051582686478E14
-9.532715826742795E13
-2.223325439286469E13
-3.893957059727519E14
-3.090730723840603E14
-5.969451406451995E14
2.9928002909506275E14
-1.1064614249452111E14
6.326665614871635E14
-1.603275255201022E14
-3.932550165617185E14
-5.858974616660059E14
-7.074254169119225E14
5.3741773511346775E14
7.88755451297345E14
3.23147716814319E14
3.123155637503373E14
-2.415825155809867E14
1.4700875182670878E14
1.5160827060488166E14
2.1267168219261575E14
-3.186679573318565E13
8.142652820271071E14
-8.518778115766361E13
-7.220123665903304E14
-5.148676533006058E14
1.1461026084267138E14
8.985324345068483E13
-3.0549533700685844E14
2.5166555521988334E14
1.126928212371611E15
3.828932308316315E14
5.404508539924491E14
-1.1356970206878911E14
1.8962234534102972E14
-1.3865913544158619E14
1.4971661126620094E14
3.904110701487992E14
-1.2552171964900675E14
6.201963426385008E14
-2.10371295977258E14
-4.3463307036458044E14
2.706046252129794E14
2.370155752843987E14
-3.893490512875169E14
1.8940697585272325E14
-2.150221720309008E14
1.2724270450992708E14
3.0295329221319375E14
-3.332731718021279E13
5.342157957698456E14
1.2583498138808903E14
1.1816065024954422E14
-7.365122717634675E13
1.9711925244844372E14
-3.2094653696864266E13
-3.1120163536844706E14
1.680918369340181E14
1.3000959774488264E14
-6.323007337245656E13
5.452159191628321E13
3.3066425013572055E13
-2.2042425427308234E13
-3.825129536605718E14
1.583217687152385E14
1.791412915577578E13
-2.7993376502805447E14
8.178302871320592E13
-7.532761711681177E13
2.463817446087444E14
3.7521637587728256E14
1.8867661321378965E13
2.2184598538612875E14
2.986485962238486E14
-3.082854788877089E14
2.4872491791265244E14
2.54340078762881E13
1.0000105852245353E14
3.069485843948214E14
3.675276389232548E14
-2.9663921091459953E13
-1.0164114717888018E13
-6.565400115498139E14
-5.383208426290169E14
3.575881714531791E14
-5.367575974581073E14
3.0285554899755656E14
9.113967926330755E13
1.5964817544500016E13
-2.1071948025093772E14
4.0131116824890664E13
2.4671730340609066E14
-3.326642569554968E14
-1.1309729366247194E14
-2.5215664617950803E14
1.7697473011885512E14
4.3714049788132056E14
-6.026358779424789E14
-1.3154978915002022E14
1.9772097945202244E14
8.608494830627744E14
-2.4755321384562303E14
4.624720752874119E13
9.573114878973225E13
-3.5082790158680094E13
-1.5348537824862106E14
-2.812967493995594E14
-2.7249633342197906E14
1.6026095925950475E14
-6.544754759519976E14
-3.995962025239298E13
-4.358449504953346E14
-7.587286904188139E13
-6.553973736154094E13
-1.9884004688928775E14
4.121726292210252E14
6.010833770850311E14
-3.378783393580106E14
5.423058193480862E13
6.427240959774734E14
-1.6963690304723247E14
-8.582436853329528E13
-1.174281173720825E14
-9.216471961357492E13
4.448388369448785E13
-5.5381695312881836E13
6.523093079182843E13
4.249530855161844E13
4.4754904788409956E14
-2.1901108991754766E14
-4.930052576768902E13
-1.2090591587183908E14
2.877901049660061E14
4.215448122763937E13
-2.3347475463238644E14
5.4556018008229206E14
-3.634293909606954E14
-5.511390552067124E14
-2.226118846520183E14
3.339029147410509E14
-2.1020544296263175E14
-2.3010115533264978E14
5.363570636062045E14
1.664630106786255E14
-6.750466065487769E14
-7.550977451129052E13
-3.3806866290637894E14
-3.488324033855773E14
1.1742614404613269E14
-9.357681020238989E13
4.203925021481989E14
2.878513922427394E14
2.712380355898179E14
4.7510613200252544E14
-2.7537748989284106E14
-1.8668750420156166E14
-1.2492619205261872E14
-2.599407870617219E14
2.651894298106157E14
1.9164556108926844E14
2.254857758922153E14
9.892561641578856E13
5.533723129851089E14
-1.0678521846410427E14
9.858965543293973E12
-2.205589894818672E13
-5.149693901601283E14
-9.991252886267361E13
9.149006246737052E13
1.3077247062741475E14
-1.7509323721149941E13
-2.419049450633485E14
1.204271098747023E13
9.613434040009097E13
-3.134437666323051E14
7.666903150759058E12
-6.180680756453908E14
-8.813515220200533E13
-3.2612980258418086E12
-2.769584024031912E14
3.358676525045057E14
-2.3834935636583744E14
3.119982924475197E14
5.080936420400974E14
-2.2018300871504322E14
-3.309449478896072E14
6.0752836913500805E13
1.273570620230035E14
2.8459852887838194E14
-3.206057644643461E14
2.44783270928864E14
3.7459983095779775E14
-3.080383083065935E14
-1.0360705461161058E14
-4.007623454147705E14
4.332906346423107E14
-4.228604445619789E14
-3.8425679913239144E14
-4.106362582486187E14
4.956902946155358E14
-6.490185687938708E13
3.2908355303043256E14
1.868549580030352E14
-1.3947315837295522E14
-8.439275327592124E14
3.3925825356858074E13
-4.779398407237234E12
2.6314490852301984E14
-4.291580042117306E14
3.851814981689048E14
5.194275215734245E13
3.180223128177757E14
1.722413789684256E14
6.846096852556502E13
-1.3090347953984344E14
-3.207412918859703E14
5.1059644509923744E14
7.115588962568636E13
-3.83183035350618E14
7.533937894696114E13
-3.0845105358707445E13
-3.692216124986707E14
-1.3373863442304184E14
-1.2166824441353286E14
2.5184630147902722E14
1.715726074190428E14
-1.3317841844942092E13
6.015111634649274E14
-2.5860944988441003E14
-4.588322980519437E14
-9.816439735083203E13
-8.255126392535645E13
-9.096270226979594E12
-2.5738347845317508E13
1.3147356323038067E14
-5.810896825158477E13
-5.637099580785898E14
-6.671381044173744E14
-3.498825128690343E14
1.4305776913309856E14
-8.84051619459584E13
3.629444528304181E14
4.226428937428817E14
2.1707867046987325E14
-2.5404142348442412E14
-2.8619903922511925E14
-3.241947030771147E14
-7.914601219815172E13
-7.369534386196459E14
2.7233241046985156E12
4.949226248921392E13
-1.4912429845856466E14
1.40945384772084E14
-2.1574943776669066E14
5.457863911470209E12
1.1529891233875898E14
6.815599473802701E14
-3.7256636144611656E14
3.9445309235765125E14
3.143516181921027E13
4.4361348606073525E14
-3.622978524756768E14
-2.1437716151141588E14
2.7519837214370762E14
-1.589242053621779E14
-2.4810207114504594E14
-1.5550348076578822E14
9.509626798377311E13
-4.228927544726884E13
5.949590985378984E13
3.217179461708424E14
-3.51399971604955E14
-1.5459431215644516E14
3.869597856242121E14
1.821158189149561E14
1.2873748523442298E14
2.4959616908462325E14
-4.447999449241758E14
-1.6090556413685212E14
-1.9105536726210216E14
1.1750788741688125E14
6.075944532668962E13
-1.261700626022318E13
1.0757863946702411E14
-4.557418185845038E14
3.29749941858478E14
6.730564302860058E13
-3.2512071680747456E14
-9.8938688682929E12
2.7266244273000675E14
-2.367592303806345E13
1.917034183208542E14
2.258796795664958E13
1.3881055955383338E14
-6.2776689283391266E13
6.27491627296935E14
-1.8179164483973523E13
3.210732891186062E14
5.0731060194622E13
3.1249310884886575E14
-2.269556969445407E14
-1.6912860509393722E14
-1.4590557697494306E14
-1.9904283818595788E14
9.911341085195172E12
1.9256382480166572E14
3.058060256255314E13
-2.1257162927207153E14
-1.1684130319237334E14
-4.137716364942705E14
-3.8046967732668925E14
-1.9649366473139016E14
4.221861401355631E14
-8.019473005195483E13
-1.7636857882368572E14
-4.933947030912141E12
4.6043394676252575E14
-4.94820735857129E13
5.660651553149891E14
-6.403383917061321E14
3.0018579202157477E13
8.312856481666027E13
3.126448292127009E14
2.563747534321957E12
-2.4435621830724347E14
-9.253773199341325E13
-4.450726357080858E14
-4.3183847713496086E13
-2.7199293048797662E14
3.7862605670270844E14
-1.2409465849240392E14
1.762009527687367E14
7.67962801544677E13
1.9810184362195347E14
-5.26555480860071E13
4.4123471011217575E14
4.942349750590559E14
-3.7673287973421725E14
-3.5905705013623344E14
-1.496050678609938E12
5.1848005544452055E13
1.9415683581183145E13
3.0416823759593594E14
-2.2042380208759778E14
1.2486812451304605E14
3.611784369415714E14
1.1651852770350998E13
-2.182257854094484E14
4.9616591722237194E14
-3.32386120356459E14
3.199088657413659E14
-2.702342550623036E14
2.841474899090711E14
-1.0868643112909883E14
-3.189696954779195E14
-5.78221153026613E12
5.414567325264796E14
3.639442961455199E14
-1.0988823654548022E14
7.734153542551521E12
-2.0143887302294988E14
3.6058843085714306E14
2.69509735200325E14
2.21772076219418E14
-5.20501203235784E13
6.753643835442855E13
-6.180397010392734E13
4.3738222675350244E14
-1.621911217921463E13
1.381704659442375E14
3.7809830682207475E14
-9.411305558992742E13
1.1571561836632566E14
2.0740607949902088E14
-1.993628780146596E14
1.932910984777202E14
-3.991971004630197E13
-3.9647422870976806E14
-1.4554242176134404E13
3.080564892009181E14
2.7053624346516188E14
-2.770758844344637E12
-1.6521739841077134E14
5.012840874483518E14
-2.093441438323413E14
-2.1533184880307784E14
-1.2073543872807122E14
-2.3629567441705438E14
3.636449859812211E14
-1.0209784997492112E14
5.0676227265100225E14
-2.0694129130611294E14
-3.542605004553485E14
5.276925345126676E13
1.349544505909182E14
-2.3434118116937934E14
3.2052355884479206E14
-2.1871076704587972E14
2.855226162317606E14
-2.7152926329587003E14
-3.1940558161868756E14
2.9573856189393856E14
-1.6930560470572784E14
-2.0501389961448344E13
-4.8111043374824156E14
4.581675655112099E12
1.9947885652376178E14
1.7453120685608123E13
2.4633291553727188E14
7.067648240455734E13
3.5369377225871756E14
-6.535561574568573E12
1.0774910872800008E14
-4.833888418245863E13
3.2394294098124406E14
-5.8079495016840016E13
-1.0627187111035078E14
-3.1454373583966325E14
-1.5284674469716075E14
5.704861112096281E14
-9.239648583069958E13
-3.952244546742471E14
9.363114048118086E13
4.212753053080951E14
4.674786407016862E14
4.888837622757123E13
2.000239206262902E14
8.27881952278745E13
-4.7025401815143086E13
9.232307629508147E13
6.748603094144066E13
1.929443967326143E14
-2.3300798816375562E14
2.706647666366181E14
2.580050904017409E14
9.883047919024978E13
1.1011301338464405E14
3.971245923323077E14
1.4360578265229675E14
-6.1351910187701055E13
4.876359966290439E13
-3.131624760535579E14
5.159851823666328E12
-2.3953765674277653E14
-2.604724448305275E13
1.9480074847405222E14
-2.218590222838297E14
-1.6998497171239444E14
3.024243426055476E14
2.170242180253276E14
5.876312618279527E13
-1.4941930759626625E14
4.9710640421628945E13
1.2473603361063423E14
4.8365585888607506E14
-7.765107784434764E13
-3.8982002243133556E14
2.4567550866925753E14
-7.80785291657367E13
1.537549378622867E14
9.771277155579369E13
6.154083206552546E14
8.01709820065443E13
-5.805560145368421E13
-1.797243434863095E14
3.521791741672749E14
-2.9920561696571644E14
-5.0503607379893725E14
1.5514018641152936E13
-6.161133657171606E13
-2.7941662130103652E13
3.074726805947793E13
1.0705844556065462E14
-1.916258687602903E14
-2.6319460697000242E13
-1.3843091558342E13
3.6011654539488506E14
-1.4989709332743828E14
1.112019629233276E14
-3.4024490499039926E13
9.796573451179706E13
5.072160683533091E13
-3.9293579772253644E14
2.6856723206151247E14
1.1560206056914883E13
-1.085125596348513E14
5.495156604918763E13
2.1994695254452574E13
-1.9295309145617028E14
5.15840051162245E14
-2.819001098802264E14
-7.903414341253789E13
-1.2003799756154373E14
-1.426478168746805E14
-2.045786698130832E14
1.557026332994942E14
-2.375095279753712E14
3.6228032742470594E14
3.496393318040245E14
6.280974013026447E13
1.8809671917962277E13
5.381058960574687E13
-2.3967626253715784E14
8.305051952764608E13
-2.1782872775408738E14
2.83809898839292E14
-1.3658755671524714E14
-3.9952182507922906E14
-4.6427296943600555E13
-1.0773064358162016E14
-1.7955540241414484E14
-6.69071203137858E13
-1.9414158540638784E14
-3.0139972243618175E14
-2.904964618931498E13
-1.2894776478137886E14
-1.1946200881923167E14
2.3892705129602103E14
-2.4101230950963656E13
-4.060512421570408E13
-9.572106006406897E13
-2.5056991900579612E14
-2.8881970709932606E14
-2.974005144008947E14
4.5459105286293625E13
-1.651015398550261E14
-5.2332476858978836E13
-1.663943616228136E14
-4.871374427266397E14
-3.6726557545207994E14
3.4696480270891703E13
-4.176336177242483E13
3.633957092982707E14
9.27703280957391E13
-1.0835786713678103E14
-3.743015273965076E13
-4.9623138689898375E14
-2.3255470336256144E14
4.131025813992343E14
1.0717694242435681E14
-2.6730531778179728E14
5.656007229471521E14
6.9893966826929516E13
-9.559989212939814E13
1.5578720683776893E13
1.746161197987162E14
-1.8980953477173972E14
-1.3701794547939973E14
-4.244793307326905E13
-2.2447346051497975E14
1.962179857457209E14
-4.639766993234052E14
-2.3843144892565914E13
9.155001174102047E13
-2.170424820674985E14
2.764819835504941E14
-1.789126319436507E14
-2.1087759873241694E14
2.166751825182275E14
-2.3327039393246535E13
-1.5386427232866453E14
-3.616757312887338E14
1.6818799776884022E14
-4.7085755231328975E14
-7.283040656311108E13
-1.1027533918689286E14
-1.9877608602941184E14
1.7171987423048675E14
-1.9562880335295242E13
-1.2892823819267192E14
-2.7922040338395444E14
-5.312444539994533E13
-2.2480446649139628E14
-1.5845137359904566E14
5.312748889623032E14
-4.094719282624301E14
1.73185512122381E14
-8.556575209206425E13
2.926935320343795E14
-3.811045797298316E13
-1.1454149014598705E13
3.729019665611892E12
-1.419940052402594E14
5.966050443878143E13
-1.7066011636355828E13
2.759204302292265E14
1.5800766799684394E14
2.3361807422180784E14
-2.2849212970322012E14
-5.289999255881093E13
2.2182303696425903E14
-4.2995662936233625E13
1.6366051432792538E14
-1.65716662555889E14
5.603991117458531E13
3.758471364524139E14
3.1783495480215094E14
-1.6650743242085684E14
1.4011866061404108E14
-2.2116608833727344E14
1.0320499245523325E14
1.0642531265498041E13
-7.962829623225236E13
-1.5792345711764275E14
1.6966919527615378E14
3.562663169491276E14
-2.6324154729598334E14
1.0866822323139728E14
-5.034022456013954E13
-9.384570407692688E13
-7.212719604478458E13
-4.5368133374667484E13
2.3806026093716306E14
-2.0170447132481847E14
-1.2410600439227867E14
-9.359909515628508E13
-1.484102271454761E14
-1.3580689885624102E12
2.3541223581185203E14
-3.636705682233653E14
-4.281207190697618E13
4.62027075545739E14
-2.2300185780228816E14
-1.4468114752294138E14
1.0086259850750434E14
2.504803474564958E14
4.8985104752406356E14
6.255347172174576E10
-9.740531975759212E13
3.906432124028765E14
2.846258477852778E14
-2.7340485836623788E14
2.3803614091628772E14
4.070865938094982E13
-3.455236676479474E14
-1.0210409858460158E14
6.106831819663629E14
2.606511111516479E14
-6.28023548803358E13
1.5510754118843453E14
-9.387487292438416E13
-2.1554174515207575E14
-1.1118296659075095E14
5.681901873324733E13
-2.1597427301777053E14
-2.3155433319320947E14
1.4819997970929912E14
-2.02463809742496E14
1.5332215290306866E14
-1.721554561605099E14
5.254741750900031E13
-1.1975587408214725E13
4.799625553604148E13
2.4690630514207918E13
3.343211897495749E13
-3.092089212626095E14
2.900422977953396E14
-1.654764911313336E14
-8.10064327860879E13
3.195685959818387E14
1.5914276165904988E14
-5.286467251144031E13
-6.909231467270754E13
-2.5049550329349316E14
-2.3168728521337306E14
-1.1923389153999692E14
2.6677513135684238E14
3.3011839362867266E12
2.6642256450020055E13
-2.7776926746813297E14
5.7613590082863375E13
6.816160255515665E13
-1.6886342858423366E14
-1.536228891827139E14
-5.3784613563217516E13
-1.4834156284040294E14
-1.9770593689783925E14
8.091312653256802E13
-1.1700307098523203E14
-3.9384873694671914E13
3.5338076558619894E14
6.452618585286878E13
2.1799120172247753E14
-1.4107559706198475E14
2.4308950660670803E14
-1.9166893257870294E14
1.498106414556279E14
4.003443133656713E13
-4.7827359162353506E14
2.1881325819803103E14
-2.2238664758747903E14
4.912389335765995E14
-1.1171907939606658E14
-3.2663335765399906E13
5.22341141698806E14
-2.0567714439409797E14
3.906535162944395E14
-3.790153425092359E14
2.5275835179252988E14
1.0595955223987352E13
-1.754513407585239E14
-2.761479438344623E13
-3.009904213300503E14
1.97583305653284E14
1.9340921558749566E14
2.6380235997918863E13
-1.1367187748627636E14
-8.370143537354058E13
-2.648408211880496E14
1.1000863474460933E14
-3.408843623311525E14
-1.4179590693212194E14
2.4769810294340778E14
-4.8796996691714484E13
1.3392881165500622E14
-1.496161010042115E14
-1.4908695500088462E14
1.6103257133521484E13
1.1793371796501625E14
-4.11420632805994E14
-2.04965439379757E12
-2.0822333683757116E14
2.4153843792269034E14
4.040634767779994E14
-4.11521983095574E13
4.210374893064485E14
-3.726679667271829E14
-1.2186897325347156E13
2.8409394013038E13
-1.1880131502177719E14
-1.7326553131865538E14
4.957285013635137E14
-2.260355017152338E14
-1.4833796428834266E14
1.8175924494242422E14
-4.1086437747047664E13
-2.6018789924893278E14
1.2410591462767394E14
-3.360011339013849E14
-4.1272714800099756E14
8.047339784813386E13
1.53751930193403E14
-4.760434298263463E13
-3.700411600814693E14
-2330091.2482101438
