1.5098497798854156E14
-1.1618604300853088E13
-4.550719080932066E14
4.041478739105638E14
7.793119343392565E14
2.3815848638140356E14
3.324644796826707E15
1.859711155912787E15
-1.4383894505108572E15
-1.0022066183264252E15
2.7584754516043988E14
1.110515261493542E14
-5.3019719239425475E14
3.448017111709209E15
-4.137910440495647E14
9.289128964786316E14
-6.754206863991828E14
-1.4591628238632578E15
1.5389214611046662E15
-1.5737734319761448E15
-1.611471505152848E15
-7.993786068298112E14
-3.3001260894137156E14
-4.86673039800231E14
4.00387883253531E14
-8.200781715510461E14
5.6219782955145875E14
-1.5288620127045895E15
-1.1427012703379532E15
2.900339155179785E14
-1.974017252936477E15
-1.652026136310567E14
1.0809054513266472E15
-2.150691377949076E14
9.979061840129738E13
4.1846487105435856E14
-8.692493803996616E14
6.13727749349567E14
-1.4290645649689448E15
1.458179214742264E13
-2.1963847525015316E14
1.0922639235587028E14
1.0300655048619289E15
1.5801566888339575E15
4.252923276055232E14
-4.871018307692832E14
9.148981595138033E13
6.92701637250026E14
3.880659702514137E14
-1.0904817794567184E15
7.090916098036049E14
-1.5894586335222594E14
8.394324801677028E14
6.173459286574932E14
-5.178624504856456E14
5.842288112096675E14
2.193289423928806E14
3.171617961150676E14
1.7338821942774248E15
5.928008466737712E14
-5.458641157928801E14
-2.382667790011972E15
8.206781586928119E13
-6.20733599837155E14
-6.597720307072974E14
-1.0187042882727575E15
-8.159255074620435E14
-3.577952187523372E14
-5.887995987475721E14
-1.3634491621200144E14
-2.2703567504494822E14
8.745720771335358E13
-1.5576559089785134E14
-1.4418281678525053E14
4.1608840813591294E14
6.519371584792875E14
7.471321281348344E14
2.2075985832015903E14
-6.678377896558122E14
2.080767042674268E14
2.04257864834928E14
8.758430222648236E14
4.2359395064372256E14
6.466046514329925E14
7.523473458364289E14
-1.667722983465983E14
4.6115702092664625E14
1.1506395885623581E14
4.460643408736413E14
-4.6612578264405E14
-6.179304856728464E14
-3.1065606229462444E14
3.010140931562296E14
6.18425378261326E14
1.3520146124229473E14
-3.967107750980938E13
1.7526784307789775E14
-5.230181409210779E14
-1.2491246539499944E14
3.4457027480477475E14
3.730620941975865E14
2.2598650254651676E13
-2.6377899072107906E14
-1.3442235656420748E15
3.154058056933727E14
7.83444048259973E14
5.501073841701804E14
8.737320365129097E13
-6.437146398067464E13
-3.382892864090544E14
-9.810431190802033E13
1.1191263418487432E15
-2.2991496628328178E14
2.9568834782881125E14
4.255559002038144E14
-1.3777972034321038E14
-1.7425355281964525E14
-6.513703154933987E13
-1.4235477448486969E13
-4.75497885700065E14
6.138017540434666E14
7.70224544679199E14
-4.3259107933825725E14
-1.6250630921950616E14
-1.51773609493021E14
-5.543660364797556E12
5.503258427080715E14
3.13961233479259E14
-4.265886295115192E14
-9.451067193931566E14
6.703374122092974E14
4.9038805527533294E14
-4.73606855516771E14
9.236552447452705E13
9.396586715066575E13
1.191532449073491E14
-2.1557831252420394E14
3.565325786357499E14
2.7900787958994994E14
-5.643572628303732E14
5.591422597759413E14
-3.354394227670274E14
-4.22219414863494E14
3.017188290186007E14
-3.971659061138031E14
-6.531392590693899E14
-2.3807696210394916E14
-9.35509698969779E14
3.818636116671146E14
3.1023782880106994E14
3.0366062670690925E14
-3.9260964154768344E14
1.5623231170222647E14
2.5565996057485416E14
3.198580274408892E14
5.648973782492882E14
5.756206346352215E14
4.3778723048621794E14
1.5411374336111647E14
-1.5609695730159812E14
-5.240056096915993E14
2.540186146144934E14
1.23673209652925E13
1.53364204651765E14
-2.7984455495017725E14
-4.992950462788743E13
-5.176551627518459E14
-6.032573999232118E14
-2.4514578063885E14
1.2426561680478242E14
-5.2462794839227175E14
5.948006881338579E14
-4.936833524571858E14
2.463752768292138E14
-2.9691705018463575E14
9.233119340623218E14
-2.1507966631897928E14
-1.929992721570781E14
-2.46968998864754E14
-1.6522879095800727E13
3.89280999913012E14
5.655056459911731E14
7.30471664098622E14
-4.6699561259006056E14
8.78388872471709E13
4.4600586852825806E14
3.1221226908898805E13
2.0641977833315644E14
-4.336344167425365E14
1.5585029799051055E13
-7.631967914768675E13
-7.26487330516218E14
6.846548206895509E14
-1.672898850921362E14
4.4621550977963144E14
4.820255903131134E13
2.7086537858318938E14
-2.6839255514843984E14
-5.052887530435074E14
7.659406101239306E14
1.4144342826884344E14
-4.061515069141397E14
-1.8400655895963884E14
-4.822129186505591E14
-4.677161910111275E14
-1.1829228253524367E14
-8.018703664547118E14
-4.4516712182964544E14
1.6460290790251116E14
-6.922156506100443E13
-1.5636020306832021E13
-5.647047920522881E14
-5.400882123541212E14
1.6586908237761038E14
-5.822950974760565E14
-1.6116828232143334E13
8.917572039925805E14
-2.26646656698993E14
-9.980638985684097E13
7.985723660403824E14
-1.1716122599853845E14
-5.70916423208902E14
3.38593119596647E14
5.230950930544413E14
3.718103194659246E14
-5.397329016004772E14
-4.962333473028956E14
-2.429270217271766E14
-4.469984762947572E14
-2.2336390945441744E14
-9.648114111299647E13
-2.6750843649247478E14
2.7162072064541628E14
-5.783434202110136E14
5.5727711265864425E14
-3.278971429429596E14
4.554300820230704E14
-4.2166214410496E13
7.998403026357019E14
-3.212426981932592E14
-7.530556849394581E14
-8.91579972914341E14
-2.4529451211035288E14
-8.307342569915986E13
-6.329650085160199E14
-6.25617436822606E13
8.800177472323185E14
7.426942684551025E14
1.6472423688776272E14
7.18369191010857E14
4.415170196950895E14
2.4986850886635975E14
3.6810806494426156E14
6.407456765057695E14
3.543837482498967E14
1.5019772068176122E14
1.5336602459024035E13
-2.6356457372846403E14
-2.11506405819358E14
-2.872954804358135E14
-3.698816124542557E14
-8.035049957866156E13
-5.268756764200651E14
1.1906107636437922E14
-4.6947476911030425E14
-4.4400540158951094E14
1.5692535315620725E14
1.432794480905238E14
-9.018866655394981E13
-7.482685688118725E14
-4.826184489606735E14
-1.13421316957784E14
-3.3643075003671525E14
1.2049642413478456E14
-3.133963776699755E14
5.858743851131314E14
1.9108862490363966E14
-2.2900517316391145E13
2.4262197797309395E13
8.520132956174886E13
3.003484284452303E14
2.525621796680731E14
3.5570133415856025E14
-5.779372159149296E14
-4.92598974191828E13
-5.753416088555612E14
5.133188595571741E14
-2.439116545275511E14
-1.8774353942001497E14
2.94665289022919E14
5.0491051319500725E14
1.1577774154206194E14
2.1145588114573706E14
-1.3005917057648803E14
5.669562675724674E14
-3.654158899970461E14
-5.225452197582819E14
1.6667553478109906E14
-4.3986396800750075E14
-4.472207946934231E13
1.1174983876503798E14
-2.1599049607481797E14
3.186580250403328E14
7.896562251408864E14
1.7920008146973025E14
6.736978110102188E14
3.291663012005693E14
3.46664415359961E14
3.6746878546468544E14
-3.466842496550934E14
-3.776338678234125E12
3.576545480880218E14
5.1218139880905825E14
4.720747580553706E14
-4.643262345093709E14
4.7149865907413506E14
2.6134977019652872E14
-6.018681239867734E14
-1.7573133993897547E13
3.0903180488997175E14
-4.837793594366365E14
-3.4159834215368044E14
4.2605485543219756E14
1.41725814450968E14
-5.3980711119475525E14
-2.596327506869029E14
-2.0341793120916406E14
4.412663856606617E13
2.534285744107168E14
-8.754027292945223E13
3.244103370137585E14
-3.774706489638362E14
3.614361420091068E14
3.2204994346440325E14
8.981170019949205E13
6.207547908380225E14
4.766827779430066E14
-3.7242342616512694E14
3.4628454236296375E14
-5.3779381618506375E13
-1.011629181388164E14
-2.7049225228093212E14
-1.7761174539838047E14
-2.710495768941774E13
6.321403651730334E14
-1.36571815879156E14
3.6792889095454825E14
-3.693350386043638E13
-1.5947683360201616E14
2.690299370635619E14
-3.561956760079033E14
-3.996247714408812E13
-1.0103556900286656E14
7.675441171688853E13
2.5997969815794375E14
9.32097697361862E13
-1.6457798668673297E14
-1.2051778655515392E14
-3.5595281103016675E14
-2.0162623047483984E14
-2.913993391859334E14
-3.659924901795616E14
-4.1058472286853706E14
-1.9615934326798066E14
-2.027614373657726E14
-1.1018510023529495E14
1.5036327601893016E14
-9.41300106973629E13
-6.3840131717586875E13
-1.69691669307066E14
-2.5986196414791628E14
-1.4263188021132903E14
1.8953972111962825E14
-1.3269268092516078E14
-5.763600380160586E13
-2.8957541759941275E14
3.324534398793074E14
5.3234281353800706E14
1.1256507615484316E14
-8.544143208673021E14
-3.1606211467770006E14
2.450210665176511E14
6.3586336768052016E13
-6.823623821534926E13
-8.638649953053958E13
1.011111495416847E14
-4.28914318871504E14
-2.9627656865309056E14
4.002869638557583E13
-2.759825352106824E14
-2.6383971796039566E13
3.433553915145758E14
-4.589066388630266E14
1.1423478887273405E14
3.377728457542258E14
2.4880584585524947E14
2.1301751709988484E14
-5.475594653801266E14
-4.3867641622146E13
-1.6654656222709744E13
2.581761274829919E14
-5.821674071189538E14
-3.160306490372343E14
3.024352438744701E14
5.358903033349171E14
-6.51982728077807E14
-7.21989952174186E13
3.3141910740319144E14
5.99553766506931E14
-5.765937165233551E14
-3.8843965953685344E14
4.1073930966954806E14
-2.2030760392620906E14
-2.2654457903677756E14
-5.391810813475456E14
3.906433818517938E13
7.059325884634102E14
3.3012286452922633E13
2.8529341663474744E14
3.093419674483883E14
-2.832657495877135E14
-1.1954862806144795E14
5.3023399059752325E14
-1.491872590698386E14
-3.39459175577648E13
-3.216591632466326E14
-1.5201496537671397E14
-1.628037803238991E14
1.6109447364099347E14
-2.2214032394839125E14
-1.0159690624281355E14
-2.32114635502731E14
-2.171677914134725E14
4.1988716429372456E14
1.3389377984510839E14
-2.5942877064191588E14
3.286657811836201E14
-4.420953805905345E14
-2.1864433688909897E14
-8.495341752633473E13
-4.604211678061148E13
-3.485589494384588E14
-4.33384507077152E13
2.3639189726510703E14
-1.6812221995094884E14
-1.696552806137179E14
5.779570690489018E14
-3.691035086843378E14
-6.6148347573114016E13
-2.417498056448558E12
1.7300142990545653E14
-5.753917011934105E14
-3.866399882418668E14
-3.802335207611151E14
-1.9321137044864992E13
-1.7996085822995522E14
-7.632978206502294E14
2.0953362131544306E14
6.152618615807782E14
4.574799141235667E14
2.970169597563313E14
3.098769515201943E14
-8.580947976396789E14
-2.929788095659207E14
-8.997352336711658E14
6.497595403906676E13
-4.8876137575183805E13
-5.1123766447450944E14
2.2864884649696397E14
-3.271651355191073E14
-2.0407431844678816E14
-2.734844267367106E14
5.958486202569438E14
-9.289171769209842E13
3.810834677330425E14
5.854090479528044E14
3.964020646721331E14
1.3412198968960131E14
1.047137226828064E14
3.158542174884918E14
-2.2238672357984712E14
-2.312648496364567E14
3.7007335947361856E14
2.0426199440661612E14
8.343073416761216E13
-2.7591086835071806E14
9.294324678529994E13
3.4063140321775305E13
-4.81955703943588E13
2.8480592442045256E14
7.361388492627772E13
2.5304293261413647E14
-1.2403753401420584E14
-4.230135348206636E13
-3.771219120885925E14
-6.908319042629632E13
3.087095809968485E14
7.091022030616767E13
7.548111448311049E11
2.893966435436183E14
-1.0682661967131392E14
2.0705947079759966E14
-9.77648206177729E13
-2.4682132748252097E14
-4.035511939452409E14
2.180810014683844E13
-1.8770265516177734E14
-1.2555338746889586E14
2.473032842371515E14
4.0362411937488164E13
-2.0919929576105238E14
5.940329475591608E14
1.6551127629263844E14
3.058905629711175E14
-1.3925952687108602E14
1.9725883005468966E14
1.5922724231032166E14
-4.906035627790052E14
2.0236319528164395E13
2.1470884609375922E14
1.3715573780031692E14
-3.203553682081467E14
5.422398534515823E13
-2.7739734761371375E14
2.809155999058828E14
-7.227543253521036E13
-4.731068956043437E14
1.4108258055539112E14
-2.0863210476979547E14
-4.9237253251098806E14
-5.315776624067633E13
-3.9256495435017356E14
6.9057612962852E14
-2.8046509211751806E14
2.3778926800483422E14
-3.532822510481314E13
1.7646455125507344E14
4.235464793397937E13
1.373268479081943E14
4.285301339415311E13
-1.9114340563064556E14
-3.7603541640974456E14
-5.3095705935464086E13
1.470760007768087E14
-5.396754893582566E14
5.221677196117322E14
-1.3837267070021088E14
7.03633824094391E13
2.864793253928807E14
-1.812788227102782E14
-1.196417844034125E12
1.6246400877119897E14
2.1844660850637475E14
-2.6084957375594516E14
-3.4476772707127325E14
4.7497913444759375E14
-3.094185944827424E14
2.373748781160127E13
-1.5661849104971878E14
1.897974069383351E13
6.903464671044148E14
4.326697680643525E14
-1.2401385803343462E14
-4.0080071779927906E14
2.5475583428387206E14
-1.0480372774240198E14
-7.136912736174817E12
1.4049626777760648E14
4.663354445972063E13
-2.5604352874522616E14
-4.020494630239824E13
-1.0069387551809594E14
4.591327231002505E14
1.3204881889848839E14
3.9013666959529225E14
-2.1825106619353488E14
-4.3917818872102144E14
1.45749033879287E14
2.516200489234731E14
1.4948193667704722E14
-6.360012621817807E13
-1.1474019666256781E14
-5.677471345591675E14
4.1628269529019594E14
1.1736904405760964E14
3.652936543463687E14
8.105432674475345E13
-5.136395527866274E14
4.47288219680403E14
4.1179394944278E12
-7.12804528396641E13
-2.173437139644824E14
2.455436691671436E14
-3.585539944221285E13
-1.066559846514686E14
-1.3551150700898303E14
-7.682794496098145E13
1.8168634248971406E14
-2.233288765663034E14
1.3334981664781283E13
2.711003231086528E14
2.553390400859334E14
-1.0613079454131039E14
-3.7157846220708706E14
2.4720787995232575E14
-3.2262442016800756E14
-1.3169003329285683E14
2.0676352270671742E13
-2.7050051063193225E14
4.891679846151767E14
2.453541604299297E14
3.26890516197241E14
-3.1110638531639294E14
3.9836134778417744E14
-2.3273157183815178E14
2.0087799435789306E14
-1.6422378041600053E14
5.084422011913926E14
-1.7570975950884003E14
-4.8019920603791725E14
-6.277981267405424E13
2.5553439355912312E14
-7.777147178572281E13
-2.4800358232279566E14
6.658716793819765E14
1.2281096915663884E14
-3.36474419113178E14
-4.559416412334654E14
3.052834450009822E13
9.443174437965223E13
8.349128899217497E12
2.326931937022805E14
-2.270449141030148E13
-2.856609119511667E14
1.7131069456250812E14
3.4077288785141394E14
-7.388733801293669E14
-5.047611500364079E14
1.2896778940770564E14
-7.55129557546831E13
7.264914087327122E14
-1.0753557704107866E14
1.0799577236815453E14
9.89707999546346E13
8.842803198789717E13
2.914655060260843E14
-2.43321084401922E13
3.067480007561096E14
4.0031612650552294E14
-3.309945016479798E10
1.2297293135814125E14
3.254336976989184E14
-5.656145774476026E13
4.759441135180743E14
-3.279529383193434E14
2.583287675245493E14
3.213341910204321E14
-3.4562687044582594E14
-4.560175594199132E14
-3.0215444385243725E14
3.378321065743964E14
2.9488436654534625E14
1.5922625189799744E13
-7.415405605385597E13
-4.796631542706414E14
1.296857350724861E14
-7.212912301748588E13
-6.4820487294113E14
-3.5138868585544475E14
-5.335960490374472E14
-1.246839369415886E14
3.2780791153459977E13
2.773068430292992E14
-1.0459124472484803E14
-3.812793136038072E13
1.740555348141429E14
-2.2117790096915356E14
3.5468824927882294E14
-9.522507598445712E13
6.337005833099049E14
-2.3983079939325066E14
4.6639896579779094E14
4.778208814059381E13
-4.519736984463066E14
5.1367940389421244E14
4.15647481998766E14
-4.0088111652274256E14
8.322951518810888E13
-1.2149888897521017E14
1.4501909419772688E13
2.827655782978252E14
1.2331326782044838E14
3.0623612484612613E13
1.6052986731606656E14
-3.101679812812162E14
2.7053876957588128E14
-1.1500762849730453E14
2.6728720710613584E14
-1.0520093155863256E14
-1.9002750744040727E13
3.7525339152341894E14
-1.348409441609625E13
-2.938044417357875E14
4.341820834223976E13
4.2442665769180156E14
-4.959952604613916E14
-1.544529983775766E14
-6.362204535013336E13
-7.001881010486847E13
2.3249959093786353E14
-2.306120050054708E14
3.101428715390416E14
2.129630365423735E14
-6.394221870497219E14
-7.466397698387452E13
8.106111754216731E13
-1.5700889108939888E14
7.064704643578805E13
-3.800480906072227E14
7.342568163610795E13
3.517706508960984E14
1.6067632006976956E14
6.410515362052348E13
-3.541903176460818E14
3.570394560723139E12
-1.3111776533608681E14
-1.0425776366961628E14
-3.056391376229684E13
4.223445906214707E14
-3.580336226586761E12
-1.9512092486918843E12
1.628130190981792E14
-2.952491049500442E14
6.762483371503293E13
-3.795609011382543E14
3.042166350961415E14
2.341279349659736E14
-2.5454049889171494E14
9.29504517108174E13
-2.162578876951613E14
-1.0809810964866525E14
-2.99909507218539E14
-4.4313092209392195E13
-1.1561400789090066E14
-3.1615514102932556E14
-4.5287583309236675E14
-3.6455210370030944E14
4.899646257449562E14
2.3320280641983338E14
4.300144583207138E14
-2.5167209305291162E14
-4.333732386653024E14
-3.78116193672597E14
-3.079562076537435E14
-1.4501600039734606E14
3.182463344496211E14
-3.420001471805368E14
5.577677678626152E14
4.177737924110798E13
1.867189685727988E13
-2.804200455795193E14
1.3233703384713778E14
-4.59906349213686E13
-1.6328633495075166E14
9.18576263107238E12
-3.197763869883974E14
9.887641704077906E13
-1.3214484310812853E14
-2.796027966578433E12
3.3913826688074544E14
5.16100798963839E13
-5.209686355789933E12
-4.554206289198067E14
1.6722514342283456E14
3.600023101465737E14
2.6029901514826953E14
2.1072309076160262E14
-3.428594725364543E14
-4.777737145190179E13
-2.1711257119123625E13
1.5743876675093434E14
-8.984156269536869E13
-2.887194093935348E14
5.041541653932247E14
2.882421350141432E14
2.2555960249140253E14
-3.8304230475163106E14
6.102165244268338E13
-2.0267457124474353E14
7.282927385368511E13
1.6806946109082128E14
-2.975395331849844E14
-3.637975760530019E13
-1.4917129298553053E14
-3.077205179622009E14
1.6311249477175797E13
-3.4732744735010223E13
-1.5685292105367628E14
-7.751833509666425E13
2.1967301028885056E14
-4.192366290265251E14
8.183330553560689E12
1.881571968651219E14
2.7928454438314316E13
5.763405701749844E13
-4.7012538307995706E14
4.983784283200719E13
3.200398509179904E14
2.5202886377182672E14
-9.928171128339612E13
3.8164468623702744E14
2.6538979368156397E14
1.2540181579504114E14
3.014489219370822E14
-8.238450436814895E13
2.904802841627112E14
-4.282995356965215E14
-1.7886183413363106E14
2.687454886351481E14
-9.417496046434988E13
2.254462133121852E14
2.3902680416977888E14
-5.2306644731356075E14
-1.4536422374309597E14
3.7987628981763094E14
-1.4461757228993122E14
1.1468815668822886E14
2.991917541635702E14
1.6670484368299544E14
-1.670233051817389E14
2.381957330651647E13
2.5510816129666598E13
2.5645137258808703E14
1.5506492618161116E14
-5.17790773484479E14
-1.3037622478869723E14
-2.8573556361108894E14
3.4314360924698025E14
3.677790341455237E14
-1.7478682720682062E14
-1.1518233764106885E13
-4.039032649805387E13
2.0720693677394206E14
8.733866968278785E12
1.559062061075903E14
-6.102604257985972E13
2.2336099764291322E14
-2.7900596289092403E14
6.382830135522341E14
6.049337600607511E13
2.089833494402531E14
-1.343325927084856E14
-3.463103796473602E14
5.3453041420162906E14
2.3503499472771753E14
1.2287031824564305E13
-1.4070448601344069E14
2.041547898597388E13
2.62234091523239E14
-3.298799714025643E14
-2.3255087993498903E14
-2.0220032398329047E14
-1.0476635173446055E14
-1.9471734906772288E14
-7.776240329271925E13
-7.963525831572039E14
2.66329469135738E14
3.5787440855789006E14
4.803983112431157E13
7.783410240444005E13
3.7816393830823805E13
-1.589513270101144E14
2.7571714350776634E14
1.3904734244417519E14
-2.932489871451728E14
2.2222842993870478E14
1.3201074088179355E14
4.612558420811403E14
-7.311060875333553E13
-1.3034176610444519E14
-2.2744498782312816E14
-1.2109256920542214E14
2.2077132108036228E14
2.7044828030515484E14
2.4026301852989322E14
4.419989871109009E14
-2.6777429988664012E14
-9.93646644486932E13
-8.867599685015272E14
-4.762419407295137E14
-3.077012473114932E14
-1.2294929213461846E13
-3.4341544360892844E14
2.955622155631226E14
1.165279624568476E14
1.5830019995494444E14
4.084744925693193E14
5.539754275173255E13
1.7193154088459906E14
-5.529133337609308E13
-2.947857551230603E14
-1.3165688678167462E14
3.2112688053762756E14
-4.083881895744788E14
1.9140943753817112E14
-9.673789841649389E13
3.2123395204042402E13
-7.018212802454951E14
4.9915136084833056E14
-1.3568381269344612E14
-6.322340165811895E13
8.584506607760848E13
6.575273865903782E13
-5.017465452402864E13
7.105757981174042E13
-9.65064338982364E13
-3.303236175006297E14
-2.907762517102934E14
2.964332045421173E14
-4.053104251366145E14
6.915885736991123E13
-1.1674579965723556E14
-4.543322972859071E14
5.143973854180712E13
2.689318646630748E13
7.255764923202167E13
2.3234686949226164E13
-1.2724163543918878E14
1.9070026977386325E14
-1.2205412368390044E14
2.926715701359474E14
9.780740794293734E12
-2.7100002654159112E14
3.303621306729041E14
-1.3812652216528031E14
2.262013053336704E12
-8.240580372144722E13
-1.4686871870543847E14
1.1273394455464116E14
-3.966663857679681E13
-1.305420266916865E13
-4.348656903187204E14
-9.059732844724611E12
-2.0630619119680305E13
-3.841942355172248E12
-4.551406914518192E14
-5.363476580521567E14
7.547698321345173E13
-1.3819657611687772E14
-1.3429449555892005E14
-1.6117978255523847E14
-2.159435215113659E14
-2.8041056771197078E14
-6.141777316759478E14
4.422968227573825E14
-1.9947192684200534E14
5.965064095599141E14
-4.3085888113556025E14
8.228612837568497E13
2.7093104092809544E14
-7717296.982079023
