-4.395536841111855E14
-1.6408170681096902E15
-3.1714239485828735E15
1.9484852052572297E14
-7.11592801656352E14
-4.726317530443733E14
-2.423274104179336E15
4.0312758734818415E15
1.366566100204353E15
1.7991012248854225E14
-8.253362222928202E12
-9.298307110703417E13
1.4412466931604662E15
-1.2035712536734758E15
-1.2145548366873882E15
1.505323456738282E14
1.9853841301727844E13
-4.1108462728036144E14
1.3375220367408832E15
-7.906525153409631E13
-2.4146270185529705E15
1.7519600224473105E15
1.9322363891096795E15
1.3070204616848212E15
-8.389754502819603E13
-1.0062531773438409E15
8.066237999593539E14
1.416956793997928E15
-3.8000027392093375E14
1.2874013079420095E15
-2.006977509070331E15
2.0004370123158766E14
9.020352448220148E14
6.554079468884905E14
-2.1706597047555302E15
-6.981016748788516E14
-5.983172134944686E14
-7.091811027897851E14
-8.332464708182044E14
-5.963783189286832E14
9.444812248730129E14
-2.0009012992289478E14
-5.304850811898302E14
3.287689047625346E14
1.2020838400255072E15
-2.131916048690305E14
-1.0885008019283419E14
7.723167921864836E14
1.5582917548704252E15
1.245557892899652E15
5.961409438444506E14
8.86800204120749E14
-4.462728562186336E14
-7.06308577053448E14
-1.0550690673611396E15
-1.930846906913994E15
1.0325202791468388E15
8.96848226470143E14
-1.0733185575971014E15
1.3520141739436695E15
9.84498997319872E14
-2.530494387522667E14
-5.579463610754936E14
1.273127043028097E14
-7.82243905285687E14
-4.6403778176469406E14
-1.4149707866821272E14
6.069569653847604E14
7.304399793788012E14
-9.385122877500998E14
3.932728763727119E14
3.177214330921597E14
-1.3463332539902652E15
-2.675808179347967E15
-4.710389259277476E14
-5.105429037593583E14
5.1273127639514794E14
1.3853160207135527E14
-6.813292294755496E14
1.2898567201760315E15
5.301469742737879E14
8.720769866449084E14
1.623404817732251E15
1.4280439232627903E14
1.2772543620061802E15
-7.534768176308609E14
-1.7892400913305288E14
-1.300678815168004E15
-1.009086424769122E14
1.0132191971609289E15
-7.137236386146212E14
-7.638764822427008E14
3.96714591352747E14
3.561196190618699E14
-7.352338839673231E14
4.787538126630305E14
-5.1725366918136844E14
5.833324987563191E14
7.940187306250784E14
-1.3584549188232023E14
5.2534338770491044E14
8.360925460521728E14
7.429631395122509E14
-3.4696083318272525E14
8.187471915152062E13
-2.5235275573937156E14
1.0979091921291806E14
-5.864299954489134E14
1.5312309168690492E15
-4.896029057846319E14
-3.0226733435407525E14
-1.3707736887855722E15
3.869773913043425E14
4.8767498335266544E14
-7.99392508336672E14
-5.74880435633931E14
-7.028222765141532E13
-4.647989925420997E13
-2.6334700892639388E14
-2.0275620009596122E14
6.35295885914726E14
6.382638913806338E14
5.398187497239443E13
-3.455008667573339E14
4.072244971108792E14
-8.921610987570789E14
3.069957956470922E14
4.126538360007002E14
-1.2487899712699138E15
5.5885315481731244E14
4.150169783274467E13
-8.83903511286349E13
-9.368573299470044E14
1.0655572317255529E15
3.563868737884827E14
-3.3424783525052494E14
-2.6422811437632644E14
-3.651902121711719E14
1.8602392943014522E14
2.146795893550377E14
-6.164242727572056E14
1.6208276643040684E14
1.1835887009877133E14
-2.4634203416211703E14
-1.3492203100102311E14
-4.207449285065607E14
2.4482947181454625E14
4.006615496000535E13
-1.5703909163289212E14
-3.339455856697797E14
7.800470884054756E13
-7.163597814807786E14
-4.747012801980226E13
2.4548554505386734E14
7.562787662639176E14
2.9743313208166444E14
-1.3814606248155111E14
-3.827664695682542E14
3.903724749743982E13
5.169621840639911E14
-6.550037264416461E14
-3.365237999039647E14
4.925566599164487E14
2.4033170688811162E14
5.599853908750314E14
-4.1137450823853294E14
1.2505283963005042E15
-6.856279067831424E14
-5.600674154454503E14
-4.812682855430286E14
5.947919019348855E13
3.3212048132765044E14
8.504035233682597E13
3.9018569082443825E14
2.8057353122240112E14
-3.5244901181389956E14
4.1193541671354256E14
-9.249489149045945E14
6.959510385949146E14
4.8870949613383344E14
8.347789659483914E14
3.470826837184036E14
-4.839561168560073E13
-2.7892805678664297E14
-7.919611865715446E14
-1.3629164861678548E14
-3.571322924718148E14
3.3995766867641194E14
-6.441909927836375E13
-4.805964149343299E14
2.1812019441277362E14
1.092797936648687E13
-2.400840026187679E14
1.5761121711329048E15
5.814209151898128E14
2.2596371086863484E14
-6.850287750776094E14
-9.339540209148322E13
4.192782802045404E14
5.521571936740859E14
1.0128152276172172E15
-4.8383524880016194E14
-3.753823088972309E14
6.125821116727905E14
-6.968137327896478E14
7.047544459160578E14
-1.184402230959812E15
-4.49768499016191E14
-1.4012897714557723E14
-4.971243982866329E13
7.233923563225706E14
-5.116597527908891E14
-3.030081706053426E14
3.551978963273302E14
3.4531987795320906E14
-9.306661491744319E14
-6.885402258300499E14
6.6758065998601266E13
2.3272854095822072E14
8.69641395993429E14
6.094118681450836E14
2.821332520508953E14
-3.54061448311069E14
2.0550555395413247E14
-1.8676276414767966E14
3.750341767717795E13
3.5391395679797306E14
2.5583069307774034E14
1.1792689723079097E14
-6.196697507830985E14
-6.915295298384934E14
-6.700975663249199E14
-8.975547765450775E14
7.243730483032615E14
4.632508201818969E13
3.8365649436523294E14
-5.6008016780563044E14
4.2771753662013706E14
-1.273116473018811E15
-4.51386500546829E14
6.8826772903608E14
-2.577458894234662E13
-1.4953623220552725E14
-6.35605210607802E14
1.4529719421033135E13
-2.385125499612533E14
-1.2187026868932E14
4.608098919022163E14
-1.1454775580001788E14
4.772632464887289E14
-2.9810614877469556E14
-8.361681197973124E14
-1.008502164502482E14
5.3676208863802025E14
9.308330348416326E14
-2.56055420685993E13
-5.122416025996996E14
2.21379829751086E14
6.857567129263211E14
-5.862481767633196E14
1.3882736991111914E14
-1.4010092343954086E14
-1.552534691665152E14
-4.7738268554803194E14
-8.741959917739036E14
3.334912524125182E14
-5.792722559128804E14
-5.0217225261946744E14
-5.588719230688062E14
-2.7075526053364478E14
-1.7499411431782634E14
1.5794834944668734E14
2.683700744362789E13
1.1253635401649467E14
4.0109881372340794E14
3.0043008850255294E14
3.363117407180604E14
1.4514180114280445E13
-3.862208331763983E14
6.56390977644199E14
-4.020466009252675E13
1.4332805839644266E14
4.422400123754726E14
-7.959879244880626E14
8.99876599462544E14
-1.2068570318997966E14
9.518725524435262E13
-7.348020875984614E14
-5.058681176477658E13
2.7619193391282744E14
4.327640604399512E14
-2.9208228036066494E14
-3.008689269176775E14
3.3644533848216956E14
4.455612266930295E14
-3.649615912598E14
-6.8733544124826E13
-5.831665480747215E14
-9.340151795122714E13
4.408353128907E14
-1.2902594712558895E15
2.1191792770451056E14
1.4483481368056212E14
-7.15020057890034E14
6.273726399409735E14
3.866068060187674E14
-2.4161683421387756E14
3.6429753131133775E14
4.441689441844117E13
-7.945307129366645E13
5.325382018176671E14
3.127323149011304E14
-2.6960327000088494E14
1.102360936501948E15
3.295888414318175E14
8.264686647752967E13
-5.468571216760724E14
-5.845004921122714E14
-4.0560941186044094E14
-1.5708962429030212E14
-6.199097959899698E13
6.101612959226743E13
1.901238338284498E14
3.014631880659221E14
9.710764083505707E12
6.182391111864638E14
-4.64493434769168E14
4.2060464658156825E14
6.869059484703824E14
-2.8003368128851212E14
6.0936384523655016E13
1.646544867851205E14
-2.162415590386733E14
9.148696726292402E14
1.80191466524397E14
-1.1717221685070418E15
4.1445564631776106E14
4.5091338264523844E14
-2.4174717177220822E14
-4.067047976418422E13
-8.037834570716208E13
4.33446664326259E14
9.454191833551355E13
3.526597159397306E14
-3.113287169165581E14
4.584070963807261E14
2.5241355782288284E14
9.38323976687826E13
-6.233661376409784E14
5.3660649900690594E14
1.0133792826201282E15
-1.0145299165202874E15
-8.475179897126966E13
5.711480441858041E14
6.189865798294212E14
-7.166874719220425E13
-4.964400190837937E13
-1.409076918627475E14
-1.9330218292753694E14
-5.835556680644852E14
6.409163339235613E13
-5.4283541566596706E14
-8.781219572358866E13
-1.247325045028945E13
-8.276090951850406E13
-2.8426431961675394E14
-4.347083531162147E14
1.9387296445847138E14
1.7396976169971828E14
-6.631837834120021E14
2.788057357748247E14
1.6391738778102447E14
-9.97078629601735E13
2.072743641090757E14
1.9102307143899166E14
-1.3138866878796375E14
4.184669128796894E14
-2.4958840530378022E14
-7.856092214144129E14
9.52415119587711E13
-2.1272955512796934E14
-1.6307682991665206E14
5.702363329756565E14
8.735084819774634E13
7.496992042126479E14
2.0515020555483016E14
-7.306740712726209E14
5.401983714602572E14
8.288982223891129E14
4.507227217016569E14
-1.2504894906865269E14
1.8693730302390525E14
2.6363460163615688E13
2.295249896922431E14
-1.2267688157653252E14
5.138412438268291E14
5.000819740969819E13
5.2765222991627956E14
7.982805875997236E13
-1.2524454661837414E14
1.4551475288600888E14
6.326341631234402E14
2.1139675789733538E14
3.0605528403734525E14
2.3219667539174872E14
1.1110254952783895E13
-4.923685782774821E13
-3.7595171784299775E14
1.0127111975308866E15
-9.39309540271203E13
5.256168853958444E14
-4.396425059261163E14
2.599152951504681E14
1.5997907481208838E14
-5.312674452485098E14
-5.4469423756075375E14
6.945139378214382E14
-5.234336381082572E14
8.50291299735719E14
1.7275298963649494E14
3.595098841447475E14
-4.0895859959984225E14
-1.1661755566420911E14
1.796442301097901E14
4.7195150397768156E14
-2.3689850136788872E14
-3.0464280150985925E14
-5.797956325417952E14
-3.4233868874818863E13
2.98980399216708E14
3.10904191743588E12
5.645853142386275E13
-1.6628443215818734E14
-2.614881630103113E14
-3.372517891843835E14
-2.901930968942248E14
1.8680572207270816E14
7.533267863361986E14
-1.3891047805743234E13
5.1358656533849125E14
-2.490795165941705E14
-9.089135506217039E14
3.985838893456899E13
-5.0218247217026625E14
-2.298558537609467E14
7.432578063575946E14
-2.1488431431667992E13
-7.963506248918631E13
-1.0259947812683491E15
7.220332251454574E14
7.562022896585003E13
5.676249109878394E13
4.047700725891413E14
7.265368569731798E14
-1.4735222247987512E14
-4.25079245583853E14
-1.688138493645774E14
-4.8538972699297894E14
-2.8786562193058175E14
-4.242263511112025E14
3.752531635969198E14
3.6252313765978756E14
9.760492751528867E12
1.1788753869011883E14
4.696259316646272E14
3.828764131826115E14
-4.758162471757674E14
1.889900646334814E14
-3.219506831545226E12
5.205815215589764E13
-2.2856496006908356E14
5.0699751754903194E14
-8.021585509577368E14
8.035012289572444E13
-2.250419108983408E14
-3.378062073706209E14
-5.545101948915956E14
3.975101018479345E14
6.125902585774479E14
4.511571474248327E14
-2.833621066733326E13
-1.1864647477221479E13
1.2475608324214039E14
-3.100683208326211E14
7.633920128080062E13
-2.1580851882170528E14
-4.8683346894952056E14
2.3910462002288934E14
1.8725242653002647E14
-4.932199501459655E14
2.4518568276206806E14
-2.0657450963635634E14
8.509096256214384E13
1.491224448292138E14
-1.2111878195553411E14
1.697107853759479E14
9.939540804975858E13
-6.019872095515303E13
9.288527151575602E12
1.0045028683786527E14
3.0784735368032106E14
-1.6445360674343597E14
-1.5888646315110678E14
5.694807831042392E14
4.2959166104469056E14
-6.087128009869224E14
-5.808539044174322E12
-1.8611054555563884E14
2.7335145338211816E14
-1.3541464394275555E13
-2.2391285694827988E14
-7.107229068669061E14
5.203120090428069E13
1.2274020739787058E14
-1.0980245270666744E14
-1.9148819863101094E14
-1.2862824644794838E13
-6.066567498339191E14
-6.586612482448864E14
3.278282515969149E14
1.3448537499085905E14
2.4378091506451725E14
-6.174445385379631E14
2.9650304659930715E13
7.207640116759766E14
2.123962273535249E13
8.734021283932221E14
4.8895107269901444E14
-2.022964051239045E12
-1.810918399646128E14
-1.6864497201580878E14
-5.1962893478726244E14
-5.58641336143553E14
1.628061955715898E14
1.8265156614179528E14
-1.7696074221811855E13
6.20744900354237E14
-1.780906223241133E14
1.253630674059856E14
-2.3080358359866162E14
1.367194531733406E14
-2.688111604847691E14
7.274680750594336E14
1.9551817625820653E14
-4.786076504321573E13
-6.917532562803251E14
2.793428292529844E14
8.704074509870819E13
-1.4014250787195011E14
-1.0271148031317982E15
1.3841212523269845E14
2.0359802060626388E14
1.7015232919411816E14
-1.4393890778047766E13
9.09022647115466E14
-5.782709350946102E14
-3.013625885599142E14
3.787837376572503E13
-2.6292838895244962E14
5.686115555190775E14
-5.711821899930698E13
-3.8643614706655175E14
2.85371325075553E14
-4.22180783729335E14
-5.678688615909235E14
-2.6907224059777938E14
-9.987934673783305E14
1.151783404602442E15
1.4364148032061788E14
3.299390825482455E14
3.5230538124408175E14
-1.1587718196750582E13
-1.9851634224337344E14
1.4099350024715253E14
5.160861787874135E13
7.499652986131114E13
3.1898830541374156E14
-4.0890353355949606E14
2.9705740631187125E14
1.1264255341323334E11
1.9123774379387278E14
-5.008510164038103E13
-2.830992852194543E14
-3.8922100791288125E14
-3.6036622421765086E13
1.839580716308191E13
-3.0228723391907656E14
-3.7752735642736406E14
3.850661269322171E13
5.208306022132628E13
-6.1924536482819164E13
-1.866470275165117E14
-3.1564387683909836E13
4.413217414458853E14
-2.340269537870813E14
-6.227528234518408E14
-1.022907664060408E15
-1.6517343122632622E14
-1.2464831409782475E14
-5.042696189763435E13
8.792785660127856E14
-3.214360532358599E14
-1.8478348053737806E14
-2.4623057516349645E13
6.645016268722983E13
-8.25936972108798E13
-4.383017449919083E14
6.308297950440315E14
4.286582481405718E14
1.075464971510163E14
-1.8516342947466578E14
3.3070916664542606E14
-4.5105211510144425E14
-4.2424521703358266E13
-4.598288756685702E14
5.703764934362296E14
2.8520258056167625E14
-6.631366005104895E14
4.080984588156506E14
4.34611404496777E14
8.834582914757089E14
-2.255480542067359E14
-3.4251528805906944E14
-4.64568968200769E13
-1.0978202389462969E14
-4.775709348099863E13
7.314652217786467E13
-4.5589201430257706E14
1.6496199760790725E14
-9.421185587894016E13
-2.9696813702618025E14
-6.279403109178282E14
5.566443189511015E13
-5.041921067977903E14
5.164970879285853E14
2.998187966051183E14
-4.514650629903379E14
1.5787276221980134E14
-7.0068694423799234E13
-9.399759622886387E12
2.6158014699095322E14
-3.015624932851421E14
-2.8324971625594234E13
2.3406803861265428E14
-1.3122878932167772E14
7.849511242909864E14
-1.6283212457766747E14
8.958555712476255E13
-8.94107110964007E13
-8.562962477064992E14
-3.237626958773652E14
4.154446551149534E14
-6.324512891418037E13
3.071427789577804E14
2.602276149535692E14
2.9240563299001544E14
-2.1415952842913394E14
7.346017815240394E13
-7.960057039807754E14
-4.1186929759599906E14
-1.7592651477015453E14
7.583703915326069E13
1.1874607700449127E14
5.3161660157861775E14
-5.629187661308603E14
-2.986830304001174E14
2.9596698706380256E14
-3.2244517248100465E13
1.0984057201545781E14
-4.073791803315965E14
-4.231405072076135E14
1.64769299102225E14
2.780530183179849E14
-3.34226281206599E14
2.1887879677975975E14
-4.7069345768328706E14
2.32410671013531E14
-3.396523549015552E14
-5.810616291069221E14
3.719182883995011E14
2.58437280726012E14
-5.410375825684853E13
-3.80449185116085E14
6.918353253633026E14
1.76081565187328E14
-4.263211921461453E14
-1.1519994316325553E14
3.305392061207481E14
-1.0622409998800205E14
1.6117498384366216E14
1.5848688792210178E14
6.426832668993168E13
9.103067630855562E14
-1.1024481504574615E13
1.7106211269412824E13
3.345003394607766E14
-2.2195621165971134E14
2.1873142800960025E14
-1.8605857922339675E14
-1.3092504601632831E14
8.024470424345225E14
-7.532757326801699E14
-5.6195386708006256E14
-2.520299869128385E14
3.8766063384423694E14
1.2026597631278658E14
-6.987766225165594E14
-3.8908666807701594E14
-1.2128684027795958E14
-5.4624928261325475E14
-3.0390882861722575E14
4.226941929281088E14
-6.047382111539745E14
-1.7929449126734038E14
-4.2638445071864234E13
2.1048636697286094E14
3.743961454962784E13
3.07409689710501E14
-4.762531291806481E14
2.2170106625185556E14
-1.8804613576328884E14
-7.103374934344312E13
6.254602468486859E14
7.676231416470132E14
-6.969117322024904E13
-2.0160970852899978E14
3.682027669006745E14
1.5440000951146888E14
6.269081909073352E14
1.5383822588861378E14
6.802349560301402E14
4.6597196967436125E14
2.1183620566444478E14
-1.4900444013720103E14
-1.1014590679267864E14
3.155895588193146E14
-1.8939517995911484E13
1.7033792567973394E14
1.8435191744718353E14
-3.5370537529709475E14
5.388181406606283E13
2.8132439070910456E14
1.7952540837125344E14
1.9282652928074416E14
3.8407311211968775E14
7.397313328751996E14
-1.685464173452716E14
4.235915990739401E14
-4.8635920308860956E14
2.597106521769823E14
-2.6979772434956973E13
-1.8628792218522825E14
7.282665766762762E13
-3.3275258430932975E14
-3.1474721986616075E14
4.960175810965162E14
-1.2574654815409858E14
-3.987594450414895E14
4.748417429463089E13
-3.963264828889307E14
-3.8116643513981906E14
1.4837667133514512E14
-4.7483271165042195E13
3.5985741963625156E14
-1.5431427332653238E14
-1.5011911666622647E14
3.670831980862774E14
2.6926464176221153E14
6.627962145964621E13
-3.740014653387157E14
-2.1752807399424594E14
-1.0475282184814631E14
-2.2904147230774606E14
1.893056130048585E14
-8.376637753706042E13
1.8374199970810712E14
-2.482283566524922E14
-3.5032619559278325E14
-5.2633747991984225E14
-1.494678314361449E14
2.0581032422396277E13
2.133055685337014E14
1.2740437254645339E14
-3.789343732660928E13
-1.3757106541187062E14
-7.195941746743658E13
-2.3039597628109828E14
4.370281124722293E14
3.4888720188732294E14
-8.947638994338736E13
-4.348964204281451E13
7.161477713525644E14
-2.2761850053051822E14
-9.517483729838647E13
-5.026086326499276E13
-1.3331168279549422E14
1.9281642630891888E14
-2.028727002769891E14
-6.315881599183281E13
-2.5865068136780416E14
-2.789511648723754E14
9.76775889321753E13
6.993211141214961E13
2.7691911714556444E14
3.053213054321284E14
-9.502448418949601E14
-1.4768981280924356E14
3.733893962884211E14
-8.89589573054148E13
-3.485260232101817E14
-4.496701835587356E14
1.418005409582479E14
2.493638714573154E14
2.250117140198795E14
-6.072316256480025E14
1.8922652151583644E14
-1.3946673971507198E14
-1.626009257890347E14
1.2037265319925219E14
8.262879914078855E14
-1.6408824109738444E14
-6.773814404396465E14
3.5289587379764625E14
-1.2742614458961175E14
3.0721561517024475E14
2.684647456384448E14
1.9625882616864926E13
-6.373439262927182E13
-1.1170910470411361E14
8.421468993763845E14
1.414996299679641E14
4.879166093231688E14
6.896827713248445E14
1.0328049290780486E14
-3.565653451227908E14
1.9260513008643928E14
4.7774966023276825E14
-3.142679749157759E14
7.410396847652795E14
-4.060841707997449E14
-1.1594275033697122E14
5.058764662539067E13
-1.8422197369916522E14
2.646351892993178E12
8.715560661352467E13
-5.720806892735258E14
-5.889408570512985E14
-2.2955973382674416E14
1.809256002847566E13
-2.0764888416739293E13
-1.3551608310606417E14
4.3464728032800075E14
-3.8315232886383475E14
-5.035118461255785E13
-1.33214091747383E13
-2.56390227562015E14
5.491980533236508E13
-3.885657039187221E14
-3.6787267734663875E14
3.3563770206880294E14
7.873123793416649E14
-1.8642464661375506E14
2.704387285481287E14
4.7612104441834775E14
-5.126715543431051E14
-1.5502453703276111E13
-5.647608763841696E14
4.208147550954902E14
-4.205946198463457E14
-2.3972505484825828E14
-4.0484638072522394E14
-2.5051968706826916E14
-1.1193640567192977E14
1.1812228541159105E13
1.8351706112642075E14
-5.8360238663398734E13
-2.7407221346437147E14
-2.2261875822582347E14
-1.9448465656411375E14
-2.7631806473064672E14
1.0642489420577206E14
1.4573749455802294E14
-2.4292907376071844E14
-2.7514141498034775E14
3.269479330690317E14
2.8172998065764694E14
-4.010030191791067E14
-1.2189321155664956E14
-3.962497807564689E14
6.165037977071845E14
2.9500576986433544E14
1.1391581911327747E14
4.5198430802012225E14
5.494738083368013E14
2.629222873668925E14
1.3061014022019303E14
-2.2050857502804228E14
-5.667685097273158E14
-3.824391467212218E14
-3.512175358423492E14
-4.9244823523839984E13
-9.350123487584447E12
-3.643927298290614E14
6.648497636602711E14
3.0799124134940994E14
-3.100077702410069E14
5.421943003463249E14
-4.4926829027997344E14
2.5350138566012903E14
-1.101666714878193E13
-3.558341564329583E14
1.8533297981873256E14
-1.5699256359571478E14
4.4619823159462594E14
2.0906460653617328E14
2.734151309485121E14
-2.3980861781335957E13
-1.9277230291373694E14
3.4040260622156575E14
-1.2061530912731936E13
-6.3205602924133305E13
7.007502101179796E14
2.901137539714639E14
9.366084656081589E13
-2.56103775723116E13
-5.1521188799645925E14
3.779435746202245E14
-3.216398330766602E14
-2.8485147086902944E14
-5.741355836062455E13
3.82127179885705E14
1.9627795323931244E14
-2.4992769354095903E14
-2.0657598026135012E14
6.4916837104763055E13
-1.7486039368462606E14
1.7724798729513903E14
4.3730231820606075E14
-9.59610388145709E12
2.9891826851156188E13
1.1545934381973772E14
2.841093577879932E14
7.483234871432628E14
-2.8657454660311756E14
-1.6955601405430903E14
5.3074846186813016E13
-2.9716312268695494E14
-1.3743544634548136E14
3.009417260093054E14
-8.450346862120566E13
-1.3235529174039034E14
1.1456816117441717E14
-4.230185947176149E14
2.3442377449122056E14
-9.96033136115651E14
-5.402042891283074E14
8.417473257251472E13
6.87307800714061E14
3.555665982375791E14
-1.8693356733891656E13
1846934.822018945
