1.3940413193795775E15
4.2824741156838975E14
-1.1427247621651182E15
1.0680188079650169E14
-1.4160595407899975E13
-1.3933012337634185E15
3.808330056939586E15
3.225416162478806E15
-2.3006463580718205E15
-1.1249186186891661E15
-2.793327806162945E14
1.4293901128841816E14
-6.070510874798904E12
1.936153215479408E15
-1.9008866161701206E12
-2.0374867818434316E14
-1.414047026913433E15
-1.022342164028918E15
1.24203824910732E15
-7.375968480466831E14
-8.667235124542751E14
-7.358219318768644E14
-4.718631645720043E14
1.8339365943770125E14
5.761942206091358E14
-8.587162317119221E14
1.864476129002895E15
-1.1410683380378498E15
-3.1618152848657244E14
-4.5879243755788025E14
-7.054730435676974E14
-9.515574225884965E14
2.385373052791925E15
8.735583806897531E14
-6.96161241814652E14
7.386027863603351E14
-1.5059415098824E15
5.718767220688449E14
-1.0845969235743147E14
-1.5547389631289032E15
-2.7466826941187466E14
6.747593308733221E14
7.135993035052785E14
9.229730727071979E14
7.276521962420385E14
-3.677888723831662E14
7.40451952676473E14
-6.661378978841584E14
2.4974734892527725E14
-4.797352707719157E14
5.809581241527128E13
5.181138732098548E14
-3.060769630285627E14
3.3801850130389848E13
-6.02690785460408E14
-2.6862630456787834E14
-1.66584867332166E14
8.375781588539692E14
7.62957897414319E14
2.006291372169963E14
3.313303019462741E14
-1.8648790102268948E15
-1.3340029530786086E14
-2.361416510123264E14
-6.005023315080674E14
-1.1014255006153135E15
-5.694200723409694E14
-9.57903918987928E14
-6.895050147187479E14
-5.830123739900375E13
-4.981192840782242E14
-5.393966430680121E14
-2.2171040418427966E14
-8.184221371218036E14
1.1652963399083723E14
6.329119659538098E14
9.196020785241944E14
-5.798098801133579E14
7.102252444030948E13
2.0835641074620195E13
4.8688276224068494E14
6.663939909906585E14
1.2256447583837045E15
3.956902245605855E14
3.563263668800585E14
6.226031714310166E14
3.174594160098471E14
-4.016906802072618E14
1.7615641907740322E14
-3.097171063119329E14
-9.507858507948478E14
-3.497623663797675E14
4.06492273072388E14
5.8675732983397766E13
-4.722662819237257E14
1.631937205709036E14
-3.0841619854239056E14
6.031626757573389E13
6.919254882857368E14
9.06742078390725E14
1.436334457865362E14
9.66477806701539E13
-2.0130678863579916E14
-9.81007349511285E14
6.833496487034321E14
7.439266687510655E13
2.7839210072111094E14
2.0149295989092538E14
-4.0490402608201156E14
-9.976809568431612E13
1.4632846719358012E14
1.8671998184326045E15
-1.2355783761210334E13
1.752735741337566E14
-1.03753687707326E14
-6.569104122752894E13
-4.1166339510815675E14
-5.720482207214992E14
-5.782486888987966E13
-4.79620326186977E14
9.60354700418986E14
1.1723578180146082E15
-3.256642208145815E14
-5.81751916120215E14
-3.4109241229754306E14
1.96104361586692E14
2.6274289410074747E14
-1.6232233836383584E14
-2.702536016550289E14
-8.184672735740623E13
4.9482371382858925E14
4.3812549830418094E14
-2.991405724054479E14
-3.886736548303318E13
3.452168350361452E14
-3.2425350732910715E13
-4.437378077585069E14
4.673618107182871E14
3.673754674703394E12
-2.7980425166110356E14
-1.0914578542982319E14
2.950405674808603E13
-9.987439670577719E14
1.0301742443152245E14
-4.100866926585792E14
-6.687470681617904E14
-1.8738043119701978E14
-3.385484159637597E14
2.9541246435502025E14
2.6108221478065472E14
1.636725529204693E14
-8.262174703341614E14
-4.4229040975669956E14
1.28025797804872E14
-2.425309118700355E14
1.2086412196597618E15
1.495955378075577E14
2.8981781270039894E14
8.775166039219128E13
-4.820799701406594E13
-4.7063078736706575E14
1.1109884513480006E14
1.48209347877299E14
-8.183071102080098E13
2.6604555929574778E14
-6.597951979703529E14
8.196386335609078E13
2.0867087999293166E14
2.8499649328054944E14
-3.161311605972838E14
-6.866305571010601E14
2.3091651235003353E14
-4.6367158787893806E14
1.8547150533974965E13
9.168519386826233E13
2.422415349020473E14
-1.658142092816575E14
1.5618684163910247E14
-4.8627012977763044E14
-3.9740513149848075E14
-4.677836321417354E14
9.465126276507039E14
2.059897107800833E14
-1.1507765252461556E14
-2.5605635894906516E14
6.096208972494155E14
-3.496242128404659E13
9.5811490070037E13
-6.724134244565708E14
-1.77931233796041E14
2.3602562285758738E14
-7.353301610037484E14
6.881979120362439E14
8.206100529430538E13
5.1880393950723506E14
-1.9754747732307122E14
3.349319366199752E14
-5.427548099403831E14
-5.26805316773856E14
7.065775211451382E14
4.0007173221123356E14
-1.0582178022590592E14
-4.871562517418011E13
-5.205004907941179E14
-4.8563035985327306E14
5.975583492690029E14
-9.072906700840692E14
-4.48728220806393E14
4.254104214417262E13
-1.0945970321068078E14
-2.449695345568458E14
-5.471051258431702E14
1.5536186899632097E14
-1.8128518914785294E14
-2.0607253427614006E14
-3.23376931354747E14
1.4917075562055285E15
-9.157506591933061E13
-6.738518645529408E14
6.06283795056853E14
-6.481863926367158E12
-7.800555258534105E14
6.2578014763823E14
7.113836644217268E14
7.551293060495574E14
-3.8027158310958806E14
-9.158317422373006E14
-2.5802778186292E14
-4.229088008062659E14
1.507622014718643E14
-4.697430153242885E14
-2.59738907327164E14
3.40205391248105E14
5.509471643751605E13
1.3918699054389788E14
1.915232288613151E13
3.4770840111008275E14
2.2756280191128494E14
5.065784976323479E14
-9.975725250438436E13
-1.0485831472308794E15
-5.5403868841574125E14
-6.570427687647549E12
-2.714874170926756E14
-2.4673150896008653E14
-8.149962226518762E14
9.078888460239758E14
1.0265556267504048E15
-1.1481696392922734E14
3.473844093560392E14
3.99866708539011E14
1.0712758113028308E14
7.995631968747101E14
7.415424105522696E14
2.882427957100622E14
4.019981321989818E14
3.215674061717261E14
-3.9188948669527125E14
7.823448148937894E12
-8.055976157622181E13
-5.003337303616144E14
7.79271366154507E13
-5.635144865757076E14
5.99910904228881E14
-2.66214229055835E14
-1.0190610081790794E14
6.09044737410296E14
1.3664228165813833E14
-2.4807739455356588E14
-5.1745270316289344E14
-8.02394678035502E14
1.2522965570629373E14
-3.979441237561935E13
5.609674009648725E12
-6.560086078099955E13
8.510766732862146E14
4.158385454574634E13
-5.096889000141049E14
1.6974992376841397E14
-9.624042160364878E13
-2.785770665936339E14
4.569917596171395E13
2.9879688476087725E14
-2.436609327857399E14
8.24604659890922E13
-1.9542434625364712E14
6.2685733594896E14
-3.539609863329136E14
-4.040506383644026E14
1.2949932955998983E14
1.1487363353726218E15
-1.803660421173649E14
-5.530018172951294E13
2.4443454896938088E14
8.663071136157083E13
-5.650100104249005E14
-3.24539336091507E14
-1.1790961764397893E13
-1.2658139568114075E14
4.177891537244679E13
-5.629058771895742E14
-2.816493536417336E14
3.4602066384020594E14
9.907264506577549E14
7.85763195777674E13
3.8337218612407856E14
3.18911607927683E14
3.4572063066057356E14
6.1803847262034E14
-8.875524291748378E13
5.526382016438349E13
1.7038840424278597E14
3.989291993614074E14
7.708388421984969E14
-5.506599075246344E14
9.32558539722529E14
1.3691517742699673E14
-6.057647223562764E14
3.001276638540064E14
1.9966252681820062E14
-1.661165840248143E14
8.029182567010505E13
6.903579469667992E14
-1.4063807037795334E14
-3.42767155578122E14
-2.0499760530236653E14
-4.3371601021780575E14
3.3667226456684544E14
3.96408405754792E14
3.7858064174456144E14
2.294093018539396E14
1.8037469587730903E14
3.633399411064157E13
3.650952240910519E14
-2.6298532329306822E14
8.774188681712611E14
8.436802772299655E13
3.2599766212896953E13
-9.113819159524053E13
4.8143846653696E13
-1.3251091240898688E14
2.1784551779493707E13
-1.8837511109993653E14
3.8015495610123406E14
7.4026964304086E14
-2.254900261282519E14
-1.809514467137431E13
-6.5101557566332586E13
3.081074107097019E14
3.530454629350497E14
-4.776764688389841E14
-5.3221162030556275E14
3.024064149585073E14
9.749545080381347E13
3.220305535829533E14
9.02360828542356E12
-1.148378710937832E14
-3.009829669271921E14
2.149624479102446E14
-1.705114824610665E14
-5.44078025024131E14
-4.8751997972316575E14
5.098603471408624E13
-2.914434121355291E14
-5.259554867956819E13
-9.865644849294358E13
9.042272601104384E13
-3.776297668218917E13
-2.239605408641089E13
-3.852518093805493E14
2.294340751318694E14
-5.440731678329737E14
9.959476529804975E13
-1.6166053028588794E14
1.9815626232003025E14
-4.010015114741771E14
3.4356825355766306E14
1.294389632952379E14
-2.4604239641888866E14
-4.11198129344694E14
-3.089817129644263E13
6.469763072293449E14
-1.934195630331984E14
-1.5912682892729497E14
9.774450756196094E13
4.991311301666051E14
-3.446339771953084E14
-2.1886585381930694E14
1.4925947829780506E14
-1.3273649759874188E14
-2.1266535136921888E14
7.532071538033472E14
-4.08172694410454E14
-5.622427646672196E13
2.373052097788668E14
-8.873780486265727E13
1.382925494833612E14
-9.549510099083818E14
-2.4839386914483803E14
-1.8157531581771753E14
1.026313520563293E14
6.375112557573018E13
-1.3742539784103433E14
1.8116718267077875E14
-2.795733348314881E14
-4.1262747482899475E14
-2.822221839453261E14
2.458607923946534E14
6.648879004680462E14
-3.09803346052721E14
-6.199426613353982E14
7.991263618118705E14
1.2146275785150736E14
-3.267910512979158E14
-7.470387584162641E14
3.7880595542943675E14
4.300705242421716E14
3.413124561381122E14
3.200370219126273E14
7.044037264604497E13
-2.9292514316873044E14
1.0118025110722511E14
4.914209746962237E14
-3.162070224418338E14
2.7315103583195278E14
-3.7663520970971525E14
1.872197154539393E13
-1.3882552326223234E14
-1.7777966026522878E14
1.8732732321269375E14
-9.220868838696678E13
-2.717543268357711E14
3.161591492144357E14
6.487120746832922E14
2.2239545481502012E14
2.4164094389719166E14
2.3365024346541388E14
-5.0024284473770656E14
-2.2850096231215975E14
6.421282930249304E13
3.350045023906747E13
-3.930246723124853E14
1.0444624499570711E14
5.482660632360705E14
-4.275768820694754E14
-5.8977775863074945E13
-9.085057321524323E13
-2.4655363636633912E14
1.0145743388536583E14
-1.4429818404910978E14
-8.820670360107928E13
2.196709722530586E14
2.3108037142364894E14
7.190534825835581E14
-1.6119070862852347E14
4.0597095475591925E14
6.522788455087408E14
-4.5445618656761325E14
-4.916987321627087E14
-3.712792779763138E14
-9.68102725556888E12
1.4028772355836332E13
6.579153312975678E14
2.561690966638251E14
3.433537715883864E14
-7.011121111779762E13
4.4668639157924294E14
3.952513220282718E14
-2.7932416385566316E14
2.315669459559458E14
-7.267571513803961E13
1.964880421058438E14
-1.8935931275066694E14
1.0372925291751742E14
-1.4929714927336734E14
-2.734766522970856E14
7.635455903622439E13
-6.316134101031807E13
-8.354109003126111E13
1.1895669353280134E14
2.2185465252653428E14
8.471609072593223E13
3.31560315547239E14
3.1032029653918575E14
1.5566345075989344E14
-1.0601838107793747E14
-2.8859915392292156E14
5.803862687764176E13
-4.0318628225473E13
2.120186170710247E14
5.914382337661086E12
2.5010116014225838E14
-1.2666323213218105E14
-2.219855107631179E14
-2.2878168348813425E14
-1.0114834936956016E14
1.748533584000708E14
8.436861027783511E13
-2.616319091899517E12
3.897289935316392E14
-2.0595122723741575E14
2.3139220261840147E14
-1.5764174731985444E14
-1.2262378386227514E14
-2.5886146578250516E14
-1.1440852948203425E14
-2.6284521601928762E14
1.3327444263313928E13
2.7643880977437606E14
-1.0938707606342658E14
-8.550258495712877E13
6.627635057718402E14
1.3279195210515827E14
8.598907370753911E13
1.0007956688930103E14
1.826029629292419E13
-1.7724059530464697E14
-4.766611621964767E14
1.35996772290334E14
8.409524708980988E13
5.0144727398767556E14
-3.56427605128153E14
-2.5592070736814994E14
1.5575362335644762E14
-1.0941586282398127E14
1.268991923532266E14
-4.9769351966272175E14
1.941281916444415E14
-2.543635394777325E14
-8.33179568914109E14
6.224699753876133E13
-4.894771332725315E14
3.536903274743642E14
1.591516458954332E13
2.2834539676524206E14
5.12441120640269E13
2.2980190123292412E14
-3.2639578478638944E14
3.7800750713302575E14
-3.1300870033572394E14
-2.010912551131069E13
3.2664275549309293E13
-1.43203193718801E14
1.5432572705077675E14
-1.923257615895537E14
5.6163815460543475E14
-2.1591994714953488E14
2.1465274850751247E14
7.78896862732996E13
-1.6256154451529106E14
8.582386059675672E13
1.7613709641336428E14
1.806614875142425E14
-3.580202690909541E14
-3.7922938559503956E14
3.7431598682260844E14
2.4805406892361664E13
2.281022748910664E14
-4.1734974119958925E14
-1.1013100514600655E14
2.138135627540595E14
3.688291923329942E14
1.8475410273833534E14
-6.527462952280422E14
9.599854758201181E13
-6.111210644196148E12
-1.1928437502411327E14
2.5533722635035528E14
-5.892459845460328E13
4.452262859116493E13
-1.5471163369925638E14
4.167519652864614E13
1.1286117771285131E14
-7.971269569693647E13
4.535297124450684E14
3.09377042095109E14
-6.619325995156262E14
-5.945575433759274E13
2.5656168318374466E14
2.21176119915072E14
2.6865306159550028E14
-1.582587072429925E14
-9.710495006576089E14
6.102263891646474E14
1.954174102242051E14
5.0835189201298456E14
1.869952479959462E14
-6.532290329169229E14
2.50295875964839E14
1.9699143427623228E14
-1.7015467560075606E14
1.409306773729079E13
1.0410266228567567E14
-1.4890764902613925E14
2.935350971911957E13
-7.568521892574953E13
-1.2869843941129283E14
2.1030893027832247E14
-1.0013903908014069E14
1.5312158726362312E14
3.288616298600076E14
2.937775681127636E14
2.5958628985940384E14
-3.7334870574739756E14
-1.2694010217262852E14
-6.434612028483168E13
4.125205678233065E13
1.7619122399375753E14
-6.513189425711608E13
2.835675232394627E13
-1.1262550800827612E14
3.661515321285057E14
-3.9990465842699744E14
1.6207169354646322E14
1.2167085152409289E14
-1.4514046825071934E14
-8.148421267661864E14
8.498052147599744E13
1.169484600326983E14
-6.562604925905622E14
-6.7358124574714375E13
4.59924009007271E14
-2.2063419612232803E14
-2.7443482810311684E14
5.891120259998751E14
3.789360942148891E14
-1.8744893656526262E14
-1.7696546521299078E14
1.070634463033683E14
3.855079172025919E14
3.371527557350258E14
2.332382107290908E14
9.57008367873544E13
-1.9253395625637622E14
-1.9228994606147297E14
2.636987443234268E14
-5.647159187552155E14
-7.076518085819882E14
-1.7849807336829016E14
-2.127360184501428E14
2.917268533837657E14
-3.436452480329693E14
4.7444051563908805E13
-2.2046036030287662E14
-1.0058050295455428E14
1.6840815177074928E14
2.7359343697034512E14
9.620904192544258E13
7.924690953053149E14
-2.8340970450231797E13
3.0883823019333944E14
2.5362229530078E14
1.495185313125161E14
6.7953179052400766E13
-1.5588648757816916E14
2.106015850813053E14
3.3614612058921992E13
-4.742154794843136E14
-3.646711912481756E14
-3.560275446915171E14
3.940377872776555E14
2.0032704397492566E14
6.344743510035855E13
1.1505410778372466E14
-1.5712791489964622E14
4.583055458412237E14
-1.5361330426904788E14
-6.96160819161779E14
-1.2351664217494583E14
-4.256697991545765E14
-1.9284899559446103E14
-2.2711614707893875E14
4.509503028227214E14
-2.3953540065021238E14
-2.935964851857603E14
-1.3693257567120897E14
5.426460200947162E13
5.240329962735465E14
-4.732026680083509E14
2.612443820913474E14
-2.3898869934643394E14
3.2759544580662227E13
-1.0620500114181339E14
-2.237091610448442E14
1.3443137700133431E14
3.404586023154277E14
-2.3229778837206672E14
1.798011972054755E14
-1.9303768347234758E13
1.467072483263122E14
2.738229969757301E14
1.2630898035552727E14
-1.0550958726766522E14
4.839613555219918E12
-6.877220123276854E13
3.195543045436201E14
-3.6838276161228675E14
-9.478714287536127E13
-3.2387376105093473E13
2.011738960710067E14
6.054926854254505E14
1.2003841911100598E14
-4.001417335243117E12
2.9560884346617773E13
6.5461559625797836E13
-4.9854043151785394E14
3.77199817323056E13
-1.443887514068253E14
2.8201556102956894E14
1.897668186840216E14
-4.807947625996068E14
1.4835004794546953E14
2.7763307038523706E14
-3.5086972194295325E14
-7.703811828333632E12
-1.67044487863092E14
-3.065622938090176E14
1.3700644327616369E14
-6.009560768965664E14
-7.579444738487574E11
6.18401609985204E14
2.2131408336935634E14
3.5936830913701556E14
3.5587230489350445E13
-1.919329508283539E14
-4.416639811214564E14
-2.6125525487065584E14
-4.168014867316375E14
1.5277712884030738E14
1.7641813218535394E14
-1.2668544863825298E14
-2.3452527449567246E13
-6.456207922490346E14
2.1821092789273866E14
-6.374249515700696E14
2.2375900292883638E14
2.3818160024382147E14
-3.989840256921068E14
-2.2041084798830728E14
-2.0472510411617803E14
-3.0155818990806975E14
-1.936921935913902E14
-1.895236497283468E14
2.5114591279484984E14
-8.067771351371539E14
-5.661764679345399E14
-2.96458949592092E14
5.354589710858429E14
3.006923308510938E14
1.3093573646825755E14
-5.6535321568402E13
6.243333542671693E13
-7.602812797467773E13
-1.4056600494699016E14
-1.456891672307613E13
1.2843763120181466E14
-1.7688724130394378E14
6.35459822210382E14
1.2438575511154355E14
-1.477701380523491E14
1.1286875596163702E14
6.007952685855741E13
1.538136099004886E14
6.798831472211516E13
6.0685631368114266E13
-2.543114355281791E14
4.283365925961411E14
-5.893207391934284E14
1.5272298364082531E13
4.835971952694377E14
6.7305632942326414E13
-1.076783750419922E14
-4.062709397578125E14
3.605221464118312E13
5.682021791450896E14
4.7917977122733375E14
-2.309665054693214E14
-2.0786586587434862E14
-5.044856642976868E14
1.0720351240247262E14
3.311204548538881E14
-3.269708900350129E14
-4.117715510292839E13
3.138242750342313E14
4.3948824834132275E14
5.251022202190194E14
-3.965135413731162E14
2.6312710609484647E14
-2.3477309345247406E14
1.7312706541965434E14
3.598456175234836E14
-2.0982995020920078E14
6.1208731669899695E13
-2.3981820920613216E14
-6.330845737051655E13
-2.7556501348455254E13
-4.8213123511412656E14
9.234269919031677E13
8.848746729677316E13
7.760772336069911E13
-5.73134559748647E14
-1.2498620619574989E14
-1.9870209600454531E12
1.7893677104851038E14
9.677814138568019E13
-3.9704542693172856E14
-5.948282868530879E12
2.0091777082349828E14
1.5666613546819938E14
-1.694500686423264E14
6.487947319495041E14
-2.0927837645666284E14
-1.1497395111746608E14
2.2499027504047753E14
7.854870307984481E13
3.3058156057633644E14
-1.4566012147147103E14
4.752998540997507E13
-3.678927052879112E13
2.2080552936349887E13
-1.5281768744888138E14
2.577051892933336E14
-3.7549992510805094E14
-3.166726792622227E14
3.1802751680114934E13
-2.4876110558366334E14
2.0930117782081484E14
4.6318720594799275E14
-3.442644022009681E13
-2.563506163410504E14
-1.608708046738515E14
2.89030390452853E14
4.019175388093329E14
1.3871677741933025E13
-4.1838504334208525E14
1.0856440967914588E14
3.628300732074293E13
1.2366609359495252E14
-9.330355448851604E12
-6.7072476146833555E13
1.889577004054912E14
9.044212246948752E13
3.1549836341964984E13
1.3666906774093799E13
-1.516480949979496E14
-3.039582884223934E14
-6.202010101949684E13
-1.9224866934092E14
5.981704961219524E14
-2.5195525711805794E14
1.1719028360547425E14
3.1086014602145525E14
-1.9760514428119447E14
4.081169221623318E14
-2.3453840264818043E13
-1.423623561250249E14
-1.7915943092155712E14
-1.3154428164328139E14
1.9257294298089053E14
-6.067449259587795E14
-3.0193009334621144E14
-8.944593051046629E12
-3.391815502600582E14
-1.5146810042691277E13
-1.571437489506068E14
-6.658864997435895E14
2.4226799597963128E14
3.340009580250135E14
5.5068089722034594E14
2.391623151027171E13
1.628828466659105E14
-4.8823926951401275E14
2.637199765844186E14
5.251932797239833E13
-3.7154354899604694E14
2.9238834268842294E14
2.0632919685151575E14
2.803727708249882E14
3.5563371540446825E14
-6.797724275952567E13
-2.500282047614519E14
-1.4498899372339662E14
-8.542359700165964E13
1.9954558610707584E14
5.885854657932944E14
6.728877294417945E14
-3.820929197125092E14
-2.487801235621854E14
-6.384980504121684E14
-8.275461631168561E13
-1.5628177828507125E13
1.7434554665291676E13
-5.2028938335868144E14
3.282428131359777E14
1.5412354176372966E14
-5.8131302452168955E12
3.502768332177754E14
3.518965076100029E14
-9.985328973851569E13
1.1535266441128678E14
4.7605950951848994E14
2.4720906791823034E14
-5.667197785139353E13
3.311203089798438E14
2.1610358763565938E13
-7.23524687490066E13
-7.821426453580808E13
5.692163075924851E14
-3.802205290190795E14
-1.3290270829636283E13
2.0828735695926403E14
-2.243533679883352E14
-1.0986392035071888E14
-2.685804978588307E14
-1.9671526353579138E14
-4.0460480849532194E14
2.6122212195864322E14
4.095337357555793E14
-2.4455872334450684E14
7.78794201471621E14
-2.0368182182856406E14
2.1818731840338225E14
-1.232984263070471E14
-2.5464028663017176E13
6.417697290916914E13
-5.685197301792459E13
3.3055386831819444E14
2.259637174683626E14
-9.588796815442788E13
4.1333373925936494E14
3.470447442710338E14
2.1491259303247384E14
2.7006349690757244E14
-7.128626509474403E13
8.239423511184781E13
-1.1952567033547662E14
-4.554416027104775E13
-3.7946520425175055E13
-1.1330378602718311E14
-1.5355879704768572E14
3.2257112003466977E13
-2.622778784626199E14
2.03589486683589E14
-4.973837012753099E14
-2.2323281324067262E14
1.467114945574881E14
1.3322460123077495E14
9.455601213194833E13
3.542941202385862E13
-2.4574375000582016E13
-7.549100938771872E13
-1.832355166594658E14
-1.6171947032349734E14
-8.069769045535552E14
5.2604618821770006E14
1.5945415321871538E14
5.2075992044513825E14
-4.592977734274125E14
2.3657423304539056E14
1.483781525406403E14
-8422103.491070764
