1.0396288574486906E14
-1.500304047058783E14
3.5709525178447215E15
-1.123953087917755E15
-9.79023265245664E14
-1.4982873323577272E14
-2.953833938143951E14
-3.493141672319353E15
5.636459877904174E14
1.3668775873093698E15
-5.295767117838703E14
2.7055168859767328E14
-7.80951119492379E13
-3.550694353656224E15
-1.1088267301617186E14
-1.5197392644576262E15
1.1661192787786408E15
3.1074293208171495E15
-3.6518027041423265E15
1.9665164623146655E15
2.552752383219389E15
-1.5001566549185388E14
-1.3868308816191698E14
-2.967042226955293E14
-5.01717847429247E14
1.5267448753622885E15
-9.640034136612694E14
1.1864840504787215E15
3.4612907184378656E14
-9.9443494590049E14
3.498608933209321E15
8.754071992129878E14
-1.7816583608581115E15
-5.250407887721228E14
1.6862739380622312E15
4.9385556600449734E13
1.7105598637257318E15
-6.621221708745564E14
1.4558779264244905E15
-9.545417216595108E13
4.987687190565197E13
-7.568122465933425E13
-1.294304893869273E15
-2.5139522311479495E15
-1.12881581545317E15
9.628975929649286E14
-4.787527031477048E13
-1.823361566943241E15
-2.1621150995325188E15
3.011165005769184E14
-9.595633705995182E14
-6.889631956922775E14
-3.2166198359910844E14
-5.782170329974508E13
1.0752489522782776E15
6.679924628056028E14
-7.386031643484272E14
-1.0695932468654755E15
-1.321779565320234E15
-1.42450056237138E15
-3.0417725627176957E13
2.374526705121138E15
-3.805640010788414E14
6.678730380834725E14
8.035625753352612E14
1.282018561921834E15
1.2384001030475708E15
1.4824097204398788E14
4.813669060696873E14
1.365793937521209E15
3.223675502845745E14
-3.635491675668779E14
4.9206430749896914E13
1.5220901930217432E15
-6.408070132908149E14
9.961973223646855E13
-1.640051863835842E15
-7.491937604243926E14
5.2676899110140725E14
-6.09508622792514E14
-3.5739592018386825E14
-1.569769806704243E15
-9.635175109327168E14
-7.205268017576614E14
-1.572991423717888E15
8.58259887361981E14
-1.1072776971234578E14
5.809808145753301E14
-2.777365724706612E14
-4.82890125567368E14
7.661789215890126E14
4.374635141935918E14
-9.353334272623836E14
-5.980913296238446E14
4.61167612749339E14
-5.5585113921610944E14
1.1189428404538666E13
3.3471237375813644E14
-1.2106355019773623E14
-1.9787644032714012E14
-3.6056380691221925E14
-3.638024887759522E14
3.0297115878214444E14
2.0827801035594615E15
-9.231231194698449E14
-9.22298164581973E14
-2.5602266583570928E14
3.517334131448389E14
-7.274750107669925E14
3.404333043003225E14
1.703305559709438E14
-1.0827246888118528E15
8.38539901735854E13
-1.0002809481666915E15
-2.285547255062308E14
3.638581133664425E14
1.440016829582804E14
6.576044007002115E14
-2.817042845805706E14
6.871248676246186E14
-7.503688418783394E14
-1.4583995358280432E15
4.8545369184294094E14
6.371643557419448E14
-1.0801276282288438E14
7.076788346313081E14
-1.2054305077942255E15
-1.5771035005344556E14
5.826871815013396E14
5.123791794193864E14
-7.090728512060816E14
-8.075940024380568E14
1.1870481964006828E15
-3.686473435635297E13
-6.267528184799079E13
1.8623962751070053E14
1.978343530218122E13
-4.0510625733732706E14
1.447375354384125E14
3.9387255199447356E14
-4.542740433127095E14
3.773148720741866E14
-6.93148669910647E13
-2.3490008159901828E14
5.379268768150411E14
7.425984189932305E14
3.873497236733407E14
5.68084781115181E14
-2.9991916874313056E14
1.9142939565182044E14
-1.0363137910947216E15
7.132426085447058E14
-1.3352045562060652E14
-4.298145320585486E14
-5.844144390262808E14
-6.452439342390008E14
-5.794947715945536E14
-1.2495000471404017E14
-4.186129646486286E14
-1.1062777987624839E14
4.781902297648327E14
9.411077642233389E13
-4.755132139713659E14
-6.067690535041391E14
-7.212877806600044E13
4.5607836713715325E14
-1.8275442898640347E14
1.1173375981704301E15
3.389419661945721E14
2.0480276827538728E14
3.6061954850869406E14
-6.093724637985612E14
6.462706012355696E14
-5.5633291592961906E14
1.1964162520214052E14
-4.724458133913219E14
2.597086274297936E13
4.361034566307378E14
1.969036464798885E14
4.758392837559055E13
8.49915083866324E14
1.2716342421552032E15
4.412090296697414E14
-4.135625268124101E14
-1.2358406294792778E14
3.700970040814945E14
-3.7436223783057175E14
7.548430239204102E14
-4.920076578768044E14
-4.0696646202195644E14
4.126744882468985E14
-8.883632431922402E14
9.796725805082335E14
6.41741419295173E14
6.500282559344615E14
4.612404695125095E14
-6.966485403426698E14
-4.111450836546535E14
-5.020757751780558E14
1.564662299537149E15
4.154046499269049E14
-7.870679705193971E14
-5.218748314491092E14
-2.4712895406543756E14
-6.939028027777628E14
3.236048421041272E14
-1.4160530793164018E15
-8.522919870783202E14
-4.563703899159925E14
2.7221950095857884E14
-2.232078765642416E14
6.003743067230485E14
2.5910149537482406E14
1.528714684732679E14
8.981162458759986E14
1.5795937350449122E14
-3.996419705041192E14
1.0327063507307095E14
-1.3577031280826831E14
-1.4097485325183575E15
-1.778410908060341E14
6.011079812405491E14
-2.2563295310766744E14
-9.03413129359317E14
-5.739865657144201E14
6.81738451679077E14
7.406635758970855E14
2.2930394826082925E14
9.454873552056218E14
3.363522299475328E14
4.6764490141588494E14
3.213926696289514E14
1.819151684940928E14
6.531906849792366E14
-6.902957753064378E14
-4.475638432879227E13
-2.412850337883079E14
-3.111751616221341E14
-6.277096073505642E14
5.441296144739725E14
6.371364460033329E14
7.654456595593375E14
3.0900853624833856E14
3.2668354194171506E14
3.0355255267857456E14
-2.9134640624192883E13
-1.0308167399297674E15
-1.4645158755434018E15
3.402918060695107E14
-8.172152349028919E14
-3.341953591945574E14
-3.427254256958625E14
-1.355964161456364E14
-9.478178401129921E14
-6.605518819427636E14
-5.321499316096285E14
9.273718174168475E13
2.8003665488739166E14
-4.3229130880658694E14
4.773479098303524E14
2.2443327482160605E13
3.399582166541907E14
6.587711699609239E14
-4.408870231837865E14
6.971687085757856E14
-9.883461222915714E13
1.2996376509383367E14
1.0119356684576752E14
1.9689956063340512E14
1.3808282681734472E15
7.588355435874659E14
3.133927094250774E14
5.013991412940459E14
4.028897621967003E13
1.7554034675960113E13
-1.1361311156645515E15
-4.6633714980106575E14
1.9984463293779152E13
-2.8086580022784175E14
-4.0781517568856894E14
2.7243779635382794E14
-3.9033815736600406E14
-9.359158336972701E14
7.563863502050751E14
-2.8121823702168544E14
4.2635979771283325E14
-5.377363069658991E14
1.1350588679890184E14
4.72721877603554E14
-1.9909207946056212E14
-8.63020245264918E14
2.58297742717872E14
1.942983074539927E14
-1.8246823761269777E13
-3.7442146090538594E14
1.360777381434498E14
4.552564205834173E14
1.1515780051964356E14
7.056180253007658E14
-1.1584327573765447E14
1.0234332155139389E15
2.3173010650943194E14
-6.006559998330145E14
-4.226240142128061E14
-1.9589384323848275E14
-8.215823748012808E14
-7.6344795414577E13
-8.957444637182455E14
2.2080774569801603E14
7.565504429884828E14
-4.7884274994410344E14
-3.5162752764273325E14
-3.393843566948348E14
-7.940826773660882E14
4.7708741683638606E14
-5.037587006786754E14
-3.17711671923088E14
1.021490479629942E15
-1.6699270706049356E14
-2.9935257886633794E14
7.149187975298364E14
4.610669226857238E14
-6.465138411526551E14
-6.409332899500093E13
3.256990219144919E14
-2.614984335868532E13
3.310101490983404E14
-4.15285523023216E14
-4.801005433595789E14
2.3971008928889928E14
-6.773886525179099E14
-9.660668775346797E13
-3.155404480625488E14
-9.056235290285595E14
-5.712893765030566E13
1.0278723682607764E14
-6.768886253321019E14
8.588335328171816E13
6.570240080316397E13
7.800395696545903E13
1.485351175618586E14
1.946393168423906E14
-1.64295475887684E14
-3.051507084133284E14
-6.956493776226675E14
-3.070955566853267E14
-6.435561818674428E14
4.006640174270673E14
7.60269455931258E14
-9.469494143493058E14
-2.69837416065038E14
5.701171455091155E14
7.265682065961392E13
-2.420966587324326E14
-3.3077322625050356E14
1.0567230692866134E14
3.8575736412222106E14
-1.823585858119063E13
3.1385902457524794E14
7.290877295035458E14
7.508222363527989E14
5.6032055008965006E14
5.239457476023327E14
2.056905319334328E14
-1.2295617349676039E14
2.2397844969205947E14
-7.34372142767036E13
-1.1764818137998853E14
-5.206941410671791E13
1.7868598257077334E14
9.05923204093605E13
3.1549821180688406E13
1.7063715254482497E14
-1.1545644391543016E14
4.965216995189129E13
1.567596739056864E14
-3.005417885022494E14
-2.5845041779600762E14
5.604774383140102E14
5.220858514172219E14
8.228872581700008E13
-9.354234558945678E13
-2.3007440119499872E14
1.5991392498805397E14
-5.307971674272442E14
-4.5437798745051175E14
9.428067539993119E14
5.591351065277437E13
-6.327578166871504E14
-6.113414840012165E13
2.0978550136956125E13
-2.7840000558111003E14
1.6159740928111588E14
-9.506527944004778E13
-3.748180279305375E14
-3.191888105271661E14
-2.7658898307102756E14
1.773715607402923E14
-1.4311290789571375E14
1.1840820448810723E14
-6.634396007218983E13
5.303317114810765E13
3.7020531369968325E14
1.3666409882414311E14
-3.722532485862713E14
7.468528013170546E14
2.061219235082504E13
-4.4901721771500094E14
-1.1769749723205482E15
5.39657600821394E14
4.4589026669637744E14
-3.5691594843291695E13
1.8267786692218075E14
2.690590411120134E14
6.385434872265704E14
2.3485451537251822E14
-8.087345293294688E14
3.055774992135317E14
-5.994250831964038E14
-2.76484685877148E14
1.3043941076007347E14
3.4041575266725994E14
-5.2295283467338006E14
6.1835256198626984E13
-1.0163107512559488E14
1.6597030724490378E14
3.020675344546935E14
3.320063964271571E14
-1.8847393610510316E13
2.570184846846426E14
-2.499607178071077E14
-4.532021706903585E13
1.4457272564731366E14
-4.0383118022462956E14
1.8313180707768456E14
6.762261679450024E14
-4.1004230941377E14
1.9892246651923053E14
2.1623778270778922E14
-5.813042542070234E14
2.0160764929981656E14
1.2487314877968062E15
-1.4949056685868362E14
-5.444039979544373E14
2.1692586722591828E14
3.728191260088515E13
-5.0326079300861275E14
6.881384525224544E14
6.254090475927082E14
8.116330853212155E13
-3.515198658581966E14
6.803459758555829E14
2.740747829882529E14
-5.690897559973966E12
1.2371850122547603E14
5.705327953321126E14
7.417743937205618E14
-5.6184345729423725E14
-5.135722139167327E14
1.6572833169789528E14
-3.815294424626303E14
-8.090691261010605E13
9.203561125082416E14
3.996977769693702E14
5.297060808711835E14
-1.598432945379467E14
6.647690259524031E14
5.994881967795378E14
-4.3084756508343294E14
2.28484693164285E14
4.559598074737884E14
1.128377908986202E12
-4.72619590640496E14
-5.8163913417568766E13
-3.7745054487082925E14
-4.6812847784785775E14
-2.3540128616246466E14
-2.331209155091738E14
-6.657841614427679E14
-2.2664798062992978E14
3.219577211758724E14
2.1841349579851578E14
-5.310688520591641E14
-1.1395697972124514E14
-1.5416432154706462E14
2.521050836033609E14
3.420572551217674E14
-2.7562621282655447E14
5.51425294430871E13
-1.3621404843666744E14
-3.0943242863964494E14
-3.276353578026054E14
4.3113155481144006E14
1.5851469799406244E14
2.928808019111931E14
8.912163339087161E13
-3.4002838501570356E14
-1.2582316555954305E14
-4.443229406801461E12
-3.7388304163908194E14
9.963939556088358E13
-2.2386294727230012E14
1.6654568367282353E14
7.539435902345933E13
2.08976825250913E14
2.3242365634249553E14
1.7401174797744338E14
1.910022926437783E14
-2.609035459076741E14
-1.7504025959905778E14
2.050845656973736E14
-2.9017506072488475E14
-1.7522877100989538E14
-2.970351809155709E14
2.713277626703587E13
-2.02750088973107E14
-3.7935360690501375E14
1.0368848995778748E15
5.013814166646185E14
-6.415696637024085E12
-3.32682363735791E14
-8.303928182791853E11
1.5393469037965362E14
-1.1928940858220052E14
-5.1639069497169856E14
5.358227510838111E14
-6.419662320793246E13
-4.6413458828013556E14
2.2794360972677116E14
8.024108703892051E14
1.0405325159902644E14
6.082645651958539E14
-3.902708392874893E14
8.591592408152442E13
-9.792878979390828E13
2.0475565966968803E14
-1.586617003234833E14
2.92323265587469E13
-4.6504257718462575E14
-3.1615636231299223E13
3.350703877303242E14
4.4996030576988494E14
-1.1435363674998052E14
-1.9912113915566372E14
6.232456438492275E14
-3.053621056188301E14
5.04452322801879E13
-1.5059815842260147E14
-3.358184490279576E14
6.522228708881549E14
-7.438191092590962E13
-9.13540377727447E13
-3.90422016255607E14
1.6218042605578482E13
-9.494369810846427E13
-1.5265363911889175E14
3.202951816194881E14
-4.3355800847266914E13
3.6922959560605225E14
-1.9523508460710645E13
-5.675699169481829E14
-1.7835403088687694E14
2.4329485324556344E13
5.879789785383851E14
1.761482551126954E14
3.825413091793844E14
8.052576039010045E14
-7.654044235079825E14
-1.7338458135877016E14
1.399217130126154E14
-5.8365606952808766E13
2.9106126150009944E14
-2.222242335273907E14
-2.013138805761013E14
-6.402204271344196E14
1.9050712630420488E14
2.9586418302067975E14
-6.377366851886961E13
-3.6221680157213956E14
-1.75567429969211E14
4.618901138761968E13
1.7770901968008113E13
6.646218026618052E14
-2.792945325205594E14
-9.67099448854257E13
-4.4212108737017594E14
-1.0155947783031023E14
9.060558877675449E14
-5.338086621088949E14
2.8280110962863234E13
4.300744000557368E14
3.1285165429260175E14
-1.556424044848021E14
-5.576066630269582E13
-1.1401722692909733E14
6.671996918245094E14
6.465316239092781E14
2.0871888635039844E14
1.9316207217447503E14
-1.568360029910628E14
-4.1021216499622425E14
-3.5636070306985825E14
2.3961786471272575E14
1.7699290200371828E14
-3.403292469097856E14
4.462890160551958E14
4.9662777289217125E14
-4.031853596292311E14
6.36147554803907E13
-9.286984684735851E14
-8.008609287973106E13
-5.770250749591508E14
6.108552245159884E14
-3.3844896452834994E14
7.088131509665519E13
-4.126825647750412E14
4.448472017902002E14
-1.3010948002896052E14
-1.7099739658051172E14
3.000491343811101E14
-3.649896314438279E14
-1.609617281183856E14
2.1634185430776594E14
1.9460908732654203E14
-6.47002161397908E14
2.8637236130136195E13
5.112474302237842E13
8.354413430972246E14
-9.424644775106745E13
1.6462849444154925E14
1.8815684191374466E14
3.944906069566764E14
-2.723467393245472E14
3.630966238630707E14
-5.232411730041212E14
-5.25726492701195E14
7.292341148701928E14
4.2237894732931456E14
-1.494862745191761E14
-2.3734622048725984E13
-7.734617311884178E14
2.88615659027036E14
-1.0791607626112523E14
-1.3937888293888895E13
-2.217968598084078E13
-7.120287165512208E14
-5.277241788529481E13
-2.897651382602042E14
-3.3848445428916194E14
4.6676521802432156E14
9.818589874848675E13
-5.3055384619024744E14
2.2359948691354598E13
-4.983672425227614E14
1.1488215605778089E14
-1.7428191897327038E14
-3.1022004634974744E14
3.057353140950158E14
7.354341548014518E14
5.675686039311138E14
-4.4540122007444206E14
-3.638573191402105E14
1.5466836445607497E14
-1.6463237649835694E14
2.9555771342033775E14
1.641561950180306E14
-5.330378879728059E13
8.097000809570626E14
3.5594864024570475E14
7.532559840722381E14
4.845740213026153E14
-2.369759325634016E14
-5.323358737786885E14
4.430609637691898E14
-6.151422113270794E13
-3.517236697331125E13
-6.6345716350938664E13
-4.584834264597415E14
3.714512191163453E14
-8.48083134292712E14
2.2336574958387066E14
-3.489301063361139E14
3.037471924892264E13
2.2128651840806466E14
-3.6610987642084906E14
-3.711894587312567E14
5.1193450663666256E14
-2.493281740299623E14
3.7188044863856694E14
-1.5862865183188556E14
-4.139111883300914E14
-1.1924873580454634E14
-1.752500407858327E14
-2.3806892989146072E14
3.299329150927251E14
-3.9067767848280406E14
3.335647511203108E14
-3.9355326315536394E14
2.83240063534012E14
1.2482665203842045E14
-7.712819355045588E14
1.1857541247108056E14
4.363437833315874E14
2.244523651066144E14
-4.6778284042796006E14
5.5394737288270556E14
3.8045401870205E14
5.9301057270504875E13
-1.3296393431459246E13
3.20204775232281E14
1.4746932340706494E14
-7.220162025170241E14
2.0744822773024206E14
7.903578073772671E14
7.811843878666661E13
1.8061786749090746E13
2.3717772698110128E14
-5.885879459357137E13
5.3697710086878494E14
1.3925683678155086E14
-1.4730284259776056E14
1.5319230005321616E14
-3.909833703362188E14
2.796718200509772E14
1.2712358963944672E14
4.1746835030120394E14
4.01069821168195E12
1.1175779687893628E14
-8.480463749416338E14
-1.3508278424122597E14
-2.040153063148539E14
-2.6954858180025653E14
5.830020001261778E14
7.771230011292298E13
7.062746270163655E14
-5.4328011108901925E14
-1.7330339538472847E14
1.2452765338800504E13
-2.0325386110167597E14
1.435754308337839E14
2.6920118607910266E14
2.3723213518863475E14
1.7910073611116838E14
-1.2604491711308112E14
-8.68300781606503E13
1.630186733816071E14
4.322360875081394E14
-4.8831186294791856E14
-3.412074319976537E13
-6.267624788796382E14
3.936122537312008E14
4.965759285700569E14
4.6378410480833506E14
3.585159984580121E14
4.4494567388976856E14
-6.849522268215141E14
4.304883639397913E14
-4.780870685103589E14
-1.2979624580045705E14
2.607497237196147E14
6.313365695061889E14
-2.1641896707191806E14
1.7634588354187697E14
4.60033955491756E12
1.5843082319654203E14
2.2616182737857256E14
-4.3512948650551756E14
2.4059858651502225E14
-3.4620394604385668E13
-1.6345942212215244E13
6.265789801937897E13
-1.29417407945838E14
2.2119012397605694E14
-3.058789759382038E14
-4.8041269971485556E14
-1.3169123390349978E14
8.611342028754645E13
7.451445364655856E14
2.5077875113045134E14
2.4895702175087647E14
-1.6215371115560556E14
2.255279489889744E13
1.2973989693766288E14
-6.159758702516124E14
-2.1217344070118225E14
-1.678557623531021E14
6.117160673671681E14
-7.726556839962716E13
3.4645658888666475E14
6.535656303742222E13
3.2553714056835938E13
1.1161316282251996E13
-8.655725830559411E12
5.190012759056573E14
2.3691505813483086E13
-1.5036159810950633E13
-6.227625264368778E13
5.973320110502996E14
1.0471311563236606E14
-1.9746564088875394E14
7.108815007637509E14
-4.15015462238169E13
-2.7652470132846566E14
-1.0832794143840553E14
-2.3384645712739938E14
1.0056483600050126E15
-3.352925602800856E14
-4.7469537777417406E14
-4.2145305341565675E14
1.3190971234776427E14
2.223418609789686E13
-3.141004390624302E14
-3.008333318849042E14
-3.66470489323441E14
3.730532509391292E14
-4.588621815583778E14
6.466154532605169E14
2.401195776902811E14
-3.339673316582165E14
-2.994496658039402E14
7.215233468441062E13
5.2832471259679344E14
4.291496055026541E14
4.529038776333128E13
-5.4531591587561494E14
-5.415090724985349E13
-7.985304013388836E12
-6.4602315339505945E13
9.90650979094352E13
-2.7310882428044362E14
-4.1613982921419694E14
-3.0948983575159056E14
-4.490473609141731E14
-2.1321316005746134E14
5.959307748280261E14
-3.8754936542675806E12
-1.1865566706921436E14
-2.3353671287831416E14
-5.5514708225893194E14
3.5460168084258456E14
2.361849643801773E13
-5.202396548644813E13
-4.114410556948628E14
-2.0245435856579418E13
-2.8123362331533525E14
2.5900093370256484E14
7.523633922652316E13
4.51987369143827E14
-6.952838026464121E14
-1.2700881993141844E13
-3.713377835303338E13
3.948886495883971E13
5.1572718837192494E14
-4.191987910674595E14
-2.562239217339794E14
1.1268713025511352E14
3.2048943511755994E14
4.4619767211575E14
-4.770980839350277E13
6.140759573568849E13
-6.8271062103322805E13
3.9617192424755525E14
4.011367506845093E13
-2.91094167675974E14
4.203228264604956E14
9.694108761464682E14
-1.0900678836666958E14
-4.73768359054868E14
1.9411377566636762E14
1.0750977012881028E14
8.970018690556855E13
4.7639122689612256E14
-2.215052578446651E14
-2.723411951285577E14
2.531731741248421E14
-2.5975760577762606E14
1.5439140753258346E13
-1.525724587032475E14
3.454685444284399E14
1.805511900360762E13
2.3150126430719525E14
-6.3451822180036266E13
-6.768854562087368E13
-2.994744940693403E14
-3.9293948838008925E14
-4.6597046307590875E14
7.432119955410694E14
-9.564469635462E12
1.2734984286889968E15
1.3485242726364147E14
1.686531043265481E14
1.1313683479465648E14
-1.761777125011022E14
-5.154891221361282E14
-6.353632354816646E13
-9.940509392441089E13
3.1409828466813887E13
6.07792019827665E14
1.5116267449820164E13
-9.393851070960444E13
-2.5597465454017106E14
-3.139395148267945E14
4.634307605290504E14
-7.72254492815514E14
1.5890386471715478E14
1.6436435733100728E14
-4.7605703174308706E14
-7.273707722430574E14
3.223368067767034E14
-2.7868737086717166E14
7.277815946594861E13
1.0574907931695423E14
2.2426066397202312E14
-3.847342217806598E14
9.656176520020288E13
-3.0165534385773406E14
-5.950597857076578E14
-2.2770292658374612E14
3.293237963439851E13
-2.9214925124781556E14
-1.096975181789287E14
-3.086004437928111E14
-4.2828974297263494E14
-2.119232793328748E13
-1.8895423858877744E14
4.926293943939294E14
1.6440140441313184E13
-3.3442070964118406E14
1.201277149858663E14
-1.7475829079494637E13
-1.9673415274433453E14
2.4443104413727053E14
1.0010739447600317E14
-6.691280956644945E14
1.999530668301343E14
6.196857727186116E13
-6.417372651011327E13
5.774949425674032E14
-5.543826959118739E14
-1.0195047813119506E14
5.235575811479312E13
5.1960118204977694E14
2.9672656540771675E14
7.404645433921527E13
-1.5441663071182056E14
4.683826666529848E14
3.0727807302540975E14
1.5350278250678528E14
4.224392558954568E14
-4.502074603756893E13
4.2198345404038856E14
2.2667454437228625E14
2.1946003489348778E14
7.084011409631342E14
-6.95685504208561E14
4.291110775695003E13
-4.509248699216801E14
7.074734028866792E14
1.5604134467875188E14
-4.106390702660281E14
1.1150891049603347E7
