8.0444831194784E13
-4.6505579127219944E14
1.1611937046510555E14
-4.373947843686882E13
-5.982605153416331E14
-6.027573241586205E13
4.498956008110484E14
-1.7910405866487066E13
-3.3548876393544494E14
-4.430320466697959E12
-1.281995951897063E15
2.5202087885981872E14
2.5519617272572456E14
1.1522605471095272E14
1.548538897190491E14
-1.2180475905122216E14
2.7319277242168722E14
-1.3596142770352166E14
1.768310147955986E14
3.923300799853909E14
3.08810861633709E14
1.2540326221091084E13
-6.828244570053857E13
4.310150921278645E13
-2.377948446229767E14
6.62912164850876E13
1.0606464468552361E14
3.324536404582082E14
2.5585657816350512E14
1.9444677550935734E14
-1.4031644870804203E14
1.9890472300856244E14
1.0041962191837367E14
-2.6839455417340847E14
-2.5600816716294862E14
3.102959378345626E14
-1.3700148148286931E14
-1.893481753401194E14
-3.403505951127581E14
2.7922178267214662E14
-4.163964151548426E14
1.4386591006965875E14
1.1974327730298948E14
1.089996012019255E14
2.3660480840336684E14
-2.2546038321719762E14
-2.4069370574128477E13
-1.8484050032369736E12
-1.1483922972702396E13
2.6034548897925072E14
1.1879557518385372E14
1.2559186265667886E14
5.952555447198832E13
-1.5944742515623238E14
-5.194686665339076E13
-9.469894759946622E13
-1.1628848593536755E14
1.43432646185392E14
-1.91291681610872E14
2.0562768865148746E13
1.4892428211964653E14
1.6089057655493288E14
-3.6354882415395906E14
1.3396977761268475E14
-9.742369403699038E13
-1.408008736898749E14
6.1961858713322336E13
-2.167454494106634E13
-4.709588635680447E13
-7.315233932553656E13
-7.43000067985326E13
-1.6144083216437947E14
1.867345438300508E14
4.441092679110211E13
-4.682027039942669E12
-1.643008261414571E13
-8.625993518793302E13
1.0683711339151623E14
-1.3084589077543997E14
9.467013045573272E13
-1.7776174914648494E14
-2.7381536055513094E14
-2.8753163173109566E13
1.9321362436224038E14
2.0447202109388128E14
-8.68831907632402E13
6.344491931302933E13
2.878073383137859E14
-1.3938109453370962E14
-5.474891954046129E13
1.3268483772056072E14
5.131866022259477E12
3.300700684359283E14
-5.549530181220447E13
1.8637223038058503E14
-1.8951509305974805E11
9.412754172615549E12
3.588297682423071E14
2.585069164658986E14
-2.903800216732485E14
2.96683669101376E14
-1.8637810361923197E14
-7.397628343746297E13
1.0527662094688477E14
-2.5184509258993444E14
-9.099137799667128E13
-2.0166675313744256E14
4.298130245640968E13
1.8690178889982153E14
-1.6636281929564138E14
1.0334255924758885E13
7.498406329566817E13
2.2826363536022812E14
4.0278185658742555E13
7.99138004997806E13
-6.27476588248809E13
6.597389868393466E13
-9.725508076229372E13
5.245650374257195E13
-2.4074356583782133E13
1.1084006466911312E14
4.485503880328542E13
5.613446179609933E13
-1.053942063409956E14
-1.1771309841607662E14
6.634727067593956E13
-1.6546049955238975E14
-1.6087927829090416E13
-3.7723305302487195E13
-7.906044769454953E13
-9.226331546194073E13
-1.009038502765611E13
1.1696293405629325E14
-8.752168074142602E13
1.6029436606253334E13
1.4618539605954606E14
6.799683673230193E12
-1.527614240184324E14
3.761892439582239E13
1.5168188397171916E14
1.0512738141217805E14
-4.170532570758114E13
-3.854153165377784E13
-1.131229894673071E14
-7.793784455728086E11
-1.3428985788169174E13
-2.1198488889165084E14
3.072620979329947E13
-1.6385213389340238E14
-8.660482836024945E13
1.6680155217438828E13
1.0801504502354781E14
-2.584531738202111E13
1.148660234160288E13
-9.695863052192594E13
-3.3102486329521562E12
1.0138997393698753E14
-4.4483995380786375E13
-1.3688591297324386E14
5.603136951694793E12
1.122328949472525E14
1.443076792943897E14
-5.410053931118748E13
1.9353945428957506E14
-8.325902075119673E13
3.235904522429987E13
1.841695068297914E13
1.6375262949257562E14
1.3894678191067781E13
1.2519339848696212E14
-7.030058866078254E12
-1.3287671063689953E14
8.6878105142532E13
-7.340178663079394E13
-1.628037470511079E14
1.8006909027989494E14
1.4518825353673201E13
2.5067489589815027E13
6.990249421780485E13
-5.7627154607714664E13
2.18925885600502E14
2.2072284857325528E14
1.6768131109305494E14
1.1683048176942535E13
-8.000282181949531E13
1.5937727259853662E14
5.383618672964495E13
-9.616274911963998E12
-5.0330649939422516E13
-8.908350225246248E12
2.8382173018980617E13
-9.556178861764267E13
1.6425252640439538E14
5.429257437795967E13
-7.623589089254755E13
1.2831837791282144E14
1.3886761349734425E14
6.335899995303936E13
9.7955645115464E13
-3.992205098074459E13
-4.563910995917411E13
6.496865536702261E13
1.1160728901269688E13
-1.2966736489600217E14
-1.2781224315261518E13
-3.5262820882147294E14
-6.281365256285548E13
1.427020906886643E14
-7.87726474235994E12
1.1561389644089753E14
-1.8294411487752523E13
-1.162135195045234E13
-1.1685467615551031E14
-3.0868009586346547E13
-2.9265912804232275E12
-1.9096711789839484E13
-1.0191031866473869E14
1.6597530683155647E14
5.194536874700622E13
3.4807065986096754E13
1.4497062160303184E14
-1.7269339316855951E13
3.165200996778092E13
-3.907825756587854E13
7.448302553423944E13
-1.8248358165186075E14
-7.805030825679858E13
-8.814018709622892E13
2.5805201036884234E13
9.022488089922586E12
-1.9760122766438822E14
-6.7595510236508586E13
1.2149197890692698E14
-3.959295246529508E13
-1.677421075396932E14
-1.0770575466881055E14
1.0630504522617782E12
-2.3555754238815805E13
2.1978397596856016E14
-9.810137721262166E13
-1.701191817536711E14
-1.4482942307864534E14
-2.4138523903266324E13
5.325318046100595E13
-7.853509323412917E13
1.9922737493077324E13
-7.605900818443295E13
-9.877334517644297E13
-4.0928206903952164E13
-1.2565264699048869E14
6.248918642197006E13
6.171887549885643E13
-1.7260917272064844E13
-1.2773741071423308E14
4.2497394717634914E13
-7.102442732332827E13
-1.0134262569990266E14
1.3671218886768736E14
5.931106724751492E13
-2.628110263335388E13
3.713386077797985E13
-2.0932136279724434E13
-6.594774764603518E13
8.329955436456069E13
7.137201647700112E13
-1.0000903346612936E14
-1.6583632863018847E14
1.0665110856266097E14
-1.9533324433748227E13
-5.531628703418742E12
-3.2416498008756445E13
-5.285960352679832E13
5.322339123237105E13
-1.3535634166223145E14
1.1831706553165573E14
1.1010168600040047E13
-4.542143463290106E13
1.2086838033461953E14
-1.623481581583761E14
1.3009427283428703E14
1.1936033377713172E13
6.841842318763816E12
1.4140436476517322E14
-3.2705879680700395E13
-7.225187490573945E12
-9.126416229134864E13
-1.0910495252456964E14
7.291527934305392E13
-1.5238006731340928E14
9.311336193663905E13
-6.2084390511536555E13
-8.994324713100417E13
3.2404581513952234E13
2.906541138759185E13
-1.3146846822732973E13
4.835329473620278E13
-2.7204140250534207E13
-8.947700793540423E13
-1.2332296747534615E13
7.4703996833431E13
-3.951590276131927E13
5.1560220404087984E13
-9.138605132308666E13
-3.5117319146831977E13
-7.378886344392842E13
-1.0730429596675984E14
6.101845894349765E13
7.22140400697163E13
-1.217196323903751E14
1.7165235421638825E14
-3.94509000332312E13
5.236649221047763E13
7.303629353173848E13
-7.13814011392635E13
-1.0452958314261462E14
-4.008080128616122E13
1.553956998913313E14
-6.73997756073951E12
5.049794852502134E13
-5.322419602256097E12
4.2475952837383135E12
7.364197004237833E13
-2.6240559987506617E13
3.4184841051114086E13
-3.236081667630298E13
-1.2371484593753755E14
3.009671941615889E13
1.8017582992081977E13
6.8828042945385E13
-8.876487007661855E13
5.320674301441474E12
3.2246004207769113E13
6.145865229124186E13
1.7264907234027258E11
3.381084790325874E11
-6.230111334558844E13
5.8036849583996695E13
1.919445896164982E13
3.089130038401464E13
-6.6639465434797086E13
2.394189726148459E13
-1.0525178630093102E14
2.0949339097521457E13
7.650316544414749E11
1.9075263847058338E14
4.568990578991231E13
-2.98584395136141E12
-9.927276776026027E13
1.1796598128375123E14
-7.364785598062483E13
5.094342833293347E13
1.1285114152339747E14
-4.0430293055740164E13
-3.060059797218499E13
1.725169371391355E14
5.486028127585539E13
-9.44482990798427E13
-3.3323339854731496E13
1.8039120117621228E14
-1.2048995089336294E14
8.109067796215019E13
-4.932197387275619E13
-9.838242094506998E13
-8.601123974072044E13
6.841660417417748E13
4.271891062437464E13
-1.0906317476230283E14
1.3728454531947069E14
-2.503088607152765E13
5.058202049231339E13
-8.31470616748257E13
-1.9286204854710684E13
-8.963913966223278E13
-1.4632258213372738E14
-7.090620380088527E13
6.38198446934953E13
-8.94547775101106E13
-5.383150757210426E13
8.991388756207598E13
-3.4586980200360547E13
2.6451440876001444E14
1.1274901324550128E14
-4.179291676629885E13
1.8010448144670153E14
1.0784344324792142E14
8.967467591818673E13
-5.378590064443871E13
-1.1717909112924445E14
-6.8879746301782375E13
-1.1838646579695219E14
-2.9135872705269812E13
-3.31225326724938E13
-1.773607007364056E14
1.7451365739969818E13
-4.5957840991207984E13
1.3235621642180969E14
8.187994567996455E13
5.2065928154716195E13
-7.611204532202144E13
-1.1734047385873467E14
-1.5378303823132853E14
2.731695054984192E13
9.009940888320331E13
-1.2848349749356205E14
1.1430858225705537E13
7.525260683908098E13
-6.40688367672392E13
-1.1179429663724473E14
-2.720099530203075E13
8.439167191422477E13
5.1573352448735914E13
-8.375878665029242E13
-1.9928848424219965E13
8.649837759304547E13
2.3395028473480312E12
1.0995376964948395E13
-4.278979517368386E12
1.200850562969679E14
9.37633681115389E13
-1.4596862794186666E13
192882.64335129983
-1.6351667475179443E8
-3.758069532174136E13
1.4892268786802393E11
-4.174198376897386E13
6.776022151844537E9
-1.300628128545468E12
1.1471775644250272E14
-5.989747676161277E10
-2.3132909280806793E10
-6.27630626567921E13
2.99052043094981E11
7.223110879658366E13
-2.4621774383554854E12
1.3018707091030436E14
1.0106593171957083E11
2.0404927585606926E13
1.2719445518764297E14
-5.870208665453375E10
-9443860.241305897
-4.385773591941091E13
1.1959089421258701E13
-1.3220882641998713E13
4.882141832204666E13
-3.9304649821108695E13
9.908995081745564E10
-1.1949264111150898E7
-3.8639229629123865E11
2.6653845957355604E7
-2.936615867805922E11
1.5610756641824203E14
-7.639306264216455E13
7.78823120949185E13
-9.059056307308862E13
-1.1626459618720264E13
-2.681480653440768E12
3.979846409525365E13
-5.8105363097536836E13
7.879675744658978E13
4.446196770694756E13
2.026747885928243E13
1.1232742747061986E14
-1.0005712224588997E14
-8.634481412302623E13
2.1626742008330338E14
-9.67368295323023E13
9.104891933233969E13
-6.224982934334163E12
1.922122126738757E14
-6.399523671297592E13
9.274569147509002E13
-4.643965322154324E13
-8.630258040022544E13
-2.2050725592723075E14
6.582201377460886E13
-9.866441598792917E13
7.32363923881092E13
5.234868483393851E13
7.216132697511175E13
1.0539879618432844E14
-3.664959928875945E13
-3.742163614424108E13
3.915746099392805E13
-2.6920061470605027E13
-1.0951132712736489E14
-5.2422931112621984E13
2.0980423487721605E13
-1.7238738252368978E14
3.4823320455137387E13
-9.208784963224361E13
3.198674378713662E13
-2.0258879199712468E12
7.491035595518827E13
1.9371697571894684E13
-1.9682612702330527E13
-9.865886574815061E13
8.832854061882989E13
-1.0592686152803392E14
1.1319021955690756E14
-7.256836537747147E13
8.861646989244123E12
-2.0450286657416152E13
3.9759031835259546E12
1.5880448209984228E14
-4.14107020705095E13
2.3590620758851066E13
7.394913110976723E13
4.4811744890938836E13
-1.0509436732337807E13
1.0601289040578672E14
-4.39255779755017E13
-6.3393011914257375E13
-3.954640473282326E13
2.6517943677026152E13
6.674444738892774E13
-9.156904878842537E12
-2.4716389176393793E13
2.3922062627806273E13
2.083261503936752E13
-3.052980177667708E13
-1.078100648823601E14
-2.342022084071441E13
1.459098422263373E14
5.982198529524036E12
-6.5967885273177375E13
-9.690916046907905E13
2.6190099268716188E13
-1.263315316503895E14
1.098401588862766E14
4.6989024951441766E13
5.4088665063079414E13
6.202298974951241E13
-1.8095949926566175E14
2.343053109815935E14
1.0155892987406798E14
-8.43247727490617E12
7.683115600288502E13
-3.804483957926454E13
5.40692806470289E13
-4.87169218100805E13
-4.9864154509482914E13
3.716916612918567E13
-4.667932491819783E13
3.627241369776875E11
-8.410690041525338E13
1.8254317061276838E12
1.1880015809415042E14
-2.2305352160745617E13
-3.661789730665467E13
-2.478929258682246E13
3.968572693529726E13
-8.770328799083661E12
-8.855933636454545E13
-8.520692234747872E13
5.338145025806901E13
-2.933129604600318E13
-1.0798319689874448E14
7.761641767567998E12
9.211153683711695E12
7.80277672751766E13
-6.9956124508381484E13
5.1423241827933945E13
5.563696256947412E13
4.702905012402563E13
1.0432924771269982E13
7.297121841794136E13
-5.289540977992777E13
7.118907675193823E13
5.366605478720734E13
3.277542536017515E13
-1.674200251584763E13
-3.2319004474474785E13
6.60851483696954E13
1.0344055047969378E14
-6.994057487447511E13
5.63904408046455E13
-2.424889678777764E13
-8.145983880248645E13
9.744665558459973E13
3.507580566232099E13
1.6879392833053193E13
1.2167331436514672E13
1.3229824808216047E12
-9.418773647411292E13
7.263175192294102E13
9.00954393497873E12
1.042461900205649E14
7.86493219066994E12
-5.994085478142592E13
7.103638603648202E13
-1.2211035086225494E13
-6.9646364759830805E13
3.124429244993076E13
1.3354858638479888E14
-1.4050251821989715E13
-3.1976820867523953E13
-3.538083999566088E13
-2.3222466414085293E13
4.3772058264618555E13
-2.8513962383101332E13
1.6766592396107322E14
-3.7531004004307164E13
-5.905081883883072E13
2.7415323846016863E13
1.541048288766554E13
5.263626040680122E12
-2.0548452934717172E14
5.353624364274506E13
9.165194634820948E13
-3.4493178069515062E13
-2.875172136803412E13
-6.149345344253715E12
-1.1908917921856208E14
-4.8274616810048016E13
-1.5620585854650674E13
2.872552907045382E13
6.164311920607132E13
3.563096066288247E13
-2.0394799531114723E13
-6.525701251595295E13
5.514985736830493E12
-1.9401571884250103E14
5.012662850608986E13
5.0972808973521484E13
2.2679964737029668E13
-2.2923488177321254E13
2.8457109747219816E13
-1.35145987977175E12
-3.8640026861492516E13
3.3470580048841273E13
-7.233824682344452E13
9.34322714699397E12
1.1067869917335112E14
4.288430754882343E13
3.4273301276231895E13
-5.056484924696457E13
-1.8625060904184438E13
-8.025706600341617E13
1.2478256285698231E14
9.610665735893852E13
-8.814800832029081E13
5.2660940284818E13
-4.4334561431858945E13
1.327980989370315E13
-1.1823788359401604E11
-1.1752212640884622E14
8.192119881281278E13
-1.0251868466785985E12
-2.1843951366258387E13
-7.701551696136728E13
-1.3993113201865134E14
5.2318283347997234E13
3.526179357275414E13
-1.1334302764521017E14
8.91857498086965E13
4.760430804508406E13
-3.783186512224026E13
-5.610836523876303E12
-2.809967291909912E13
-5.373280925202505E13
-9.154920519983281E12
6.433569043602359E13
2.8676365872393668E13
1.3987554763623041E13
5.1608782542459016E13
-3.301893966862583E13
1.9239687117268906E13
1.6827542797432828E14
-1.0459830637497534E14
-6.994097413734379E13
9.413699342857272E13
-7.714530484247977E13
-9.708393405189066E13
-7.09865974829241E13
1.2968050245410912E14
-2.27027596369818E13
1.4052204178353256E14
3.186085270773082E13
3.8815617455557764E12
1.7007639050490361E13
-7.100072536054422E13
7.519490670841879E11
1.8925460591411328E14
-6.137348489152776E13
-1.4116800206953422E14
-7.073692665448164E13
-9.055606121445164E13
3.2854863895062094E13
-1.3466850297275048E14
5.931556704281322E13
5.4502020762898516E13
-4.1416350823907414E13
3.03648475962018E12
1.5588543240954688E13
8.823506961502831E13
9.286922517837875E13
-4.231212483316286E13
6.055511108266776E13
-2.8796251632684194E12
3.271513819424109E13
-1.1097859629179647E14
3.8159464785400125E13
2.030149746882943E13
1.9237273864089137E13
-1.147458011202408E14
-1.5284282477333703E14
1.046707796045782E13
-1.3794767077899521E13
-1.0124563994808745E14
-1.2719378159982361E14
-1.6919431788614352E13
-1.1862608229690007E12
-1.3069240984712771E13
4.439217115297538E13
2.0284148531222762E14
-4.378636686161779E13
2.1639818508019293E13
7.715990589313408E13
7.171276505682355E13
7.858595809850836E13
-8.14845758579893E12
-1.6591561985491383E13
-4.735250322904038E13
2.828526669209044E13
7.519805848834412E12
-4.373139751935138E13
-3.682495122034373E13
-4.697497303691527E12
2.49535101041685E13
1.6737023253407492E13
-6.455617779599027E13
2.753634389872269E13
6.899372044439734E13
-4.125685210336699E13
3.845322800668814E13
3.8010190643745336E13
-2.5992257564488605E13
-7.303159280813611E13
-8.826950839514219E13
3.4372600639770906E13
-1.0163417684177E14
-9.437861017580213E12
-2.78896607597354E12
3.257119657079486E13
-1.0286621368750615E13
-7.14568958086932E13
-2.359458921551082E14
-1.0906838697193064E14
-3.1028990271428527E13
-1.0666215632995484E13
1.2172554562239547E13
2.391112773857366E13
1.1860405943761889E14
1.1126210846244943E13
-8.567619914221839E13
2.097261369668666E13
1.1582599560118027E14
4.1621091695128375E13
-6.762579426099096E13
-1.4090032300182287E13
1.2414585210300352E13
-3.3067421657311707E13
-3.2313951180317387E13
2.5862873359357277E13
-9.499696384282164E12
3.3024254113667098E13
-4.406191294594496E13
1.127950107059686E14
-5.49135523414394E13
-2.167759391206265E11
-3.1622048152166094E13
-8.837777959743459E12
-2.469222984260627E13
7.232622005810192E13
-3.321492216228948E13
1.1830475484889773E13
1.1818373745616862E14
-8.588083611762234E13
1.6859702340377935E12
-1.2440833681538378E14
-5.98578255281588E12
3.7033005315802336E13
1.233105113510487E14
2.77048162846403E13
-1.494388915175034E13
-4.1601140560236375E13
-4.8786558515836984E13
-1.0822284973234852E13
9.286110922334369E13
-3.362650780401602E13
3.103826726825037E12
-2.1674518954840857E12
-4.770638488298117E13
-2.706301903284012E13
1.5045479587159994E14
1.4127911525149383E13
-1.1092138431096533E14
5.426492113558052E13
-8.092819182677484E13
1.6204351712818208E12
8.510060131573633E13
-8.148532143998597E13
-7.477622472215272E13
-3.0324873812048293E13
1.0270296278786922E13
-2.2700728430241785E13
4.854364250116959E13
-2.9260558825586805E13
3.2046260789021945E13
6.121709395637558E13
-5.896047829600363E13
-3.022758582717648E13
4.513437992910506E12
2.2453044343760633E13
-7.282500243629252E13
-6.858807858330025E13
3.695155187155387E13
-2.9473402216879233E12
5.412710189038166E13
4.76973204963342E13
1.241884095387983E14
-3.7027094264727016E13
-7.298921044496927E13
-5.703149354554931E13
-6.121574168516879E13
3.806274919857303E13
-1.8777514875227785E13
-1.5739665517585703E13
-7.145759365903886E13
-6.844589953221995E13
-1.444863949724745E14
-5.1640693868188086E13
2.680080823172023E13
-9.847091604232078E13
6.932914611293142E12
1.1250535605288294E14
1.6070429085611712E14
1.114864308694031E14
6.732974275645967E13
3.9277805649410483E12
3.9954430168553445E13
-1.8972934901542996E11
5.089739997685628E12
-145500.0494751437
-8.921155340681758E13
8.21257276319133E13
2.37327223678884E13
1.1121059830521025E12
-2.3167908656268742E13
2.2238599066062363E13
4.616338847275624E13
7.253097970692628E13
4.512495683064398E12
-2.122938833453877E14
-6.8723597998412484E13
-1.0213715900397316E12
-1.3716117871841506E12
-6.007063319260437E13
-4.228183718845558E13
1.977185788395021E13
5.832419883238823E9
1.1602206248005266E13
-2.9812028874929938E13
-2.2987820378038823E12
4.702861874955469E12
6.696179243958557E12
-7.210114517441712E13
4.6037976672696814E11
-1.4998814182312925E12
-9.471920747230506E13
-7.367741843839988E13
6.3091690148811195E13
-5.85449081444379E13
-5.6919732215664795E12
-9.261302332492653E13
-2.8613251535878742E13
-5.9441942271347086E13
3.4627911810705312E13
7.80641745345848E13
-6.928826962391108E13
-5.500627578517491E13
-6.18951904714676E13
-1.784111627342169E13
5.4254819836691705E11
9.06475486242909E12
8.182432109564376E12
9.375595561044722E13
-5.5158357274512086E13
1.3861213150987482E13
-1.9576253299802883E13
-1.312424301909031E14
-7.756237845657912E13
1.7827735311663176E13
2.3217222790216367E13
-7.161517143579692E13
1.2121655675227119E14
2.506544026151772E13
-2.4984630101437207E13
-2.3412367694343508E13
6.6562153058570375E13
-1.0234374045166916E14
-7.343414117075548E13
5.683472153219908E13
6.077456090755454E13
6.00492723352875E13
5.149305533473532E13
1.1516271392017312E13
-4.276994051728582E13
-3.7868975854643914E13
-1.5668605185060973E13
7.418463294528182E12
-5.282452170174144E12
4.929202285725717E13
9.909061765452494E13
9.091174907462438E12
-1.517250356410703E14
-2.0852410132177773E13
-7.221856470015978E13
2.1140571168833676E13
6.2729566209095195E13
3.3694534766456098E13
1.69534696156864E13
-1.800762010610167E13
2.2817042967485742E13
1.4129915040868434E14
-6.946192268084769E13
-1.2080635861682528E14
5.031834463696048E12
-1.612568245011154E13
-5.423568645627825E13
-2.383193691562724E12
7.828107884312553E13
-5.696322419832973E12
6.761625358489961E13
-1.2225753521414772E14
1.05574739038218E13
-5.72447484505141E13
-5.7144780947550516E13
-9.453532748508055E13
6.251641607767807E13
2.1033119944954766E14
9.534175343187516E13
-4.9571464175607086E13
-5.717271154801476E13
-1.292388059554215E14
-4.035300235303253E13
7.350123730985548E13
1.1422674143557919E14
8.846564473933256E13
1.1007861821926994E14
9.24539425916797E13
-4.589194707723832E13
-4.861019855677239E12
6.401934519858628E13
-1.978605699581403E14
7.24725885521129E13
8.965950785522947E13
2.2339259929515105E13
-3.585226045835993E13
1.812618253628821E14
-6406.924681529487
