1.2851539245361352E15
-2.20623596452288E14
2.531157995993815E14
-4.594301173263483E15
1.0461013933791745E15
-3.2439167224370944E14
-5.300828495163697E14
3.1542657228634855E15
1.3062178463339232E15
1.2055455012477952E15
2.564893169370168E15
2.3205448446967525E15
-2.2395049085409298E15
-2.583405627574138E15
-6.964063173826212E14
1.1498561897432232E15
1.572683631819526E14
1.3139350936270835E15
-1.3529192136924828E15
-1.68324722026241E15
-2.7164652484871305E15
1.063606860140194E15
-1.1371812563170665E15
2.3454832364069985E12
1.7851586433672495E15
5.474986232930107E14
-2.2680694877588105E15
-6.074648648530145E14
1.0026713734899818E15
1.117043276458254E14
1.1379794733884585E15
-1.275514202399945E15
-4.057827875611438E14
5.1135140602293044E14
-5.649649954381905E14
1.0225053297652533E14
-8.611435614799475E14
2.8424944421820755E15
-3.611048777169622E14
1.1849850876000082E15
-2.585836859448251E14
6.937442682478558E14
-1.2463944962154492E14
-1.3765972199500069E14
3.972286687766718E14
-2.607441036734903E14
-2.1328025192337653E14
4.3224076106761E14
-1.049680787233948E15
-3.970280358600309E14
-7.638276237224461E14
5.3621612692597606E14
1.1331714112870275E13
-3.5255773019596825E14
-3.706369926885857E14
-1.4693425737135468E15
1.5799263822507E14
1.1640263371290982E15
8.915600811837648E14
-4.6917022180142244E14
4.14246838191408E14
-7.947812844799295E13
-1.1141826129738488E14
2.867993937483631E13
4.779929202070765E14
-1.5851712375995853E14
9.204870133574276E14
-3.355067380158998E14
-4.088708935033725E14
8.203863472592458E14
-6.822484203665324E13
-6.341565566345426E14
4.198073404539482E13
-5.180661058609947E14
-1.1389997036358083E14
-3.2116758309018594E14
1.707847149530012E14
-1.8022686552440294E14
-3.6106703229878494E14
5.913337182594205E13
-1.5054823843447012E14
4.035120279472212E14
-1.9385214723881438E14
-4.20722597639299E14
-2.313527375038998E14
-2.2561591524121628E14
-2.7854275333317384E14
1.3491436619234411E14
-2.4852074806475512E14
7.455588526378155E14
-4.3113732612814875E14
1.2882638441554908E15
8.858240708567518E14
-1.8496357950173188E14
-6.466232548494831E14
-5.949248298801042E14
5.813445813051008E14
5.108591433897721E14
-2.4262690918598606E14
-1.3477200318882672E15
3.975105766938688E14
8.259265936456044E14
2.2551647053024553E14
1.1529247748510132E15
4.657499216422451E14
-7.475939066718356E14
1.0854411719479115E15
3.618613772066038E14
-3.1339568391754575E14
6.832181038369185E13
-3.468205264065727E14
-4.3521900480451975E14
9.829877291379176E12
8.866450212591485E14
-4.904148008108727E14
1.5015612196958362E14
-1.585406209569098E14
6.493547122778501E14
-1.952397695819759E14
-9.365860589839014E14
-1.407425408336247E15
1.7101662124931097E14
-2.3033347761470534E14
4.071535994066113E14
6.417892404332608E14
-1.8369066852159628E14
-1.3530832873923988E14
1.0687594630458529E12
1.8204993134415416E14
8.911999200900312E14
-1.6290461843988834E14
-9.398221182479154E14
8.563708494086234E14
6.563231256397131E14
-2.8863995069848074E13
-9.661118033049381E14
3.1076953692978606E14
-4.803298474464849E14
7.251486719139415E14
6.429038738311872E14
-4.985595361307553E14
-7.871160010493892E13
-5.335386136018681E14
-3.546211590890748E14
-3.5847248533510594E14
5.843770650644389E14
7.14888959973156E14
-1.4935093109151306E14
-8.458239034297204E14
9.259782735780258E13
-2.1414548576021138E14
2.005578716549023E14
-7.427776336052458E13
6.475063081068091E14
-2.1492126060163922E14
-8.450047841132648E13
-6.129345340216414E14
-3.744082073224775E14
-2.3731372146675522E14
3.268620296627484E14
-3.5208118891352975E14
2.0148203153267406E14
1.0086596878594811E15
-4.146711932155772E14
-1.3374721675916567E14
-3.6405598045218706E14
-1.9040505101700488E14
3.903179465836782E14
-7.113335518190284E13
4.060072474242963E14
2.0300873679110878E14
-1.474457854064978E15
4.931730129470926E13
4.065747347445527E14
-1.628021600268307E14
-4.149829403222391E14
3.584810189569302E13
-3.55009711146194E14
4.138792290991913E13
-2.3430565661911644E14
-6.369425377106278E14
-4.0869568590197894E14
-1.4203874290769812E14
2.4924991101685E13
-2.6370421712816178E14
-1.10493376992209E14
-3.8287077892327175E14
2.1740420498932523E13
4.776163194174258E14
-2.802233705830002E14
5.012763297648032E14
1.1565721918694608E14
-7.02535291825003E13
-7.286360320734363E12
6.210803686628198E14
-3.094707153033845E14
-1.2336503518133086E14
-4.5229984517822825E14
-5.628153850277695E14
-2.2057628205557647E14
-2.836902889765766E14
-8.778199057121664E13
2.958037252519046E14
4.7077469721366725E14
-5.883201974710886E13
-7.280231195614756E13
8.102121744695661E13
1.9973398148212166E14
-2.6399066473614372E14
-3.070257314634839E14
7.371012681633625E13
-2.1607567383989503E14
3.451352795066475E14
9.323182013094702E13
-5.423939019888637E14
-1.9432641909766688E14
2.082083371022529E14
-3.494730499243264E14
2.5202919752391956E14
-6.348886906886532E14
-7.088119203240627E13
-3.416752159926341E14
1.1713153295516355E14
-7.902898034683903E11
-3.6272508085401456E14
1.6847825889139197E14
8.374773652442811E14
8.463248566838511E14
-5.574522993072505E14
-1.89273182920243E13
-1.4817390856975878E14
2.290850681062849E14
2.5246635510293766E14
6.188291265035531E14
6.303034197544446E14
8.225869390082961E14
-6.936873994417647E10
6.801285998854265E13
7.800364274897304E14
5.1937703146712144E14
-3.403549511759619E14
3.451570421681209E13
9.371456655007388E14
-7.066000537484662E14
7.831540025136012E14
5.339924562979938E12
4.295258154429931E14
4.058819274853446E14
2.1498844539450247E14
4.499207545315795E14
3.428971993369667E14
1.9294777478217703E14
-5.049708529136938E14
-2.4770810694229225E14
1.2108225575290238E13
-8.160450858212692E14
3.123354512757306E14
-8.568026902299575E14
3.108299714229132E14
-1.01291487732936E14
-1.4578858546381172E13
2.6039564938024426E13
-9.291827299202236E13
1.909985452019373E13
2.9284595106471456E14
2.979782578695884E14
4.38634582333097E14
2.3609379364256105E13
-4.532355158839134E14
1.1954163575960786E14
-1.1082674030903397E14
6.65857538141919E13
4.970538395227531E13
6.210908397624132E14
4.24616134291265E14
7.349240130368286E13
-1.1699843393415947E14
-9.343651192026856E14
5.1274156501558556E14
1.3136769154767256E14
-6.734133433048356E14
-4.484217241776105E14
-5.137806823941337E14
-2.6849038096110525E14
-1.7588180974707312E14
2.8225941741762894E14
-1.4488242648904545E13
-2.1483116238712216E14
9.56533228175584E14
1.474910466780173E13
9.885971016636339E13
-3.561226556767582E14
-2.1352485407757456E14
-6.707395797439928E13
2.405320051812395E14
1.1554025439136978E14
2.0650853728584153E14
-5.548884002344185E13
2.836021674955767E14
-1.896907217937194E14
9.49962691557374E13
-1.5908377230649306E14
1.6745900975831816E14
-1.4959917904895553E14
3.5048150223602465E13
-9.308375219191658E13
9.691953464893319E14
-9.115911854415736E12
2.936365368182538E14
-6.369944014927434E14
8.122515747576856E14
-1.65106871440398E14
-2.0206167515410016E14
2.249384127453188E14
-1.0466706316679527E14
8.125701014373066E14
-6.61963213169074E14
4.85004972721915E14
-6.824926631850865E14
-4.48227353882028E13
-9.50545735047536E13
-1.1283769682912695E14
-6.496909746022156E13
7.296210127626148E14
-6.732024701431428E13
-1.6957286869177303E14
-1.9360478827617225E14
3.311741966379805E14
-4.303206634026493E14
-5.0730833278143294E14
-1.6270638978696217E13
-3.710880698723941E13
-8.410153772968725E13
5.950488233917856E12
-1.6930296617704886E11
2.827031238225151E13
3.704712205175588E14
1.9193830363696227E13
8.260433362702086E14
5.2312667255998275E14
-3.36344860803455E13
1.194566705862232E14
3.652683612285478E13
2.9336979819342294E14
8.394944203335194E13
3.696374910537594E13
-1.600620489410123E13
2.929174844344797E14
-2.5600997070664128E14
3.1469355965690744E14
-2.991175759805131E13
2.847498098434819E12
3.2444965688089225E14
4.41306068674556E14
4.8446224402739766E13
5.361526066479578E13
8.964930491633155E13
-1.2201250986065255E15
-5.3796419770661006E14
-9.839588446980955E13
-6.570484115048216E14
1.0080450624883433E14
1.6876515712566638E14
-1.9638615912353828E14
4.793396167068159E13
-2.624359258903566E14
-4.0132754280953344E14
-1.8293180748658403E14
2.920960472729212E14
2.4587221079264347E14
2.635820036853203E14
2.446146718767389E14
2.930454066300022E14
-1.435412658489095E14
3.5732467899084375E14
7.666948939175465E12
-3.1781455134681044E14
5.709287414966995E14
1.6415345367128134E14
-3.178899837381435E14
-3.0376202513654194E14
-1.0866341312446277E14
2.522463000174189E14
-1.4412277417048134E14
4.426033136026275E14
-4.167829893925838E14
1.45759327617026E14
1.4010793094457794E14
-3.929546801587418E14
-3.458203126764756E14
6.727457452501339E14
5.085378791049665E14
-1.5478440261145606E14
-7.752524703796578E14
5.1438775122321844E14
-1.4762810613893572E14
-3.102872522887304E14
2.3119810023184E14
-3.3855074830033644E14
1.7300312749424284E14
-2.937794126875987E14
-2.867053875710092E14
-2.744708295179377E14
-2.7428884860384584E14
4.990922972002266E13
-2.7710877718997538E14
2.859220655567549E14
2.3765765715632872E14
4.932204683245363E13
-1.221738944232251E14
-5.2518404797545094E14
-1.1123499565244328E14
-2.3596242626723496E13
1.484445383117369E14
-3.8675980709337336E13
5.953814697101796E13
5.49455069624383E13
4.421725526768237E14
1.446657912674311E13
-3.00111924127898E14
2628622.166824182
8.091818410556713E8
4.055191194129308E14
1.3380660639156199E12
2.698163507719617E14
8.256258568598159E11
8.977146924545712E11
-2.94103445809003E14
-7.848222817493158E11
4.767063660270565E12
1.3126871493786739E14
9.988738927898579E11
-1.2519069176812134E14
-8.472108692177679E12
2.8259919472095894E14
-2.796612427570244E12
-1.408196597785122E14
2.364524035620413E14
2.38983719723458E12
7383674.668170068
1.4760195588581556E14
-3.162314646339812E13
2.9111053625663383E13
-6.56106947988419E13
-3.959997605171317E14
-3.4039096097768634E11
-2.0919592147598165E8
4.929016826330317E11
9.54968048489127E7
2.6992541095500557E12
-1.4887202922960194E14
1.4178777110874672E14
-1.348494124434037E14
6.463134450960289E13
1.7451778521682575E14
1.672194791001868E13
-4.80332039501432E14
-3.7804386888595E14
4.6955062271312844E14
-1.8497988578222962E14
-5.771769343694539E14
4.263689020222491E14
3.1353196577223544E14
2.673641357554894E14
1.794022044041776E13
-1.461377671314682E14
-1.705170782926234E14
1.4717847077460518E13
-2.267373940244142E14
1.1404269032621636E14
5.3494521105608156E14
-4.43517505831136E13
3.311336519380335E14
4.737980592497216E14
1.7222140686025325E14
-4.160278783325765E14
2.715592149417685E14
-3.349833386681194E14
-1.7791314772862388E14
-4.271712734882666E14
-3.759084678880061E13
7.182520475526096E14
-1.4368304661271653E14
-1.9943618486809962E14
4.797129713515163E14
-3.1673464646572875E14
1.951409690761469E14
-8.934537938542545E13
-3.128111557796472E14
-1.7210544539580012E14
-4.7136034475486106E14
-1.6224062743558197E14
4.405142413830473E14
-2.4015035275933888E14
1.8713223347746334E14
1.2476186904626914E14
8.588016430923855E14
4.0977458889921875E9
2.9908621162203875E14
-6.508462709652678E14
-1.0112114091086566E14
3.7816897734783906E14
-1.1255424482696164E13
4.837137529414317E14
-2.6024645084922344E14
-3.070334647950611E14
-1.2129970278831986E14
-2.475672951623071E14
-1.7358323135435338E14
-1.9409500320488275E14
-1.425039513613373E12
6.768084301477246E14
-1.478731017467478E14
5.956353971577328E14
-5.584800386289322E14
1.7452687756793622E14
-4.30816677846324E14
2.8955502218180994E14
-2.39368528776388E14
7.869833417264496E14
5.986785156461934E14
-2.304043570174837E14
-4.218400263353511E14
-5.165426774004053E13
6.846256428561977E12
6.506590065808958E14
-6.249450720973334E13
3.717800216835465E14
3.844148471526122E13
-3.5084404409423297E13
-5.681389977493426E14
2.8668046540026695E13
9.937060834212114E13
3.449800122593039E14
-1.2508758556361083E14
1.8811600551423617E13
-8.193082012305308E13
-6.071959683523699E13
4.859725630207736E13
-6.074726168823515E14
-2.2875502462209144E14
-6.499863211669723E12
4.558002530469433E13
6.496494657150365E14
-1.1570826682709534E14
-5.823539996221836E14
1.7363724021169003E14
-6.214752174912762E14
-4.062003868140928E13
-6.972757156495698E14
3.069677885939466E14
2.6622223392097003E14
-6.560953545807305E13
-1.2281905721633427E14
2.4214585858856878E14
9.02970428259284E13
-3.880409690889795E14
-2.1562857431220444E14
9.392540030179588E13
5.553015678195568E14
-2.8129497441471527E13
3.526801358795615E14
1.8604817088009212E14
3.5406658977623656E14
-6.985428748110214E14
-5.083821531726753E14
1.9574520738667716E14
4.31669844746762E14
-4.382175970999756E14
9.334454148661273E13
-2.3128071983622262E14
3.985807354999155E13
-4.9512245999091525E14
-3.426999421702299E14
4.143658128279823E14
1.7081442509642003E14
-2.5143782257346544E14
2.0107229203334372E14
-1.175777469115727E14
1.1647083992068411E14
-1.2079488331851642E14
-9.513070936711977E13
2.3183349831906668E13
-4.136507637076085E14
1.334231735784267E14
2.9847250570384356E14
-1.5725644176582521E13
-3.254809349363622E14
-2.5453385852910572E14
-9.0750147771756E13
-5.124194734593097E14
7.498435863233967E13
-8.738578922764628E13
-2.2110138690313878E14
1.0346036591942925E14
-4.124999853982398E13
-2.0484412632688838E14
4.2678532341459994E14
-4.939210201436774E13
7.056133648209466E14
6.2576336682877234E13
3.5229915020655984E13
2.5926757664636212E14
-1.1904648583197683E14
3.164761758192828E14
6.196050162517405E12
5.837423712306582E14
5.0148789167161025E14
1.5527941476761216E14
-1.2660238710207267E14
-8.535545481295846E14
3.6922922105751725E14
-2.860035458986279E14
-4.407059102025511E14
7.639247952001598E13
5.420111025655747E12
2.0647653936225306E14
2.2125543848705797E13
-5.087413293107825E14
2.809800387605917E14
1.072781089566295E14
2.888233021815392E14
5.975888974157863E13
-2.2525815685991716E14
-4.3155762736226695E13
-4.1762569967170256E14
2.5380096426230902E13
-3.197500313480297E14
1.3088955562033283E14
-4.04797863756284E14
5.834484296460445E13
3.593577606830018E13
-3.2752318130510156E14
-6.86240850140179E13
-2.677645986844023E14
2.9634377879069894E14
-2.070603820184557E14
1.1883658179394011E14
1.9513219418080962E14
-2.004249477991211E14
-2.788502804540223E14
-4.306566613670851E14
3.392211599014136E14
1.725098686605371E14
-4.647666397559351E14
-1.6712329947041003E14
3.24390826805159E14
4.581830887160126E14
-1.268363425131219E12
3.9602906862369956E14
-4.0425627863115805E13
-6.839804990185408E13
8.404928110871089E13
1.9654724118611562E14
-1.352397011308343E14
2.952373650150674E13
-5.4402981964298305E13
-1.9415353877535934E13
6.526229859560464E13
-8.212338690902516E13
1.505677617029233E14
-2.2947506219522133E13
-2.7380175910196134E14
-7.688676739046453E13
2.356974576022505E14
1.572295296464061E14
2.1060910196324116E14
5.227857943184601E13
-3.793608350891459E14
-1.6751325995581894E14
1.143892152230034E14
5.750817573236804E14
2.3583562696693388E14
-1.5876056082831712E14
4.2162111329944844E14
-5.8861553393399695E13
-2.804712714248084E14
2.385131863422846E14
3.0811227814249706E14
-8.88575429715504E12
2.271534983143509E14
-2.4181447278941362E14
2.3317746119243025E14
-2.0743090532910884E14
2.013683092829675E13
-1.6799438468788016E14
2.859937711126129E14
4.517172998615715E14
-2.0184955606940866E14
-5.150804744491433E14
-7.325047030959948E13
-2.4461449112044628E14
-4.70810280508E14
-5.06892347259837E13
-3.304646857921651E14
-1.8269953431274778E14
1.5849737719069966E14
-3.5070500494386556E14
5.767867703392864E14
-2.6004349909606106E14
-4.630324972363196E14
-5.6513471225949375E13
6.728784412411129E12
-1.7174390661912264E13
3.6675963472196444E14
-1.2240347774105242E14
-1.8338379673194172E14
-6.815492407839635E13
-5.985722693185346E13
-3.528504729098056E13
-6.131211579135415E13
-2.429971106669099E13
1.745496707105543E14
-7.556176564645372E14
-6.634680992718544E14
-3.241816894147585E14
-3.661907580122312E14
-6.183372317841149E14
8.512178838678895E13
-1.5721436205710553E14
3.224607516268606E14
2.106572485695368E12
-2.6361564849220978E14
-3.590225164950703E13
6.068202567911185E13
3.4247246039136744E14
-5.433949832972844E12
4.9476073549142206E14
1.5966976748375556E14
-3.152485776595574E14
-1.679236686108512E14
-3.578223000795582E14
-3.881950228545604E14
6.3989046989943984E13
-2.463687695881805E14
7.30392790648599E13
2.4206644689400075E14
1.759049270036816E14
4.752471182926325E14
1.2028528450833877E14
3.0689971667900075E14
-2.0452010357204334E14
-1.150904101106188E13
3.529525134368158E14
7.986171399798351E14
3.5177431243017406E13
3.2417342853475875E14
-4.91041912471188E13
-9.897137413376964E13
-3.288715354039449E14
2.408475294953049E14
-4.685114172540217E14
1.664121413064923E14
4.416950173547957E14
1.6463445357672306E14
1.372928298431792E13
-1.1032217848159192E14
-2.5521143547802328E14
-2.059026462831365E14
-3.1955854863451675E14
7.557522250433395E13
7.337767244250931E13
-7.308553231647919E13
6.240181166139165E13
-3.579029269298429E14
-1.0529645600906128E14
-4.305023619523612E14
-2.181115966089863E14
2.988540233863139E14
8.78916034875583E13
1.2429372410032614E14
2.7455391308224803E14
6.761089487452094E13
-1.4078229668929466E14
2.1225505793169694E14
-2.4947705197710238E14
1.241918651165459E14
1.4705824132292912E13
2.5071251052318647E14
5.245948893201594E14
4.117005200597719E14
-7.111504321714819E13
8.335941419124445E13
1.851578583522964E14
-3.930873855100599E14
4.151571384405319E13
1.2105190176900162E14
-4.330825937734319E13
-3.482841886069801E14
3.721618208182539E14
3.1273733847084394E14
-4.128452766220262E13
-1.652403196032043E14
-3.796560336809429E14
-3.224791195273752E14
-1.3581240780622348E14
-2.34278400353439E14
1.8366412896867744E14
3.107433787837656E14
-2.2834318471923253E14
-2.950730770775754E14
4.2562629956547394E14
-5.5359699513713375E13
1.3489502875005627E13
-2.5060035451274562E14
3.0095649940554606E14
-8.719541929950858E13
-5.670606525056632E14
1.513705273299393E14
3.0694533626805625E14
-3.687014788265903E14
2.7098525581152004E13
-7.843885103933342E13
4.471268775505582E13
-2.944928308569227E14
3.051475237293269E14
1.006327234625648E14
7.152054554277595E14
-3.661027608508182E14
-1.1484195328967458E14
-2.1695128954136125E12
2.1782930848169332E13
4.329197532519112E14
1.735870411141257E14
4.9334731756181706E14
-4.824983519881525E13
1.2491017012826938E14
1.1515038134628002E13
-1.152453885495346E13
-9.925719876339302E13
-1.843214175940198E14
-5.4710819174361555E13
3.9551787363009706E14
2.657943014199453E14
4.979767844686689E13
-2.7820267775270662E14
2.179083087202923E14
-1.1319755010688511E14
-3.0496800479824625E14
5.734962492061452E13
-1.878387902367804E13
-1.214436832693513E14
5.536184100981278E14
1134172.9282964473
9.039823217734558E13
-3.050859142892638E14
4.3193630665162125E14
1.0319607420475542E12
5.165186886537407E13
4.122573190254352E13
-1.725072014321194E14
-8.127582738700573E13
-2.025199390036946E13
-2.355415363776781E14
3.1339799851877215E13
1.1683802455251217E13
-3.86010163817833E11
5.827119125473241E14
-3.063040207244309E14
-1.0803130228840144E14
-1.3864723216921137E10
-8.12270986364435E13
-4.009187814264971E14
-7.196471206753856E12
-8.859908292898623E12
4.2530780017820656E14
1.964351867283494E14
2.1631352104904385E12
-1.7599496412333914E12
-5.60412125036973E14
-9.695481675115575E13
1.8472080403362465E13
2.312897890436638E14
-2.3518928133881098E13
4.135649557272234E13
-2.517063130994962E14
-2.2725090041269866E14
-3.911589581842193E14
1.3528548209904592E13
1.5906989876438912E14
8.614427274119239E13
1.5455366772649488E14
2.5823718211555074E13
-5.422882748692733E12
4.9278628506805586E13
-4.719151937766174E14
1.112250199579901E14
2.819605541470477E14
-2.4579569078075394E14
-2.521081710903673E13
-1.5806272381455844E14
3.8401631772904844E14
-8.729751351236619E13
-4.102949677362554E14
7.418197722700348E13
2.938036011477185E14
-3.473484920209118E13
4.061791262637796E14
-2.1029065777284444E14
-1.942283130500819E13
4.125712365813343E14
7.466698157884794E13
-2.721827482189754E14
3.3398532370250025E14
-3.709600845066324E14
-4.5403633347130664E13
1.2914445152195567E14
-7.945079974566178E13
-4.377095931523291E14
-2.422635162062223E14
3.5164364832810325E14
3.328143317844398E14
1.5293322968879516E14
-5.510694718759474E14
-3.288078011234311E14
1.1750238807851648E14
1.7797540701980444E14
1.108409987508796E14
-2.181990177497722E13
7.202632581317112E14
-1.0034031227811348E14
2.4302158911176266E14
-1.740377216264964E14
2.3546127475991962E14
-6.146768315212906E14
1.8374726106155578E14
-2.2854895523433162E14
-5.4246904235386756E14
-9.85162412628785E13
-2.0541678527379697E14
-1.506088652911093E14
-1.9614028001427917E12
-5.86893557292426E14
7.246912813690724E12
-1.94338376787876E13
-1.9227199887059675E14
1.2297046489344972E14
2.2003705947656834E14
3.618471402501582E14
-2.4755631604775668E13
-5.4717295207249756E14
-1.3141556891294722E14
3.269942472269956E14
3.623513995120373E14
1.5180299689531928E14
-1.7126816412758168E13
4.301192146019761E14
3.80060944394166E13
9.82445359463693E13
2.5882292765076122E14
-1.4276782803058288E14
-1.638344545575091E14
2.176370037804665E13
-2.4643969836312216E14
8.214487388164401E14
-3.3345851614701575E14
7.146911506951898E13
-4.2709182686981375E13
5.610942896394756E14
-6.357301460570719E14
3619475.5061303354
