-8.99991763866318E14
1.0902421893806874E16
3.421845662295547E14
-5.468991998856776E15
3.5805588617675175E15
7.424008495931721E14
-2.3313485721730035E15
-3.1989257906177745E15
6.333491467569355E15
-1.0925910583768358E15
1.3351400865793996E16
2.4113663369961355E15
-5.709195481047371E15
-2.252916706275846E15
-1.7549120468641535E15
-7.740081101427105E14
-7.10164049308784E15
4.684645405597425E14
-7.068062433409845E14
-3.6474749485907045E15
-1.4376262471645132E15
2.983235295588944E15
3.0170210640283445E15
-1.1643193917361845E15
2.4751135400877735E15
-2.8201274325981035E15
-9.602020139944332E14
-1.0710296617939948E14
2.725752716013441E15
-4.3584199698889185E15
-2.264570948788542E15
-1.7230296392330458E15
-3.5019553726244305E15
2.769186128826958E15
2.0162156033010938E15
-1.578367383191421E15
1.58123430457722E15
3.686441610947507E15
2.6435002504783685E15
-4.430863593340863E14
5.283791995555898E15
-3.6338784297350725E15
-1.0199629236227518E15
-1.3800764287641088E15
-2.46045321135548E15
-1.8302482437180822E14
-8.026323026133772E14
-3.42155112511196E14
1.379663702367872E15
-3.032235376431052E15
-1.6423538318776208E15
-6.277587376425248E14
-2.4223863909458075E15
2.121824946445571E15
-5.830652326319804E14
-2.1446435381954132E15
1.4499070576637085E15
-1.138461317811717E15
2.4100881936391895E15
-2.65312244093998E14
-1.4827468186389078E15
-1.66196522180238E15
4.917239657548408E15
-1.0507053482537775E15
1.9728487729656352E15
2.340886081967077E15
-6.763405795074081E14
1.3994950208632538E15
7.624885439917021E14
4.146003082096132E15
-4.673591544143024E13
2.628207383167356E15
-3.1088552630598175E15
-1.3604803916155558E15
-1.3690408146674917E14
-1.6197243507194488E14
1.038533424296315E15
5.947058820146916E14
1.1357105706859538E15
-8.711020586745499E14
1.7812500977801334E14
4.601976002677238E15
3.6677998608196E14
-1.6226177732895588E15
6.148042999689632E12
-2.1242042488128182E15
-1.0307533441677532E15
-2.4174326984856145E15
4.8867783561589675E14
-1.3664397243517556E14
2.7272039788213015E15
-1.1534793692224795E15
3.1046723132112985E15
7.099475525904858E14
8.84103738670002E14
-2.9751048302399175E14
7.852443235814204E14
1.0558158375671428E15
3.935321832359395E15
2.6645470741940634E14
1.6441982438625198E15
-3.0726963049219405E15
-1.7291649442785482E15
-8.423250830182306E14
-2.768179750305683E15
1.4573623847913882E15
-7.49247704555718E14
-9.874484236776381E14
1.2015459678766238E15
-7.542749002427688E14
-2.5633291825213334E14
-3.7986043295593423E12
2.0729123541790092E15
-1.7793681715844225E15
2.1961125530471562E15
-1.1407867534815215E15
5.757967659119222E14
-2.3055309252413025E15
2.2356299946563415E15
5.1049940896316256E14
-1.4719586929542702E15
-6.42380922252544E14
-2.026556246090774E15
1.3813192773037045E15
1.245592799348003E15
-7.779156699301616E14
7.403216576960395E14
-1.19940778024209E15
5.853327037571074E14
-6.26032006454162E13
2.199747889624939E15
-1.4708727253578658E15
-8.213825262259724E14
-4.298834186598168E14
1.2528246316920732E15
-8.103266789547068E14
1.0481584218804119E15
1.0319172105713826E15
-1.3797177595061522E15
-2.590368025160653E15
-1.3265070391344698E15
1.0993955963680992E15
3.1023601917064744E14
1.8042319494204108E15
6.263536269036888E14
-1.8208080092437576E12
2.974061247535513E15
-1.4708213176676312E15
6.267655497540166E14
2.1738557867882322E14
-7.57279710734972E13
-2.5882466362709244E14
5.704725946578743E13
2.0962160202902725E15
9.576852037384929E14
5.640468352033414E14
-1.1835039266622058E15
9.298247604627576E14
3.948554973484457E14
1.4341421389112272E15
-8.27988480833701E14
-2.1678448441184532E15
1.1216313315901852E15
-2.335509925266784E15
-1.653353607242975E14
-4.932035458639727E14
-1.3127201389213835E15
-1.502529698311243E15
-5.3593156409043256E14
3.051791134877586E14
3.016819347416867E14
3.6298888145304356E14
-1.1105632723461772E15
2.5381696000090288E14
8.86733961573339E14
-2.0775678748754405E15
-5.0418838873806375E14
1.3112621862335334E14
5.086442429003969E14
-6.445525106805778E14
-3.03352320609998E15
-2.016322909745857E15
-2.292658635342507E14
-1.1381328743618455E15
-7.309840517047342E13
-1.1140916418386748E15
-1.202029682034004E15
-2.1633348298534034E14
4.842372549873775E14
-9.396531891197924E14
-1.8030273957411538E14
1.8519791305121908E15
1.3021780552928962E15
5.748378756911639E14
1.64788603609016E15
-2.827836424557658E14
-9.67434201304733E14
-9.865756174699694E14
-1.0163005682260208E15
6.045606792679561E14
-3.167139117467164E14
-2.181516965995021E14
4.481364047871148E14
5.972846050995794E14
8.15462832916862E14
2.7791251500158085E15
1.51931101855117E15
-1.5502099762068045E15
-1.5183925701562802E15
-6.93633211821929E14
6.476436167337372E14
4.10201166599952E12
2.0079839201559268E15
-2.651016309979074E14
-9.60925707270834E14
2.1095677723830172E14
9.554675294339475E14
-2.50784513050614E15
-5.203948671521215E14
1.6599573354661818E13
-3.06310519756168E15
6.51350124487866E14
1.358185595151427E15
-3.926745323411697E14
-2.189949813954496E15
-7.680410930858984E14
-4.1329574861434825E14
2.1076372849061472E15
9.187925650353242E13
2.6970721275971422E14
2.3563708711340495E15
1.2510143251719945E15
1.4108827020131206E14
1.2826219604698228E15
3.0881840778834285E15
1.3202234273023968E15
-2.234679787296239E14
-1.7505526347915528E15
-2.4179319189695578E14
2.9356624161638444E14
1.3687879021323202E15
1.1237611764697966E15
6.84087976312858E14
-1.0403962706229499E15
2.7227127441359816E14
2.1713121677371438E14
6.912247936011735E14
2.1680033765958662E15
2.263609786538805E15
1.6569081916335025E15
-7.088101007484635E14
-5.756828198978205E14
-1.38308550499242E15
1.7276563592392865E15
-9.25204298012316E14
-7.69660938881313E14
1.4495992978954242E15
-9.897367118461749E14
3.151737735665125E14
-5.65094740046173E14
-1.3290263896679455E15
-1.3414144910129673E14
8.426527616066955E14
-4.287956936770946E14
-8.0922388041476E14
2.0174921328387588E15
1.9230023878828285E15
-1.3167654760159395E15
-3.643493635717072E14
-1.2727633650201777E14
-4.100628113616138E14
1.3135945762784788E15
-4.7622834788399494E14
1.393958816183542E15
-3.304952411223488E14
-4.134466514519968E14
-3.536036654367878E14
-1.210100904486616E15
1.968245213146624E15
-2.7466741649094834E14
-6.041369713707354E14
2.1660764020348397E14
-7.479406036007821E14
7.315683189192466E14
4.112445047628224E14
1.1602976531508002E15
-5.980769819214122E14
3.081460080145676E14
1.0445196862296128E15
-8.175203291385414E14
-9.35964273486199E12
4.6151053320113925E14
-1.4562885723066394E14
-8.629729091585764E14
7.157538379849911E14
-5.86499428338509E14
-6.170492699596748E14
-3.535169569433674E13
5.295073397925216E14
1.1773199742531638E14
1.5122983891230415E15
-1.179172542366482E15
1.2471964833729048E15
-5.354644782120504E14
-1.471104613013442E14
1.286009075068606E15
2.8331638389364706E14
-1.0075318416132792E15
1.8429459198074102E15
3.96370563064974E13
4.1096265141758094E14
-4.7469614962850456E14
-1.4286591942189342E15
1.1726017219994655E15
1.3778424813846635E15
7.760335537750178E14
-6.250015007167232E14
4.4830344575526006E14
-1.0243472549325444E15
3.7629350646699444E14
-1.3317867868922177E14
-4.531201742083796E14
-1.7609482689728897E14
2.5090261265713497E14
-3.3362093285080056E14
5.845561897621154E14
-3.887273242740286E14
1.0497799590645461E15
-7.907058791972872E14
2.5532448721044538E14
-2.049331029880437E13
-3.5857584375818356E14
-9.933636522873795E14
-3.095258939121499E12
-1.3642559025991584E13
7.327184903129502E14
-1.0130732144500445E15
-2.624448190134022E14
-8.662279204625722E14
1.2713767972917838E15
-1.128252185717309E15
3.873388270524544E14
-9.740112774836632E14
-6.27692095277964E13
-1.304880339105612E15
6.597188845919409E14
6.958540351415085E13
1.580509234412996E15
-1.6676429383179705E15
6.699730157537325E14
-3.1945809921727075E14
-3.9941196485169744E14
-3.923047509623246E14
1.0476754040674876E15
-1.7166825187751278E15
-9.752535423941959E14
9.9916845304345E14
-2.5558856841389728E14
-2.2962084297496445E15
1.2767924372260088E15
-1.4071656941729878E15
6.213582287884028E14
7.725429788471612E14
6.07142540279045E14
-1.095978043748578E15
-4.69099512062247E14
1.908607341742088E14
-2.0693868387171156E14
5.098922446208973E14
-1.1694836510473095E15
6.59619466061821E14
1.3222446303692606E14
5.891559194954636E14
1.0967087970595825E15
1.183645707854289E15
2.5007637578391375E14
4.0356514758391156E14
1.400190617647636E15
-3.790406640482406E14
1.6529376042339697E14
-2.1262043059399138E15
-1.8257194543337805E15
9.700148532367754E14
-2.633532613420365E15
2.9088789673213875E14
-1.5486961692837842E15
2.7575409567425056E14
1.219348071974012E13
1.1307141617628012E15
3.1970515308778184E12
1.1713198011907812E15
1.665586422414041E15
2.272614371534883E15
-1.3860133296370068E15
1.2980129411959922E15
-1.6527251662027018E15
-9.815094039297122E14
-1.374323502665082E15
6.159112507426934E14
6.629843821023094E14
1.1427472052273288E15
-1.593012193223326E15
-1.393462888140677E15
3.353078495047966E14
-1.5703045766091748E15
5.295545936248387E14
7.413202380792961E14
3.122296174769245E15
4.306140472748609E14
-1.1968221718958468E15
-5.485084092829367E14
3.0888863562515225E14
-1.243269414570156E15
-8.539321384491955E14
-9.296802377613589E13
-8.846621263653223E13
7.20584719655783E14
-5.1879064394926275E14
-4.6601033773977956E14
2.334460272959534E14
601517.0828439426
1.9173012460774891E9
4.308391509069369E14
-8.394405135130579E11
-5.722006682474486E14
7.22754899521418E11
-1.6377447845753906E13
1.425165946005355E14
7.718796805909827E11
-6.501486908493394E13
3.876872167932736E14
-7.526062021815204E12
-1.2807498203737948E15
7.500990331202874E12
-4.8865684850231806E14
-2.4950533940620654E12
5.884470227566711E13
-1.513198584436199E15
3.053279754045707E12
1.2386430222346702E8
2.1528225425063394E14
2.1161805830703746E13
1.214811825320571E14
-6.901850902954022E14
1.0263761403756876E15
-1.0221052220445447E12
3.6618900513012594E8
5.90675321796331E12
-4.631284503266883E8
1.0349733501902465E13
-1.0275797271148368E15
1.5410121895816175E15
-7.941074145492172E13
1.0024168985892692E15
6.539550842169658E14
1.356296561992602E14
-1.979194628563654E14
4.841545174170371E14
-6.173271349090844E14
-1.6877837298610962E14
-5.2369997475539556E14
-1.1715534502116555E15
5.331411198162158E14
1.9144242589255138E15
-2.0575900869176438E15
-1.5975334441371416E14
-2.4448025967526415E15
4.999728411465799E14
-2.484450751501904E15
7.076123368597142E14
-8.069431438578588E14
7.646464058563341E14
1.6951023808336488E15
2.0541672361238998E15
-2.971984813707759E14
9.669977633190765E14
-6.247594946314703E13
-1.1273958119272558E15
-1.5766640658685966E14
-1.4322982908918908E15
-4.852353204265226E14
8.475929557063389E14
-1.504851495637134E14
-9.548574832196661E14
-2.486687735781149E14
-1.3254163199505395E15
7.427346528127336E14
-1.1153147958551106E15
1.7251352685778584E14
-1.0554827108466279E15
-7.609362170498078E14
-2.2115498862972897E14
5.604046921560419E14
2.3050709850386332E13
1.4910191311006712E15
-9.130707196839084E13
1.622841083458644E15
-1.9300624422756838E14
1.5945645467824725E15
-1.3928566891682342E15
-2.0675599038077656E14
5.2454804354652E14
5.2475998603629055E13
7.533454532253862E14
-7.0272024123621555E13
-2.681965222785009E14
4.2130203637253544E14
-5.423207370486394E14
-8.147013040010156E14
3.590821919021917E14
1.2700574277243128E14
1.6754725448662868E15
-2.2802045597054478E12
9.840498970070418E14
-1.0172339251826168E15
-1.4666877221909394E14
-6.870050095695125E14
5.831871368018181E14
4.541589661106405E14
4.3457747875824375E14
2.1332525587947542E15
6.193735340214175E14
-1.1110887921650885E15
-4.556676906509429E14
5.03627314831835E14
5.5896671577954244E14
-1.0036631217895699E15
8.153071939259982E14
-8.32173201702805E14
-2.7240409598217716E14
-8.464110804212202E14
-6.651413253446842E14
1.708107862388285E15
-1.4290331626284982E15
-1.6992964466902735E15
-1.9370715123934228E14
-9.627592981747418E14
-7.768802173293826E14
5.2520861434521875E14
-5.090418366044837E14
3.7442372160210444E14
-2.155942000198262E14
-1.0157931602069723E14
-5.1281946263762875E14
2.546602340135563E14
-7.075712758349064E14
-5.5669007938571325E14
-1.851644082597624E14
3.1471816856788125E14
-8.934076318455322E14
-6.84290465101662E14
4.3698518107014275E14
1.718927377645676E15
4.1085653527472844E14
-8.987477153009386E14
8.575883581951154E14
3.3698960100533894E14
2.4127570114393145E13
-6.353738655430576E14
1.3592222699366016E13
1.4411596467898188E15
-4.923355584777117E14
1.3348131728100536E14
-1.7226477116868266E14
-6.295973823625414E14
-9.128639106209571E14
9.053449663512858E14
2.888864968389787E14
-5.935481244955346E14
-4.274490247023949E14
-2.2954181921694883E13
1.242117351663471E14
-1.7378795793410775E15
-1.1602867351428085E15
1.6435365298680938E15
-7.867942324207669E14
-1.063136408130655E15
4.185424798946982E14
-8.248536121451742E14
-7.765982314178639E14
3.4435709075130525E14
7.378726411783598E14
4.977401533918187E13
2.406322988755561E15
-7.542758574478952E14
-1.5326991671387216E14
-5.474188061107751E14
-4.001174686164335E14
5.939205056219428E14
2.1711065004539947E14
-5.3824133022068444E14
-3.3748076754509494E14
-6.044888600149688E14
-8.352518235283394E14
1.2714929365369667E14
6.510449430672076E14
1.0774446449786874E15
8.095513020021724E14
-7.031309992887622E14
1.9567592965343856E14
-1.8566702165146815E15
-2.025477574043569E14
7.335887658669995E14
-5.518113825522926E13
2.6125670278526256E14
3.99134074013261E14
1.0242166688140465E15
3.643288142089583E13
-1.562064378618728E15
-8.047600794144031E14
-1.5917323693270312E14
3.487301169875388E14
5.2431305733463556E14
8.652698005847466E14
6.901615570746229E14
-1.539070171480511E15
-2.5373652841451044E14
8.634622218862032E14
-1.1257135724146588E15
1.5168520654234912E15
-1.6519405753329758E15
8.344654428757649E14
5.558163967948527E14
-4.7819085460009756E14
-9.822081215901936E14
-5.198872837508184E13
4.6804131575841725E14
-7.155768671872366E14
1.331026077721329E14
-4.339599736433765E13
3.5558486559026406E14
-3.904450726124179E13
-1.445837681656607E15
-2.6172539661115605E13
-9.292533406497649E14
1.7821188535075502E15
-3.0866413181267175E14
2.463569030908764E13
-5.2017184846375256E14
-9.834313491626056E14
1.5737790177809635E15
-2.0985344885265855E15
6.884892249365333E11
7.310626566822029E14
-1.125674479532243E15
1.716916778703464E15
-4.918553613893732E14
6.743707263176542E14
7.736228304678844E14
8.677203384506832E14
1.6419850294911622E15
-1.0041703499574011E15
-9.105328100497655E14
1.6275721174812452E15
-7.318768804010215E14
1.009650063549984E14
2.3776363981975647E14
-3.107254576947628E14
1.486578572287027E14
1.273186361581819E14
1.160390055164482E11
-8.038685636452272E14
-8.636531205176665E14
-2.0889816154755462E14
1.7221599820375503E14
8.142879258017881E14
-4.2305161670258425E14
-1.5541949769277488E15
4.1673765200459044E14
5.462689488448745E14
-1.5722210064464932E15
-2.048240304834431E13
1.2379649069092055E15
1.6666116432186066E14
-5.197717139093962E14
4.0260156016820375E13
-2.5994978012912522E14
6.032628530377275E14
-2.2845458679052516E13
-4.758649850683135E14
1.6108309724431338E15
2.8281760786913574E12
2.000903779534394E14
-1.8481669183970353E14
2.2460183988478195E15
3.1737331238680188E13
1.2744309604949445E15
-9.830188250393681E14
6.913279888517614E14
-1.2794349751202775E15
-2.2168294182262262E14
4.852462262670207E14
-4.0219673180113756E14
-2.866626283979418E14
-2.7612207785541997E14
-9.58664708841843E14
1.5798379630228284E14
-2.04104017576671E15
2.19464592993868E14
-7.544837593216182E14
9.771548315898622E13
-7.830556180608924E14
-4.188620164728877E14
-1.908973274958944E14
2.2106460436818572E15
1.8229565302551518E15
5.593005851802062E14
-8.259249617670378E14
1.412428063348667E15
1.0928781208041745E15
2.5576970487522562E14
2.6907214156918928E14
7.151105390686669E14
-6.155257785481976E14
-2.587231100494542E15
1.647438818010058E14
2.027125143359336E14
-9.894284471496681E14
-9.753085211568846E14
-4.862043676258487E13
6.01316346506811E14
-4.622480778162471E14
-3.366477631600014E14
5.47236656275697E14
4.382644017809475E13
6.795821493495801E14
1.0295268168972851E15
8.184823141718406E14
1.5816120980872482E15
-2.5056661922307166E14
8.381199292089092E14
-1.2875923504089352E15
-1.165135794929099E15
5.121070920449338E14
-1.8047098286642044E14
-4.49784788512679E14
-1.3475336328261111E14
8.718913831067784E14
1.4680962772771425E15
3.553733254011325E14
1.1041634516950289E15
-2.0996980157425328E14
9.958737890210481E14
8.912229347416526E14
-4.561385767379934E13
-1.8782520955412344E13
2.7221592015610535E15
1.4953346962256302E15
5.3904977504008975E14
-2.1499341119191503E14
2.6437091251668062E13
-7.991484712127941E14
-1.292189818005058E15
1.0999342438294219E14
9.273876399067858E14
-5.3768674160816806E14
-1.1490448098588405E15
-4.970440805861327E14
6.221782813136126E14
-2.4607435899622488E14
1.1341462512774564E14
2.942486498582192E14
8.926634556298459E14
-7.734690115993091E14
1.9347090951037134E14
-2.2642348456152112E14
-1.721394753309045E13
-1.6549678513065344E14
1.0921404682771542E15
9.764475686605166E13
3.433102897693786E14
-1.9690564075226103E14
9.712320583423781E14
-1.1706660346717355E15
-6.968181190970724E13
-3.1479435521315848E13
-9.041421910299376E14
1.0884567640721806E15
6.9407339658009E14
1.2619688979349432E15
1.0899876731207978E14
-3.9139334688515256E14
-6.168307018204545E14
-7.091139252987931E14
-1.7190910471952562E14
3.93430558787539E14
8.647184831704981E14
1.1435025365947316E14
-1.440125073323014E15
4.036481750109385E13
4.572301379200512E14
1.5190129050846444E14
9.554611811660971E14
1.6447114298734E14
-2.1313652917097098E15
-1.140020996518037E15
2.4754425650574938E14
-7.803722498337706E14
9.324638356044956E14
-3.4060587209276594E14
-6.311418024489806E14
8.466617615929835E14
9.995879856926499E14
1.9211305051391806E14
-1.1789559884918625E15
2.2395849611195338E14
-7.293874616569255E14
-2.0800822412791447E14
-1.0583130636556506E14
-5.50204505521269E14
-2.1672537347491948E12
6.587477577831905E14
-9.38142725361497E13
1.0309676726899081E14
-1.5948143442087253E14
7.518722792275895E14
-1.378883252556604E14
9.196743048959411E14
-3.962795850883383E14
-3.615102121657656E14
-1.4282551785267878E15
-3.671715233569581E14
1.0191092006536254E15
2.820490609582596E14
2.6816650120986972E14
-2.0741125134121394E14
3.9001532860797593E12
3.51373820470859E14
7.288668956010719E14
2.6622118922684406E13
2.2884253339568345E15
5.652905877100408E14
1.6411207911165403E14
1.1527183518473785E15
-5.690144501747912E14
-6.437657709507072E14
-1.9656796745087005E15
-9.243680679463262E14
-5.99444007600645E14
-3.845284137421297E13
-9.301138128102418E14
7.086874460432253E13
9.068636552040236E14
3848996.03205263
8.589110602517954E14
-2.025488635959325E15
9.148014830756927E13
4.118279723332786E13
8.394674104636248E13
8.265391151717264E13
6.519099136656999E14
-4.374144567416814E14
-1.285002096002996E14
4.094641051184935E14
1.8778416488297303E14
4.212953891240727E13
6.079913285598475E13
-4.127209647079875E13
7.238816685751694E13
-4.131022212018889E14
-1.6390145542746872E11
4.6850404541072E14
7.63649822459017E14
6.781379538566397E13
-1.628265694667693E14
7.306230930991928E14
1.8066447835955105E15
-1.0821447101754482E13
1.935148793632884E13
1.2066750195158998E14
8.945420034399155E14
-3.6778011185753144E14
7.003846579157831E14
4.444431427617106E13
1.0339694370829358E15
4.1813636361940556E14
3.887253229836265E14
-6.995814228552882E14
-1.5883511336130785E15
3.1566960223714546E12
1.1221674633628569E15
-4.987468875920244E13
2.874790492779684E14
1.4696536509466217E13
-5.89779216610658E14
-8.231900122880435E14
-1.6659726661826672E15
1.293067644247846E15
-6.643107372363419E14
8.75668906629472E13
6.152185603475272E14
6.972922582189669E14
1.2192627520482384E14
-4.886212224761002E14
1.598334460615091E15
-1.013065980167188E15
3.4232293575401266E13
1.3230894148569138E15
3.613457416620925E14
4.251082124031133E14
1.2357755013433828E15
5.152183412598446E14
-5.46538846230551E14
4.591232136522406E14
-1.4109875773455E15
-1.3035194522135856E14
1.7503644109405475E14
-9.039239751832686E14
-7.089654324994731E14
-2.383523137729001E14
7.265627769810721E14
-4.686694837894825E14
2.5414554341802562E14
-7.910491351749875E14
-2.6354689173818938E14
2.401704133181852E15
-2.2203203635044344E14
7.051792555955791E14
-2.836893494695611E14
4.135022801153698E14
-9.427622823669661E14
-1.2368272433965558E14
-6.530398419008249E14
2.0154313142045147E14
-1.241378286498296E15
7.079525540846785E14
1.1139999418496142E15
-7.342092879393305E14
2.2519020797241444E14
-1.5531570488709022E14
-1.6477762396778805E13
-1.0387951421637723E14
-1.326238225932369E15
-8.74171891103793E14
1.4923377073663092E15
-1.423351001512607E14
2.901081157976402E14
1.4982642998749768E15
9.4894097244711E14
-2.6106228798470094E14
-2.150623848249088E15
-6.058202008764489E14
3.3118315480295494E14
-8.042637982994939E14
1.5809913646827968E15
4.273097016845397E14
-2.876369176316284E14
-8.872122085169088E14
-3.442789334116748E14
-7.971045303104586E14
-1.4749708928249432E15
1.0461704194048698E15
5.896995119722442E14
-9.291975400794875E14
2.2952711785772865E15
-9.042786433400384E14
-1.1061221708922456E15
-1.3242490568373614E14
1.6188994998572875E13
-1.7343848698502945E15
5053173.183463214
