-1.506230912697797E15
5.325247400519917E15
1.3395084996417205E15
3.929545719456464E15
1.5390532414996522E14
5.144798207566455E14
-1.3932872946739228E15
-2.976568551341812E15
1.595948758230962E15
-3.8530774982113745E15
6.63153911897819E15
-1.2457968868178762E15
-2.5455499370786255E15
7.954345882638221E14
2.72283732317353E14
-1.3257022581426752E15
-3.7962999651880725E15
-2.471704031431497E14
4.6176738442211244E14
-2.517394336821792E15
8.799426358929232E14
1.5116270092978572E15
2.6035117472829705E15
2.9962723397294456E14
2.632531155689551E14
-1.3873722593469928E15
1.2872701325052685E15
-2.2569746775818884E14
-2.1820761031706598E15
-2.8853804096874805E15
9.015355479704111E14
4.439714047618204E14
-1.1317283053744048E15
1.9395113712084318E15
8.044222359504849E14
-2.7200776725770425E15
2.1133653779226248E15
-6.878063444180838E13
1.9532917684253098E15
-3.282095194792035E15
4.121339568432339E15
-1.1356785048716372E15
-9.664901439183719E14
-1.8177019236992412E14
-1.8206379736545708E15
1.70121561129179E15
-1.6380818001030512E15
-5.387767609190491E14
1.8105477606923068E15
-1.4431235186688002E15
-1.02605193675675E15
-2.825884873548247E14
-5.068762214548107E14
2.2172548659992518E15
3.2843601667139944E14
6.453155430645625E14
8.38710637871202E14
-2.687035189638699E15
4.224329503399907E14
5.651085492611157E11
-1.531783879999167E15
-8.423663217986278E14
3.3538991233753605E15
-1.595854228085521E15
4.050700250714182E13
1.2671109939952035E15
-1.248802658599687E15
9.1207828886072E14
7.88927177614409E14
1.75337648889214E15
-5.921841020983306E13
2.6689089824351905E15
-1.1075715452301402E15
-5.485160307733964E14
-3.715834248246877E14
2.198016097351991E14
2.8480811591767266E13
4.2653171261055056E14
1.1173798629720989E15
-7.18018542538277E13
6.382389443592612E14
2.0629166922870922E15
5.771312572454188E14
-8.476773254493586E14
-3.5117052454438956E14
-1.9189633617359344E14
-1.41445437841981E14
-1.6976863665257058E15
1.4692531579922655E15
-7.896650303767898E14
-9.686043572256944E13
-2.4019042267658534E14
-3.2846947716626325E15
-2.999398725877216E14
-1.9099377516380316E14
1.0020594097430778E15
-1.1891905966870178E15
-3.074147949040669E15
-2.1231151558853978E15
2.0218565363595972E15
-2.176658915448878E15
1.5333685033563258E15
9.875378434902395E14
-1.4206408306276895E15
1.9215728944448845E15
8.636844000189315E14
3.77147932025849E13
1.99695317982433E14
-5.369062238179163E14
8.597633976704709E14
3.073310339459396E14
-4.783155882679714E14
-1.4679397356252775E15
-1.0224582037562078E15
-6.43294066155649E14
2.474466723330554E14
2.689277549632356E14
8.803920866474358E13
-7.350773932691238E14
9.947810775485289E14
2.9896820039494406E14
-2.8132737463774556E14
-7.270847164612701E14
3.72491847371403E14
1.856014806747228E14
-4.0558181047102425E14
1.144908344326384E15
-7.75572869833435E14
-3.121139157536536E14
-3.074718593247477E14
1.508651026802172E15
-1.9499852937609016E14
-1.97070116559415E15
1.8659518238137028E14
2.2638459313528497E14
1.0845464301921438E14
2.463119537334658E14
1.8627711722231462E15
-1.5951069502313498E15
-2.5331069852366755E15
-9.790798754796224E14
5.912257589556151E14
8.323170447055722E14
1.1497627206542552E15
3.2193597780146756E14
-3.6527277623704156E14
1.1439788651820785E15
-2.2496231705144003E14
1.5555710425564612E15
2.965980883571832E14
4.28787884766235E14
-8.920690758362588E14
5.0446016809136656E14
2.8116386177042694E14
5.213855870290272E14
4.131965795227553E14
-1.5717661789251766E14
1.1442184352116095E15
1.2253583643933352E15
3.811330684854002E14
-1.154319296140696E15
-1.8810647135843478E15
-7.252904833910584E14
-1.0034071414804069E15
2.3594570124645397E14
2.9027678189183106E14
-3.5949897796327844E14
-1.7385464398185848E15
4.106315824048678E14
-1.4297423706965535E15
-2.2189074188663695E13
1.987492750228992E15
-1.243594047890722E15
-2.0766212147876453E14
6.660148918652166E14
-5.438465519833985E14
-6.195373999813988E14
5.327090378774942E14
-1.4182743565004056E14
5.850190724017991E14
-1.4724295992153408E15
-1.5521578518571645E15
-4.3554467841372094E14
-6.787569326750309E14
6.502062954315132E14
-7.219212382705964E14
1.0920877923483E13
2.836910837740623E14
-5.43493649541788E14
1.9737531305450066E14
-1.9992778068393684E12
8.655971350066498E14
-5.644865147825655E14
-4.066130614673533E14
7.643189448442894E13
-2.883003925770553E14
-7.332497508977872E14
-1.9846149530141206E14
-3.30533981204266E14
7.389329154514728E14
4.8745501711047344E14
1.5328312080356676E13
-1.5208536663858475E14
2.7337984861923538E14
9.78480547153507E13
2.154664882681238E15
7.38131473238192E14
-1.4461838037795052E15
-1.9196774693393853E14
-6.40925189682984E14
4.608855952684062E14
5.048041149082169E14
8.145762750448106E14
6.058748664496485E13
4.213448242238901E14
6.043088188374462E13
4.618599029487551E14
-1.206100131719208E15
-2.6113699188191103E14
6.902208509049176E14
-1.648775679438761E15
5.92948366674053E14
-2.985811022407471E13
2.2378732672456278E14
-6.559391237643515E14
5.59084463726832E14
-3.8599910082664244E14
-1.6833664111002E13
5.370971606476875E14
-8.519151582994342E13
2.58111100426562E15
8.024943189789108E14
-9.813714814586092E14
1.4032435351267684E14
1.1376107966430962E15
-4.424277950126305E13
2.6467535449058753E14
-3.816014999669269E14
-1.6354293858552855E15
2.2504357925129E13
1.5663302051340218E15
1.0169718113013305E15
-1.6126817303179847E14
6.799847612023644E13
-3.7781885484934146E12
-7.226032897492596E14
1.0185903024760769E14
7.159262622438739E14
8.797906687712236E14
6.579537961088545E14
-8.837871295498446E14
-6.077197374684662E14
-3.060392006308715E14
1.910950534875239E15
-2.695409201210477E14
9.938860584419072E14
8.323213908622056E14
-1.2094408613501072E14
-6.046876933553166E14
-7.034278841766316E13
-6.288321025614755E14
1.3855923535799014E14
6.456035440888471E14
-5.773108390573816E14
-9.799650134463515E14
7.594292962927886E14
8.445970404640762E14
-1.0099743421389406E15
-1.0557168439273498E14
5.338597136864221E14
2.270089238502815E14
5.193810888654861E14
-3.136207913773675E14
1.911863979629661E14
-1.0733031425948958E15
-5.121928041863116E13
3.502338532983975E14
-3.9759460434490644E14
8.813205287872945E14
-9.702835039891549E14
-1.2395674109713862E14
2.4535296909026594E14
-8.136510124310305E14
5.901878588666265E14
6.48541191162566E14
6.761100520199064E14
6.323883732983133E13
8.100172775366556E12
1.2085241736237697E14
-8.2005722996571E14
5.6783449220179945E13
5.980634102320066E14
-5.321066761467109E14
-4.098818885767207E14
2.315364261820139E14
-3.4920294422198406E14
-4.4019511802854756E14
1.2078273900149398E15
1.6595422178441184E14
-1.3157156309070014E14
4.5012571348490194E14
-5.945790594995628E14
1.0852691840070845E15
2.980118128868712E14
2.0574492400098522E14
8.375384790841646E14
-1.069523493814808E15
-8.14125042515285E14
8.34717438937244E14
-1.9344457005821425E14
-2.306467776778522E14
1.1187697175305494E14
-8.318087938844046E14
2.8167761745587656E14
6.785923353707025E14
-4.856260147620951E14
-5.727161265596856E14
1.7462751441615049E13
1.9358829580449838E14
-1.0139071573880867E13
-5.589011618833298E13
-2.810149017121921E14
1.5757970525790534E14
-6.112103140960084E14
3.569458962769046E14
1.2438223768341485E15
-2.927870504611683E14
-3.0527686612528306E14
-7.168118167151319E14
9.130059480072552E14
-1.370776002563159E13
-2.564389977289035E14
-3.956232786236229E14
-1.1958324762046217E13
-7.359211315890253E12
4.222183775254772E14
-1.334366506743812E15
-2.3549130751977225E14
-1.1162999723209812E15
2.3116307618798088E14
-7.416403090484921E14
4.468969417691224E14
-5.193644334174757E14
8.099845753206278E13
-1.610541870632694E15
-6.1978901250411484E13
7.430482662130573E13
7.18006783818392E14
-7.152818948347262E14
3.914420380716393E12
-3.590403599803143E14
-9.593567471058448E14
-1.7523500329697547E14
-8.787521703990583E13
-1.5816291663620858E15
-5.0404221160352094E14
4.510779530956665E14
1.4734112098376352E15
-6.950480862578822E14
1.0179455513948656E15
-1.9706781210116584E14
2.894485731636591E14
6.737472913115258E14
7.646335412205192E14
-3.6555224780979256E14
-7.093807633986172E13
6.966135255568689E14
-3.2471612575173544E14
4.932348985436688E13
-1.4577668674754138E15
4.4567126226695244E14
3.4018633354022094E13
6.873286488028502E14
1.009543064650968E15
3.5723213863310675E14
-3.405410953027168E14
8.618275384032652E14
8.048414503677236E14
-7.125537068550542E14
1.9406757271571722E14
-1.8618411058163255E15
-1.092768246358281E15
3.046772434485235E14
-1.4589561407725862E15
-6.473978571206052E14
-7.452839680906468E14
4.7095373512418275E14
7.513846143483621E14
1.4938219831157688E15
4.0087754502576256E14
-5.4793742814647894E14
9.277041482594288E13
-1.705790643574603E15
-3.114400895702847E14
-7.608891371421133E13
9.871306584824766E14
4.622428216006672E14
1.0633569173640678E15
-7.907231621246358E14
-4.3529718621303275E14
-1.1454717575323418E15
3.923495368592812E14
7.041922108944406E14
-8.470484676542374E14
9.246815545549489E14
2.8129380756748138E14
-8.193325894024838E14
-1.0655224744037174E15
-3.635269911275528E14
8.106551428173616E14
4.9212494406447016E13
-6.385355697458496E14
8.918668527903408E13
1.2593305384098125E15
3.4279453916573043E13
1.1028552358752277E14
-2.226235473760843E14
9.587668706377398E14
7.220982311714972E14
-5.322142674079916E14
-2701241.786165618
2.4334254499536943E9
6.287063095917434E14
-1.8858107363064998E12
1.3746931761989053E14
7.007705783915231E11
8.446537005384805E12
-5.840771172348812E14
4.659069180330501E11
-1.8363674628346008E13
4.213519537186123E14
-4.80978008130934E12
-7.11808850394075E14
9.679103093069668E12
-7.980904704174951E14
-2.556479671058612E12
-9.585168025221286E13
-9.418672910045131E14
3.784117162590742E12
1.1928954995087153E8
2.4970420919685416E14
-7.091796110505802E13
1.1530536434242231E14
-6.351064233866131E14
-1.619179370533848E14
-1.4904311708259407E12
1.681358184760145E8
6.68100629388582E12
-3.5278408851685625E8
6.853728176118275E12
-9.552766484222491E14
7.751773020662908E14
-1.7263715511240288E14
8.872528138128618E14
-5.179448521750065E13
-2.7468226572529207E13
3.1846760088209994E14
5.853286964767868E14
-1.3511813286017628E15
-5.635991147957349E13
7.172054762735874E14
-1.3876774814411272E15
1.5641013913450184E14
8.834021067281256E14
-1.5933748957726315E15
5.233511906365982E14
-7.300761010611945E14
1.661910832426393E14
-1.3112298996254858E15
5.745254443228344E14
-9.20847153777373E14
4.473167580082423E14
8.795055460259425E14
7.84700581292191E14
-6.772769370163204E14
1.0671450192231116E15
-7.024523636320064E14
-4.786650722948866E14
-3.3357446365883356E14
-4.7049747632690444E14
-3.3923728518933016E13
-6.024094331466432E14
-2.0790456983974053E14
-5.8883196580443016E13
-8.461251340310864E14
-4.6276964165582086E13
2.0285588808558816E14
-9.64843616746262E14
3.155970220821976E14
-2.7953796368548397E14
1.195451183995405E14
8.73349821205998E13
2.2913478414597738E14
-1.2797646860097661E14
-2.163931138821963E14
-7.537731293604156E14
5.73662435660865E14
-6.522309354522909E14
1.0226544319101874E15
-3.828183186504876E14
1.1643656006102375E14
-3.38166835797039E14
-2.897868448585587E13
5.646015604526949E14
-7.036254568009761E13
4.5098875045824695E13
5.089898052208461E14
3.906062993680968E14
1.713943752557715E13
9.879726113443744E14
3.3502719747652895E13
9.019439288912773E13
4.6335528116594544E14
-2.7876495209023325E14
-4.944839428511089E14
-3.676961068802772E13
-1.8679247786827666E12
5.715952386043122E13
-1.1343554349174486E14
-2.0314910262568956E14
8.3140608672933E14
2.4004747244705544E14
-7.654160279840114E14
-1.4585856028955628E14
-1.0796471624719475E13
5.140493428741149E14
-5.367532910332771E14
8.540920652758796E14
-8.22252983075864E14
-3.096381081684155E14
-2.2224577800285584E14
-7.349346147145478E14
1.4770969693952272E15
-1.7674206538443388E15
-1.0789596462343868E15
2.2971183250267075E14
-8.341246509394644E14
5.516236341407074E13
9.98071151541283E13
9.418148985016628E14
6.683693611079151E14
-2.461924471758715E14
2.1331742910294403E14
-6.423227616950962E14
7.944847583309696E14
4.518758269726404E14
-1.200736406519606E15
7.098691835131001E14
1.6692015006038306E14
7.20960511014747E14
-5.259523885059677E14
-2.1102017390914362E14
8.11062120086552E14
9.044347339042298E14
-7.905521877742259E14
5.891171670588096E13
1.1104619422078735E15
2.5691184168339062E14
-5.65145297251095E14
-8.400792335811869E14
1.1802559722282382E15
-8.335265042156192E14
1.2575477513707705E14
-6.917625974429026E14
3.744915646118455E14
3.9024122662712266E13
2.4796865465158956E14
-7.926593067933998E14
-1.3506701909025511E14
-5.1764725786244075E14
5.0020100557267406E14
-8.173906902490755E13
-6.869522705491178E14
-5.046541376209053E14
3.6253614316897894E14
-5.0483428787822075E14
1.204679013025753E14
8.914991089782595E13
-6.36695894128445E14
-1.3802421589024945E14
2.0813661550102928E14
-3.4138861438557377E10
2.7117483433933425E14
1.0358173129154896E15
-8.556827790006844E14
-2.0556197209619722E14
-3.9350649342706144E14
1.2855959390054184E14
9.374876508170516E14
-2.845817174763338E14
2.441711732460576E14
-1.3453003474877308E14
-2.4994126117042156E14
-9.382106410650314E14
-1.9139197190594184E14
5.513647564804603E14
3.790437945717317E14
-1.242304444563096E14
-1.2944858731991E14
-2.2712526734130378E14
-1.2747033988194632E15
3.911132848209849E14
3.7241699060752044E14
1.378724878431944E14
-2.388128201530095E14
-2.6184078473620164E13
7.6425242559405E14
-7.77232233949563E14
-9.866439737577579E14
5.964801718140456E13
5.271500932360709E14
-3.2590822958173756E14
1.2774184606533372E15
9.056208101295702E14
6.9788602320739336E13
-4.7100694312521594E14
-5.466519259878581E14
-1.0514879265662456E14
3.172801964509579E14
6.968339062285271E14
-6.355803821314162E14
7.599152769974824E14
-1.6012275507711894E14
4.820569209614582E13
-7.38426283876911E14
8.106121937818146E14
1.5332852092246716E14
-8.68781096661516E13
-4.460310210878538E13
9.219820216995653E13
3.943076851253859E13
-4.8551448368886425E14
-7.250980955178189E14
1.4648950239784353E14
1.2067726524330992E14
8.066086626640436E14
1.1934564056519794E14
3.59586409295537E14
-7.267577161128314E14
-4.464361566333416E14
1.1200473458682099E15
-7.025195589305738E14
-3.0655919051667594E14
1.925586173697564E14
-4.0214882061854675E14
1.3778139335463668E15
-4.647724853619304E14
4.481038976356778E12
-8.512033739534486E13
8.9208633500343E13
8.811367704058009E14
-4.8221788072674956E14
-3.776640194902059E14
1.259142844329E15
-2.837346287603421E14
-2.6874045463787038E14
3.564889681005192E13
-6.744253625420254E13
2.0430566661039578E14
2.558283256723447E14
1.0824698441608119E12
-5.286191192133636E14
-2.7613881376824822E14
-2.4668079535491984E13
-4.0517521206888644E14
1.9255993853048525E14
-6.169006566874792E14
-1.0957209851567588E15
1.0063958026123106E15
5.553006126064743E14
-1.0734639490449042E15
-2.9149398088482975E14
4.236524649596138E14
5.101949136394641E14
-1.3384407982154332E15
7.79464535146317E13
-2.8687341836605006E14
-3.002422399663385E14
-6.898392436876338E14
-2.908315896548799E14
7.111018012162828E14
4.20471428124039E14
-9.852011977383576E14
3.25076458424227E14
1.034808181009903E15
6.268686603717314E14
7.02209570965617E14
-6.408459688995819E14
1.4660193237940178E15
-4.751180982581081E14
-2.1090463009238516E14
7.002047616285871E14
1.1015015130277577E14
4.6602337930897516E13
-6.383757234680148E14
-6.831094129693494E14
2.9831621825814244E14
-7.540738316936339E14
-2.6480740135326334E14
-3.8310210352588056E14
1.05190609549814E15
-1.5979868136091588E14
-4.323046666685208E14
-3.2724326452561438E13
1.01046978590057E15
1.1112346614429115E15
1.2294219700575938E14
2.1302028073110884E14
7.291529035307034E14
7.829255302971382E14
3.1653093202285758E13
-7.638555927541625E13
8.470658335481308E13
3.7818456361706344E14
-1.4201325696540282E15
9.072204291349536E14
1.664348306910249E14
-4.286278158489728E13
-6.560930414053499E14
-5.3203592321862394E14
-4.137018813349397E14
6.875060648692238E13
6.585072204502532E14
9.178768113744867E13
-1.366606639103589E14
1.474623843905972E14
6.205222094450066E14
-1.2358241927482592E14
2.5856383341557334E14
6.2884732286606766E13
6.64491080299042E14
1.460519881896449E14
-5.455654559392003E14
4.290013864150828E14
-2.7247300878774347E14
-4.97555572483256E14
4.949744381763815E13
3.803927469322023E14
3.3194136745125006E14
-2.986671664431973E14
6.93044246039052E14
-1.4796638628028266E14
3.143178307893678E14
1.3917772312985375E14
-8.978530882693476E14
2.5257395116307516E14
1.6113446564006922E15
1.2603624821474542E15
3.1656995039015025E14
5.678048715170202E14
-3.2761055354726125E14
3.962758201895187E13
-1.197256009103528E15
-5.985252845738388E14
2.7762805345570334E14
-4.0271110897154275E14
-4.7446071117000194E14
3.078320926618241E13
6.261956379029098E14
1.0508626952676512E14
7.049164878412514E13
2.3090627856371512E14
4.7492319372322406E14
-1.793960985449016E14
7.682069877403649E14
-3.6712492836183656E14
6.658732910831272E14
-4.005194692481755E14
2.0362230874277797E14
-1.1570909425252234E14
4.719955806374376E14
-1.866716239406896E13
3.792543147136646E14
-6.494305530657965E14
-5.98019193992993E13
5.178720737901393E14
-1.1491382470759678E15
5.163790382564147E14
-6.903018815767752E13
2.8697323388287275E14
-1.653045004203155E14
-2.0377421590646244E14
-8.13101300823043E14
-5.025778013748037E14
5.707184684443009E14
5.756211687760438E14
1.2885177478878198E14
3.7736639620253244E14
-6.859718308800251E14
-6.170757080955769E13
-2.5370594656231457E13
3.947179731958076E14
7.271203827316221E14
6.574536481040038E14
-1.0316178166897939E15
-1.8819984449805056E14
8.142073026792335E14
-1.0271284976957611E15
4.525825485292402E14
2.139240206274643E14
-2.69936820771838E14
8.321663626900022E13
4.932154731872765E14
-1.720494543925904E14
-2.7049197961645447E14
-1.1609850974111114E14
-4.374253500121096E14
5.843995442716006E14
-3.598961036391273E14
-1.020175365431737E14
3.2133348806835E14
5.197012164396102E14
-2.6726798798048338E14
-3.2035876116795194E14
3.723459263314195E14
5.479960996805584E14
-5.508197943511539E14
-2.7846473928321053E14
-5.8787544137368914E13
-4.0537618616541575E14
-8.690799642433498E14
-8.55011370997519E13
2.622589915960933E14
4.755492483947031E14
1.4588308483899134E14
-3.343244588746212E14
-2.2221851117120788E14
1.4163370238598022E14
5.5826642129842456E14
2.3963854411950688E14
1.881724962150727E15
3.86334711833747E14
-1.1067063705897608E14
5.728909861244286E14
-4.7364432832004025E14
-6.470257497783991E14
-1.6245052770967155E15
-7.719340539450889E14
1.7875830824758172E14
1.8077431502395652E13
-8.273145627286666E14
2.126723848107405E14
-1.815993861334038E14
1313454.8682078968
6.494174348855992E14
-7.668699975804976E14
-1.8114188241501038E14
3.9449047333753926E12
4.559842339019691E13
1.1479292600940338E14
2.2156924455014725E14
-4.7616440857470794E14
-5.046200612591997E13
1.2569800048439168E15
6.11251537387462E14
1.5160847314273496E13
2.2247448101385312E13
-2.3193069249941338E14
6.686054905670739E14
-9.555087765203277E12
-1.2482513795508597E11
5.038692715554186E14
6.56407391801592E14
3.872507462217942E13
-7.61937588941085E13
-3.63455953975165E14
1.0166489110775256E15
-1.1304014916784627E13
1.7819916767258926E13
4.567608403223196E14
7.952991187216728E14
-1.585043242644225E14
1.7703273767089484E14
5.01521737613031E13
9.403025158483374E14
5.3963755877485075E14
8.275556715909666E14
1.4948348284248555E13
-1.0352544969909105E15
9.46259236778142E12
4.0042092289121594E14
2.5135147884488056E14
1.3003724073022788E14
1.3141763605589793E13
-1.541629399692903E14
1.753735338599707E14
-9.87758688119774E14
2.4709564251415772E14
-1.7040561517055328E14
9.198729830934086E13
8.656619188677515E14
2.340557015602237E13
7.538766976659458E13
1.3082518810718447E14
8.308638613106196E14
-1.165343102641937E15
1.8066341398105973E13
3.56962143046025E13
3.60497328069583E14
-2.915285318675532E14
3.859102815885421E14
2.539849243071152E14
-2.248014427470334E14
-6.943722500557784E14
-1.8409082603495836E13
-1.5322853960407994E14
7.722283118105408E13
-8.560021503377412E13
3.01153432166684E14
1.5883408215993197E13
1.689796151528734E14
-1.95533762873904E14
-3.208823545390836E14
-5.768213581812859E13
2.2825482330482103E14
1.3094092837306612E15
-2.2386914228647853E14
6.382283670918289E14
-4.945831823209996E13
-1.1617920280935535E15
-7.241473138895365E14
-2.867519866384445E14
-9.806344566523069E13
-3.2438576236954325E14
-3.433516978267215E14
5.1624250986987544E14
1.252430836405593E15
2.358738963892997E14
3.8504549435654775E14
3.883166190191159E14
1.4383581344810994E14
-8.777959693575597E12
2.162233084077478E14
-5.6248540986523075E14
1.0485955083937115E15
5.432416788311072E12
3.0381449449737425E14
3.69757366850536E14
-6.599829186550833E13
-2.990479717904496E14
-9.742304941637228E14
-5.86821299111334E14
2.08935671318689E13
-2.1872851180670584E14
1.0141645863027308E15
1.2396031242067142E14
-9.985444030675962E14
-6.809818626704861E14
-5.092700753442406E14
-7.768001721125109E14
-3.8335225783097556E14
9.075450526714378E14
2.6993003800195138E14
-4.850486183172911E14
9.218790577169355E14
-5.979377566042352E14
-4.673030315533509E14
-2.0786823248251125E14
-2.8069930277936672E14
-1.0159674389829588E15
-729205.3478945898
