-7.19240984951878E14
-4.056326953236217E15
-4.3459691158652525E15
-5.933904617921814E15
3.1939747571663137E13
9.967674682405701E14
1.7667478733251945E15
-9.151534513001445E14
-3.3027891546212625E15
3.9780377704833965E15
-1.1181264472503172E16
1.8453049303947978E15
5.175458127272149E15
1.4087505491327502E15
1.0553478213541855E15
-7.265884508817329E14
3.2279072028486445E15
-2.38271690944975E15
8.114745674871456E14
3.8584127176469385E15
2.0192783706454245E15
-8.46949008484103E14
-2.0791188038128506E14
-4.656348148793204E14
-2.029092639397665E15
1.2272997509884968E15
1.6519524022868262E15
2.509468134214915E15
4.0528512548619155E15
3.2782371368034395E15
-5.641624523433604E15
-1.1491595281277681E14
1.126652632526129E15
-3.186657917333385E15
-9.513827901694725E14
3.527206819096128E15
-1.7099649408808732E15
-1.3623392911507558E15
-7.801711041758456E14
4.818493235682476E15
-5.28018373411539E15
1.2347329292870775E15
7.815166767293165E14
6.952421158993316E14
1.3998908673833248E15
-2.632261499206534E15
2.461443335077E15
-1.431412217328829E15
-1.5560592363557958E15
2.814100401430509E15
2.581196961896863E15
-2.775889444875465E14
7.591318266331973E13
-3.2716954779918875E15
-2.9336988944997895E13
-1.462941078188499E15
-5.952763932681674E14
2.900531507330043E15
-1.6611730423693542E15
1.8642569776919812E15
1.1164328553721538E15
1.7808184161386228E15
-4.12724052487002E15
1.5297254282458012E15
-5.2141328691357706E14
-5.0397912261135656E14
1.0207520560475531E15
7.344525711180528E14
5.3179791758391394E14
-9.152674863051586E14
-4.8589700919520016E13
-3.263366882002838E15
6.719988686570014E14
7.890776709442105E14
4.089741111372898E14
-2.3504080679385894E14
-6.672338713811404E13
1.359120740416067E15
-1.5835794149068822E15
-3.252578888326516E14
-1.88031604045659E15
-2.9506839219138895E15
-8.221911077356838E14
1.925204642913075E15
1.7290840499909215E15
-6.980497064272725E14
8.728089341938494E14
2.565235718989255E15
-2.5180600933503855E15
-5.7337839969586E14
-4.0128041743334206E14
-1.2565501286787512E15
4.0191366342288985E15
7.290311781607155E14
1.5373510858276785E15
-6.640057965972121E14
9.596360963795351E14
3.870348950269172E15
3.196012117605969E15
-2.8699537514018215E15
3.0205036862551285E15
-2.487113474573479E15
-9.481319050919275E14
9.568914131191954E14
-3.1888229329652515E15
-1.2834388138573358E15
-1.9443191085213552E15
8.355339314531E13
2.533655944453902E15
-1.9388378095636092E15
-4.355410068744804E13
1.6102492211804358E15
2.143785734100143E15
2.1444977498907102E15
-3.002588684786312E14
-3.973091002107023E14
3.6308438501127606E14
1.9328168967169012E14
8.253018100992851E14
-2.8717975004207856E14
8.229735212716466E14
2.63518182530272E14
2.660360008702548E14
-6.212649385004389E14
-1.0848657170687309E15
1.1711414874732847E14
-2.44254210717121E15
6.773255571520552E14
2.5786423052519166E14
-7.233481819091248E14
-1.4771468244912428E15
-1.2327250137108896E13
2.208045118075157E15
-1.9770277193721272E15
5.061719910677903E14
1.0188858929138036E15
-6.653390004001032E12
-2.246062051906169E15
9.626144997926659E14
2.3555048258847665E15
2.2524218298180475E15
-2.628748575777545E14
-7.603667467353099E14
-1.1883465182885065E15
1.0496125177347128E14
-4.998539158377509E14
-2.0764566258957188E15
4.936358352483043E14
-1.605795865968569E15
-9.520055077756286E14
-5.3194653584237325E14
1.3428808874539415E15
-5.014436438131781E14
2.0611847160109925E14
-1.473771543182349E15
3.600341851898025E13
4.180269612856607E14
-7.416958841860591E14
-1.9188064389969745E15
-1.469500202298545E14
1.8199400912462095E15
2.062537924577859E15
-2.0090064234097922E14
2.4051609781094905E15
-9.00613363743962E14
-8.622231529239031E13
-4.372452733008656E13
2.1332147761026538E15
-1.2453082982838175E14
2.612324911247418E15
-1.478200303777149E14
-1.1187344332937588E15
1.658769744123653E15
-8.164421310047389E13
-2.150678634006738E15
7.986296047400071E14
-1.8183366218212477E13
-3.027240467893704E13
3.0263087301192225E14
-7.546507023480675E14
2.0762373869198465E15
2.768231616791356E15
1.9559517860110322E15
6.180296728826351E14
-1.510000113775054E15
1.8928665164935595E15
-6.7769945949737234E13
-9.015529285289059E14
2.872234640325031E14
-5.902217627071366E14
-6.965402829711758E14
-2.8840867855134625E14
2.6464916033787155E15
6.082282546312865E14
-3.989174877749641E14
1.611982156630104E15
1.6027821221586848E15
-8.813523387405424E12
1.0369884509594592E15
-7.278202254042101E14
-4.439783484719655E14
6.793390551900892E14
8.67765955318342E13
-9.139579909876574E14
5.358897304246379E13
-3.933134440692957E15
-4.543676171225352E14
1.9067686023982955E15
-3.0205614196150794E14
1.2802164726851425E15
1.3512840316747348E14
-7.748704518433168E14
-1.3535207182838832E15
-3.6793567474201425E14
-6.514505711112288E14
-1.7354792604255793E13
-7.623096163591096E14
1.4726287727311992E15
-3.039271984018942E14
8.280314018559069E14
1.9353462551359325E15
-1.2614982906297862E14
5.423931377331657E14
-3.732392491578313E14
4.6229921333352156E14
-2.443309955673534E15
-1.2875996854781188E15
-5.455440587520709E14
-9.888777700432916E13
4.773523719811552E14
-3.5143940767597995E15
-1.806238150955743E15
1.7387338244406882E15
-1.8501975352479853E14
-1.4922114100865805E15
-1.6040754322136928E15
-6.941914160113706E14
-1.7841836382932975E14
2.0914261276563065E15
-9.112370684516972E14
-1.7320176328764575E15
-2.0466009041850502E15
-1.0809162037473119E14
7.936625754413574E14
-1.1977870215977258E15
1.0883633967455344E15
-9.080684876333725E14
-1.174383519372801E15
-8.529243843304964E14
-9.306557857122709E14
7.220631744402674E14
4.7827675127280556E14
1.271523600503109E14
-2.703260958418502E15
5.5218600500330825E14
-6.147921220449469E14
-7.4235698918756E14
1.3931431966214018E15
5.829126764260549E14
-9.178787565056059E14
7.526406397278534E14
-5.801824743901166E14
-8.417906668967548E14
1.15343415265356E15
1.1780307800376892E15
-7.573379144107571E14
-2.2679442973577625E15
1.8182335238943555E15
7.348062481920291E14
-6.844953999118649E14
-7.000718658210731E14
-3.157755772008535E14
5.807318169796782E14
-7.359323820254656E14
1.7307753153214335E15
-2.5471671331127412E14
-3.255333712562386E14
2.1973469757739168E15
-1.3498156969663612E15
1.5255787040176005E15
3.9849154411787006E14
1.8390420610367778E14
1.9951811403533398E15
-1.6813811379229275E14
-2.6059016519250025E14
-1.4822252986894242E15
-8.2700140099588E14
6.633011473427182E14
-1.123021870716205E15
7.694024162488054E14
-4.654051856068373E14
-6.869002681170136E14
3.527083355710102E14
3.7820347582957075E14
-5.846778513437475E14
-2.5854628592884684E14
2.7128123568786388E14
-1.6977284103017788E15
-4.902555156291938E13
1.000529301884269E15
8.961534741791436E13
-5.272442457708707E14
1.0822349071160996E15
1.1004260172794478E15
8.729103903698868E14
1.1263919770836418E15
-1.2668432016094028E15
-7.561731941729094E14
1.0661462981903164E15
-1.2289658613552065E15
5.7570712624656E14
-2.3992582530895788E14
-9.660530080460226E14
4.406511631086002E14
1.1887731279291712E15
2.8031541616664338E14
-2.248521014284047E15
4.554615588614165E14
-2.904920877305574E14
-2.1563418885797706E14
-2.7548282109653412E14
-2.6107326684786647E14
9.574023634878508E13
-3.787743180005729E14
7.788571973750429E14
1.7702471683936802E15
-9.609001769020736E14
-1.1706698295750915E15
-1.1074075633483684E15
1.219574435598381E15
-7.239488065566805E13
2.5401394484073788E14
2.828635579466423E14
-2.407136846226663E12
4.9130905570227625E11
-4.1340059667469244E14
4.1348755435669506E14
2.24802657272863E14
-3.659968868557365E14
-8.512989146706452E14
4.224268080520543E14
-1.4654179577222798E15
2.801331205234888E14
-3.872255691694718E14
1.9003710467318358E15
7.260008799549561E14
-1.1695672162631252E13
-1.029949970794991E15
9.874627940336422E14
-5.646112647245244E14
1.5392095339845522E15
1.434435872265703E15
-5.2692757015271506E14
4.5437930540213575E14
2.377136677612393E15
1.923515263062023E14
-7.020484244499436E14
4.2842254609950144E14
2.0721373779065212E15
-1.102842618498856E15
8.34821537911978E14
-4.672198106532255E14
-1.1697311923023802E15
-1.1397600045407272E15
3.5424642003349256E14
3.300052003160245E14
-1.316319442909759E15
1.0391493993191388E15
-6.881327429095322E14
2.0132730613561272E15
-7.459674346664504E14
-3.2410579962303544E14
-1.6323176663345178E15
-1.5642026951631798E15
-8.209077876077295E14
8.365226243586418E14
-6.352185605053412E14
-1.3780903797343498E15
1.3463110699327745E15
4.274556059498674E14
3.164368122027287E15
1.4618064411527285E15
-1.7681728161768703E14
1.2566235481067022E15
1.4125210337543278E15
8.660786130640812E14
-7.283622275795015E14
-2.0015717083022858E15
-7.566076325712035E14
-7.756417075943604E14
-5.122057366551128E14
2.3234236862859634E14
-1.9766810880026752E15
-7.70650537223677E14
1.1168143122768788E14
7.309214608078679E14
9.122457191298296E14
2.952407715134215E14
-7.304144723956036E14
-1.610313575615086E15
-1.8886703375862485E15
9.142731642866705E13
1.3450740221602078E15
-1.991092582441904E15
9.890798442156115E12
1.3435639234451988E15
-5.397801487948806E14
-1.6177903234291308E15
-4.043294896459398E14
1.2091450185461528E15
3.791483957976277E14
-1.2561569024956622E15
-7.274752388719005E14
1.6280631705332665E15
5.0849182608070734E13
3.6889891465692575E14
-2.7853190091333003E14
1.0607728587427234E15
1.332280003591527E15
-1.823826541673433E14
1769671.268981799
-1.8560264495540955E9
-9.214471627503348E14
6.885992821781194E12
2.6914617519257875E14
1.4380052275283997E12
-4.345507709965635E13
1.2788921575920372E15
-2.2318229106255293E12
-1.769098524875401E13
-8.999754316302251E14
8.119741801071474E12
1.0724225512491956E15
-4.665912965533469E13
1.896718183407025E15
-5.480279636121621E12
1.8624664660493194E14
1.6786816235488025E15
8.334745798707233E11
-1.4163558919524348E8
-3.1314058822765256E14
1.637847267531239E14
-1.9867183785355278E14
6.646080398153715E14
-5.342869450592257E13
1.6377371462685447E12
-4.7358455200915545E8
-8.208597146384468E12
5.691646612144421E8
5.227334885246546E12
1.613885933691248E15
-1.1748528633438985E15
5.128860321144589E14
-7.954482190046924E14
-2.6374868362074147E14
-2.2285288088531612E14
1.0923764867633916E14
-4.4164052039699775E14
1.1912389252561372E15
4.382824515000693E14
-3.87218223569855E14
1.289782122822398E15
-7.492576751532681E14
-8.3331496790925E14
2.416258501430218E15
-1.0558194698450539E15
6.276032756202778E14
7.34065794892751E13
2.1639661736495268E15
-6.232864934004535E14
9.693122040113931E14
-1.0269566438525904E15
-1.4474844761066855E15
-1.8939323088606595E15
9.139834978603458E14
-1.423515317036227E15
6.157293700309895E14
1.120003769292457E15
5.2934414901325706E14
7.909200518931669E14
1.9742252379755272E14
9.744016233641626E14
9.805462340689136E13
1.105113833254427E14
8.115165476597725E14
-3.7474799545839075E14
-4.6499063489248144E14
1.9175990847558028E15
3.1640357207055175E14
1.1467721897904272E15
3.117869939927279E14
-1.037621108897035E14
-1.0065679059929432E15
-9.285725812968166E12
1.0941242006673344E15
1.5805108616977122E15
-1.350873330271349E15
1.1160893623611895E15
-1.4729574609835475E15
8.808799334774904E14
-3.6684318591478256E14
4.957888256256339E14
3.3557926837988494E14
-2.0170131366348072E15
9.173594396258752E14
-1.602137742862682E14
-9.707659020443252E14
-1.164265531991714E15
-3.9962672062757825E14
-1.8213915753347425E15
-9.530031465028472E13
-1.1351765775967045E14
-3.227940152777684E14
2.303776434261104E14
9.433377321809312E14
-1.2002447407440825E14
4.9316866976419494E14
4.1037761494052446E12
3.548483607401244E14
-4.325343982270588E14
-1.3360059613810255E15
-3.33833121039261E14
1.439016409891065E15
2.5006172591815038E14
-2.7503219918366803E14
-1.2617235179752598E15
2.3948770581036594E14
-2.2733046382322115E15
1.1410661944203762E15
7.371179745268961E14
7.122385107650005E14
1.0352026587942624E15
-1.8283077698586202E15
3.155361342803679E15
1.1769648933175098E15
-4.043737737604497E14
9.704802532102944E14
-2.861615123441225E14
4.443094975618937E14
-1.2458520196817428E15
-7.756307466026871E14
4.605817071474134E14
-6.40469063122612E14
7.877512832464777E12
-1.6929724055134645E15
-6.866190840376656E14
1.6445427731747698E15
-8.261806641607108E13
4.33987834216553E14
-1.0817693308608362E15
1.8682148164311572E14
3.2719813482589016E13
-8.565401258800582E14
-1.4449670830500378E15
7.493090690982394E14
2.431947399775981E14
-1.608875888434364E15
2.8704335717567383E12
3.674726322379781E14
1.2846070018208758E15
-1.0438917872534039E15
8.411462400761345E14
1.173037659815495E14
7.398142119089644E14
-2.616371486571578E13
4.9803111920384944E14
-7.261493702985364E14
1.1600576235193608E15
6.882367757831626E14
5.881211890891998E14
-4.991941583733832E14
2.5458530474080562E14
1.483827144366413E15
1.327851546174247E15
-1.730035308704899E14
2.253324385354959E14
-3.019054719134315E14
-7.063490854662502E14
8.088398468692815E14
-3.7196823060585175E14
2.2807728793160403E14
2.9090801373086444E14
-6.8582233987939516E13
-1.3870922858596048E14
1.1240957194429548E15
-1.3601084185657753E14
9.948611526157704E14
-3.97683324094537E14
-9.77521868604074E14
1.0973686446355144E15
-1.406795387152948E14
-7.424146214235354E14
2.599406586734048E14
1.8375648177798678E15
-2.2295833625600922E14
-4.582764274849924E14
1.6357341518246312E13
-2.4391655079056934E13
5.05326828314037E14
-7.42140249520139E14
1.4068731971724845E15
-4.597571619775137E14
-5.5332022610302525E14
-1.3736900132727777E14
1.5508974295803662E14
1.4923902334424378E14
-2.457118664851752E15
1.0911960856982418E15
5.6175952812884325E14
-5.583981074704853E14
-3.4357036455267934E13
-1.3672344108723955E14
-1.6844114952314235E15
-5.0071643619157475E14
3.848268379343529E14
2.2205815792879047E14
1.0102093855808145E15
9.28840021294894E14
-3.5045626638131856E14
-6.940353165421606E14
-4.330801531524406E12
-1.6900411344542798E15
8.388083406297908E14
4.819607827666086E14
1.0677690604481408E15
-1.0093147961238685E15
-9.820401510558986E13
7.032621815673582E13
-1.8099705583366816E14
5.374644710867422E14
-1.5009495228099412E14
4.948406591578474E14
1.426026791438863E15
1.241309581808929E14
-2.4099316891040156E14
-1.02013373889271E15
-4.205345463247357E14
-1.18721391642411E15
1.473597160965638E15
9.773334440118745E14
-1.0472043545688106E15
5.308088185197685E14
-4.832173920620296E13
1.415692137554563E14
6.891516883938139E14
-1.4280009168450362E15
5.977858729502277E13
-1.0938814395377344E14
5.5447729933948625E14
-5.008924476385584E14
-1.1875918594413742E15
3.286526605769362E13
-2.265732777483487E13
-1.574685684217704E15
8.050262690722872E14
5.656174476580444E14
-3.203180368649437E14
1.9900341848231788E14
-4.31231568130234E14
-7.379824153753151E14
-1.2180989641826138E14
6.627061137989156E14
5.093949336059091E14
5.7915464796278914E13
6.187590681663458E14
-1.8416804257412838E14
8.893845697777939E14
1.867487423847909E15
-1.4324143374152572E15
-6.353297520675465E14
7.733583835324424E14
-6.803785591006745E14
-7.435779919452269E14
-8.61621594014859E14
2.020745146185316E15
-3.4876265020128625E14
1.5375506583990852E15
3.0390107450145444E14
1.0944109512861999E15
4.54049276145616E14
-5.579330772238594E14
-7.378772526509165E14
2.32763616640354E15
-9.023506733557942E14
-1.399166161847859E15
-1.6219337577536812E15
-1.4623381966423672E15
3.8733095889462506E14
-2.1774223844830565E15
1.1002004994457959E15
7.356545735965701E14
-8.15130046973661E14
1.0309097159687544E14
4.066497544196042E13
2.0837473695212185E15
1.2673679977993035E15
-1.0998508237686991E15
5.865973362193741E14
-6.3141482969907E14
9.221928798067494E14
-1.4391754937992785E15
3.7225055603806106E14
5.0273571672783006E14
6.411674551456419E14
-1.004546182656963E15
-1.1598126273932572E15
4.674487971684933E14
-5.0554300143597106E14
-9.643743412570509E14
-1.2291969499797562E15
-2.2588485404299137E13
1.6575775816508103E14
3.5091722557633225E14
-2.931853759772455E14
2.3156353020981185E15
-1.2015602306659378E15
7.212832008145045E14
6.899372905994262E14
6.775564009537228E14
1.0504841006109512E15
5.0013111071363644E14
-8.788086436675018E14
-6.129393131661042E14
2.196405400405967E14
1.9982709942488088E14
-5.468700508875587E14
-6.26392200513776E14
1.01518285446507E14
6.034765596536035E14
1.701793769944296E14
-9.511713103451889E14
9.537472654920131E13
8.952441305649934E14
-7.961611284153064E14
6.210556970562368E14
9.067340786005661E14
-4.747082493287553E14
-8.471446043164849E14
-1.2181722387707578E15
8.408401389437004E14
-1.161157144387858E15
7.093011181686458E14
-2.110311808855327E14
4.09535958216075E14
6.372117818124465E13
-9.377942170174036E14
-2.9899562473183925E15
-9.513659431700115E14
-3.178611424676906E14
-7.45337342331564E14
2.483902912235569E14
8.838654324668353E13
1.6045209404511358E15
2.72230400287244E13
-6.746037264071568E14
2.9100202058165156E14
1.1044617314516545E15
5.513003869579154E14
-9.331888729746765E14
-1.2544221973153383E14
2.6611540789782825E14
-4.881494492589167E14
-6.751250040563403E13
-3.1118394977789394E14
-2.1686516693117723E13
1.1298815800359685E15
-6.919964430600505E14
1.503032471594613E15
-3.670443961272692E14
1.2232166210743169E14
-8.910558034158871E14
-6.66699653308216E13
-3.733593260938198E14
1.0456812461798405E15
-4.592080532334142E14
-6.20417035102138E14
1.866491957580703E15
-8.905502158742009E14
4.085286097294496E14
-1.0983074728376108E15
-1.1930063089579662E14
4.504354369218435E14
1.3183581615180662E15
6.872615584577789E14
-1.7670095927923412E14
-9.360708741254134E14
-5.924728936649242E13
-3.0123616128690056E14
1.008174327714534E15
-3.5778189378402106E14
-3.4769030123417156E14
-3.659137562260902E14
-9.393694841652824E14
-4.9847478672446075E14
1.538168345350106E15
7.730330129786761E13
-1.6616255575727668E15
1.4836471006599102E15
-9.620204491723536E14
2.1804334210353962E12
8.572216517974111E14
-1.0391350147745836E15
-5.2856140279793575E14
3.092237256339571E13
1.4073071198996036E14
9.823355906415828E13
6.756663631295539E14
-4.5973135649564356E14
1.9210566431412012E14
-2.1704434291363472E14
-4.435876756784814E14
-3.685763377317301E14
3.3681556153702694E14
4.647272884307814E14
-1.266395086572573E15
-1.3726317896209378E15
4.2522775353653594E14
7.71272803491881E13
6.672748761214275E14
8.242493837068838E14
1.0454641300427332E15
-3.0811142245026675E14
-5.697493786814108E14
-8.796537207687188E14
-3.9232045704012875E14
7.956831958597518E14
-8.857075893617672E13
-1.9701513532851728E14
-7.714489152265255E14
-7.19582250811333E14
-1.843333451276521E15
-3.481889320442841E14
2.133522739382036E14
-1.0151747599278205E15
2.5764067507706753E14
1.3765007530153058E15
1.6856476526359152E15
1.476767126099218E15
3.258523341671897E14
-3.141427667953535E14
8.868455061954139E14
-1.476210610393512E13
-1.1494572331427608E14
-1295376.9332969077
-1.3400858489135562E15
4.0776463789699825E14
3.2263285474931475E14
3.666844607202802E13
-3.629593546554301E14
1.8291504772414997E14
2.46664399663623E14
6.816537061818676E14
5.646479811360437E13
-2.9618758854604745E15
-9.585901009045122E14
-2.159619103172218E13
3.358258569908474E13
-1.043461590829217E15
-1.100987191840894E15
3.338406218501176E14
1.3602451133798172E11
-3.0282110909235617E13
-2.7241959870457503E14
1.0777706810234226E12
3.5391265018159734E13
4.511295291650649E14
-1.2136903116404855E14
8.857271706119594E12
-2.7655970186884434E13
-1.523571834962064E14
-5.818706475006815E14
5.390558645140575E14
-5.833329855814993E12
-8.54812854413696E13
-1.2779601991905985E15
-3.630994052781427E14
-8.702919677335125E14
3.4835509998249856E14
1.0457664657435141E15
-6.323052050850168E14
-2.288239844904169E14
-8.096012448269289E14
-2.1291601335370422E14
4.963821503614641E12
-1.6926500534816734E14
7.659090812097314E13
1.4562038123963118E15
-3.8531931163847306E14
4.737674272168946E14
-1.564290930105404E14
-1.1067535204629871E15
-9.343015515415132E14
1.2305053204194775E14
-4.871192085617683E14
-1.2832010779681788E15
1.3813649391775878E15
2.474038947067485E14
3.737488949149571E13
-6.487770690490068E14
9.935812391863774E14
-1.161960332094267E15
-4.8212840795938125E14
5.6563330421525484E13
8.085713979339822E14
-2.134738390191141E14
3.8662027293671256E14
-2.1079065987180978E14
-3.2666517446890575E14
-4.132107269369941E13
-1.0960328861576992E14
-3.195446896862224E14
-3.456410330902269E14
9.658640295163605E14
8.712488714268785E14
-1.6232880641110531E13
-1.7233685764915412E15
3.8519948629994805E13
-1.4539664515089028E15
2.3583091731644953E14
1.3299260598276022E15
9.147881708788146E14
-5.609325848993005E13
-1.0019626014189727E14
4.0358840186634456E14
1.0335655207487366E15
-1.0270268665171412E15
-1.6790880299728985E15
6.264736775009774E14
-2.448453904107444E14
-6.423376985764449E14
-2.894093201563169E14
5.0079705738854856E14
-3.585480924211861E14
6.280789092778332E14
-1.2957077241075202E15
6.54535930997526E14
-6.169852926280314E14
-7.001942595675151E14
-1.0146379699493008E14
6.961886270588858E14
2.577602190457646E15
8.093029948730964E14
-5.991578466308711E14
-4.5504867820295656E14
-1.211475599073587E15
3.550979903225674E13
6.050594377176559E14
1.0257848602374012E15
8.660062626451988E14
1.2820490792321298E15
6.343085027663401E14
-6.753465886924176E14
-1.7785039205556638E14
7.354669099583699E14
-1.9154603869934895E15
1.2277994518594305E15
7.032189620055856E14
4.028184021795298E14
-1.1094901693694658E15
2.021199777756149E15
-175495.28962771964
