9.45990510723284E14
3.9736563637411725E15
7.045117798574089E14
-6.658028547917697E15
2.915165048564269E15
-4.1670797566559406E14
-1.88898723142895E15
2.521169925417845E15
3.567443840041213E15
3.08577386955362E15
4.4801409384586205E15
2.6922891087160985E15
-4.02025812967851E15
-3.3667184117102745E15
-1.1361268619139545E15
5.46970125631643E14
-2.344338476440611E15
7.669918269248399E14
-1.7108495377432032E15
-2.387328744616057E15
-3.6323475326021255E15
1.4266432156021692E15
-8.260094408951108E14
-4.908099164876821E14
2.5645247123329835E15
3.271976883296901E14
-2.782778637233156E15
-8.409741647851906E14
3.3826425586438765E15
-9.505661049296434E14
-1.9055827656327E15
-1.667062368864526E15
-8.169173241278732E14
8.519118763370858E14
1.8788229079280594E14
8.427587334565858E13
-1.083428110135487E15
3.658862727135157E15
2.6977281765442156E14
2.1710461285512482E15
9.144043288569304E14
-1.3256622624016305E15
-3.0915740436085094E14
-6.783803333610222E14
-2.6245326745312653E14
-9.795084368003858E14
4.2043526843903875E13
4.7705645479319805E13
-1.1808575303861235E15
-1.0541764832069268E15
-8.403634042369301E14
8.048075839771916E13
-8.57053867387257E14
-1.2750133579540264E14
-5.96856398262933E14
-2.1856786610509445E15
6.084504950713712E14
1.43072049672603E15
1.2806149716897545E15
-6.43742226048436E14
3.67052214013297E14
4.5823184052907945E13
4.0036821395152525E14
4.7683308847425225E14
1.342120875855491E15
5.1337660420118275E14
1.8317337994632348E15
4.513600548161763E14
1.6524402126407652E13
2.466092381083256E15
-4.9934113839147475E14
-8.5934808219454E14
-1.3556604175676538E15
-7.052210255336476E14
1.0283709409684078E14
-2.3944373217884956E14
2.732279171848652E14
2.6678776473176303E14
-3.1363181682258025E14
-1.2493449161445061E14
-1.2366710741722456E14
7.851772000161E14
-3.8864548273607756E14
-1.0300987766428941E15
7.583025659348472E13
-9.550704927030525E14
-2.3894638721423138E14
-6.09876571055016E14
-4.236387194707935E14
2.9904694517186425E14
-1.9084860041498282E15
1.645962346601859E15
1.7494084502633878E14
-3.6251453031150506E14
-3.902748498416155E14
-7.240607003538554E14
6.783438218042649E14
1.507814628287879E15
-9.685589256328331E14
-2.1141473010425642E15
9.247724913655849E14
1.149662768889851E15
3.3642470134071806E14
2.2048000123542028E15
4.1290325894694556E14
-1.6900874097009175E15
1.516640353326252E15
3.847623759879857E14
-9.335670297849621E14
-2.959591401789899E14
-3.4990912897968325E14
7.092856854175042E14
-2.5835274591195234E14
2.5565624586925295E15
-1.4804430527829375E15
5.3699149033701556E14
-2.470952880043947E14
2.0213741787857912E15
-8.657958469304824E14
-1.9370719515529282E15
-2.3259300692534735E15
-9.57817316229409E13
-8.364008226573306E14
8.762565865213174E14
1.409410526290249E15
-3.8921035512734144E14
-4.8078929390216175E14
1.9407892966082653E14
4.7169763354282406E14
3.817615669975367E14
3.4447970143098344E14
-1.863936057476758E15
1.4652092837583615E15
3.717959554518305E14
8.610147251470965E14
-8.280774842403798E14
5.117103665067262E14
-1.0883437995857904E15
3.560670969307027E13
4.085797997677074E14
4.0984495349054414E13
-2.984424896206465E14
-7.437014130499362E14
-4.849326761481713E13
3.6969311498513406E14
5.0637247543228194E14
1.6412723175508718E15
-1.7627401850903075E14
-1.2449714932554425E15
-2.5832573763896688E14
-3.090079793223812E14
9.067843331478829E14
-3.634011756694961E14
2.0218817129522788E15
-1.9062713956079947E14
9.786749954993352E13
-1.3774594709373672E15
1.284041655902541E14
-7.26933370439798E14
3.2871959579740875E14
-1.5740613213549725E14
-7.939840243595661E14
1.6480731029286988E15
-6.903597555049381E14
-4.0068287508086225E14
-6.271244128003631E14
-7.966819925191704E14
8.17072906934891E14
-4.081396532600956E13
1.206316816696826E15
4.1627979849906694E14
-1.4417502000899238E15
3.632184811297608E14
2.389902473009924E14
-4.896135308876358E14
-8.78314153414974E14
-3.878194853373385E13
-5.464623141762736E14
5.484501067822435E14
-3.718982643088311E14
-1.4680929673548345E15
-2.465921271848302E14
-1.8990265180955996E12
-8.230834711592275E12
-8.775914932768621E14
-5.598500691830121E13
-7.549981742914552E14
-6.349591231086785E14
9.398879724932268E14
-6.194080406955348E14
6.761617362445242E14
8.628981415602859E14
7.726295125283055E14
3.688834365749088E14
1.2793246670872462E15
4.775001377385474E14
-1.0920786515392606E14
-1.1007941418084871E15
-4.526346155328824E14
-1.8075936770008753E14
-7.619424485111966E14
7.949757540316972E12
3.708463606131259E14
3.5253725449392825E14
3.032083136342892E14
-4.491237691708966E14
3.5164405915824806E14
2.565809674064427E14
-8.46389578650594E14
-2.6794461709534325E14
3.0081530787858756E14
-5.2035504466310806E14
5.508131022668594E14
1.5093133069147194E14
-1.0953742507016949E15
-5.087073947488537E13
5.43405762530588E14
-1.2217453748234782E15
1.1234423443019056E14
-8.438234967776659E14
-1.0109862872579031E15
1.2778420700539592E14
7.092657030506505E14
-2.9933138093014144E14
-1.2055992631607312E15
-4.8109779288421544E14
5.566086469668278E14
1.620266206559839E15
-6.584979144366036E14
2.2920338151508828E14
-1.1653101503229833E14
8.585787588367311E14
7.254662670978146E14
1.1084343085368689E15
1.4420200964848782E15
1.1704410775603085E15
-2.8007637356164416E14
-1.2514473475054878E15
1.4895617733365188E15
3.149874245505826E14
-2.7674916843024194E14
-2.6926451808674222E14
1.1739550603677062E15
-9.487972764288971E14
3.7002681099332225E14
2.620696554912953E14
9.375594719921305E14
1.107932535461395E15
8.560638111107701E14
6.613611340100864E14
4.158638540371662E14
-7.651617628315211E13
-1.287476906610356E15
-4.403925122198857E14
-3.3901370477294527E13
-1.5407353478210315E15
6.546470813745069E14
-7.917359715450681E14
5.171435333369719E14
-6.785699987416719E14
-4.885870220376381E14
-8.995237166776022E13
-2.941562893592768E14
8.580797659136227E13
7.56666312671188E13
9.581919389880035E14
9.040266917847349E14
4.097969360670619E13
-2.2219822020758247E14
3.200693119989589E13
-6.726506655767458E14
6.603976236092188E14
3.475951174329286E13
4.8436257066016306E14
7.842150988750708E14
-1.3323080854043694E14
-1.8284908074108306E14
-9.358218680237242E14
7.577314402729921E14
4.7991022941254606E14
-5.153449317469303E14
-2.860437150168662E13
-3.227207348609935E14
-1.2287957664144857E13
-3.3834105637008794E14
5.417385717837864E14
-2.0674039901037934E14
1.1509468744613652E14
1.0695277447938835E15
-1.6002785765917E14
2.562168247076864E14
-5.058478574724502E14
8.404047393195711E13
-3.1529053255764206E14
3.584238854945927E14
-6.9711315951372164E13
-2.6738556333598496E13
-5.2028706638043856E14
2.7013373297438206E14
3.725065833909226E13
6.183838200863978E14
-5.210464358312729E14
5.560330233102546E14
-8.47434682340646E14
2.397975337401293E14
2.2804125231743388E14
1.3135024773101168E15
-2.3625436519063372E14
5.0415670564037294E14
-1.5618237526346176E13
8.531066026293281E14
-1.6514991045329706E14
-7.253053175416596E14
6.914800228278992E14
-2.7624940644469367E13
1.4240610861741438E15
-5.565922581089434E14
5.242671671909684E14
-1.2706068897429568E15
2.800587660061995E14
-1.100007788185806E13
-1.1366303291095511E14
-3.399288808812953E14
7.142437761548788E14
-2.6643695003793275E14
-6.884457999944838E14
-5.474270062480096E13
8.453984472406184E14
-5.0695409817117756E14
-6.481186866138641E14
-1.6384299097635805E13
-6.507206720452109E13
-2.2298757483831247E14
6.996856401206844E12
-3.160767355212014E12
1.0229288984800056E14
2.1723213882941516E14
2.8856194519802367E13
4.666233941237229E14
1.0812619526711436E15
-2.6428476194353084E14
-4.3748130279793294E14
-5.09554123920547E14
5.576021690692969E14
2.1300062605744972E14
2.3220462397483156E14
-1.19060149988328E13
9.341846240311418E14
-7.00886710807024E14
7.227573587925382E14
1.9768207665482934E14
3.136461607316558E14
1.9889809698635438E14
9.535229869063414E14
2.0463617478930738E14
-2.9818976070821106E14
3.2796817036913244E14
-1.3621775615916148E15
-9.95065509784496E14
-2.5970572171060066E13
-1.1955365294124858E15
3.2852339078216544E14
4.0429665162429406E14
-4.8423672176518675E14
-4.398087138333631E14
-2.0125962011524484E14
-8.108938909042601E14
1.725404321010128E14
1.702276132800513E14
4.963122867705985E14
7.839338210518434E13
1.6825225054702262E14
-2.113978434617839E14
-2.817065640997731E14
4.622734718346282E14
2.667187854663071E14
-1.1541518067134254E13
9.037349415511064E14
2.6759908431535312E14
1.2229828341855494E14
-3.3700316132073556E14
-6.72307802355202E14
7.300245041652162E14
-5.755505824014409E14
8.631765166697658E14
-7.802724818877902E14
4.592746316610231E13
-4.810739789413259E14
-7.40353692981613E12
-5.490273741115244E14
1.2247596482848705E15
1.2567687506367688E15
-2.4225799054295628E14
-1.3730826197795742E15
8.261483582032736E14
-2.519142661008167E14
-2.4692481397498678E14
-2.9908885979594306E14
-2.809106443835697E14
-1.517339668321508E14
-3.6250408298859394E14
-7.669753997130532E14
-2.5705328134489425E14
-8.742177950811929E14
-8.586921337208659E14
6.02383670005424E14
8.134694833585882E14
7.564672451247329E14
4.404424527498517E13
-3.712709235384414E14
-6.334106539557031E14
-4.642122409864027E14
-6.707125966570875E14
2.1162581503018066E14
-6.436315651234543E13
7.696299911827789E13
4.7132494254247194E14
7.089576491429418E14
2.6168989623443922E14
-2.1209939392089044E14
4407201.224173703
-7.503668169043715E8
-3.521124266549441E14
-1.1936062271721904E12
-6.516846234807961E14
-4.0983621568874884E11
-1.3782165837727197E13
6.038064242969106E14
7.868118186456761E11
-4.087216774999007E13
-8.605464273393638E13
-8.030210556105085E11
-2.1846903375483797E14
-7.093137908909729E12
-4.3534907882582336E13
4.4184657680712115E11
2.6594966478901434E14
-3.874763690054884E14
-2.000189674081827E12
2664926.7273073336
-2.0629752145112328E14
1.2635741124616269E14
-4.993349858963558E13
8.793168428205569E13
6.427460349987091E14
4.607859655215803E11
2.8039358456123203E8
-5.2198773586865094E11
-1.5008871941866606E8
1.6522601422758196E12
1.8867513036035603E14
8.22912312379874E14
1.189768504226654E14
1.4535428150806272E14
3.545892258459762E14
3.111119061457328E14
-6.51394175104291E14
-3.131143718440381E14
8.034227770579099E14
1.1301191411215142E14
-1.2421471821350242E15
4.0446738436376944E14
3.4488451060283556E14
8.3335386016806E14
-3.394496526287008E14
-7.95516331629929E14
-1.0986281898362895E15
7.11231732950348E13
-5.803422425490304E14
4.345175058254005E14
4.947034746336915E14
1.0963961033490066E14
5.4112491609724975E14
8.809397565784089E14
2.9863701201045256E14
-3.8575328863391206E14
3.291143568251466E14
-3.7063524608811956E14
6.839629184279769E13
-8.423796437125031E14
-3.8915970578508244E14
1.7268482898053522E15
-2.438299079641627E14
-6.229316257545838E14
5.940021807065002E14
-1.0021662249709186E15
5.1298609636845E14
4.795849753198935E13
-2.433504922771959E14
-2.3319845661748162E14
-5.471575530361826E14
-9.066126512253795E13
3.988241167819918E14
-4.0265235278765086E13
9.884570755363141E14
4.4707129108683894E14
1.098175802480354E15
1.6932980992550116E14
5.337633356088354E14
-1.0057596890001074E15
-4.384377374425021E14
5.150139740864515E14
2.1424349162819247E14
2.1276663857518527E13
-2.2781920183480938E14
-3.2284457065107475E14
-1.8655219906110555E13
-7.078050492117459E14
-6.834919882153972E14
-6.262917742730159E14
2.278773367077846E14
1.0888328540812264E15
-4.704091128934262E14
7.825345389720206E14
-5.426579302525145E14
2.150626137497281E14
-7.728710400323756E14
5.193989026718112E14
8.320728042337583E13
7.404979340150492E14
9.844347504110835E14
-6.226613536681215E13
-3.712088311981904E14
-3.745327107164719E14
3.416230013576611E14
3.110841499147205E14
-4.7452476173063906E14
2.3557057008680753E14
-9.507869195818611E13
-5.3035022711056484E13
-4.7418601447701725E14
-8.122150807105777E13
2.429629798851688E14
6.414129562680158E14
-2.1253561327769075E14
3.110092580347898E12
-5.9855638554686055E13
-5.173082181904681E14
2.6669895403066228E14
-7.127653407957282E14
-4.8188606935092975E14
6.51043900734858E13
-4.785369352484594E13
8.169164366089955E14
-4.328175458035323E14
-9.523138256859922E14
5.06373598775227E14
-7.655242664082906E14
1.2947050555699825E14
-1.3852031124621545E15
5.4687816111881E13
5.926404424472094E14
4.183131585746706E14
-4.141682812752451E14
3.073153797169041E14
3.9302147369102094E14
-4.568507822478818E14
-1.9871079645500178E14
-3.576808661676678E14
8.549260970794418E14
1.7788291384981312E14
4.8192388537118856E14
2.4068206980510178E14
5.18397734619552E14
-9.58190094667258E14
-1.0667151577673101E15
4.800070007176103E14
8.411670137359391E14
-6.788918071337812E14
8.241729595121988E13
-4.9186917095130394E14
1.404861153721049E14
-1.0186834812350796E15
-4.964692717637216E14
1.3213797632051992E15
-5.5817731148685125E13
-8.571770620930872E14
3.7809652231587256E14
-3.2427666560437056E14
-4.556934481567353E14
-2.1987339344332447E14
5.604361061002907E14
-1.8125822853939734E14
5.568936271210881E14
2.41790347332551E14
3.325623175018181E14
-1.1572807849525581E14
-5.312076502131902E14
-4.7555362073892656E14
9.890465742762242E13
-7.079444057352694E14
-1.7537133998409278E14
-1.640753156865476E14
-7.882391457051394E13
8.061220406963048E13
-7.245913866089775E13
3.47064411236992E14
7.166253606175646E14
-2.1426849872155107E12
7.418142620914681E14
-1.0907336538101716E14
7.273648715892367E13
-4.5216669938266194E14
3.591768526347183E14
-4.6732957420645606E14
-4.684666012199055E14
-3.109853223445026E14
-9.147284134913774E14
2.5755727929209438E14
5.354790305250115E14
9.173142780308474E14
-7.562835373988671E14
5.1312191653709456E14
9.654484830871383E13
-6.270088975019568E14
7.438242409536832E14
-5.181826093899315E14
-3.7631036477153906E14
1.1144333612895599E15
-3.8025530779661494E14
6.572453376930996E14
-1.1717932928082136E14
-7.758313519507249E14
3.187926945711542E14
2.919861401378172E14
7.923743831352435E14
-2.542003697385717E12
2.5190428167447603E14
-4.462825065779298E14
2.6496986622053162E14
-1.8032144814030522E14
3.392258025095047E14
-4.313920785646487E14
-7.846527029564079E12
-6.71324442796898E14
7.669810837085479E14
-3.8798503952596194E14
-4.686838353541822E13
1.0969372131603756E14
-3.859770245977277E14
-1.9186564795681334E14
-8.717537225150439E14
6.201687755784635E14
2.660332722105041E14
-7.146282186542752E14
2.5176477678627134E14
4.450513444993791E13
6.022759069487626E14
4.096851296420457E14
7.4602491199047E14
2.8657169174103594E14
-4.895233627457986E14
-2.3587807935886628E14
4.572545250489829E14
-2.3935188980220272E14
1.6162787837279253E14
-1.2101312614337875E14
-6.725380756874061E13
6.35092225438232E13
-2.2084812468513512E14
1.2587601456387988E14
-2.7116410014824862E14
-5.526690553790291E14
1.607750724445345E11
4.384832713499229E14
2.505064932157736E14
1.9002875917871425E14
-1.5216864166473947E14
-6.532372277611272E14
1.4028354010298267E14
-5.777071376420346E14
5.13281207948892E14
6.841797937724759E14
-2.923493476755879E14
9.59888016971616E14
-1.2232352588513342E14
-2.0449512006406388E14
7.300008830068242E14
7.030188014335859E14
-1.0084627304794042E14
7.76514664369116E14
-4.7764119303201775E14
7.72043210327118E14
-4.795100082328742E14
3.678284781661633E14
-6.16666654461139E14
3.902846725941103E14
1.1599345397389584E14
-8.015238832407741E14
-3.8295013804227175E14
-1.0840192851093839E14
-5.068007667899708E14
-3.0195213104960175E14
-1.423520591844029E14
2.40555396889003E14
-4.189070665795288E14
-2.3501538025650145E13
-1.334102241390099E15
3.9017472488971256E14
-8.80946147865705E13
-1.1576871591679845E15
-2.468014310385288E14
9.329627974086373E12
-3.206495208036407E12
8.916170018161061E14
1.4921769905151897E14
-3.0667738342164836E13
-8.747124384941261E14
3.6924461529328906E14
1.894321526391758E14
3.108850294069414E14
9.631953919412078E13
4.836679342824796E14
-1.0604735412269431E15
-7.474929386017092E14
-6.620353143837492E14
1.5438683109402484E13
-8.362587329414105E14
-5.9916978097810805E13
5.897330776885026E13
8.083242575742389E14
-2.4892009567323E14
-7.282698945971844E14
3.107451373002559E14
1.5386340010718034E14
4.504203644978443E14
3.354863610177861E14
1.0228650547560556E15
8.994885731571128E14
-3.356789377955648E14
-2.059512237793559E14
-9.709451531281201E14
-6.154259883272489E14
2.845918889162307E14
-4.041062264124246E14
3.190834943694559E14
2.57405571637181E13
5.945091217534784E14
6.668418066396864E14
4.182345105897915E14
3.2418149321186956E14
3.874175780355149E13
2.984816564464629E14
6.870132638957175E14
9.924285553881824E14
-1.3450322468947383E14
6.255813322681644E14
2.2936244641959453E14
2.638019681993931E14
-8.868860571281224E14
5.208658204348391E14
-9.796688472655645E14
6.331829114680604E13
4.25331823184923E14
2.4593246018061806E14
-9.313188878927919E13
-4.140402473617668E14
-2.967913073489839E14
-4.876544433564067E13
-4.75118680007644E14
1.547723889630538E14
2.2859020282555234E14
-8.783187049884558E13
-2.7865765369778378E14
-3.757682270351987E14
-1.2020308043881865E13
-9.805745260467378E14
-9.61779653999416E13
5.614618561080928E14
3.436407138139787E14
1.822812277120606E14
7.150389448299806E13
2.029067738009903E14
-3.8839038659781144E14
1.599796789621641E14
-3.2607092560493894E14
2.1820116320626784E14
3.3691180202092994E14
8.16076887717296E14
7.793225676583565E14
5.0285913904359444E14
-7.82243655081372E13
1.2278012262087794E14
3.658204675451699E13
-7.365307629668594E14
7.474333678121803E13
4.813868071363597E14
-3.082602737053783E14
-2.68048690156308E14
2.1505754209488375E14
3.322450125992595E14
-2.7118582718681044E14
1.3936887641450978E14
-5.397013574318485E14
-9.900603765767105E14
-5.4373665440401394E14
-6.083222222058889E14
2.6153301521882084E14
2.433185009164535E14
-3.291008381399425E14
-2.469744974608982E14
2.5204168793739172E14
3.167398711607121E14
1.908884453151819E14
-7.355777710644412E14
3.096560063025138E14
-1.2201320233562845E14
-9.044934502174471E14
4.440957086568033E14
-1.214008920883977E14
-5.651284554886221E14
3.0791881351404075E14
2.7663526212062097E14
9.627370788632795E13
-6.08619332847737E14
9.518117010641775E13
2.90936830164758E14
1.0627788742638161E15
-2.6845492088926203E14
-1.4812028624203866E14
-2.3367636937787153E14
-5.242971423573232E13
6.354481235096588E14
-6.325860953629431E13
8.058126606434192E14
4.553910002944546E14
1.5546746150946982E13
-3.10397642801687E13
1.3373947566250162E14
-3.260941786243871E14
2.299336921229236E14
8.357466823310653E13
4.3938043394460875E14
4.8997161016668906E14
-1.6651926163353316E14
-1.7787633638908797E14
-2.880608067382325E13
8.690649633572455E13
-4.10844322753998E14
-9.075100219243495E13
-6.691657061610399E13
-1.5942816695965006E14
9.466613575220108E14
3102298.2371812244
3.4193635079226215E13
-1.0619184783548195E15
5.723746104833261E14
2.0411311353704824E13
3.968596053452455E13
-3.352284464724995E14
3.070009429448595E14
-6.979779918765751E13
-7.061418192916898E13
-1.028494469056982E15
-1.3559410437865516E14
2.284757681780111E13
1.8513587029460855E13
3.9993479169215656E14
-6.852941877278745E14
-1.0297498459050052E14
-4.7829049893663826E10
-7.062767235734136E13
-2.0438767295312925E14
1.0814831968710373E13
-4.728026435061986E13
9.455201868604889E14
9.952799673205521E14
1.2569286996119226E12
-2.3271889309196904E12
-4.95456043741994E14
-1.3254030935650664E14
1.1033959461972098E14
4.327234554318604E14
-3.494939288551902E13
-8.711879274454328E13
-5.5349851114586744E14
-2.778083187376168E14
-7.034294565671706E14
-9.12711807317371E13
3.0111256863060066E13
5.3604362508176594E14
-4.051164651191969E13
3.4057876815446863E13
4.444949849724191E12
-4.071227163590081E14
-8.19376529898105E14
-3.2288299928279035E13
7.120348377589374E14
-1.9714059095199856E14
-4.1212335820229766E13
-1.364191805861572E14
5.837897580292051E14
-1.3328746451167953E13
-7.942960065790362E14
4.9861169703954244E14
2.4636283095754634E14
1.3114236744642467E13
6.674932949000469E14
-2.214107795190241E14
5.953059014163802E14
4.4540798555118844E14
-9.197451821597078E12
-5.829341090126856E14
7.90181655385612E14
-1.056502083432548E15
2.8979432524788133E13
-7.769152141185245E13
-5.879500952698584E14
-7.6604547220252E14
-2.625123226236874E14
2.9263496981969925E14
3.7664982067491E13
4.565741315607734E14
-5.635768515116368E14
-4.4195408858318706E14
4.658740965856592E14
3.0136304251484637E13
-1.3485294936689866E14
2.818195449682917E14
1.3474884120600655E15
-2.0045053495723597E14
1.9291889687496488E14
-3.537174981518551E14
5.257838502784105E14
-8.883095466498808E14
1.4022706103886814E14
-4.459889826638617E14
-8.675731350288496E14
-1.548499329213632E14
-3.058519753925497E14
7.288314055562738E13
1.180634719351931E14
-1.1987494729025398E15
-9.167397089910544E13
1.029653827542963E14
1.8949302771269038E14
-3.903315790677193E13
8.083062322932684E14
9.8365695496832E14
8.613831256995477E13
-7.473052921702658E14
5.029315381206712E13
3.555043419421494E14
-3.9114023753457106E14
4.262313718554681E14
9.89837408180957E13
4.048275044215354E14
-1.6524101477465494E14
3.120827108064304E14
3.6820546728013156E14
-5.1350977013428625E14
-2.0684819203922758E13
2.635077490714571E14
-5.951503281225436E14
8.339859932135095E14
-3.4149344509645856E14
-1.927652921617387E14
-1.4961332094283972E14
1.8926923558186362E14
-8.194012312963336E14
7403365.9088462265
