-2.626056486637586E15
6.897714582038223E15
2.3503422247493365E15
-5.404872084072714E15
9.122952331367486E15
-5.4730685789362994E14
-7.803361691556405E15
4.685774675032215E15
5.345707946896146E15
9.468730555811794E14
1.7781566015678054E16
1.0251836372103955E15
-7.337005524821798E15
-5.500935681787033E15
-2.5144971757293155E15
3.2234587762201285E15
-3.4139347802588755E15
2.1596877917116258E15
-2.5131870685923045E15
-8.498528420617636E15
-6.714269759669779E15
2.702485201778104E15
-2.145147506602091E14
-2.491274802630646E14
5.323354206279825E15
1.0639712572117149E15
-4.281932689851327E15
-7.497094539384932E15
-2.72292832939337E15
-5.627746764934491E15
9.151496489116359E14
-1.5938687040374212E15
-2.334265457312956E15
3.618195329836669E15
2.034415289695046E15
-3.770031284140443E15
3.3121355507029325E14
5.914677779249047E15
1.2976299994981492E15
-2.319509268352151E15
6.708748916481486E15
-2.1166748556871925E15
-4.4768656152584394E14
-2.5961899482167735E15
-3.0270396379950425E15
1.3275835714852412E15
-1.8155549876139565E15
2.2366588996113772E15
-3.300771072811807E14
-6.714082828864495E15
-2.4838932955175515E15
-1.1766143133569858E15
-5.927436326761381E13
2.299653153317668E15
2.127873126970216E14
-1.5603858874775934E14
1.5825665236371448E15
-2.2637387199010225E15
2.536592269395918E15
-1.0511776342477617E13
-1.2635169966192908E15
-1.3219639245005278E15
4.0965815764042065E15
-7.361542653205751E14
1.9880293128142748E15
4.671671467527941E14
1.4282138749537362E15
-3.521319712173067E14
7.877604686447315E14
1.6637732045756365E15
7.09832501473379E14
1.623606122872803E15
-1.6775643576912565E15
-1.4606918889664695E15
-1.5019767777880665E15
-7.88199050866824E13
1.5529969797128648E13
-6.201198723700796E14
2.0322711181205755E15
4.638076477047968E13
2.6706981459706285E15
2.2140536480239945E15
-7.55201853416223E13
-2.9169769509643435E15
-1.9940778277130388E15
2.1173274279945365E15
-9.186354932308034E14
-3.5522035347226565E15
2.1050169379977872E15
1.0893985373519592E15
-1.372499908255686E15
2.0531516273044005E15
-4.763719434542738E15
3.1839265841274575E14
-1.8513319434353192E15
7.051146143303928E14
6.929264779146514E14
-5.048453002334728E15
-4.2607260819236095E15
3.9159663720692855E15
-2.0779793256692992E15
3.242340775677058E15
9.69929053064582E14
5.685362244560352E14
4.425325369208274E15
2.0146081789571875E14
5.013302020873477E15
-2.3920842418718116E14
-4.936634766447863E15
1.9376068777863412E15
-7.36734066276334E14
-5.210542483679786E13
-3.4320551864242355E15
2.0861636277828644E14
-2.1700063924321772E15
8.405482814735028E14
-1.0611546140579171E15
2.0071628380112672E15
-1.9615723064386258E15
-9.526302282059615E14
-4.253932678596888E15
2.7485494766491872E14
-2.867907634302954E14
1.1663694437885652E15
2.5308601692834435E15
-9.027603916251949E14
1.4551435291122602E15
5.647799075357214E14
1.2369704071481612E15
4.605890504321234E14
1.9043231598640378E15
-8.136792913662106E14
-5.072526061539547E14
2.5353656925112665E15
1.8029063133809038E14
-2.3032078347395275E15
-8.606223536234839E13
1.179881556860144E15
-1.4857859373539138E15
-1.0011975065178821E15
-1.4623595644396655E15
4.8995452461950356E14
1.33456825812984E14
6.682088801202899E14
-2.7049035717232028E14
1.5311008855289238E14
3.118930813483287E15
5.388290310620958E13
1.4600024256712855E15
1.259702632916988E15
6.236791979778989E14
-3.725362306484778E14
2.444468686460635E14
1.1145341249373412E15
8.868551627978946E14
4.7939173819948594E14
-2.2396498637013368E15
3.08027265072472E14
1.1895652530778848E15
1.0829464479497903E14
-1.6448910515871915E15
-3.4516132590694605E15
2.98468491774865E15
-2.4217102416530475E15
-4.865202309096598E13
-1.7036777744075934E14
-3.0058148237773525E14
-1.093378733253859E15
7.663344963013875E14
-1.962253117967531E15
1.1038053835602158E15
4.520915114290888E14
-5.2131012651798875E14
1.8309202847300535E15
1.5783717729354392E15
-2.1592617652290908E15
-2.5403394669288762E14
-1.914344011384632E14
-1.933256675264304E14
1.1412108602884908E15
-3.4077560768337075E15
2.817471422218099E15
3.06331240510552E15
-9.806604767713562E13
-6.117224010354622E14
3.2255366135274715E15
1.2940715939285845E15
-7.631290447765139E14
-7.131569693021482E14
-8.227714876531744E14
-2.4681539050762022E14
-1.4621180136913192E15
2.580966713163553E15
1.2221553344518825E15
-1.497288822240337E15
8.725050981969856E14
2.0654248936552308E15
9.85747689959235E14
2.0230071016860695E15
-4.0849878577826175E14
6.028165398362292E14
6.035939135708971E14
-5.583208903440927E14
-1.856026246823447E15
5.052897246953976E14
-4.895365609622841E15
-6.748665926360801E14
8.870184686647594E14
1.313894911355045E15
7.153411836594112E14
8.40480011281971E13
6.524568040750752E14
1.6227067374867982E15
6.978192926225412E14
-1.299369887900958E14
-6.265307380443004E13
1.4866420941447985E15
-2.618895533238256E15
3.4081923488033706E14
-1.6686726381190392E15
-2.328798866935496E15
-3.2940805568765664E13
-7.019892248246865E14
3.529382263524615E13
-1.5802067281436932E15
2.875047234405563E15
2.125915423681918E15
2.1754097985136705E15
-4.00444962113178E14
1.1418628619910389E14
3.214687711910647E15
2.317435655142895E15
-1.7321329922486785E15
1.2572527771126815E15
3.069703512924883E15
1.7195953566861158E15
-3.044084713168131E14
-6.509083490346091E14
-1.268653718324089E15
9.052027592951479E14
1.2405468495895868E15
2.528962172601163E15
1.2180197860951712E15
-8.429000284301859E14
9.740652220534424E14
-7.255400089240558E14
1.7088383396794235E15
2.508770138220239E15
9.968475074759574E14
2.327613922864301E15
-1.3562654153182555E14
-9.056320938042921E14
-1.0703957056481355E15
1.4534297890993552E15
-5.615598739981847E14
-3.6657214619350025E14
2.0367793769806205E15
-2.7709775534952825E15
-6.627955409078371E14
-1.8724661068127812E14
-1.2510530903963825E15
5.3655294377994325E14
1.5155491780642222E14
-1.98622434772194E15
-2.6648655287583978E14
1.2843894877185545E15
2.5179065709820845E15
-1.3642918915844255E15
-7.825663584254381E14
9.741532024992294E14
6.910587749043725E14
7.254092153303296E14
-4.4056311949201675E14
7.699639503810752E14
-8.641284697688404E14
-2.2857940253230072E14
1.5186888954220562E15
-3.4827846751733075E15
1.8336395091144088E15
-1.0277432305797482E15
-1.023080873143931E15
-2.0104433532405332E13
-2.3523368049669325E15
6.328527250779238E14
-3.4870062085415925E14
1.913534076823927E15
9.95464332595296E14
-9.105186185673408E14
2.4602399255253295E15
-1.8508241443355415E15
1.3211440684747282E15
9.184839708457598E14
3.587826145346887E14
-6.339997860704926E14
6.323009223802988E14
-6.037596935260286E14
1.666863561912625E14
1.0783290287208778E15
1.5713331565989088E14
-1.6757987957515898E15
3.6638557044624056E14
-1.0431004115802129E15
1.846558224766454E15
6.369346604295314E13
1.09398089371804E15
1.6582058264342392E15
2.5961012713214116E12
-7.63718058243184E14
1.6889971428792302E15
-1.4366681354823132E15
8.472905593919564E14
-1.1044545602144758E15
-1.5445628977511022E15
4.6917381721615975E14
7.026711974160865E14
1.9059024921633718E15
-2.91464787376428E15
7.380768923488094E14
-1.7967532217714098E15
-3.235860917961131E13
-1.783630198666874E14
-2.529392071540411E13
8.653057011771816E13
1.6078892428249022E14
1.4085299345903816E14
8.870497214839434E14
-6.010448660635002E14
-3.225814123102719E14
-1.2200715607754575E15
7.045106418751465E14
-5.847572803707865E13
-3.634776856701131E14
-4.440163866953784E14
-4.204480050375056E12
-2.901302619433618E12
5.4732597052694975E14
2.090789749645038E14
-2.343140634980339E14
1.0789182746288565E15
1.7586857733483605E15
-8.714221577250409E14
1.9519107720123585E15
-8.090006921396379E14
6.098973677146288E14
-1.7256538348130892E15
-8.687765169203734E14
3.920349163393259E13
1.9712081797398285E15
-1.8927438799213658E15
1.4800783624154325E15
-8.679915550306445E14
-1.6903254117258622E15
1.5314629491734388E15
-1.5661568853540975E14
-2.0378133917095452E15
-4.7433066782267806E14
1.7253570817055468E15
-2.0978797631494438E15
-2.7022874624165585E15
1.0304229532878656E15
-1.841627585911026E15
1.5948387066076378E15
1.6100357667521645E15
1.2406255093954922E15
-9.731502734752E14
2.129371235445994E14
1.2043304844980988E15
-1.0435790587362631E15
5.701720561118269E14
-1.4636308661354502E15
1.1391461808247218E15
1.150697848340637E15
1.1247275624645335E15
1.1685694644775745E15
3.9698009732079806E14
-3.384403956434345E14
2.0652594600206305E15
1.0634924058665332E15
-1.3265502219119692E15
3.847174915235793E14
-3.139232620280995E15
-1.9225513515421018E15
6.920304228281195E14
-1.90579278266243E15
-1.1336327654087268E15
-1.4183202292521842E15
1.1216187153588721E15
2.0652993338179238E15
9.93431400734924E14
4.24446804490464E14
2.4317177188288195E15
5.836601666888914E14
1.6095017147371555E15
5.206117713496827E14
7.344271640005958E14
-1.3058775548088618E15
-1.34490146759939E15
-7.332147270428766E14
6.335371088751016E14
8.143911140188661E14
2.127495741996262E15
-1.887788684293761E15
-1.3077103185162988E15
1.6108445408984198E15
-1.5670308764398665E15
-9.323774609303218E14
1.6319495027926058E15
9.36259734213162E14
5.172650500401019E14
-1.765735714186712E15
-8.542560856008575E14
5.090544497975973E14
7.082707792646368E14
-7.604779303206159E14
-1.0500340088548973E14
-1.7981868922231912E14
2.559397771725382E14
-3.9855687245505344E14
-1.2828651150611988E15
-3.523488924908893E13
1246309.866361575
7.70677156813394E8
4.5866613541243256E14
-8.258388137280759E12
1.0519798820821562E13
-1.9475405604337185E12
3.471597854043343E13
-9.437861402251825E14
2.941088221389628E12
2.0449245851206125E13
4.38393593875217E14
-8.240472042506059E12
-1.0237935039823628E15
4.435692108890073E13
-2.503364762248348E15
6.276435703648049E12
1.604122323440114E14
-1.9254436513122988E15
-2.4485711567473584E12
9.876756446279892E7
4.23118294410045E13
-1.046515225571733E14
1.1942529499511369E14
-6.428253793239251E14
-7.204737839804377E13
-1.3588491220274712E12
6.093816846843299E8
7.797986064423591E12
-5.529419670498645E8
-3.817752056614423E12
-1.6169972273711695E15
2.1253012907024312E15
-1.0977538812734486E15
1.3631711791588462E15
3.6297157466134644E14
2.2391479229497003E14
-5.872660516438555E14
4.133156315464482E14
-5.5636814100973844E14
-4.1603951486572325E14
-1.5787751651668662E14
-8.044587197283131E14
1.3154509144989838E15
1.3449772929735262E15
-3.023974421457939E15
3.2798524612193406E14
-1.4880845350657098E15
2.1283958210228056E14
-2.838126360688569E15
1.0677032722631116E15
-6.716147872587159E14
8.861246420365786E14
1.7077050596536572E15
3.6060261440557585E15
-5.676862431259028E14
8.301702698045671E14
-4.109909742973462E14
-8.756683911780276E14
-1.622070418289212E15
-2.3136457865439445E15
-8.195008139900834E14
9.260685586651829E14
3.8626908649506206E14
-1.130368333256542E15
-7.805008114630991E14
-7.692903879769462E14
7.240035975807409E14
-2.628332148326167E15
-2.5260552059735028E14
-1.324217497675747E15
6.170005915618711E14
2.74618412248688E14
9.651958477173944E14
1.9531941875247878E14
2.4550431960212E13
-1.7823813578736728E15
1.5316784373056245E15
-7.282089031460545E14
1.8307304885273205E15
-1.703079415318934E15
5.142479455989415E14
-9.898244924274471E14
7.568897032323715E14
2.577100943242917E15
-1.1945582838740025E15
1.1159473322627898E14
1.1127916243842389E15
-2.5666265294173034E14
-5.178606175536746E14
1.5576867023646335E15
6.528126359462596E14
8.363367915802739E14
2.119426498523011E14
-3.080745220790404E14
-1.3926828143917418E15
1.7813079553900247E14
-2.161270467997845E13
-1.1118253059231956E14
-6.594145431662939E14
1.0206597532515256E15
1.2311653815575512E15
6.447215854276494E14
-1.5331286815407758E15
-5.808961615510968E14
7.028951608100491E14
1.698695097358015E15
-1.4538795051323675E14
2.9349547816118355E15
-1.579771743488051E15
-8.863607726241848E14
-1.3721458065310508E15
-1.6122896534430142E15
2.9599426687032575E15
-2.557379678326232E15
-7.428209444323182E14
1.083251229729371E15
-1.3768265695293478E15
3.3461583352918794E14
-3.661511582671424E14
9.899020163568332E14
7.134620804948105E14
-5.1794571007455425E14
4.4805914609283106E14
1.2811743110396208E15
1.1206302239307022E15
-2.5173378746710216E14
-1.7022170163847895E15
-4.660402289786983E14
3.096442734795004E14
-2.0951374984618383E13
3.0460367989243855E13
5.893278152840376E14
8.079559507265736E14
1.5727273934334482E15
-6.38709672460919E14
4.8096800683051756E14
1.4390602086002808E15
-4.388457576104249E13
-9.400322041060742E14
-8.336721718124191E14
9.153598719226468E14
-5.3988633464808406E14
-4.189116718785527E14
-2.1075949683776522E14
5.53715132709955E13
-1.7380854121319635E15
7.899843816266109E14
-4.3228839807070244E14
-1.5462760778594418E15
-1.5104279485242097E14
4.645585973173633E14
3.275132024249058E14
-1.6461997767381798E15
-1.2465649493767142E15
1.876372729105455E15
-4.242251253482651E14
3.8312728131034994E14
1.4297789632872172E15
-1.4134439596605802E15
-5.285269504952322E14
-2.757601138194138E14
-7.389718397035594E13
-4.993687797001025E13
6.84031644107591E14
-7.565748468013305E14
4.959791492551914E14
-1.128323675359443E15
-2.1162265564140672E14
8.579032717702606E14
-9.410876021423522E13
-3.600859277354332E14
4.531683567679289E14
1.0324937035065475E14
-2.0948446539066775E15
4.1499647609491925E14
3.152837008758156E14
3.0662733745236156E14
2.8758558372111806E14
2.869301349567569E14
4.752598431495937E14
-1.2739516324376522E15
7.987132740293644E14
4.5614710712855194E14
-5.5861138700566875E14
-1.9906922348311397E14
8.470914919551312E14
3.1160405717510035E15
-3.1889207307724794E14
-8.902702805668979E14
2.6385891787258703E14
-7.258041743485728E14
6.29493401733449E14
1.3707803484349798E15
5.821966090597188E14
3.8915805422309244E14
-5.495110660015672E14
-1.0381554160012282E15
-5.889038622844776E14
-8.525552117421605E14
9.511016962265608E14
-5.598479055801303E14
2.55927400059717E15
-1.2036176806668439E14
-1.189525468898372E15
-7.809834785170559E14
4.049318656776917E14
-6.140335716939989E14
4.279362259508964E14
1.763683241215044E15
-1.3423667933613085E15
3.825867857377075E14
-3.8620576706899394E14
-1.7547072538329822E15
-8.704951085215355E14
-6.832849835344392E14
1.2875441853190938E15
-1.8602171787646834E14
1.4523838285803378E15
-1.5893093258822935E15
-1.5787050122810358E15
4.258477208054556E14
-1.0869462347900154E15
1.1241971715473155E15
-2.1432576170367084E14
-9.770522737841072E14
1.900863944446233E15
-1.87682225782347E14
1.903608889615834E14
-5.914943280446476E14
1.8864034849198708E15
2.0885849706508472E15
-8.075988870087039E14
-6.811752566859092E14
2.7628365753612755E15
-1.0997315428780658E15
-8.050633710018816E14
1.7281176581991628E12
2.239436853588145E14
5.272629820164322E14
6.228521037609885E14
1.4273804732686588E14
-6.954177242446174E14
-1.366201344533047E15
-6.739696512874837E13
1.5652266407838338E14
-1.7111446982303144E14
-3.256175780354775E14
-2.274560602070472E15
1.0741311286916756E15
7.492083576543009E14
-1.5007851002560852E15
2.237349111344307E15
1.7396943530603382E15
4.8968836290499556E14
-8.621815580433256E14
6.643737751769811E14
-2.696729806033315E15
-4.3896166334667294E14
-4.356703594553911E14
-3.353764629902655E14
1.133450174044309E15
-3.962577741219175E14
-2.0126702566561338E15
2.1103303600868166E14
1.5331309098509982E15
7.219595074140906E14
1.4466901738380252E15
4.984930411686123E13
1.5712132752836178E15
-6.09874595179495E14
-1.118293666525727E15
-4.950618652878606E13
-2.7660536560056222E14
1.4794633064271748E13
-1.0233688537026235E15
-1.668329741038631E15
3.1679433725656145E13
-1.726992118086884E15
6.977010840731936E14
-7.82854353664323E14
8.779594088863549E14
-4.975197728653468E14
-7.831038870759969E13
-9.579590518000585E14
1.8043319230354078E15
1.1461207711149285E15
-4.5660534340320156E14
-2.329990889972559E14
1.6756099682845378E15
2.1332732854802452E15
2.282431906591863E14
-4.492528886326869E14
6.010181171115455E13
-1.1620078006006205E15
-3.1148455499525195E15
1.927980121886107E14
-2.8731996813986125E14
-9.457082594291976E14
-4.446989328376481E14
-1.290554577417136E15
1.8451508430986747E14
1.0574301744707114E15
-4.330153579988145E13
2.998794219092489E14
2.6038087537263953E14
7.388868441621886E14
1.1344762875533068E15
1.2230338769262335E15
-6.075563702732365E14
-6.452642290224515E14
9.618050172338585E14
-9.00823621639845E14
-1.6300049630617578E15
1.0674601172488028E15
-1.2252305116735492E15
-4.383255353584172E14
-6.627155480200816E13
1.240406829398336E15
1.635829772980027E15
1.5689178528774572E14
1.717899555470236E15
-5.352629824784847E14
-3.850907058170394E14
-6.029415842544394E14
8.850378121747171E14
1.284557015993057E15
4.046931681644078E15
1.1008723322098982E15
5.646639325881689E14
-5.976472865982294E14
-1.881361778698049E14
-9.584816907387972E14
-2.2459643422397092E15
-2.6406021081716416E14
1.1599548437321015E15
-1.0589079481354681E14
-1.8015333182850868E15
-8.513378205437316E14
1.209876778003463E15
-6.486236581842472E14
-3.166622741465737E14
9.182975230654308E14
-1.5104153312917044E14
-1.535017115618983E14
-1.8827660204068662E14
-1.2357003970131452E15
1.6371110339498145E13
-2.361212253663292E15
5.84468175354558E14
4.667649111123413E14
7.872627455418164E14
1.0674583346897597E14
4.7593058569860994E14
-1.029960123923211E15
5.62206367167508E14
-2.1594184137492238E14
-1.1247964031928192E15
1.0501018970616415E15
2.233032500359676E14
2.0010342484021292E15
3.1680643408832706E14
-3.202715136559514E14
-1.6503997470998432E15
-9.174208504497386E14
-3.3759140390835094E14
1.1971487232114398E15
6.92386690524162E14
1.709894189149477E14
-2.765375648238701E14
-5.386063851493989E13
1.0121263471668884E14
4.829195501340561E14
9.844574650955931E14
7.747856216219556E14
-2.8699487565695195E15
-3.7256545497142675E14
1.0995951359859896E15
-8.435073230266932E14
1.0984903418290485E15
-1.8752576403921275E14
-1.1115651890749458E15
1.360296443819744E15
1.1114188347884205E15
6.670492494126606E13
-8.161852036235246E14
1.624564480604352E14
-1.3330166074221432E15
4.3616002834567944E14
-3.034330689130942E14
-4.996291892597046E14
3.4570767178662556E14
5.890118464690044E14
4.8617693925453556E14
-1.0820097150938528E14
1.1363706871090535E15
1.4789788246553372E15
-7.13417147779825E14
3.4834267743541794E14
-1.2319645518348365E15
-1.2263508385779318E15
-8.674741701873079E14
3.917025598533713E14
1.0818686225093035E15
9.06902166415274E14
1.268176990137767E15
1.6612913850782716E14
2.150756526213035E14
7.143376717779895E13
9.504644625281578E14
6.45991764000109E14
1.9518230484483708E15
1.0772691213716736E15
-1.0253057249648162E14
1.5621779931046238E15
-1.3178134631164112E14
-1.7684322484413608E15
-2.1533796198026005E15
-1.0982307457983675E15
-7.30947494649167E14
2.0269120335618484E14
-1.0682186281786728E15
-2.730362987019362E14
1.0150127039295961E15
1627029.0162657157
1.2638923072731655E15
-1.4009788632804702E15
6.246801632897541E14
-2.5823137463848926E13
3.587104197417161E14
-9.857173928143095E14
-2.2908323594488228E14
-1.1143215016710329E15
-9.400666716517417E13
2.9506647538093335E15
1.5284589071723932E15
3.557771794556126E13
-1.923245377971801E13
1.508415471903125E15
1.2013863101181572E13
-2.5016146112527656E14
-1.4182390713467877E11
1.3979391395608416E14
6.196728634899806E12
8.365311992679363E12
-6.040897785147956E13
1.0262670529065203E14
1.734725727646199E15
-7.711410247685275E12
2.091569921967272E13
3.16108887327388E14
-1.7781571575641395E13
-1.1433781530879978E15
1.8932631440746555E15
1.1256570130578012E13
1.561505632168694E15
-5.617069827326609E13
9.263996366043624E14
-8.961053731717122E14
-9.46992400109714E14
7.974179645568071E14
4.806560800825489E14
1.1047037276883622E15
1.6557567541569238E14
-2.0743205485086215E13
-2.693846364936024E14
-3.824228295638963E14
-5.725848554047044E14
1.070828846502136E15
-5.686131882837406E14
-5.6157677297295086E13
1.1492249130481292E15
1.286488180725231E15
8.870819489357678E13
-5.776107722340895E14
1.7305306347124145E15
-1.3579685420742975E15
-2.984957699641113E14
3.547375153741663E14
-5.483220379268272E13
-5.5314609375658675E14
1.7150180806632782E15
1.0861024244481128E15
-1.2583640846485142E15
-8.921294760220531E14
-5.5347865731119E14
-7.057625342342459E14
-3.9888607760406794E14
1.8374946036906528E14
-4.114352101468946E14
-3.657416437144658E14
2.627733145994832E14
1.0323870326157535E15
-6.684230692372151E14
-1.8385642297334375E15
-2.5558373512642416E14
1.5305781712215368E15
1.411977536859486E14
1.188217884647532E15
6.46527465939139E14
-6.744147743728581E14
-4.0119496030751444E14
1.277237578066881E14
-2.7116177977960647E14
-2.47291989153031E14
-2.0123206444763928E15
1.2233673376818755E15
1.2773895083598582E15
-1.0671810662938372E15
-4.405167467818105E13
5.3476702953423575E14
-9.022865329321678E13
-9.166380154341124E14
-3.842139953560461E14
-7.892684128650984E14
1.4244574748248398E15
-3.2649231672659094E14
6.715281424887416E14
9.482244293522439E14
1.9247027214668845E15
-7.434583009558494E14
-2.9826076975975205E15
-6.661318630996396E14
1.0349014745309088E15
1.7079507988713053E14
1.607871110194099E15
7.398624543440134E13
-8.371269627884092E14
-1.963465482826304E15
-3.734648368099351E14
-1.0347925952383524E15
-1.3132315054024332E15
7.069882897849715E14
7.070681993334655E14
-1.2754940954365675E15
2.858728583474825E15
-6.006519457822568E14
-7.310159051355709E14
-8.639847555541134E14
8.364262885972885E14
-2.6664544481760385E15
3183564.885726344
