2.08089280933132E15
-7.446431152511419E15
-1.978072371437739E15
-1.5108861627245565E15
1.8220999087348942E15
5.024816967505853E14
3.8484134997386156E14
4.018031747714463E15
7.173761013116585E14
5.006721336544256E15
-5.800930188563537E15
1.4006719629120672E15
1.9035607265018384E14
-1.087420337133935E15
-6.790964697155164E14
1.2709513455682222E15
5.141452539240533E15
-9.94101711815559E14
-1.9429317780398685E15
3.64775301498781E15
-3.2208222083400035E15
-3.599359079485971E15
-4.1491538669643565E15
-6.15987979833615E14
8.088671680304389E13
1.3211827832613325E15
-1.9953105482702932E15
-1.6565471128135332E15
2.0009588008891452E15
3.3178526234259755E15
1.0082009877606456E15
-1.5238309501198158E15
2.8762234996933205E15
-2.795740714658164E15
-1.98397969585158E15
2.2775662879210315E15
-3.3251200276848625E15
2.7025971836749775E15
-1.2671565890556532E15
3.8152644341864525E15
-5.002855138580858E15
1.7488410921441182E15
2.3100775540040695E15
1.019181159825655E14
2.074723367240197E15
-1.5206409931202122E15
2.593941551977449E15
-7.61419339206484E14
-3.10875543002635E15
-2.0500235971477438E13
1.36783665948491E15
4.0839676210848506E14
1.787996990328183E15
-2.6885455215211135E15
-9.148935493892838E14
-5.5746202470528425E14
-1.156196213945486E15
3.6269487452958945E15
6.788737626282248E14
-1.7507968818881444E14
2.6077508133030725E15
1.0338851066278369E15
-4.978674595927864E15
2.4141468205767275E15
1.0156162989409589E15
-2.624923784333931E15
2.4829671619773845E15
-1.0625771119132308E15
-1.2593129741972968E15
-2.3840699038118145E15
-4.933606270057396E14
-4.351586677737944E15
1.4928764209777018E15
8.775857085159531E14
-4.984555981759914E14
2.7226537885477426E13
-1.0150056817378695E14
-6.133994673238102E14
-1.2673697302595232E15
6.182907084044789E14
-3.329742902545731E14
-3.1532565593039305E15
-4.035750463804012E13
1.14380106208157E15
-1.3169689111815994E14
6.371061534328914E14
-5.9290315914220305E13
7.543827786567825E14
-1.4182850705350095E15
1.2072006864987245E15
-1.240997509722512E15
1.1312982403244452E15
3.0502979383603175E15
1.45232789193363E15
-1.814685313080096E14
-1.3876381061596802E15
1.686719424777143E15
2.061264269884035E15
3.0789627498205175E15
-1.1540536202236085E15
2.1583175872504618E15
-2.3643755325676665E15
-1.6396906095996662E15
1.9580897970228225E15
-2.279289353289062E15
-9.379749816305541E14
2.1374242577265612E15
7.009160807584071E12
-5.36027822648388E14
-1.8260935841136103E14
-1.3492305008569E15
1.0673320273760131E15
1.1344652184995562E15
1.2291726120815165E15
6.64816050632234E14
-9.522965818803469E14
-1.1123753884489749E15
2.0416503105348666E14
5.607995008344583E14
-1.415139400474685E15
-1.3972941611763378E15
4.960858080027954E14
8.506044484964571E14
6.3226955685762516E13
5.819545986119422E14
-8.151821251038353E12
-1.1049026053547802E15
1.7040872376659845E15
1.485342371388125E12
2.847541994932642E14
-2.445715302415516E15
3.9482147360197044E14
2.5131355341504105E15
2.7528244235082678E14
-7.573401563117862E14
-1.4497924759934135E15
-4.9677583487860644E14
-2.3932069279797675E15
2.4081689563670275E15
3.8430328451868445E15
1.499642583468949E15
-1.455735883226525E15
-8.774098140707471E14
-1.8043294838863608E15
-4.794129214193371E14
-2.1909410242813363E13
-1.0068886341929E15
7.464250229449189E14
-2.665240115304978E15
-4.698778611700564E14
-3.676103323962134E14
1.7302994643150535E15
-3.019468714047488E14
-1.1731118991694906E13
-9.611815322500975E13
-7.197684493441755E14
-3.041580797332092E14
-1.1642172735025208E15
-1.0292159853968869E15
-1.1046039690628816E15
1.228140087921076E15
1.9351580347092938E15
6.144995651114879E14
7.874348641930161E14
-4.618597835575498E14
-5.525306854250842E14
1.3981173818895015E15
2.970644123559419E15
-1.0289734000378288E14
1.7585089027060385E15
2.680918119543334E14
-2.6495315495788605E15
2.0031573166531102E15
7.485705207917855E14
-7.924918940465129E14
1.0425788641240091E15
7.48895519912096E14
-1.264550675097087E15
-4.4475856477916E13
-7.529574370781466E14
6.283818227017629E14
1.486661918859566E15
1.2190905213040289E14
1.0102260902829176E15
-8.498408625185602E14
1.842657097002507E14
-2.5884686937631953E14
-2.0241051005360197E14
1.16245933605816E15
-1.2258983344544517E14
1.2316714008605045E15
-1.399605602876631E15
-3.0786092520311025E14
2.458938363809309E14
-2.43794773537691E13
-5.582388283287228E14
7.961398249922686E13
-2.0619158836457006E14
4.05474562628533E13
-1.2303043549103202E15
-7.591381957917941E14
-3.136040869593226E14
7.13763501298395E13
-4.956460549631556E14
-3.321839110839388E14
-2.3821955106986835E15
-1.5224926513378612E15
2.1458400833862545E15
7.139169439674415E14
9.39701941692895E14
-1.4545273140469444E14
-8.019481494848509E14
-8.914122732982916E14
2.1044894209495444E14
3.376248393317346E14
1.4397029152501347E14
-6.624471266835002E14
9.959630614310795E14
2.7695941602179572E14
-1.8619488193035212E15
1.8356144562559292E15
-7.18793535552665E14
-1.8031827386905784E14
-2.3657204463093716E14
3.8883760073810125E14
-5.140731307316735E13
1.229433810284177E15
5.967746566320975E14
-2.2126635925652455E15
-9.366047771214857E12
-2.6573275608781525E15
-7.845496922560801E14
1.0421959869000938E15
-1.750067508380157E14
-1.5769686075894742E15
7.956340635854702E14
-5.148064280447285E14
4.2513505390887244E14
2.1377554297458108E15
-1.2542595100931547E14
-1.8695831943302522E15
-1.330969560012303E15
7.593504131998705E14
-7.27247215953459E14
5.383234978494823E14
6.80669913131762E14
-1.3055595447401354E13
-5.160758984442595E14
-1.8323237038332298E15
-6.786348003080158E14
1.412984280736449E15
4.235924829341685E14
1.7002913640876488E14
-2.291778749733833E15
4.3223064533484025E14
-1.1807300328725728E15
-7.866617630214862E14
-6.939888731247732E14
1.1835461585653962E15
3.822394677613755E14
-4.397096004877434E12
-2.8959973002036294E14
-1.246058682380255E15
5.681786741453582E14
6.336818088857662E14
-1.1090411022931326E15
-6.747195402279152E14
9.250186289778916E14
5.373568336103757E14
-4.335827196553505E14
-1.7543010829814356E14
-9.212312372910155E14
2.6085758736643684E14
-1.2660859179275346E13
1.795320651447235E15
-2.5593407257313667E12
-1.1935591116025469E14
1.5692210875613812E14
-5.5945531018152275E14
7.16945693397067E14
-2.232260436167225E13
-3.105968258627274E14
9.48181596265339E14
-1.3286947697847355E15
-1.195582092592923E15
-8.856812396268805E14
4.913702997284605E14
-9.022476606777008E14
8.46743348605875E14
1.2337592393751938E15
2.9920280447084025E14
-5.4750092373169894E14
3.900706595924301E14
4.563379986194318E14
-2.5982813340290147E14
4.937205258073002E14
1.0338060837320342E15
-7.670863737110295E14
-5.585444834222349E14
-4.9618228495123806E14
-3.229792683642363E14
1.2996155369976858E15
-9.646295181547854E14
4.1764352148706294E14
7.275977441095234E13
-9.486243871827514E14
1.4230944108742378E15
2.8565304329038806E14
-1.0958302278645291E15
-3.706501690500213E14
5.924944353101486E14
-1.92627714688536E14
4.8845385227500225E14
2.0044502091608516E14
-7.541592471240296E14
8.712238282215879E14
2.3571394266748853E14
3.571365283857811E14
-6.741655827915924E14
1.3885746207718084E14
1.5862107481107621E13
4.7600810052035594E14
-2.6039626628339438E14
8.730274570092068E14
-1.5101532937109738E14
-1.4270626798985752E15
-1.1994527147901021E13
5.403978104904405E13
7.99630087139777E14
-1.2801538873659978E15
-1.2069989965529283E13
2.7408532705369025E14
5.2752859775852144E14
2.4050463136989125E13
1.0552268486066371E13
-5.1730318232604606E14
1.3250891779951955E15
3.120311313061813E14
1.9684803069685255E15
1.3247017827848473E13
1.0078962727747222E15
-7.557349138045928E14
1.0351818405109524E15
2.3831706281269084E14
1.5633275845953858E15
-4.906290197381253E13
-1.2425706873567144E14
-1.0591620746273394E15
1.0019417676916535E15
3.055257782872579E14
8.479281193097302E14
5.979252966928815E14
7.150109266120486E14
4.623797905376792E14
1.9812050838806298E15
3.725033688072873E14
-3.514788733037387E14
-2.2638460257658585E15
8.232452197609511E14
-1.3522333371952975E15
4.3532873982359875E13
3.59551662960201E14
3.681283086849117E14
1.2631740781261515E15
-2.0440760853959466E14
-7.277074907183135E14
8.079922353640502E14
-7.381247360435998E14
3.371779311219427E14
-1.613993321216385E15
3.9304730212156944E14
-1.5091641992781512E14
9.469449875861369E14
1.2731235053625108E15
3.909841460420095E13
-7.133372208373481E14
3.8785366507927506E14
4.126244845533576E14
-8.061068683392122E14
3.584980367884457E14
-1.9435353148174358E15
-1.3179806422448192E15
-3.480506627236998E14
-1.8598527375466568E15
-6.286461724903124E14
-7.50464298814967E14
4.263866966614802E14
7.873114817724211E14
1.9998779478176422E15
2.6049717052067638E14
6.364246597997298E14
6.92329804461176E13
-2.2824279696388445E15
-2.731634722173683E14
-2.994421662871689E14
1.5755786858384925E15
2.490143732787316E14
1.5128908492205668E15
-1.211379205360481E15
-3.618007847758127E14
-1.3632510281533028E15
1.3011642341683652E15
7.312326297816971E14
-7.011328847619929E14
1.2522670724225438E15
-4.4140185682487244E14
-4.330911937343317E14
-1.7358486217471978E15
-4.723794173432683E14
8.277268917531801E14
-1.97727700853165E14
-4.392962453550811E14
3.0685419543667306E14
1.3765885448368765E15
3.0224217525668566E13
1.9243435379411777E13
-2.7415998328292075E14
1.2167816626221235E15
5.828660146762922E14
-9.293841786197649E14
4595811.740564649
-3.3989832234524927E9
-8.481896478188485E14
-3.563586920357241E11
-7.532015767903503E13
-1.6625803777439785E12
-2.546104663221846E12
1.6917355394928538E14
4.757107536436629E10
2.9476036404442555E13
-6.152875545411829E14
4.2561468305659204E12
7.354809733843541E14
5.080823664652537E12
4.487053588328523E14
6.424450516737965E12
1.2981739365629086E14
1.0086933049081048E15
-6.509663413198076E12
-1.456746479499316E8
-2.864220148066628E14
7.434187055636314E13
-1.1615369456462038E14
8.515446101811334E14
7.475264500637232E12
1.97465656745966E12
-9.762521152751897E7
-8.147230951442854E12
3.7582754893905276E8
-1.2250803065334123E13
1.1209006435786258E15
-7.810258025064778E14
-1.7420624393646344E14
-1.784779201460473E15
1.7075422675635375E14
4.6477730160708306E14
-9.239565851755699E14
-1.0818204416485076E15
2.1339689367604382E15
-9.36381606345333E13
-1.0649286281984782E15
1.9849769297613595E15
2.193449354073115E14
-1.243684422253009E15
1.802281437321967E15
-6.2343476425422E14
1.2222079174456552E15
-5.0887412254821175E14
1.768658454376771E15
-3.359158736449729E14
1.5356706181540388E15
-2.6470707654327325E14
-1.0138538717514406E15
-4.897611708668835E14
9.015030154794746E14
-1.4596065199972728E15
5.737911406199429E14
8.737007885567899E14
2.8783682148197156E14
5.946786167537372E14
-1.0964160891240988E14
1.3611742910069748E15
2.1511534562273425E14
-6.625236480202961E13
1.0100496655280912E15
-2.440764334010879E14
1.1832155459477958E14
9.505367790483949E14
-8.053581651139268E14
3.004679831911514E13
-5.3545078177631544E14
2.2831089495897903E14
5.289448703665471E13
6.720625766289059E13
-1.734683819900591E14
7.559067765253829E14
-4.93793176600479E13
3.992991563116353E14
-1.397116541853923E15
1.524302999192798E14
-3.325431746259051E14
3.9556233525102656E14
-1.9923193601647853E14
-1.6415427171525503E14
-1.0400966801308892E14
1.493127347592221E14
1.4324260722648216E14
-2.7218109067262234E14
-2.628350330301904E14
-6.46085998540082E14
6.981118866778152E14
-1.820656107460899E13
-4.668415623929741E14
-2.1369717821223547E14
4.285888953023374E14
-9.813044157605125E13
-7.463504240109066E13
1.0327717600848036E14
-7.396884291792418E14
7.973608857220381E14
-7.908657477825042E14
-3.5111139199989144E14
6.277746321805895E14
4.3762869505619394E14
1.102806137686414E14
-1.3242219018931248E14
1.1181863323295862E15
-3.3133916435947556E14
5.512881400413674E14
6.864115381475792E14
-1.8940885071234416E14
7.36059250993859E14
-1.5779845343372712E15
1.927749542976179E15
1.226665273263277E15
-9.080246815543014E13
1.5780687567583228E15
-4.026530251883267E13
-4.915247928869556E14
-1.0734368871116948E15
-1.2476962271151545E15
2.09007018553764E14
9.337964918275169E13
1.2083762764053412E15
-8.531400404304329E14
-1.0964023529647529E15
1.746168494406051E15
-7.896529363493935E14
2.1490124253557332E13
-1.0793729907934801E15
8.115085655189952E14
3.6146351650601744E14
-1.4772268164887498E15
-1.0026128654467705E15
1.2183442377289755E15
-1.669071698484688E14
-9.942729935613706E14
-4.287476637503121E14
7.351904416104502E14
1.2008175858368265E15
-1.0777036342270109E15
1.1703906211990062E15
-3.4465142192211756E14
9.978277453517232E14
-4.252576035034973E14
-7.563486259104091E14
2.9064256490735227E13
7.920216510497748E14
-2.3239948069108453E14
4.4733575361356606E14
-8.285955667925505E14
-1.655467053855321E14
5.1072588633729644E14
4.1527547388866244E14
4.5782649942814164E13
6.440180198655742E14
-2.1943041378614288E14
6.404999183000939E14
5.740531776746051E14
-2.544927359470874E14
-7.31364948035772E14
-1.034036365576132E13
-2.374514499168817E14
-1.3642507188444002E15
1.1762502805431728E15
1.1667628728177725E15
4.895660435913381E14
2.3419684422189128E14
-1.0849798973932079E15
-2.139522471145477E14
-5.556788062888972E14
3.6964877705557925E14
2.285372278162406E14
8.083715331588726E14
-1.2979664434504927E14
-5.698361065246044E14
-3.7061054676176544E14
2.8620163684255556E14
8.361010260925262E14
8.799462812727669E14
1.5457108014556152E15
-7.282126250444662E13
5.199289882341692E14
-2.651978007673189E14
2.685633521406524E14
2.1784830719219184E14
-1.9002111541414647E14
9.654762462217356E14
1.8125184911832232E15
3.440724803521486E14
-5.638455899377894E14
7.458603451130194E14
-1.3846939250056568E15
-1.131382405906806E15
1.94356660333572E14
6.989354380709728E14
1.132311049290204E15
7.57753652213878E13
-4.410518281080259E14
-1.108244252453342E15
1.2206148099941482E15
-6.65759502122921E14
1.1685257790881498E14
-4.7214598834992925E14
4.0181740580129306E14
-1.5664480112328542E15
-4.2338762672333244E14
6.292043388792958E14
7.195424278450579E14
-3.095681646827157E14
-1.774900244590898E14
7.273939988971489E14
1.0883257187798552E15
-5.2400516428740625E14
-2.1226358460661972E14
-9.565872221802079E14
1.648250958508178E13
-2.6023760262064128E14
5.2801992951532925E14
3.4578486856433044E14
-2.0688462211714482E15
1.0594394744584218E15
8.998416281503435E14
-6.817224676553516E14
5.210166552521296E14
-1.5981731994041618E15
3.0264038808193244E14
-2.6244402921958556E14
1.3731155469483695E14
4.246815280290818E14
-4.709443265565488E14
4.5962240562806956E14
4.5117169559518694E14
-1.3821782795119798E15
4.697207518539162E13
-9.957973368860212E13
6.466137882440879E13
3.1338464007998925E14
-4.668817761243938E13
-7.26589875060664E13
-5.001170981394253E13
5.846351318865379E14
5.676922158601351E14
-2.3227120132557038E14
1.1865661292111939E14
-3.827687848193742E14
1.1465512713315028E15
1.244837091084687E15
-8.466609340907279E14
-1.9662677878325588E14
1.3207084559898035E15
1.1419973403207742E15
-1.6837643335835194E14
-2.846859440242513E14
1.2979871910976562E15
1.0738485671543975E14
-4.94505788891856E14
-1.100054232888746E13
9.71427922124737E14
5.788462601433471E14
-7.86531791195165E14
-8.558299113624852E14
1.6139294155775028E14
-2.1556627102984644E14
-1.0998222988741448E15
-6.833460413847786E14
-5.900936094549251E14
1.0738221795593642E15
-1.9612053995330952E15
6.857654240379329E14
3.304238997172849E14
-7.332210033695761E14
-1.0233779930532228E14
4.2655284951753894E14
4.417047416069023E14
7.785330117051354E14
-3.674202738621379E14
9.77043840133198E14
5.255072145333262E14
8.457656838278164E14
-1.4252679898439908E15
5.50436611755417E14
7.392855407883706E14
4.514069309063061E14
-1.2104845504315435E15
-1.1441636573033035E15
-1.983983122243985E14
-3.8618616092842156E14
-2.7381699789247E14
-5.808640848441829E14
-1.1963344222320273E14
6.969114243543779E13
-4.380390010749387E13
-6.876426558691691E14
1.2063236428272602E15
-1.4459965320902012E15
-5.065558697875958E14
-4.0238065844426E14
7.775117721833054E14
-2.108938003826087E12
5.753463162884439E14
4.5508666035571356E14
-1.3216887462893955E15
-4.0636979666550506E14
-1.887773706381299E14
-2.6058687248948906E14
-1.0042795868205539E15
3.480817804406414E14
-5.0297651173245325E14
-8.938739576411648E13
-8.670839788126216E14
-4.178849782644599E13
2.343803768873897E14
-2.3548503231562578E14
3.6260113140380056E14
1.0861195824845362E15
3.2125317022372194E14
3.522363299660489E14
-3.491307988317117E14
-6.911913095544894E13
-7.483012100295082E14
7.604611364924596E14
-9.655178698920992E14
-3.5595618710482425E14
1.4443568327633132E15
2.1457111745620742E13
-1.899911218583017E15
-1.447537111062208E15
-3.82870918030357E14
-6.031681035971785E14
1.1561037824870384E14
-4.012964504361949E14
1.084862878884434E15
5.330614862809739E14
-3.06778810163906E14
3.2963552484698725E14
1.9784173856204425E14
4.1416411265740025E14
-5.757366224859138E14
-1.072103532143011E14
-3.114362240884741E14
-1.551682037656834E14
-6.769869843918328E14
5.5469034106348414E13
-1.1068141314894828E15
2.123211187085975E14
-1.2174665618403795E15
-3.2625775359734544E14
-1.7303974806098525E14
2.575697962966865E14
-1.5937276138412356E14
4.7309046441012425E14
-4.081461942085559E14
8.773002671815395E14
5.206793364007225E14
-6.358663571895855E14
1.0880002944901209E15
-5.813067155352059E14
-9.758028231504781E13
-1.715162353453603E14
3.7088977952370525E14
1.070244635521213E14
7.680022477238514E14
6.839897155322748E14
-1.0677566416077562E15
-1.992415923533977E14
-2.5811807603124703E14
-5.90631703920433E14
6.767912076218945E14
6.220943557431895E14
3.295562327094996E14
-4.215408841085573E14
-8.504725506156935E14
-9.950808493078721E14
8.411336576976599E14
1.1221344814320581E14
-1.173428603142722E15
1.4304096078656772E15
-3.3394083584922306E14
-1.0745379458122019E14
4.1277823852350344E14
-8.846731067926619E13
-9.619829647616992E14
4.082791651964669E14
3.9432975053997106E14
-6.158528900814069E13
6.97779494796666E14
-7.741513143000858E14
6.677110974702812E14
3.4562351749636082E13
-5.597968347457918E14
-4.7168464251771725E14
6.657212913865176E14
8.247725484848562E13
-3.105029028115284E14
-4.438315307705645E14
5.2167714480757244E14
3.2717601373938875E14
-3.0473140556248575E14
1.5205686430288268E13
1.171170438851239E15
3.5330789706370894E14
2.0446644723240125E14
-2.855927567977205E14
7.504356757289435E14
5.346270392190852E14
6.616585137971808E14
-1.6460311873088512E14
-4.746831320077802E14
-5.082292256008881E13
-2.4226850180336685E15
-4.637628806303038E14
3.356597997965083E14
-5.469892568862573E14
2.4401965839101153E14
5.966576465348761E14
2.217768853938129E15
8.826053532211394E14
-1.6505585727181725E14
-2.210342735728342E14
1.0498318592976202E15
-2.792393112182899E14
3.0274973212708775E14
-853198.1860890846
-7.651909166460962E14
1.0489406236530834E15
3.318287048470142E14
-1.406480373778837E13
3.0551521201106617E13
-7.057081151420878E14
-5.228575984879674E14
4.050415003573414E14
4.4859077208992484E13
-1.4994792827699128E15
-5.2056406918322794E14
-9.44763405687035E12
-4.115624406483819E13
6.526546258106232E14
-7.67542611172371E14
2.738598495111928E14
1.4685792951602344E11
-7.747980068330316E14
-1.0646206736791808E15
-6.197307929972265E13
9.457447177457519E13
7.196346623261629E14
-1.1680696440833288E15
1.5284881043792945E13
-1.959713617098668E13
-3.2219566869392075E14
-7.806966119208255E14
2.0346421771776184E14
-3.7918975224082075E14
-5.799272656718329E13
-1.5132815170647328E15
-1.371481622835112E15
-1.090833786735111E15
-1.4644945708557662E13
1.5504783555004908E15
4.210774742647008E14
-7.779303835817486E14
-7.943588871074252E13
-2.2248217607017244E14
-1.7213345741835828E13
8.121902905009469E13
-3.32867173537537E14
1.6165360250958125E15
-4.130228877580925E14
6.454245458303436E14
-9.36926743474045E13
-8.544585293709881E14
3.146374366731457E14
-2.283683703259537E14
-6.515588881046876E14
-1.1728394512220032E15
1.1017271359509758E15
-2.3122619717321384E14
-1.6031210638671972E14
-4.691324194763491E14
5.909980529454568E13
-6.301190324440631E14
-1.6397600203834478E14
-8.792494735059945E13
7.090491491119776E14
-4.039776469511747E14
-3.3709313508542044E14
-2.4984679687532412E14
2.5969089875702844E14
-7.869611880459765E14
-5.440446605584179E14
-6.79464161382403E14
8.433812207526051E14
2.26649350556994E14
3.768754214620155E13
-5.336293374571037E14
-1.72504246609242E15
3.514753487319188E14
-5.969666895986256E14
6.537418591994697E13
1.7802115511427702E15
7.072891894792428E14
2.669142774954411E14
1.384188685900064E14
6.826340507304135E14
-4.2217904480808394E14
-5.549181811899274E14
-1.6521293728105145E15
-3.171334327767113E14
-4.053551393211814E14
1.1012540570894553E14
6.55545723161367E13
-3.361433514738913E14
-9.449582247683736E13
7.151309856992988E14
-1.2836328642370475E15
1.6612633140001725E14
-1.927383678693968E14
-3.2948037737439475E14
4.762829820911357E14
2.7315809310516285E13
1.0746143704704385E15
3.422941347215627E14
2.4497845925642628E14
2.094321751894979E14
-1.0361017346731584E15
-1.4627549652516166E14
7.746908553884552E14
5.489056679150497E14
9.106140902251005E14
1.226899304037927E15
4.262605362673183E14
-1.3604851978665612E15
-4.3816551727616956E14
2.4395415128699262E14
-1.7017603518220832E15
7.16935925413246E14
7.7486128188854E14
1.481118758381125E13
9.348774124510254E14
9.494585803502118E14
2893379.7244102894
