3.20209777140528E14
5.30621893758809E15
1.7295844971832882E15
5.990701409162003E15
-3.795860447514844E14
3.4808360460762656E14
8.254311763685319E14
-4.307566904983916E15
3.2672049758756825E15
-2.909691911823756E15
6.136570835962343E15
-7.169901156595491E14
-2.8420197036264905E15
4.8569698931083025E14
-4.442427984042016E14
-2.1175917641822885E15
-4.758404426450288E15
-9.219758675233369E13
-1.5005951298117853E14
-1.8298204827255478E14
1.6412799405926442E15
2.782461037686399E14
1.8229211764333722E15
-1.1828759120153128E15
-6.278399772942325E14
-2.7968510718971155E15
1.335487725083533E15
6.228846829004251E14
7.452898992100152E13
-2.2163005368511698E15
1.9764492764729397E14
1.8408390789476273E13
-1.75849385004274E15
2.196361522565179E15
1.6210085579679292E15
-9.503121900639234E14
1.8722794021392928E15
-1.0896482767654041E15
1.4662735983739408E15
-2.026086211937704E15
3.725778108474585E15
-2.0717709827103658E15
-1.0418833173499559E15
-5.758737973809501E13
-1.0451640654482241E15
9.321350960592049E14
-3.7926209540508644E14
-6.999748094691312E14
1.8122741742839845E15
-1.1033605888694191E15
-5.843566091079154E14
-3.895624212530705E14
-8.934047144440741E14
2.1786369851140555E15
-8.189956080186179E14
4.7546087281189375E14
7.806951093586072E14
-1.6031931602821772E15
1.1613583495516242E15
-9.060685035070985E14
-1.4179403169665935E15
-1.0510984469212658E15
2.9750244748543185E15
-9.002653330674368E14
4.5017192918692525E14
2.0327585915672038E15
-1.8350868055198395E15
9.035468771056134E14
1.9284139972080666E14
1.8489875203652118E15
-1.1961293745113728E14
3.14624910775434E15
-1.5507493776635482E15
-6.459758272805565E14
3.258123854925247E14
1.7556556320918097E14
6.041947060914675E14
-2.8784315124646056E14
1.0887487065169544E15
-8.644637783372738E14
2.1545445923680588E14
2.6048931969916245E15
4.048064100611899E14
-1.1386088126546012E15
-5.680478303521272E14
-1.1740635552717302E15
-6.85749786108804E14
-2.1615804489686298E15
1.4961869405021275E15
-4.246981113958141E14
-1.1214381537115932E15
5.675912746243543E13
-3.1510127920819895E15
-6.0669696985639E14
-1.2377261212264116E14
2.49511759911978E14
-1.280658956566299E15
-1.0779788452680096E15
-2.1388571386123678E15
9.779420453514901E14
-1.8834967074363082E15
1.6741495551288485E15
8.872334262510895E14
-6.769849739007166E14
1.1600777101020778E15
9.599979279072881E13
-6.861897532495608E14
2.8201253037420906E14
-1.3858725207654492E14
8.655389408527579E14
3.278959818046719E14
-3.98815837108238E14
-1.2362356472598472E15
-5.685142206045804E14
-3.368575180889526E14
4.5498653949891725E14
1.647797815505985E14
3.3916988650828175E14
-1.0882936407116899E15
2.942268013284183E14
3.881249590214526E14
-4.5874528081768875E14
-8.665598815202904E14
4.4827484398149175E14
5.983646605614055E14
-1.847796909460532E14
9.713717992255379E14
-1.054763444023571E15
-8.593900385874398E13
-1.862893605516047E14
1.4943696925455235E15
-2.0667057275718584E14
-1.671778222306448E15
-3.867828229213023E14
4.993204093088071E14
3.672991884029933E14
8.859135728602427E13
1.3428321321168815E15
-1.5176116513045328E15
-2.772548971871613E15
-1.0362844396686425E15
6.048774829137851E14
5.4576721730569406E14
1.543925755556629E15
8.688999937275799E14
-2.3705647968233406E14
1.0656162818643575E15
-8.250265252952539E14
1.3216350521081722E15
-2.0866147759858478E14
4.299872749579328E14
-5.459697338379109E14
1.4303175943185016E14
4.4275723599109825E14
8.967821280917929E14
4.522125965893289E14
2.008668016691153E14
1.344336287826867E15
1.1421410883949715E15
2.4633688337832262E14
-4.721326898920545E14
-1.478251700836618E15
-5.567604179170575E14
-1.1969054360515505E15
7.51294275989677E14
1.4288609234440712E14
-6.152842640995752E14
-1.5766579730238958E15
-7.207152883192515E14
-3.996450769282534E14
-4.24969897960696E14
1.4937807679126358E15
-1.2876471877504175E15
-4.149786755883466E14
1.0532771104483419E15
-1.019331201219972E15
-2.4918432089633522E14
7.850726436444694E13
-3.779129370075194E13
-2.7045129873080622E14
-1.6351789795159302E15
-1.0919287251756909E15
-2.314107371002121E13
-1.1183049594840135E15
7.396984681596138E14
-6.487145686587646E14
-4.594874411134713E13
-1.7723816790449212E14
-2.8123513272598866E14
-1.636775297786588E14
2.1189587054687494E14
1.0302661165502556E15
5.546868820592924E13
2.1932773813916428E14
1.9541482362911766E14
-3.3195744599889425E14
-8.356746668080885E14
-1.8699967892991178E14
-1.0457110405717281E14
5.37732957739834E14
3.135326796695468E14
-2.8923677297622156E14
-4.8804192381442425E14
1.8485791981676784E14
7.982839758962581E14
1.984772215039039E15
5.799988378126035E14
-1.5806706689798958E15
-1.921239976723674E14
-6.839160617684255E14
1.4352137043642528E14
2.5619479949188097E14
1.1471148940246935E15
-4.087442052447714E13
4.517392921037194E12
1.6651136276556966E14
4.274869558892278E14
-1.6508511498764898E15
-6.738322310977862E14
4.270220166525263E14
-1.6274064772372932E15
1.2873937175753918E15
8.473634301956884E14
1.080756711279879E14
-1.002509151091137E15
-2.2063490698033716E14
-8.041778151243872E14
-4.889905783000257E13
3.504734981482979E14
3.2874473509642285E12
1.6588601624850078E15
7.547307698914478E14
-4.0288213677809294E14
9.054165373281061E13
1.4018267018404042E15
5.706454791577011E14
1.5507193176313897E14
-1.203874373142663E15
-1.0912811709613209E15
1.7479605484940206E14
1.4890153710111125E15
7.195565446457291E14
-4.085379629868223E14
-3.1180573224930025E14
-2.73160578375776E14
3.461863565791395E14
-1.803695811923643E13
8.532835770298916E14
1.0708157099642792E15
5.756002077658149E14
-9.653386663976062E14
-4.666655183829668E14
-5.716320432445041E14
1.9481133844452378E15
-5.222322175318343E14
1.3453196307074714E14
5.276610231444557E14
2.3796569468117472E14
6.605174259063629E13
1.3758177543822328E14
-7.420402062556044E14
1.965167490843563E13
5.438147554636411E14
7.495093901064753E13
-1.3980278963834092E15
9.9901016763197E14
1.2479898088046042E15
-1.4305918386816468E15
-1.664251743499577E14
-3.072261885187896E14
-8.761836384066638E13
6.761377328472656E14
-5.495858436052777E14
3.9788739035762494E14
-7.227519065974469E14
6.119869483129031E13
-2.3489473869377844E14
-1.553010333359931E14
8.909186965343185E14
-6.417055062824425E14
1.4041039892348255E14
3.634739425619071E14
-2.2355785410537784E14
4.381471141014833E14
6.141377499024774E14
8.650225137280691E14
-1.2723825704598422E14
1.4328960577409366E14
1.8411845476337275E14
-2.650846191206799E14
-3.399522411878013E13
5.615457165823432E14
-4.583495704605678E13
-4.5199108190018794E14
3.501158287158246E14
-2.4637456707831906E14
-7.683960438872621E14
4.404514068881536E14
1.3955928675420339E14
1.8682666033532712E14
8.116725975488651E14
-2.5304411012130612E14
6.529846362538459E14
-1.2567349528337847E14
5.734072883661134E13
8.517695947863532E14
-9.545576378982712E14
-2.7449002832205094E14
5.670570038003205E14
3.95636799011085E14
-1.662857938101975E14
2.1992036492177706E14
-7.972095375755285E14
5.4358968823488706E14
1.087366065029908E15
-4.024022640548443E14
8.086714277164969E10
-1.424938539643085E13
2.1847542638483594E14
1.834801081940988E14
3.3198814305603285E13
-2.8432021133242806E14
-1.2090493414100322E14
-6.219701008105759E14
1.2112003184750039E14
8.887947976423634E14
-5.023084104789829E14
8.876187825205108E13
-4.5157399048416644E14
7.678787021917172E14
-1.7132893230934898E13
-1.9988349178807778E14
-4.190078311267719E14
-1.5796814674782444E12
-5.487230801059504E12
3.923630104328995E14
-1.1247481515753952E15
-1.7510422834206756E14
-1.061084102773725E15
3.60174439282993E14
-2.935506171649916E14
2.6149115812360816E14
-6.326316713558725E14
-7.030405750098465E12
-1.080564105170495E15
-3.090910486746429E14
3.076478047193451E13
9.68210626882655E14
-8.36291000597413E14
1.6623661163767712E14
-6.431320506929068E14
-3.111504987228572E14
-4.941696510530741E14
3.8023688940212225E14
-1.5137017864281775E15
-4.718200349760587E14
1.4981682238941978E14
7.247851687021119E14
-1.1596742416134825E15
9.233703648687396E14
-4.419274949144788E14
2.6016394773009744E14
5.306117017517594E14
4.25667419428818E14
-6.26665175782112E14
-6.751236085825396E13
2.0248678729589472E14
-3.440151375847196E14
-9.412772383976455E12
-9.389341675152964E14
1.3310813402437967E14
-7.002622093670846E14
2.7905025101229556E14
1.1767623254753715E15
6.980499868980802E14
-3.488522368406744E14
2.8099742132797347E14
6.594999333905182E14
-6.350522050693885E14
4.642842577221543E14
-1.7210417916205508E15
-1.0808173917705692E15
4.05994050569146E14
-1.590638536617899E15
-5.0050807243641356E14
-7.688776228017659E14
1.6124740060281012E14
2.3924550342953622E14
1.0257590218544856E15
4.98514524619426E14
-5.919799782140475E11
5.1624046647742906E14
1.834446469668005E15
-4.679271637757117E14
9.118532932169553E13
-5.78762814346491E14
-4.7303019446111325E14
-8.828411777418968E14
7.082805450299538E14
3.300608760492881E14
1.0741965974188719E15
-2.0884531057247303E14
-1.1198335305696505E15
8.399799564863388E14
-5.745599480482925E14
-6.926803025784059E12
-1.0305711950260847E14
2.3460408593126005E15
2.2064083887695094E14
-7.090022642429154E14
1.5254077299901206E14
6.240442025713664E14
-8.401397373241224E14
-8.250260548251345E14
-2.4263601756443227E13
-1.688581117567094E14
4.718168499248366E14
-6.971632798663034E14
-4.072587462740528E14
2.98379956576819E14
-1605956.1384932778
2.184576931452736E9
8.10460937333529E14
-2.6671358072480674E12
-2.369312082190696E14
7.423628277126161E11
-1.0941243857404973E12
-3.6016963501148525E14
3.888504302226807E11
-2.1026513063319727E13
5.2383450615594175E14
-4.528483230509733E12
-9.359546976131446E14
3.576669321952344E12
-6.352706800090972E14
-2.5070096533455044E12
-1.0550450130883606E14
-9.45857507843349E14
2.828603976307258E12
1.2354934316723229E8
2.5454213266579334E14
-4.79517477656008E13
1.451372845007869E14
-4.875664839704344E14
1.9738098987735812E14
-1.0345202759381632E12
2.4410628710015792E8
5.217321181370654E12
-3.9948367576568484E8
4.416160441208117E12
-9.940574604626771E14
7.261835848187519E14
1.799090787587689E14
7.022019286161435E14
1.9506320003177347E14
1.1363949422423956E14
1.3111101307756652E14
4.6410150024009494E14
-9.700863627082454E14
1.2207824711265076E13
4.743185076275828E13
-1.0645503433331665E15
1.0820193034103103E14
1.0886781856838295E15
-1.575632988125401E15
2.9825723933327344E14
-1.0735401288428624E15
2.970702504525853E14
-1.3504147057248788E15
2.899119005759477E14
-1.1843844350426802E15
5.925518122370085E14
9.13242667917646E14
7.783202854862736E14
-4.010146076205536E14
1.074219463370826E15
-3.3749072148610906E14
-5.87507398147183E14
3.1922627454079225E14
-4.501852756582477E14
-2.453794623199314E14
-3.139788549597889E14
-1.1509029051321667E14
-1.6199765595039022E14
-5.823462831364715E14
-4.453963508699809E13
3.411463151357058E14
-6.670046157516879E14
1.6957028090476144E14
-4.613258781354818E14
-4.157266412621412E14
-3.1862117445072926E13
2.1834523693978322E14
7.271093503943736E13
-4.751815945545708E13
-4.26839512822344E14
6.643617368215188E14
-6.315022688354541E14
9.460049818939546E14
-6.209169147203224E14
-9.876887701463908E12
3.0135131808654206E14
-3.265359862203129E14
2.5183332005658072E14
-3.3706047078916145E13
1.4316089854980322E14
3.8862073662042256E14
5.683466976703235E14
1.4510530849636503E14
5.133333287866789E14
2.2809721556162794E14
-2.8291161566138256E14
-3.1725316572004133E13
-9.98833106382485E13
1.6950176514139653E14
2.2810266094717484E14
4.291851501679952E14
-2.815810978694889E14
-4.8567213731516375E14
3.244851668997862E14
-1.3151338090144718E15
-3.2905398195445E14
4.7213278681514056E14
2.610548351714101E14
-2.6926798239335725E14
1.7939670706769784E14
8.035467654218524E14
-3.8405243446187344E14
7.133865151202768E14
2.4688513907825028E14
-8.127706581820794E13
4.946146980872846E14
-1.126080337040799E15
1.661629172858204E15
1.2185459140524582E15
1.5977168831823956E14
5.2130802371810044E14
4.0568324857338156E14
-9.147167320186705E13
-5.3872680623491075E14
-5.851122074480964E14
-1.8501702107891747E14
1.7014099567188094E14
-1.0113635856137158E15
5.855101921392236E14
3.2557292693640106E14
-7.638096918759874E14
4.173980519952781E14
-5.135791618954227E13
4.060367092228801E14
-7.645043633038846E14
-4.380282098498116E12
1.4458212578464205E15
4.587509711568665E14
-6.030040134257394E14
2.088145909906645E14
9.002926027427242E14
8.006232094162531E13
-3.1485455443653656E14
-6.496378130963315E14
9.189026173689255E14
-5.944531031503306E14
2.6842463291887953E13
-5.711152286585099E14
-2.7522768426265862E14
-1.369491065703112E14
3.788844201702264E14
-6.315704668781582E14
-1.647972558063862E14
-5.5104522470357044E14
1.466648126923172E13
-1.0012878056292127E14
-9.846946985960348E14
-8.207306862866774E14
3.168483507029273E14
-5.786646887980251E14
-4.735416096553873E14
3.4395383962136E14
-1.821884755925309E14
-5.055964929144444E14
2.625054678966261E14
3.556461839846981E14
-1.6764967261302528E14
1.695009985150343E15
-6.24386964310046E14
5.897424947361738E13
-6.887182057304359E14
2.6398652387530925E14
7.128789562343571E14
-4.910048350054861E14
2.2423951832848456E14
2.4783197887217503E14
-3.810188880150106E14
-5.112520331381517E14
7.240711258670575E13
2.716227191539094E14
8.377322503124784E14
4.015293972326595E14
-8.266924443948126E14
-1.835868295180682E14
-1.4642110259896988E15
1.7167165322508334E14
6.748183020418329E14
1.701865299262228E14
4.749457861816023E13
-8.69027459156573E13
6.054943838413491E14
-4.567721643227505E14
-1.0923601578620188E15
6.1149700189606086E13
6.178847512339622E14
-3.81976464129157E13
7.655072981699958E14
7.311046571729015E14
1.4200098231912238E14
-9.058382316375569E14
-4.0006592676298025E14
2.2893752247283272E14
-7.913643295336305E12
7.647778622535431E14
-1.1196973400796962E15
4.373112316885164E14
-2.170900258497821E14
-4.409128515045493E13
-9.755749245942466E14
2.6990857798695656E14
3.262378684602882E14
-1.8809205088947803E14
-2.2819067466754403E14
2.1823413850206103E14
4.044907654143293E13
9.410450466112764E13
-8.257333754249926E14
3.9099303666366425E14
-8.084804457172972E13
9.235917831050979E14
1.5369539908775712E14
2.1869696862646478E14
-6.382274944384934E14
-3.523089246968647E14
1.47486762675516E15
-7.552626716743022E14
-2.7460278178101716E14
1.3106826148096778E14
-1.3905662701594327E14
1.2455244100145922E15
-3.6287427162986375E14
-2.5221035256376383E13
2.4040405025220922E14
-2.7354147946805675E14
1.1353239078039662E15
-2.781095657868353E14
-2.8135398339580825E14
7.15116854118619E14
-4.895342160456812E14
-1.904224086696337E13
2.9003453146742025E14
-2.4908368920649128E14
7.485640454497908E13
3.005847664212177E14
-1.2095402005755453E14
-6.331324764868819E14
-9.340071806241811E13
5.619478677572034E12
-3.356473408535488E14
3.2150164369942044E14
-5.702491162888964E14
-1.062751905885278E15
7.647542276645061E14
5.982533916941422E14
-9.283221760744714E14
-4.0685170077234706E14
2.83092855640812E14
3.97251647417056E14
-9.840323306712052E14
-7.165090834901816E13
-4.457799426369416E13
1.9623664322294384E14
-2.870003444481325E14
-2.915368280859336E14
7.152938646167264E14
4.7820813501462644E14
-3.153763256765848E14
4.8865209426520944E14
1.3686280713581365E15
5.296184990104708E14
7.095557154848302E14
-8.547622085270956E14
8.712561452920304E14
-7.750934838467636E14
-1.0672254430908677E14
7.786083484437085E14
1.3274683458962956E14
-2.0713477412862753E14
-6.415554202452068E14
-5.61444316095107E14
4.2245374408101794E14
-9.403193628789931E14
-8.488869110459684E13
-4.172055940112251E14
7.018719992930896E14
-2.222420052086396E14
-4.663173154332919E14
-1.4807424937746444E14
8.629066242091254E14
1.438505544842603E15
4.0147458556622756E14
-1.498238956238929E14
7.113289818798305E14
6.814306542418364E14
2.4534828491286288E14
3.709405150877606E14
3.2668280316959675E14
4.6006660606359406E14
-1.1106045230963456E15
6.150323525107314E14
3.591475976858563E13
-1.347941542033755E14
-9.029286296506492E14
-1.7503153586227247E14
-1.9043442828126634E14
-2.3022677201812453E14
3.577030353019788E14
1.1017474879350592E13
-2.2878865006781203E14
2.531440483721454E14
4.912622198295708E14
4.508209000335481E13
9.296689591949485E14
2.289492562521205E14
7.990196286296456E14
-4.703989697312562E14
-4.762936836349559E14
5.056800714211303E14
5.155987431037727E13
-4.025227707204696E14
2.5426421957010753E14
6.37275397528455E14
6.331521490439204E14
-3.186888683986979E14
4.541502134666871E14
-4.578269695951492E12
7.042069162017552E14
5.1399308944444856E14
-7.794216059809426E14
3.6591616325305875E13
1.6108928360920692E15
1.0452985196174058E15
4.236783117784158E14
5.1641779260809094E14
-1.1264232543209311E14
-9.85844356565364E13
-1.0359718254380565E15
-5.062599167838336E13
3.561115632952028E14
-5.581178051106857E14
-6.522888616136569E14
2.775465203378837E12
5.497257839129423E14
2.3008761151273128E14
3.896794500257838E13
-4.8149848994671805E13
3.851519322466706E14
-9.081313978055336E13
3.598616559586621E14
-8.586532176927911E13
4.053077400038788E14
-7.11318741153816E13
3.406253116886204E14
-3.0840545621339977E13
3.034341500201546E14
-2.610454431896672E14
5.190213723717305E14
-8.641055204682365E14
1.2992793803004514E14
3.738750691710347E14
-1.0813646121791226E15
8.324075316585046E14
1.744234470045884E14
3.5162535743045325E14
-1.6615644735094434E14
-4.5840759143093594E14
-3.657631297781375E14
-5.059602432716911E14
3.4014318413029244E14
3.904222807682109E14
3.1460368563784544E14
2.2081273630691617E13
-1.0290793437854805E15
-2.28824287087432E13
1.2741591241935244E14
1.028458834266059E14
8.270259338848661E14
1.5890168578553206E14
-9.784581692703796E14
-6.001233169249582E14
8.127648359541264E14
-9.795894771880709E14
3.575858450481971E14
2.199174725539227E14
-3.3289675669894994E14
1.9307675262640444E14
5.569496528047866E14
1.2544581264545595E14
-3.89732434770712E14
-3.7121887329477606E14
-1.2961368833864431E14
9.275533564054264E13
-6.8057002550579125E13
-1.1394178253809231E14
3.5287447250748944E14
5.3132918991190044E14
-8.216756389345597E13
-3.861670032081048E14
3.3730089349840206E14
4.682989155072056E14
-3.1201599025477725E14
-7.482581442186589E13
5.843790794790657E13
-2.897677487896541E14
-1.2066982881414445E15
-1.0233640644194434E14
4.7172931847427256E14
1.890280205750999E14
-1.1264843199250283E14
-3.289347204215326E14
-7.01148845849677E12
3.325494150172762E14
6.513004669953616E14
1.2462616967905258E14
1.832859820845478E15
1.9441010173802938E14
-3.829702597623899E14
5.2615755951722775E14
-4.761318323122292E14
-2.3857060552434697E14
-1.4727220552749152E15
-7.155211801553809E14
-2.2401353828950225E14
1.3684939278955867E14
-5.840503068948725E14
1.1604573797896898E14
-3.4571364245815785E13
2239733.236239352
6.525967420968318E14
-9.092238692504072E14
-6.72913872894611E14
2.4420078862626645E13
1.1276621998379464E14
3.658697901700946E13
3.80999755380454E14
-3.133950005667689E14
-5.189883566756007E13
8.152624656060435E14
3.0263165110448394E14
2.4230781970603535E13
1.69740546262509E13
-2.0757413656777456E14
5.694710832426105E14
-2.935952549543034E14
-1.3587066626497328E11
1.7210183655845712E14
6.962521339094149E14
4.37559851704754E13
-9.742602384941734E13
1.0080471016732553E14
8.868224679371106E14
-9.059764570257229E12
1.668419697499949E13
2.4362400078738425E14
5.3293480689616206E14
-2.5374068291336338E14
-1.2454875589353912E14
4.863899277271607E13
6.579671672368819E14
4.656790506440867E14
3.4321618688730775E14
-5.3066422618270336E13
-8.035989956455429E14
-2.102893682492412E14
4.274869473571946E14
2.0799860977872238E14
1.7436294448120666E14
7.833201243188954E12
-2.1673099154945488E14
-1.9740919406810228E14
-1.1970667015331652E15
3.2358078157203394E14
-9.274110535791011E13
1.7245003456719003E14
4.0967955330450625E14
4.168382851053058E14
7.044813286320631E13
3.5220006489023406E14
9.058498981467764E14
-1.0320603379937982E15
-1.8286068889941934E14
3.740896076624612E14
5.522570432490181E14
-7.563809795899866E13
3.586771728060789E14
1.1760905096944127E14
5.644808517410775E12
2.0380878553506212E14
-4.749695548021288E14
-4.654186155788464E13
1.4237655982391178E14
-4.116838879462138E14
6.604464140425289E12
8.940293805042244E13
2.032408396049853E14
-8.379487445871786E14
-1.3425670837673138E14
-1.460906353325031E14
-2.9921613224800457E13
1.4333373972310212E15
-4.722964095164682E14
5.055982720601084E14
-5.04223187220795E14
-3.2275501602306294E14
-7.577532886687956E14
-3.11399914484828E14
-1.1050126834032234E14
-1.2074602502262402E13
-3.960066458630391E14
4.542456655529142E14
1.3669762026304292E15
-1.367396628186673E13
3.821949641059951E14
4.3426406380515394E14
5.0572989278144294E14
-4.129723754145872E13
-2.4113729298640903E14
-5.530058353491121E14
1.0065987580101224E15
-7.667806889784348E13
1.2028391280945745E14
9.664342073178619E14
1.5820189137571038E14
-1.2087362072749458E14
-1.043379150214838E15
-2.76118952889532E14
4.026018371316916E13
-3.6596544972391356E14
7.73312460243564E14
2.954698454199043E14
-3.8718455651364575E14
-4.505848148675478E14
-6.806151717442746E13
-8.8455380930381E14
-9.453020013332125E14
8.130619260442466E14
1.8084568098448797E14
-2.8294857036744294E14
1.171334930646221E15
-8.53851485115594E14
-8.144588279517251E14
-1.5951305658769188E14
8.290915664973245E13
-8.877537906572601E14
1288857.0604231264
