1.5446993245796508E15
7.667887869127984E14
-2.7291206309909597E14
-2.1145852196144562E14
9.91988208597511E14
-6.603139556472126E14
-4.678431808377038E14
2.480454737169645E15
-6.01667289948808E13
-2.2560741714609822E14
4.495142324923584E14
-2.305308359898801E14
-1.5143274407123518E15
-9.259825741675964E14
-8.60768384117488E14
8.061388708022671E14
-2.453300182132969E14
1.245394988408647E15
-9.003935237982892E11
2.3710063045160934E14
-6.237595771518521E13
-2.871537865919296E14
-8.39418544931433E14
2.0078360957040628E14
3.4129717636229144E14
2.9133905438706644E14
-4.668629406862831E14
-6.197375055605701E14
-8.562519672708446E14
-1.16203300256609E15
6.098282384572869E14
7.212069622119344E13
-6.02898491389297E14
4.4010709064520525E14
1.796647565882298E14
-6.375482325190864E14
2.889503398239948E14
6.09772920815082E14
-1.1494571530403042E15
-2.967445471875607E14
9.682132758714945E14
-9.280372758098491E14
3.9756985599447425E14
-5.9722230843448875E13
1.0611570977788048E14
-1.7369088595905697E14
-7.483842000818345E13
1.1501554999446708E15
6.822931298351125E14
-5.609832091662418E14
-6.675202773598134E14
-2.5260983950489758E13
-3.6478104096658906E14
6.006113268270958E14
2.231204060243946E14
1.8825591530141512E14
-9.016379849915756E13
-1.626185494694061E14
5.510331665034239E14
-6.342292168035949E14
4.000070658871656E14
-3.6620380102426894E14
4.321976110397051E14
4.280074294857543E14
5.8624554955075164E13
-2.805721798821934E14
-3.231255932024484E14
-5.996793365764606E14
-1.9334720762410684E13
-3.649249573587831E14
1.1770398194765766E14
6.091817248392676E14
-7.075415005759577E13
-4.5821444963360125E13
-3.6359029725511494E14
9.264116995870844E13
-6.205397162203785E14
-7.523526476094465E14
4.536751110086436E14
1.936558699944948E14
1.5037832753702494E14
8.357039367569929E14
-3.092232729297778E14
-5.726008700471316E14
-1.9500771156523612E14
5.949550709556821E14
-3.0172097903142394E14
-6.538729574503473E13
4.519870067382345E14
3.5233876143361194E14
4.3184385963995194E14
6.122714974970682E14
-7.614535211891096E14
-6.588734701738592E14
-1.655780252300337E14
3.696464861844097E13
1.049981993007806E14
2.674491466521724E14
-6.434448774142665E14
3.301055922057931E14
-3.1793192189202094E14
7.78892274406616E14
1.8247826122252156E14
3.1912475795325856E14
5.5683379521308644E14
8.556174644106862E12
9.835133079237461E14
3.688282129547353E14
-7.21270874364952E14
1.6113147998858838E14
-2.94462806923793E11
1.2558114950605816E13
1.1573069747954084E14
-6.12871871053258E14
-1.3902790038179884E14
-5.1579913477310266E13
-1.2448288364644134E14
3.344624945060455E14
-5.999509827028879E14
-5.5121671577172575E14
-5.5120829894583294E14
-7.564691691423484E13
2.3826406592465438E14
1.0014002096858676E13
4.912302942449146E14
-3.881435747009588E13
4.8206271255950894E14
-4.246951103422363E14
3.0751816891433844E14
1.269887601905619E14
6.29569343444244E13
1.0287715747139625E14
7.615688359987625E13
4.361951208122962E14
-5.432105180571776E13
-1.6836837618601522E14
-1.7845413711035988E14
-3.3536996861409E13
-3.685472373864115E14
-6.784994137969248E13
-4.684633014105717E14
3.7557164878597694E14
-9.073983102843033E13
1.5822852522254347E14
1.6463505999936784E14
2.3230478432848825E14
2.6859267634648888E14
-3.979246567782765E14
5.278136945391537E14
4.7055771070634956E14
1.5226892431779222E14
1.6953617962630006E14
5.235845934475048E12
-3.0696857566581794E14
3.888548036965017E14
5.2817140723149766E13
-1.5331280892539625E14
-2.3007419679040925E14
-1.1993448290186356E14
-1.700840633243282E14
-1.190187426906606E14
2.5548996991723168E13
5.521291860512126E14
-5.138750503016316E14
1.652032510258514E14
5.089892537909895E13
-4.788701034655044E13
-3.4317694800791856E14
-1.089496046268704E14
-1.0429571643101478E14
-2.0492735412557784E14
-1.9221786015776828E14
1.7464969844123884E14
1.2692413398077288E14
4.443581239732295E14
-6.073940000733662E13
4.4731360288050856E14
-1.9930718422889716E14
2.659322496588607E14
-1.3898830561182867E14
-2.234021431666361E14
-1.5075175079220975E14
-9.514646161266526E14
-1.51663638368468E14
2.930452971073784E14
-8.891532292346822E14
3.0381527082567925E14
4.129256438927001E14
1.1710544671764214E14
-1.840174145425849E13
8.806073152609383E13
-1.430217080733297E14
-6.818415390042005E14
9.736774284653756E13
1.673430927849452E14
-1.777709058419472E14
-3.5160674797768625E14
2.922335866795421E14
-4.421475094231271E14
1.540805677163145E13
-1.2245465447198395E14
-5.350793107488237E14
1.0317121764395177E14
1.514208262506988E14
-1.2705096451244916E14
1.0018561621327374E15
3.634326396568445E14
-9.623388759525753E13
-1.507809898684987E14
-8.4101240392385E12
-3.4641187983861644E14
1.627933161868133E14
2.3187967786914162E14
1.3405682394345019E14
-1.2361227945797244E14
1.037004465610944E14
1.597064932689628E14
-1.4376059234266134E14
2.6396132322036322E14
-2.066616433176174E14
-3.2591858085763944E14
-1.263423252654689E14
-1.6720752525845062E14
1.364977272059332E13
-4.905271369791696E12
5.275233138572986E14
3.706110007420049E14
5.811160851166907E12
2.4257571033627884E14
-2.374362414487596E14
3.436587351721091E14
3.275785346906275E14
5.5116058189391984E13
1.666118840531043E14
5.3659849752990794E14
4.0440230356750606E14
-7.158360310569196E12
2.905161813218206E14
-2.7518490567538222E14
3.1760283065850006E14
6.992285745656862E13
8.734819168180902E14
5.1463786824475164E13
-5.0557676916534056E14
1.698285726148353E14
1.3913139278910302E14
3.629658612377522E14
2.7398177127091378E14
5.002897963673297E13
2.1030420781420088E14
-2.6275141748258453E14
9.94931497986995E13
1.6535114287095478E14
2.653241949145636E14
-3.205665733595591E14
-1.977883875697778E14
-2.9310706849995925E14
-4.069690929202262E14
-2.3264173231699438E13
2.025001161242758E14
-1.8857554074472372E14
7.202080248028223E13
5.969123926867766E13
-2.3110804025163812E14
7.911810611817448E13
1.4008284708440064E14
5.790831067090069E14
-4.1722940657381694E14
-3.534992563305926E14
2.4656629492604816E14
1.1832164251078014E14
1.5966004034090734E14
8.667979385623052E13
1.46637901578828E14
-4.535461107586331E14
7.652485849239794E13
9.46401533296574E13
-9.330221426679364E14
5.014581815550779E13
-1.1262898129573275E14
6.115917243956718E13
-1.8654259111001656E13
-3.29678667241201E14
1.1198867086026219E14
-4.3830258839408675E14
5.992104860238361E14
-9.750298810548809E12
-6.374075095214957E13
1.6015408023295756E14
-2.6373785280937912E14
-4.757241952925768E12
2.4613804769601838E14
4.210699979647273E14
-4.618024619123715E13
1.542211680435947E14
3.795358900629124E14
-1.3505755375515844E14
-1.960100216473154E14
-2.418793488796072E13
-2.9203452179601656E14
6.70237273657208E13
-1.2289550133849848E14
1.2656317429752111E14
-1.750624651101145E14
-2.165071172092077E13
3.802400661172625E14
-4.72132213266719E13
1.937904746913589E13
-5.780223869836591E13
-2.0376407566171884E14
2.1065437486929975E14
-2.9891970119568465E13
-1.2684017608615758E14
-7.080116525842484E13
2.0267761138220034E14
2.2850215930904784E14
-4.082203930719066E14
2.2288282197813097E14
-1.8675698767522772E14
-2.053423358811243E14
-2.0035595317950734E13
1.1063932967238703E14
-2.192669786775099E14
1.335556633042483E14
-1.4144260715024065E12
1.5691387729283853E14
-2.0377592250334516E14
-2.5087330064769553E14
2.2978512457167562E14
1.4473042299064544E14
-2.663600569515124E13
-2.4140439934282535E13
1.6592485819912216E14
8.425023131018444E12
2.944191126565968E12
-1.902368947482006E13
4.2527003903007494E14
2.6518904730819176E13
7.190293437922695E14
3.4099730282607356E14
-6.6481656555994516E13
4.8071753840809306E14
-2.6705125506569288E14
1.1660270669209733E14
-3.4641647180586348E13
-2.4044581605620556E14
-3.764601351048362E13
6.571293376664932E14
-2.140593132773449E14
6.271789959398252E13
-8.223441969900606E14
-2.3426373423677928E14
4.913791223894759E14
-3.8486907834649644E14
-2.2126026050447578E14
5.299984373247552E13
2.5965650866205762E14
-7.163650439147014E14
-8.368933384396836E14
5.804682401168446E13
-2.5116694509079425E14
1.6793001830407572E14
1.0946954484805806E14
5.713316587517836E13
-7.687168453542503E13
2.8284352911519717E12
5.642251652880436E14
-2.1625458282244547E14
3.298907014612556E14
-2.1470226166982422E14
-1.9005259360929944E14
3.735849428051604E13
2.3367077902488E14
2.720042360684236E14
1.349643122195569E14
-2.6959076553290872E14
-1.0804990096143531E14
5.150424219473868E13
-3.040912315076513E14
1.1818127475114258E13
-2.9039905035888E14
-3.452839887308959E14
-6.515041228510832E13
3.197730050753011E13
-4.15705413633388E14
-1.8344590556902188E13
-1.062390755468791E13
4.138515810700408E14
-3.046179411919266E14
2.6050411726644816E13
1.2114877377996112E14
-6.255525927260939E13
1.697175423257404E14
1.4737221679364797E13
8.221200312295328E13
-6.622932147300481E13
-4.7554007539108594E14
3.5145598512121706E14
2.2135803710202305E13
4.688425319293885E14
4.799241234861017E14
-2.758524416594666E14
-9.463258084408189E13
3.048375903714421E14
5.275678284389304E14
-4.004453888738191E14
-3.362890857440905E14
5.76631239847491E14
-3.757066357685568E13
-1.5153404628565594E14
8.045547217812203E12
9.892756891846462E13
9.957888139479986E13
-3.7054450528237275E14
-1.003122963140498E13
-1.3626789451796977E14
1.3855498139110097E14
1.0170707553419342E14
-1.446857072968093E14
-2.0771574506331556E14
-62262.31396939838
-2.185617259662971E8
5.245630387645044E14
-2.9096138599601704E12
-1.2149865301722884E14
-8.49410297316638E11
1.424221528053996E13
-1.8541522731634528E14
9.481334401585587E11
-2.8942055341497344E12
1.1699769759512873E14
-1.8458577645130703E12
-3.4835152178727394E14
8.687050311329961E12
-5.10134410737109E14
2.9163374042497583E12
6.143935730246941E13
-3.307576508070004E14
-2.1661285412318845E12
1.2712629439125704E7
1.0848184583755166E12
1.9316126866466918E13
4.835542310420388E13
2.745523298974535E13
2.4162311974886223E13
-2.836871094003337E10
1.9132637421618044E8
8.713123674948259E11
-1.3769956633380863E8
-4.106264003676746E12
-1.58787727308004E14
2.0075889050205928E14
-2.306280912817749E13
7.14141362516187E12
-8.419713191301142E13
1.0425433299461377E13
-2.613331405419877E14
-2.589455949701599E13
5.0575973618103055E13
-7.064565247545386E13
2.2144080328597812E14
-6.280216758644237E13
1.3304986847780908E14
2.2281097793362024E11
-4.6538851021744844E14
1.1972965769612681E14
-2.3615654129965453E14
-4.1559448576655312E12
-4.6129001378499794E14
-1.415925875401192E14
-1.4004335314683623E14
3.639975794786905E14
3.639521965324855E14
5.717120897942805E14
1.0660924621185298E14
1.2757900468218336E14
3.136818721877421E14
-3.8106625146517925E14
-9.907551965543305E13
-3.3091278849066725E14
-1.8496247797616716E14
-2.623528258376029E14
-6.932641582385909E13
-3.7443279225546394E14
1.9331604699700672E14
-7.674355772444605E13
1.2656786466110114E14
-7.348619291949635E14
-3.1956422931529856E14
-3.4182115447632194E14
-1.9693974812777878E14
-4.647997252533313E13
6.4838761636719945E13
1.3481166682162073E14
-9.112449475616569E13
-2.3307372905475972E14
3.593878184932569E14
-5.973518248038507E13
3.5744586867752325E14
-8.455368410402473E13
2.7980243577778262E14
-5.429826642039416E13
7.792325471488481E13
5.964627843242471E14
-3.4611632900725994E14
1.0010789770382539E14
9.011774748029338E13
1.7481794711451575E14
2.5698499970199672E14
3.659097176656638E14
-2.2592231070449772E14
3.0101565315320355E13
4.281403408316747E13
2.3571292409505422E14
1.009213281392238E14
2.0107462674438153E14
-3.7354700587382456E14
-1.3342448251501947E14
1.3180385061654408E14
-6.2144455705256375E13
2.2103928477160588E14
3.031196033120343E13
-2.916933184620164E14
-1.6012440148692506E14
-2.524138473575939E13
1.3440787112789075E14
2.5738125587078538E14
1.737701117533679E14
1.6821883633241E13
-2.4069048207118894E14
-2.8916726962576348E13
-3.952823732956139E13
2.8172832477553356E14
-5.883514969609499E14
-8.307451499237744E13
8.925669741457803E13
-1.9293823431872544E14
2.9149086759703508E13
-1.8913479786636644E14
6.2769117682296E13
2.6057059876115828E14
7.22172697155759E12
8.263512406926089E13
6.6840600622438734E13
2.932056722723585E14
3.2934354745006206E14
-1.6326360893447053E14
-5.058445092126191E13
-3.509483655940995E14
1.9961424201946647E14
8.939242544778139E13
1.3464795422195705E14
1.718526853453111E14
1.1861881742047811E14
-6.590023310298428E13
-2.4442278760605222E14
8.450144871772627E13
-8.295990861402055E13
1.1668086594121762E14
-5.643231948998178E14
-1.6471547819895834E14
3.948540449454604E13
-2.0433042531239488E14
-1.7343425091312103E14
-8.509805735374245E13
-1.5118840153809934E14
9.879434618561428E13
-7.660636977207938E13
-1.8838202294048078E14
7.349277948751439E13
5.511201290567855E13
-4.115379418840863E13
-4.503906258292821E14
-3.771117878929703E14
-9.764607225733983E13
1.844427825658363E14
1.2266495807738139E14
-1.6633315394228592E13
-1.415648806709785E14
1.148315463126823E14
-2.6067307185093353E14
1.7337524640401284E14
-7.138635142274534E13
-1.2516971134312231E14
-2.3086543501866544E14
-6.4679535421510305E13
-2.4105755563064947E14
6.965761704271254E13
2.2145985343810616E14
1.992505320828281E13
-1.542708746781071E14
2.3341610800033306E14
8.845180719776582E12
-1.6465999389301444E14
3.021939188670534E14
5.684022366762913E13
4.4773813232638805E13
-9.647427767373291E12
-2.4142595636922225E14
2.201283827222101E14
-2.9379780883534133E13
9.039080183896286E13
3.362713074961071E13
1.3595187674689394E14
-9.64716149731597E13
1.9477801834079388E14
6.076695568146819E14
-3.2245017960110906E14
-1.4929457434944538E14
-8.262189122119363E12
-2.7373812430548847E14
9.687128955170452E13
2.2844644063966953E14
5.455763841620234E12
-2.87213138406654E14
1.4449529743900273E13
-2.3545958991741434E14
-2.25005751967106E13
-2.0975300152664397E14
6.181227938339107E13
-1.1484851590436255E14
2.879876054534928E14
-2.9143475224378625E14
-9.290891544409373E12
-5.355844842356513E13
1.929939869088152E14
1.5514487095439184E14
-2.0303070715226197E14
1.0311357603439014E14
-5.382596137544257E13
-1.3308360591321106E14
3.285282333402746E13
-5.018032157883774E14
-1.804050665021823E14
-1.0047832718168627E14
2.4862218745314097E14
4.68609372798919E13
3.390371893029513E14
-2.6991942422818278E14
-2.5152496113315466E14
3.1872109561773556E14
-7.47279559434824E13
2.326058962647597E14
-1.4416634619867384E14
3.740988600616412E13
1.1560748938109747E14
3.3358528467168806E14
-2.2583206786279742E13
-2.825135887391845E14
1.2536822107596744E14
2.5550991008191747E14
3.114158405599866E14
2.5101048875039426E13
2.0882788199629956E14
-1.1987940704697339E14
-6.272168313707559E13
2.945585934260493E14
-1.0305856892353631E14
-6.237620699573191E12
2.0812951991051444E14
4.814982350026442E13
3.351959345950777E13
-1.4198294372618806E14
-9.666414214981656E13
-6.326674486116387E12
5.781024591698154E13
-7.685020850853623E13
-4.6247603344178144E14
1.3004396724353767E14
-1.9366462045387312E13
2.0428878797562163E12
3.873774699259869E14
-2.6301539126309973E13
1.308102942092908E14
-3.9983946796874146E12
1.2032564892698417E14
-5.2687148228038994E14
1.477607872627954E14
-1.4052464370440181E14
-1.4473660980863784E14
1.339964090947237E14
-1.019923771106144E14
-3.696661583160636E14
2.489915766196719E14
4.065417294406484E14
1.3959730963442319E14
2.7378973381096834E14
-8.960331299534325E13
2.8752093405215394E14
-3.8041095096799444E14
-1.2344855151258866E14
1.0480941120367542E14
-1.055073487692708E14
-2.3902650343461022E14
-4.0388022196699125E14
-2.6523098203859753E14
8.497907145082128E13
-1.5327430231069675E14
1.5939489306724322E14
-3.842947833731419E14
1.3930104390895248E14
-7.36808167861076E13
-1.159050175233672E14
-3.621891624741341E14
-5.6098270684543016E13
-1.9399940164875838E14
5.447729718206226E13
5.661728082290835E13
1.8281077549837072E14
3.930512648498789E14
1.546791430875571E14
4.406259178538137E13
-6.744932158307226E13
-2.3647346684285176E13
-5.444465386153843E14
1.8028075400804153E14
-2.0748266412931938E14
1.9723966305729034E14
-3.736335698589111E13
5.4869972791894305E13
-1.8401942509150884E14
3.5178604650572794E14
5.015530641138056E13
-9.052263034579269E13
1.3166623314892145E14
1.7004321489413722E14
2.4221914853458822E14
1.7090865603411703E14
-4.0826604802013175E14
-1.4341168137774112E14
3.4143006099997594E14
-4.099204156133563E14
-5.27634285964063E13
1.2122194625579367E14
-2.6050935226752903E14
-3.8072362698750594E14
-6.367481870215384E13
1.402417296935609E14
4.7944905266523044E14
4.284120416436408E13
2.3982784824152534E14
-3.4314577237665725E14
-9.519141619345058E13
-2.1406890371181384E14
8.457599351791512E13
3.162517909845283E14
7.472927216507474E14
-5.925317950042929E13
1.1790513411789439E14
-1.2503463006024655E14
4.413287293987686E13
1.1409218238870434E14
-2.8331205746016975E14
2.7571384640532334E14
1.5604213216740262E14
1.949225635312145E14
-3.534586719980968E14
-4.955526981386958E14
2.5865097437587934E14
-1.130160468786788E14
-1.133080170040732E14
1.3209342838194638E14
5.058568795695732E13
9.965652059609544E13
-2.3422722467836978E14
-3.4493935717399456E14
8.485351883647826E10
-3.7318786606399075E14
-6.25914762606471E13
1.0233498062072531E14
4.2584765829099555E13
-1.746001954821454E14
-7.737130683976362E13
-2.5492019100160603E14
2.622390708322145E14
-7.695786282365158E13
-3.2660242404333794E14
2.9499976118240744E14
-2.963414355330403E13
4.762912685288086E14
-1.7087610363539762E14
-9.402297060115492E13
2.969509457844537E13
-2.5890819799698384E14
-2.891907079281303E14
-8.490937001807557E12
6.47336971874262E13
8.020711830271886E13
4.24596235114755E13
1.6185820344715043E13
2.2819957252710347E14
-9.798797245630172E12
1.979246032275024E14
2.1210147130806805E13
-1.408170022704002E14
-1.3561175893863061E14
3.574924229945047E14
-3.6727986120232844E14
9.896480815657817E13
-1.2342370907784528E14
-2.0397413827204606E14
2.394184356148623E14
2.893608786573324E14
-9.849681719430178E13
-6.551778992971498E12
-2.182754781647391E14
-3.6215733085432825E14
1.4253681985063555E13
1.3382448260914173E14
1.666774917469125E14
8.2326239806771E13
-1.1492059963040812E14
-9.964256922646181E13
4.557958333172638E13
4.2824118573809156E14
3.427859252113648E14
1.1949454918031033E14
3.7235074804534697E12
-1.9433258453704384E14
-8.924949674901327E13
-2.5300264952209547E14
8.070807966976814E13
-1.3411762733628247E14
5.134474963921534E13
-2.5229327492551772E14
-8.86946410188649E13
2.0519469024533094E14
2.1300559052168103E14
4.775144372459098E13
1.2996104077922712E14
1.6988027742329288E14
4.734645139024371E13
-1.33268792636059E14
2.976122399371343E14
1.0296167535440094E14
-2.54572053390282E14
-2.1364884963269428E14
-9.941677493264608E13
-1.2999707639712195E14
1.536585052872522E14
3.693753122799003E13
-1.93319777670045E14
3.394648669019238E14
-843492.371727547
2.816604621789977E14
6.584718193335633E13
-7.589413914762173E13
-1.3566468985350363E13
1.7304390094372428E14
-5.861902487225054E13
1.4847994690899144E14
-1.2608683774111456E14
-4.021226646640173E13
5.952634782998174E14
2.3519428449846153E14
8.507149769721609E12
-2.8593532506560355E13
2.4886072340531653E14
-2.353818358990281E14
-2.055544148784571E14
-2.7304696143305412E10
-3.102852268436438E14
-3.4115394791249266E13
-1.8802894597760703E13
7.470665791339106E12
5.161857304738913E13
-1.7198489396537388E14
5.732709125760101E11
6.47293563292706E12
-2.2418339183827288E14
-2.4613442159395722E14
-2.7872059438165003E14
-7.987653327158855E13
7.940782329342622E11
1.4838167769405434E14
7.387421197027205E13
9.453783422190861E13
-2.6634672540288253E14
-2.3190707249278044E14
1.1660001724050119E14
1.2354262121824861E13
2.4673835049791447E14
7.069163811919656E13
-1.7054230073159043E13
4.80808224602502E13
-3.387912326667409E14
-2.885343571193441E14
3.549552164767119E14
-2.2194646473079897E14
-1.4010377004755613E13
1.4600908882163062E14
2.45607666790578E14
-6.160652169293007E13
2.839451629412942E14
3.277782798383859E14
-1.024962842756204E14
-7.70266215071977E13
1.6145457628896216E14
2.1343908292150756E14
-1.0045188284668047E14
3.017434743892137E14
1.3478735892413253E14
3.211600142510046E14
-1.2159727423481217E14
2.5878191383789926E13
-1.1633824930522656E13
-9.626093886611388E13
-1.1713946809938184E14
-1.2348680480415114E14
3.414446650925436E14
1.9732376059179956E14
2.245874271972659E13
-1.718041742853002E14
-3.8249855799179706E14
-1.077599975251613E13
3.095931970889351E14
-6.503914052336688E12
3.4903247114742425E14
4.698695107263318E13
2.0180011831103758E13
-9.079400305394261E13
1.0918831567744623E14
-4.889063455362667E12
-2.131078503402182E14
-2.8809532755506944E14
2.1243820553601772E14
3.8394116517831144E14
-5.218842534025075E14
-6.953729656494883E12
1.720045843560141E13
-1.2681313230728405E14
2.852296342675022E14
1.5111376035521888E14
7.007823542737004E13
-1.3944908965140122E14
2.0044416203010856E14
-1.6870234095419453E14
-2.962509545474831E14
3.288088911437805E13
1.4967188571610422E14
4.426054803091509E14
-1.9746874087305547E14
-2.179999295247678E14
-1.492212366542049E14
-6.978054984417054E13
2.8122448445084212E14
-2.2552422694492097E14
-8.62881437109416E13
4.16401838007453E13
3.184695655470891E14
3.158024420919002E13
1.4160091485521275E14
-2.0652212621817966E14
7.195858987320939E13
-5.423240392276199E14
1.6856756762942616E14
2.5793979634441288E14
1.532061495883788E14
-5.0999077245185744E14
4.0550596990698856E14
-927703.2787253307
