-1.0214668670310065E15
3.1133564140342965E15
3.787666101965299E15
5.194200905352995E15
6.093305829433908E14
-6.31368250040637E14
-2.4225723620265255E15
4.0475808750867475E14
1.5538713008455262E15
-1.5792241728807912E15
7.852483216518112E15
-1.2186139286868342E15
-3.377185752621547E15
-1.0372219030893884E15
-5.3282925403800556E14
-4.762269488242333E14
-2.14309237652013E15
1.2937279295497118E15
-7.999614162901911E14
-3.494188953982028E15
-1.3767357935946195E15
8.676171549693894E14
-3.035334829020339E12
1.1255198584195547E14
1.6933596306713832E15
-4.786212752712359E14
-1.832584675882136E15
-2.1995594415428222E15
-3.073591274161751E15
-2.9782707737538125E15
3.041051330755661E15
2.881526119799744E14
-1.1384367902953888E15
1.9961568477166838E15
9.59628715926734E14
-1.9886190862370325E15
7.608229733232215E14
4.7145623026416525E14
1.0677924720282954E15
-2.8269770269316055E15
3.626704607754043E15
-7.366251019787396E14
-5.547859530423961E14
-3.681050885917314E14
-1.641856960199985E15
1.9715619551626998E15
-1.5289943179010055E15
4.421404324404126E14
9.88470691739797E14
-2.3074842713313815E15
-1.0054304135167308E15
-1.1308227228291894E14
6.986420157658752E14
2.0097813574814198E15
-6.170887963469475E14
1.2504721637639675E15
5.579345745807006E14
-1.5155088666760488E15
8.730363412606462E14
-8.871275923851611E14
-8.24481856020848E14
-1.2566852620812115E15
2.6635107644104115E15
-8.996880087570038E14
4.424592097354366E14
7.856496442015108E14
-5.778262835614162E13
3.5114308636692633E13
-5.730621428300675E12
9.712385239181219E14
3.132529927265251E14
2.1256538763683028E15
-7.487184500384602E14
-7.422928303009088E14
-4.2433356053471444E14
1.5663918368258516E14
1.91631646785775E14
-8.05529042281103E14
9.736961748567632E14
-3.3043701311074494E14
1.6238234491232028E15
1.126515351278102E15
2.4063181922654747E14
-1.1566725904498872E15
-1.322795411852663E15
1.0339344217351554E15
-3.1825176729207094E14
-2.110196182500758E15
1.542568787004065E15
7.013564029415444E13
-2.2088899074419844E14
3.169748132042027E14
-2.8181882308952875E15
-1.4841163190240288E14
-8.57825770045001E14
5.579719719500099E14
-4.511515211425838E14
-2.7680166467850705E15
-2.1041350376095052E15
2.2303460965050928E15
-1.6718473837955078E15
1.34566843005607E15
4.80070896005251E14
-8.757104398810379E14
2.2483275566252595E15
8.134748775233534E14
1.676148556896568E15
-1.9810690986620656E14
-1.714954668702164E15
1.2190730519232722E15
-1.4363543517938384E14
-6.495305944374475E14
-1.9378993455177875E15
-9.258066213459261E14
-2.901496736977318E14
6.289423155297432E13
-2.133491732787137E14
-1.8155519027162375E14
-2.399276181525079E14
2.259814953553722E12
-8.87081287931188E14
-6.553742877015432E13
1.824671715309569E14
4.192422420645519E14
1.0568215842111174E15
-5.548951466469165E13
1.4136050834704872E15
-5.92815109667325E12
-1.9964460409780166E14
4.751887416028207E14
1.0487659653732784E15
7.915703869183106E13
-1.545963485311949E15
1.2819088756024792E15
-1.12939619140814E14
-6.003009707157201E14
-3.3366693143722425E14
1.1976655356386152E15
-7.272680365468984E14
-1.573693997661023E15
-9.579872604496955E14
1.0130933017353903E14
5.870277138815081E14
5.699282468948016E14
-7.127871570584186E13
1.8980749765551322E14
1.4911614144519428E15
-9.87297609399229E12
7.556465522476069E14
2.7967938100498403E14
5.685263875443282E14
-8.465656690676789E14
3.797047248999683E14
-8.237164486786915E12
6.090251419021064E14
-3.1774640407959625E14
-3.152950429059982E14
4.99463039147654E14
1.1557537348410972E15
-9.204243115401078E13
-1.2535245489621482E15
-1.9740159067502475E15
5.3679661467893175E14
-1.2387311073523978E15
5.226315985411846E14
2.6259002183799516E13
1.8569207518424978E14
-1.145100743336306E15
1.959570733470368E14
-1.610947882667074E15
-2.8258007531073637E13
1.0743062734261466E15
-1.1503905871116965E15
5.645853402789832E14
1.2480078010239908E15
-5.611718630911163E14
3.3773567117415706E14
6.83201670248589E13
-4.661589563052523E14
1.0450226310833271E15
-1.4628158650448372E15
-1.7908912085481745E15
-1.3198728987655168E15
-7.064601458907338E13
1.0782962316868831E15
-1.1988939260150042E15
-1.9466441428152953E14
4.51766939994561E14
-2.3270694929036912E14
5.473510524618175E14
6.200364461861141E14
5.724784417163458E14
-1.6653497834890282E15
-9.132914003891708E14
2.887150823585982E14
-8.474579652462636E14
-1.3514772655193052E15
-1.936441240833116E14
-5.801736952298421E14
4.7258000033721806E14
1.2047933382219106E14
-4.2972896011346506E14
-2.8088423552261825E14
7.09616692247336E14
-7.744659081577688E13
2.1415551836547735E15
1.9008351070056262E14
-1.1769170700389382E15
1.1678299617919545E14
-8.413379124496525E14
-1.4123355427724116E14
5.0397397227795575E14
7.388839942813184E14
3.8754268085366606E14
5.805746820463084E14
-1.7645614753685966E14
5.4718295239656994E14
-1.0051889128305706E15
-8.068722396367238E13
-6.723826988935828E14
-1.2307819666565115E15
3.095525427227799E14
-3.929785015133865E14
9.851811065612036E13
-3.594421589366238E14
1.5657636545029568E15
8.275671360103699E14
3.17393231516837E14
-1.148635433046163E13
-1.9979420686451022E14
2.2620132098234035E15
1.2229442048148062E15
-1.4046536636007748E15
2.4820214022954572E14
1.0872471870170414E15
8.44353155723005E14
4.025052560878299E14
-1.759065749082361E14
-1.2635948749303612E15
6.00598702539042E14
9.298926917570229E14
1.0344391282912606E15
-1.528800012836535E14
-1.2776455814603295E14
6.102869164456145E14
-7.15822391041886E14
7.54399955423148E14
1.0786135146453729E15
5.535987285157294E14
7.398727070844174E14
-2.1148475164407844E14
-4.662708560893348E14
-3.015911812708527E14
1.5959424987126378E15
-1.810518490106248E14
6.012286084159221E14
5.795982888825356E14
-6.183876853723412E14
-4.964936757853401E14
4.5082438226275994E14
-6.135633240656956E14
4.186726675576727E14
5.115424496832626E14
-1.0144865331748299E15
-6.321320777797704E14
3.5665511624652256E14
1.1865266956121795E15
-1.3565688375415622E15
-3.145335398830156E14
3.946934401138239E14
4.11237852890265E14
3.350576146990726E13
-5.50271007104339E14
2.3555965627388406E14
-1.0369392832487288E15
1.1315094713376903E14
5.6259825845588125E14
-1.25659063188308E15
1.0309310364026839E15
-8.167608515273199E14
-2.71003056911263E14
-5.420337662674391E12
-1.4405746161763288E15
4.2625566693368575E14
3.740947311627348E14
1.1037111789203054E15
7.822871353681964E14
-5.638622905353138E14
9.422042596871649E14
-4.801076773496173E14
5.685958483951998E14
4.037701181030602E14
1.1424571038521689E14
-1.8209967989418266E13
7.26415268336237E13
-3.251519397378109E12
-3.3553792480297894E14
1.414079162021564E15
-1.1711751080969148E14
-8.641374498492546E14
-1.9127908642911216E14
-3.809533241058206E13
8.6357549050925E14
3.5780179560820744E14
8.521441113278659E14
9.343079950371724E14
-8.321906354357762E14
-4.3448170006830625E14
7.608930728010821E14
-5.750738825144262E14
3.042959516900062E14
-2.2523005318438134E14
-7.85813261544107E14
2.2246149147179834E14
7.229826106901511E14
1.920058510533357E14
-1.3157411922213562E15
1.2758433517636472E14
-2.3659517713165153E14
1.1739443476993414E13
-8.324118614641372E13
-1.2500622361385355E14
7.806833292623378E13
-3.061708647324617E14
6.356800680684345E14
8.963214335755561E14
-6.374627254218671E14
-7.277739819608659E14
-6.991677735265891E14
7.93818824577249E14
-3.538542183815358E13
-1.3345622922721653E14
-7.753931881622994E13
-7.780217021681001E12
-1.6138765561741807E12
2.0171825232311288E14
-3.129272095105638E14
-1.750580493014664E14
-2.977963931078554E14
5.465153450682354E14
-3.97596437184213E14
8.688157759430454E14
-2.4225754660536794E14
4.641007496903657E14
-1.322568507685525E15
-7.008745507873538E14
4.522307644952221E13
4.040913903268946E14
-6.684096196188988E14
5.519850652374093E14
-8.375951376019564E14
-8.548174710467126E14
4.595489684415434E14
4.055145293366417E13
-1.501099345324668E15
1.570809969508962E14
4.6864604999108706E14
1.4955261446177703E12
-1.0946061267143104E15
7.043828566749721E14
-4.855101570050608E14
4.0087164644143475E14
8.070455944556874E14
7.297057951783218E14
-3.784551564737376E14
-1.0536140457311184E14
5.359300850986856E14
-5.453218043683639E14
3.086329534278881E14
-1.2345319209087255E15
3.8957102744836406E14
2.978391167899897E14
1.0396656964934274E15
8.810566414904009E14
2.163616076640734E14
-3.7009612056538856E14
9.499625315168445E14
7.312334671017339E14
-9.557324333671729E14
2.164276718867012E13
-2.107771207741085E15
-7.666478625182718E14
3.1297339022122806E14
-8.993260671566554E14
-1.0411271188359014E15
-5.477653113925949E14
5.946012042752892E14
1.2031377268160485E15
7.861122147087406E14
4.43607669034212E14
4.873971184626496E14
-2.0051950025342406E14
1.2949668140041145E15
9.895045766000845E14
-1.688454093691201E14
-3.235508687155411E14
-6.457368874524841E14
-2.3283691394963694E14
5.5284056135241556E14
2.5994029672704122E14
1.3567382697413995E15
-3.598375059140597E14
-7.332477795203306E14
1.6339215754217478E15
-5.155187434697928E14
-8.037084776015105E14
5.3083436625478075E14
4.163819656935365E14
3.6971500094889206E14
-8.213335676019784E14
-1.3124967179566819E14
5.934007064685032E14
4.930533337175083E14
-4.6605376377652506E14
-4.20918602928406E13
-1.1416233963745398E14
6.154526659791925E12
-5.289554990069974E14
-8.93014480170853E14
1.7757314860134725E14
-422066.65434855875
7.108704430567045E8
3.6661904262322594E14
-3.239710698855741E12
7.421010868352045E13
-1.0584114474709498E12
2.624548885160377E13
-9.863991239273102E14
1.2512700847728748E12
4.359050145243929E13
3.8858559861592E14
-3.908637433220232E12
-4.8941166683899975E14
3.536845818697524E13
-1.5190057736371555E15
3.747918646692658E12
-6.564543481242597E13
-9.150701502453811E14
-3.22529211652548E11
5.43142739904536E7
6.836727938408648E13
-1.607905574186509E14
5.655336085338515E13
-4.410748907046499E14
-3.2412628507751356E14
-1.0752872133931749E12
1.828888507268623E8
4.733180023889196E12
-2.183493212497248E8
-2.436709327408938E12
-1.0195626804957106E15
8.64663243515235E14
-3.3179609375557694E14
4.246493514569416E14
9.412248094278003E13
1.908377253837281E14
7.907732939323212E13
3.590382366688213E14
-9.488842523395368E14
-1.722206278151656E14
1.1637001060266803E14
-7.634594351267914E14
4.8973833840882675E14
6.596972874588391E14
-1.5851262219885878E15
6.631769470103615E14
-1.7886473348219122E14
-2.225321965647005E12
-1.3011439764636942E15
6.402325743951861E14
-7.270923286270236E14
3.9707101634161494E14
8.512218638370628E14
1.236855891908925E15
-7.988594332871685E14
7.473012680962746E14
-3.816603198795413E14
-3.237882047350279E14
-4.8797493368260344E14
-4.115671565445047E14
-1.8671759806352206E14
-1.621601038386526E14
1.7734195883473144E14
-1.3661522240237356E14
-5.27652010241335E14
1.9718321828796403E14
3.445423936324511E14
-1.2792044977651632E15
-5.4011886688981516E13
-7.508676661898839E14
-9.003722532881486E13
2.694286009087525E14
6.549668842313595E14
1.930080098864691E14
-7.902115395323328E14
-1.119919105284386E15
4.823675375820183E14
-8.056632490817739E14
7.105035480904065E14
-5.334100590118283E14
1.449335341555403E14
-3.6528274792600444E14
1.4671652709069346E13
1.0591526023091631E15
-5.052645488939295E14
1.3667794038478694E14
6.957708750812195E14
6.229662568348704E14
1.537884030586067E14
1.1633699697635472E15
4.581990551162714E14
-1.0287993914983014E14
1.3699537257076E14
-7.107192993529074E14
-7.639003741517456E14
-9.872175590764012E12
-2.03705006428515E13
8.480537750321022E12
-2.7533669865562838E14
9.926382362010808E13
5.959059866850429E14
4.907293237759944E13
-6.792984947323022E14
-1.9720752220840925E14
2.8803089087276194E14
9.641669177179492E14
-1.704407665278864E14
1.5867953137912008E15
-9.742364780749545E14
-3.8162746800748625E14
-4.0897646538063375E14
-7.556653451492484E14
1.2374358285137652E15
-1.9740800537753908E15
-5.387716673753748E14
3.534851412322174E14
-7.18901555032397E14
1.7639013515294375E14
-1.0039250862461488E13
1.0220394327302434E15
3.5034402037584144E14
-3.0446562817609425E14
4.3189425046529025E14
7.553505365853828E13
8.964550703023028E14
2.506662576015645E14
-1.144358659123062E15
9.92379210748381E13
3.4483017284351645E13
7.696781550308521E14
-3.580605965377616E14
-3.853888227161925E13
4.4272528606072344E14
1.0566261387732344E15
-3.670698922199888E14
-2.185314927884224E13
1.2725097469911398E15
8.984818990611428E12
-4.2797005512780525E14
-6.907855219342382E14
7.874869336224771E14
-4.748562128538275E14
-4.2070918584674055E13
-4.8112013760061994E14
-7.625107472134474E12
-5.095684280951835E14
3.98741703566778E14
-7.372034202932721E14
-4.141136224429303E14
-5.679840996354139E14
4.964664305905139E14
-1.1254590034419119E14
-7.298498441771062E14
-5.217497017423559E14
2.5437484070884153E14
-2.117256125348642E14
2.2077713325094366E14
8.75792330879399E14
-7.833905517344289E14
4.848269789066742E13
-2.673435337833628E13
-1.177524987715378E14
2.1820603848583844E14
6.84199012563009E13
-6.441689228184194E14
2.7723777083239416E14
-8.17951811988309E14
2.6969514568092703E14
5.030398478067786E14
-5.719373004264428E14
2.329611960358442E14
2.987412839577861E14
-2.2440815278459966E14
-1.2940144495402648E15
6.4309656591565625E13
2.3070355204259747E14
1.8831043785350388E14
6.047005776612341E13
-1.1268868097304256E11
3.319807346507096E14
-8.789223298058038E14
5.752656036537295E14
2.989412799704957E14
-9.575071007780373E13
-4.569019332286643E13
-1.0122725397258173E14
1.476690863147799E15
-4.7522448179382506E14
-3.3250876891234425E14
4.048419513699973E14
1.8686657087424428E14
1.2009409872075734E14
1.1354918030132225E15
5.991127630930655E14
-2.6753843948328147E14
-1.2908913896196944E14
-6.872833033918534E14
-6.866990824565891E14
2.5442776233602394E14
1.9601912668437534E14
-1.213379838305899E14
1.2972926814772478E15
-5.551022577353069E14
-4.2647755664426275E14
-6.458489859527098E14
5.161903138978982E14
-2.5675401930429617E13
2.3245143172919738E14
3.05074840955046E14
-4.8721143239287856E14
9.566193881042675E13
-3.558705391167327E14
-7.418316811595846E14
-2.477676239176185E13
-1.9168432187240688E13
4.8436026911790456E14
1.2519203804906753E14
7.302555960104956E14
-8.267479960517596E14
-6.783777401711564E14
4.765437432195596E14
-3.881360258698975E14
1.3249382935108011E14
-1.0616973997130647E14
-4.0781412396411725E14
9.284494858882481E14
-2.347138482960757E14
-2.486998632739846E13
-5.1329300255370275E14
5.599469973410165E14
7.532555947366988E14
-1.9832109407377038E14
-4.573551356298989E13
1.201848514842556E15
-5.2755516032285775E14
-4.5851360310408325E14
1.299322327407387E14
4.3654146301012935E12
3.044417408337038E14
4.427360981558487E14
8.901574572703277E13
-4.3988913062348375E14
-2.6529836355774722E14
-6.6865445544420055E13
-4.373700517894633E14
-6.868141873662955E13
-5.843397738618404E14
-1.224580493783892E15
9.975320267823075E14
5.582495819524449E14
-5.97409372183949E14
5.571993960561016E14
6.815066144391906E14
4.1927231351942425E14
-1.296016824578168E15
2.7414835510030766E14
-1.1543600430029738E15
-5.263010969118791E14
-3.8148318206998744E14
-3.788894445209848E14
4.0467276472714725E14
2.788896566467557E14
-1.42071229304301E15
6.80445296002282E14
8.848327778382681E14
1.0627308338477276E15
6.69832852042877E14
-4.946331079341136E13
1.1929315819406485E15
-3.9196454188690044E14
-5.856604188930232E14
2.448822844784957E14
-1.8866426614541094E13
-4.032762029506918E13
-1.0104341603506814E15
-9.258139072915416E14
6.270524302668812E14
-4.6664158904512925E14
9.777545053404611E13
-3.6191311139188444E14
1.0892706811972186E15
-1.5100459070454328E14
-3.3316770139871175E14
-3.171131731007878E14
5.610566276602343E14
7.480362362851635E14
-4.7531436735938306E14
2.717518357448158E14
7.482913603804619E14
7.017289608547601E14
-5.951421562202059E13
-6.9095376914510664E13
-1.3921890682323636E14
1.3844169599867127E14
-1.1575107742765252E15
8.045530472072968E14
-2.151029915352612E14
-5.0090159532470744E14
-3.5051920573952506E14
-8.016621289581498E14
-1.2769395876255408E14
5.667990884701888E14
2.7837222281880206E14
-1.885517892732722E14
-3.137879575769725E14
2.6426450907013028E14
3.401902410971213E14
-3.101108488059411E13
-3.608671983113237E14
-2.7358809311879145E13
6.142352230518825E14
-9.254203186799481E13
-7.183325272138075E14
6.488200521121225E14
-3.9159730615124675E14
-4.1548412526099106E14
1.9521317042506994E14
8.289417936210091E14
4.552706503831547E14
-3.320302542067168E14
6.921958114011669E14
-2.325042039170861E14
-1.217715671162648E13
-3.346743125076381E14
-5.438811086878315E13
6.169072401219176E14
2.118764804493962E15
7.010027192184164E14
2.5447758936796984E14
2.3297751993435512E14
2.1560505768820072E14
2.0598843467891038E14
1.0608297425787892E15
2.1715077236665056E14
-2.5468153590353044E14
1.9880502079863988E14
6.785566179423226E14
5.500121314655637E13
-7.662543450468448E14
-1.5944820260407438E14
2.0003399842580375E14
-2.676045179012598E14
5.0864172648502586E13
-2.3453710067185038E14
-1.077042255586501E14
7.629591447222165E14
-2.7020197481271003E14
1.1045502903492528E15
-8.772314783797411E13
8.83344296267406E13
-4.479944004900526E14
-7.17479009010965E13
-2.7554858813515534E14
3.964101008138852E14
-2.147070958338396E14
-2.928101809436714E14
1.171382951103616E15
-4.450251845009092E14
1.8906655289037075E14
-7.338746954181619E14
-1.3118580313227398E13
-9.945026037161334E13
-9.191412712160469E14
-3.1584105737393144E14
2.2197413150695538E14
8.664309618943016E14
-2.1347586789685203E14
1.0386661263291966E14
-4.794890732970964E14
1.4568525547520678E14
-1.177533117657649E14
3.533200848011686E14
7.035927554266724E14
4.864241421572E14
-1.0585467613324156E15
9.341551936501095E13
1.0626331641487846E15
-7.882305083470002E14
5.443242480116838E14
1.3684168632387481E14
-5.180175046079126E14
2.5992610359706994E14
3.472910126013508E14
-6.9173604817974016E13
-1.0179648303508453E14
-6.774083477230943E13
-3.5427461287000844E14
4.961840281787209E14
-2.938321030302161E14
-1.2478570410200378E14
2.408060922119548E14
2.870868919119485E14
-1.0936521803560144E14
-2.8063217919304616E14
5.909780357991816E14
7.551390809045702E14
-4.682277665017257E14
-2.6887061215215012E14
-3.592014592532228E14
-6.278979082131385E14
-4.652312505307126E14
2.6625350110473556E14
4.417331560378849E14
6.309160930581958E14
6.383757666577419E14
-2.3699427586311662E14
5.760565246870184E13
-1.297236804035952E14
5.966961228651436E14
4.184523544141418E14
1.179276707719721E15
4.2591273562500756E14
-2.5103006729861788E14
7.44623788239066E14
-5.053512897556968E14
-9.057851343139691E14
-1.1330171280523672E15
-8.568492219774911E14
-2.2104999364192278E14
2.8469545916372256E14
-7.260970827354146E14
-4.726874459413638E13
5.7428650886335375E13
766158.7505347545
6.855773605593646E14
-3.7323688183949744E14
-8.07766854689216E13
-3.0479902217718176E13
1.5476493103852494E14
-3.541507614036188E14
-2.61489600847205E14
-5.790223531336558E14
8.775349258368102E12
1.9772289432539712E15
9.298299422225431E14
5.759715104525296E12
-7.691794840694554E12
8.65035660569419E14
6.597357457197346E14
-3.542962426053978E13
-3.794863133505671E10
2.5666437059436834E14
3.7496430945711055E13
2.904700987118559E12
-5.475383288154793E12
-3.6360810376966694E14
6.59805061944336E14
-4.841677551726142E12
1.0123042356361484E13
1.934038254775153E14
5.592491374973815E14
-3.847856511476655E14
2.929645670344952E14
2.8357692367344957E13
6.76446626176997E14
1.7959155885841128E14
6.78099500954063E14
1.3446689125683877E13
-6.520371249855364E14
4.6426821087452425E14
4.484896278142458E13
7.38803638863674E14
1.250586511891468E14
2.7334254690193203E12
-7.166273144117369E13
5.359211081584026E13
-5.668153054925326E14
1.4400569204458216E14
-5.249199244658968E13
-1.9046978886588387E13
7.246323777447764E14
5.616278120223401E14
1.436930563585747E14
2.6235957837276588E14
7.040498073283669E14
-8.718848636203809E14
-2.2810099096557994E14
-1.903395181973165E14
2.3176286866175534E14
-6.285570917141076E14
6.835892608871939E14
3.704031844260989E14
-5.313605101957298E14
-5.0380249344799606E14
-1.966071708236848E14
-2.2126230893127794E14
-1.3223421366983717E13
2.2235347596507184E14
-5.41629327479923E13
-1.0071715580335353E14
6.70492106003521E13
2.88328245166291E14
-5.053740880655257E14
-7.088790488450804E14
6.5304029303645914E13
9.256523062939641E14
-1.2091657198564439E14
8.28786658970805E14
1.710425539354141E14
-8.973180889462466E14
-6.536498436381609E14
-5.339131389755774E13
-5.60055504895447E13
-3.3379506122265625E14
-5.727815933935699E14
7.250377252416548E14
1.1165784155549094E15
-1.3846634909169997E14
1.4857997905996184E14
5.078462637048602E14
2.922853202747321E14
-3.738938764312415E14
2.866215936606058E14
-3.2957008806846725E14
6.79076330096763E14
-2.6700513011883606E14
3.47476821440883E14
7.079411515281916E14
4.0062713199983694E14
-5.647557275157538E14
-1.4389590367061778E15
-5.2927369096881806E14
4.701750928580411E14
2.548008481298488E13
6.986185112002078E14
-1.2931288269451387E13
-9.365449493749524E14
-8.741662582196219E14
-5.2651308239135375E14
-5.5637359794971094E14
-6.62732505253987E14
4.857026358321799E14
3.0154302279134594E14
-5.53118653940327E14
1.1469147751759512E15
-7.741209539952505E14
-3.012424239874078E14
-3.078200934792922E14
6.881116160112266E14
-1.3248196814740518E15
593227.9568860821
