4.0608354124819455
-2.5402950056765423
-0.003636793943989427
4.516438113130097
0.651696147207051
-1.4148897313636193
5.360009915443081
2.927224067201033
-0.2122265930753233
-3.2219276893651574
0.19796232418918558
-3.2045720414103305
1.0828120346572359
-2.8584221647552583
6.930030769630016
-2.771645234328078
-0.4374649623804199
6.636208741421601
-3.3651314301911337
9.736792420176442
-8.292073119326972
-0.1418338084546703
-6.960142674922008
0.004433250674513155
-3.1977321210337575
1.8651845211539053
-6.6997447401856975
0.8430750720825516
-0.30531456172006427
9.713467225524358
0.1982429431031512
0.04601664844871195
0.03233511352076168
-0.08268949029593255
-0.03257716994348047
-0.15589497951363976
0.03430130439596978
-0.007087268447148954
0.004550485409600029
0.013606391805596477
0.047096878366937454
-0.025300371467708558
0.07379050203295867
0.0100081221273052
-0.007866991813367696
0.020639317636543992
0.03195615550236244
-0.08309399167020207
0.01059026820975641
0.010976231310532837
0.11219245453698219
0.009266909400666044
-0.01323276657110333
0.02499797154665417
0.01883511419691693
0.06616956309867246
-0.012062031874893051
-0.008107798388319844
0.026955793536751194
-0.7198503645221899
-0.006583674587186662
-0.015868979513462167
-0.01804164777150909
-0.05776931736424727
0.011844362863435865
0.02775878697611178
0.09737980465015426
-0.01730170900070086
0.08550060299507793
0.0040876043500703875
-0.05011698590971943
0.025483947616620234
0.0018682051018378617
-0.03573963541193929
0.025962553940925837
0.06876521730965678
0.08399332206976275
0.04945302156675647
0.05011598219238482
0.058530866410661145
0.03769448020367427
-0.005645464238028378
0.01385885361568967
0.10093237137064548
-0.12973759426406045
0.09104825525965857
0.020714440526194703
0.019478399196101358
0.019602930263428648
-0.06040412401282248
-9.315517732800185
-5.422898583041489
-0.49782245755500504
1.2839739240972572
4.32532835154465
-3.0423181619518704
0.9323361961478375
-2.0786903512645902
0.6390511061433525
-9.999148541100684
4.715028614382957
-3.144218823337717
6.846032174426671
-7.926930018179412
-4.810707019076816
-1.140447318678725
-8.721699627195973
22.68198869750377
14.687312637330502
12.060016607161474
-5.7463090045949965
-8.948616094888456
2.6347219101111423
32.39316800127585
-46.348274692236664
30.189027907755577
4.95169735824804
1.7543883500262532
-0.6142138449752585
0.8262349061009246
0.054408034406862704
0.02470531159506344
0.07582641149340236
-4.697024785127117E-4
0.023573539682773825
-0.035801965312052715
-0.10563438216172798
0.8054844155619856
-0.5030498722666487
1.3213472296369306
1.0098515992827568
-0.4303030269909985
0.4296831053355026
1.2558947225513764
8.771098249194385
-26.690969935765793
24.993209520400075
0.5548828439080585
-0.26720092569448195
-0.2562461451967465
1.1640378996178875
-18.69561892837551
-4.166599465446674
-0.5004799040861954
-0.013523993214509767
0.7278184721529994
0.9120941962776783
0.7130112656571869
-0.931510583451561
-1.351145064717986
-8.457732019304977
22.14621120688834
29.467737651928662
-11.34667394630994
3.049462804548491
3.638111826672036
22.28023279135579
-0.803433093703341
0.5244840694177462
-0.49751201599747485
-1.0497512312282598
-1.1499116174005657
5.200786499033498
-5.170897622340944
1.8288087999505311
0.8781966061898017
0.8507508737804528
-3.5129430917063926
-1.3488606288894838
-0.33525834726737125
1.8366758342725642
-0.6324095286628411
0.4664081172966322
-0.5059632877175454
-1.579551612288954
6.905281180779284
-0.017331709241765324
-0.6695766745131092
0.36957554812432897
-15.659913929293914
0.015219570614396471
-9.934373044249508E-4
-0.2334917783262866
0.010177094967841296
0.2088329817755392
0.18341235886978008
-0.2986921204108894
-0.04240697331885643
0.6693821852514384
-0.4486593191197888
0.05389207411419947
-0.24392461346877733
0.39832493564680677
0.38824433193410746
-0.21501501338342577
0.04514948153268494
0.018600449859236277
-0.07368009029406719
0.24545833977274278
0.03894479780331217
0.10007934220662308
0.041774494508042194
-5.4594679024583E-4
-0.19530141475266466
0.1126927571819897
0.13738372180750139
0.06774121876247001
-0.2879210043736284
-0.016359810328772834
0.018347164198022112
-0.11749048664249821
0.06411580915818717
0.0600760386281478
0.04499939746594228
0.010216619906866274
-0.052030292267771214
0.08490238711474457
-0.2455029881226035
0.009310160121391402
0.27920013202511523
0.023299283360887546
0.046732265217779866
0.054432595626509615
0.07896828541755374
0.13975369685076613
0.0020425065151703768
0.02900530252960545
-0.018143547212500204
0.042632419231149105
0.05620052817788359
0.021780181710212766
-0.04877369331306788
0.024859482069542693
-0.16988580724172417
0.02374584283231594
-0.36945996941476517
0.04398475919376091
0.05451534323193288
-0.008377823387808667
0.06401114079602944
-2.4869515842748813
2.260445576133651
5.417934659636395
4.216221108871375
-2.0070180984199246
-2.7581012376236655
-2.246318731003209
-0.3998937762297637
10.476797881659532
-6.09476918781949
-3.031449468257719
2.0277338104070384
5.042245668381727
-0.6306692059417144
-2.8029735638985933
0.5275770914177625
3.413879377521795
-0.3227062701897724
-0.446068401594914
13.38583320191718
-1.9420659002055274
-0.7119175712122487
0.2858677941828286
0.16869969118321504
0.1482481567552341
-0.29338505211687493
1.5717629540900655
0.08436931654332465
-0.025194317430015455
-0.16620614009867116
4.112715350260024
1.5309931604641958
1.6943515415177972
6.576243227094745
-39.100064940251336
8.985292425731162
2.0170380091204563
22.416496696105888
16.700402153895716
1.4360182991234343
22.316815810440467
34.72675548977212
31.917560310348524
-0.6327710079284533
-2.2962953852287167
17.10077911361039
-2.766601815856255
7.881312095804044
0.7906366944563761
-5.476734728205365
6.534090231149505
-0.7410678129476527
-1.233862305767588
4.726677526782822
-2.418420369734515
14.879159298488643
3.495297696098539
1.411244447618638
1.2389894551999272
1.6651269516608806
0.04098399806472055
6.980297775909104E-4
0.02378235093608862
0.031191378896178304
-0.038307420334538066
0.04066943223074827
0.1486747210452628
0.025599420474499122
0.0154353227876113
-0.014288068699606592
0.027167424844514492
0.06707727810999353
0.0352879596517897
0.06615459113106602
0.08076183467528071
0.0702968762027872
0.06743976955427207
-0.02370347765772541
0.05905570073325915
0.09618822399809349
0.07750322088677947
0.05506049542398066
-0.030353121383111026
0.0618881580921798
0.08267140396739925
0.09277460601299477
0.09570144620177695
-0.21726093365215404
-0.00966949412848708
0.04366846377100125
0.07440801166488753
0.07280299497885576
0.056038904404338924
0.045074056656529186
0.06949692660645143
-0.010633895368617474
0.051783023880375645
0.08823163756259675
-0.0054312903451865175
0.02041257875948114
0.07173064321445381
0.23241599066814989
0.0120917829120711
-0.22963755003261593
0.030515253516102295
-0.00477918003288511
0.049801633065055737
0.04098513919375465
0.0019418209798058603
0.2630866875927221
0.016313438222782625
0.011680869284834954
0.06694989702843465
-0.005284266204485914
-0.046303943665526384
0.051353419021537006
0.029355693316712766
-0.04136966383609142
0.05530854124187646
0.0561952195479788
-0.02165481071073181
-0.0494936014545313
-0.01831466112055702
0.06076927973530776
0.08046747425698912
0.0808826646742543
0.02293608430878204
-0.017499740102811294
0.011370190791128396
0.09295797081932032
0.006517962075317287
0.07113396756986022
-0.05685777442429959
-0.010786258974282547
0.09756357749138053
-0.005899079443992701
0.03696843412405392
0.019968146977190505
-0.03492840605020564
0.01627662790391072
-0.04856171376090045
0.020526706191121347
-0.07823595346687762
2.7105958793089183E-4
0.023887671328348133
0.1027518998426807
-0.005611792458293923
-0.033123154012357145
0.01985437335928228
0.10341077070767975
0.0612850771177136
0.059563586297083526
-0.03123538181537686
0.07513316335909993
0.05365158866638771
0.060313444600662826
7.780267562855451E-4
0.03889768604168276
0.09708990648219033
0.03724549491582629
0.06722563946172862
0.04800911593780981
0.0369042041030666
-0.02903039274692586
-0.08107200196398985
0.0619778676765485
0.028636650375511254
0.04504464783533728
0.07756074789694906
0.05380914161067889
0.07961541653388424
0.06144709477662051
-0.01041586733453973
0.04160461546923026
0.08857095593868394
0.08227648018448197
0.05406225785528573
0.06367738620030759
0.09365630266289118
0.08400300231821009
0.10363371253151346
0.10363297057694937
0.033194935663775314
0.07855996122096078
0.0922706713601684
0.06419298205146282
0.03957114936086562
0.054312785645942566
0.07304815741190386
0.048044951747636656
0.010662866675149039
0.10261159933135196
0.09360749733007338
0.053504078570937835
0.08732540404380276
0.06029203349241356
0.06202138112359618
0.005674001652411127
0.05448185869958047
0.0947376156925733
0.07554905735360838
0.02601757268331752
0.05667142718459949
0.056691851453007626
0.076469545745022
0.07004128204614274
0.09500838133341928
0.023395512442012684
0.10181641930548463
0.021018999568376513
0.1114933429744105
-0.0022540861152521444
0.020670176574070928
0.03662373582843374
0.030632137687010418
0.08110145743982375
0.06609497163510303
0.0029250303114584974
-0.010998153963494081
0.02354980539507011
0.05640985426099367
0.02672354803544286
-0.111162795491158
-0.15452898377619834
0.02454499699582852
0.042364819154919346
0.05648218840465603
0.016752023623019804
0.03721046248490938
-0.047714465100385815
-0.07883329388380309
0.07247876709846791
0.04004162098114109
0.041210217637926864
0.06695106067321385
0.04092126087092512
0.003653560317925473
0.061756128010699955
0.00337318263362647
0.026936326715171065
0.057938225528374986
0.01814366016775215
0.12627643592899812
0.08073653691537341
0.11235841216024253
0.07075995184810208
0.13321394727278266
0.056236275861860016
-0.17962513686981096
0.11477338333486317
-0.7728599529129694
-0.01832872465729334
0.050057858143535146
-0.011168836261300354
0.05935521248985467
0.3526897049505696
0.07217589255312387
0.1926240807076934
0.08759473925546105
0.17270990661949917
0.08360871665985198
-0.08680047064192016
-0.0031221226295163047
0.14490854131823008
-0.14406570550655168
-0.16346769066244182
0.007456928457400278
-0.008833914639758867
0.007433392809933955
-0.12380947035895037
0.10736723389899225
0.0901702754168844
0.09584787867817937
-0.010181037716064911
0.08002210924027814
0.058049097385560494
-3.4402254714511614E-4
0.02861014532398729
0.05242599646153075
-0.027970498110971694
-0.047085693470824655
0.015732017023449816
-0.05670256734471295
0.014960717668421938
0.049033591886678954
0.08282064688711943
-0.044090957409874586
0.022216543343849968
-0.08658046873987198
0.006509534261834149
0.045294362231843834
0.04844680035482109
0.036919535538021804
0.019806082038891507
0.028389966594154728
0.013280170521095603
0.00892627166856055
-0.03373878306737215
-0.12156120403016961
0.04652306296881009
0.04100833066504094
0.09114536130361968
0.07595100076662753
0.038802766779617935
0.08229148494982286
-0.02621428826218479
0.08274007868820016
0.0989477486897831
0.04051550701229472
-0.03253829052107
-0.02589556629818273
0.09426791305482728
0.028770089372814396
0.02581095310229729
0.06595418629649136
0.04840314459966237
0.06449673515274489
0.06452988312543002
0.01632199727619359
0.041841870755453384
0.07839119260348563
0.08020592417544797
0.053091350956685546
0.014117227817785093
0.06992613214834198
0.05057454791371399
0.07177895398778739
0.09241033357089681
0.08800366869322691
0.07441610364328233
10.373175280733879
1.1774579192251822
5.1668392619064285
1.0482769052147891
2.334828599475283
1.6639705260900202
-8.391855658962513
-4.309150265143578
-30.776147619123964
-4.476582584432656
-0.007298814260268897
0.9236219088621531
2.230033986440128
-0.13341456559071624
4.527853912054572
-0.5638381513177202
-2.2962529339799977
1.1994674901508648
9.152714829476402
2.900104936507281
-0.28795150686552123
-0.4316562670957669
-5.416131304376967
7.948415300898776
2.8263412360809252
3.6584085205433485
-2.428688466668894
0.15653712310704804
5.960327658966553
-5.12861308058914
18.970394301686753
-5.697758935588914
22.294904276183722
-0.6888019714919333
-5.943939254271429
4.842725138027824
-9.62069348619863
-1.7587286677605456
-9.447544035009257
-1.0125980400184145
-5.486646070627069
2.580089755162819
-16.709582439160105
5.01676063999714
42.99085814852202
22.71922324770671
4.2236639530384
-33.07395195534939
-4.194501961450998
-30.053854421719155
-7.20797314647912
37.35937774323243
-33.61460332588446
11.008295370621498
8.08464818771465
5.605347876608672
-9.569599559298926
7.3872886328960075
10.120021391427564
2.445112680751431
-0.037836021968976896
0.08571852890486513
0.05976139078313936
-0.015622131203443345
-0.042723973339308045
-0.013686502609058317
0.05806293491963952
0.030104783528252792
0.0014168615558577769
0.04051304267136507
0.14182601992538976
-0.02437939044685804
0.006183745370888882
0.030189448453306535
0.01952249408779467
-0.05531346325639485
-0.030434849931087804
0.07372080967332657
0.0036594526502579583
-0.010278595507883426
0.001820639726895625
0.034964211912553174
0.09725244594808061
0.04000548052709735
-3.0191388406604167
0.04716395181979659
-0.0019905059764601823
0.06763806075592314
0.05540899484090611
-0.0037612924851467694
0.052754971590536576
0.057295597417231205
0.08189900108767306
0.09222410216106007
0.016639424944776354
0.07553661340882892
0.02526827806524284
-0.015505229000060428
0.038826636403942294
0.009723140403923755
0.06380712491796912
0.041713432990972986
0.031312829828903745
0.04422083678768198
0.02688555838769805
0.005829890189968121
0.06606163814515754
0.05892800403923889
0.08401970161823805
0.032650208234423814
0.04553933624183337
0.0838438610339023
0.024730759005105542
0.06916526686351293
0.10363071838427018
-0.1039191876910225
0.04938534094730077
0.011257405497382593
-0.01611694997340353
0.0033057593611066543
-0.2475441751453079
0.039286308656543666
-0.7116938171016723
-0.2788063986637704
0.3078919043494479
2.8257495962199877
-0.009234634086127659
0.023942077724879832
0.005516454548490294
7.18711102648826
2.3423188789914655
-2.273906436758745
-0.2282386906566523
0.39312717439870704
-0.06087712500056073
-0.9482355326834231
2.7833236182691037
-3.045463117631696
1.0368629090657415
0.1399900803532003
0.4543376460153851
0.33700683602680076
0.03953825015720968
-0.1464965847150744
0.0286055876658889
0.14658423517025784
0.08234523889228666
0.045950723911461454
0.0527069780344105
-0.10028640031095451
-0.9678285981486553
0.49368424993118637
-0.0583376714256636
0.11541269113104363
-0.0759171268493024
0.09688502545075775
0.18291692288929678
-0.1365936811680655
0.03963422408219915
-0.32680672793902027
0.15810306876535477
0.12685253694924992
-0.0409697403895982
-0.22522296428424854
-0.25529304466667896
-0.0031772232021394253
0.08225625086198048
0.02410358733171662
0.08887055023266696
0.07657435268025627
-0.017459318293038987
0.06214169728439827
0.07813176409404232
0.016417448063533742
0.02808779705266726
0.06929755872299753
0.03733765398716483
0.07679194347606758
0.018316257362857472
0.017374121863869666
0.3194253788852652
1.978549221372575
0.08223698554783068
0.3894640213037261
-0.41050611710595225
-0.14723154650075862
-0.28003131518766544
-1.157375571470959
0.080482445217018
0.184893950324189
-0.015129476551684687
-0.1718875812818964
-0.13340914642148993
0.2032342876254003
0.08044368780426303
0.027504901960745332
0.0482470357938566
-0.3061682542849591
0.09854966778177689
0.1142887463561638
-0.06478847018272096
-0.04061559450707911
0.9074899295250581
3.621809734678679
0.0818604718125525
0.07237721583359646
0.047032315960918156
-0.04703181094982522
0.015726986808924256
0.0667295478861312
2.274339404715487
0.5025669534742133
-0.011059669484766131
-0.14000549150879804
-0.0085152081248978
-0.11834931688401318
1.1308354288268183
0.21756462219838993
-0.14382246136660132
-0.5929213486914097
-0.5276213664914428
-0.7659011758516958
-0.4163991238015702
0.2058841537368963
0.1930241604846172
0.2820536967544965
-0.22827768910974577
-0.03270699005811378
-0.7635090369165967
-0.5066060239437442
0.14132179113525487
-0.002077701095349464
4.535620078372828
0.13739919309797224
-1.0362802980060495
5.228785744005119
0.02367360088595188
0.05058337003019546
0.846820618226563
-1.0812304555192178
-0.03917530125079828
0.06002545996569865
0.018584235292544382
-0.04058281361210181
0.014255481811773857
0.07297170892025528
-0.008225154233372183
-0.01808101358096042
0.03689560561842284
0.0062767273043771825
0.08546078127491688
0.050994324925626486
0.06500054725048147
4.536074700853448E-4
-0.012990911636654567
-0.18612003506306973
0.027498194877463997
0.015446293417827167
-0.04146155183290728
0.07227618343805693
-0.007414200569080718
0.10363413823870109
0.05177891939571375
0.021475147290112837
-0.10232577586406275
0.04740747448002151
0.023205446502592018
0.019596706028753255
0.0431741613336299
0.04506861460139475
0.035399418210263746
0.04211047858557898
0.045528112893131564
0.10363371253151346
0.024645656742474716
0.06282378082201924
0.032395697838269136
0.028695341267871287
0.07153638735763367
0.019992313598123725
0.07151383488147328
0.06725577155653868
0.0560413846651685
-0.07890126738624784
0.013472088395951041
0.045552802427229276
0.0804540111220361
0.059657371484742
-0.042367765237304365
0.0157042821465109
0.0676691046266043
0.04161271802504691
0.027270309659783474
0.05511907419334757
-0.012517939035514944
0.08257291045488196
0.07260678962050707
-0.006292116521112396
0.06466308698821474
0.06432475551150642
0.02201669391751508
0.06858625504036378
0.0019366450156295865
0.09684172336196374
0.04582754934812542
-0.04236419659189969
0.041141257804498024
0.0705525683674986
0.0650634421833411
0.07254727383372955
-0.03709960151440424
0.10354102982477016
0.10362594998966197
0.1036243652498863
0.05690154916648958
-7.618690622809481E-4
0.012529949603562076
0.05061783510252231
0.036817049359522194
0.10262209880526345
0.05959358439906638
0.026350546702415174
0.06595594063158752
-0.03765361122425715
0.07920721692981657
-0.028826456829815158
0.045850738833321726
0.061403354301497924
0.04515115005086912
0.08591377027765325
0.03217052907780902
0.07532359708624285
0.04340919259770942
0.05813012347178615
0.04331417197074392
0.022541445378431647
0.04873443502121701
0.031175875066002626
-0.03549362216406844
-0.060759819909194546
0.07126383926449215
0.0419013996528013
-0.004953154142143054
0.034013173891660684
-0.0011181157607601337
0.01920246294840482
0.03993635355908642
-0.004475556039460634
0.030179742725787797
0.05502539147280852
0.011271832456270992
0.062477293962433546
0.058705409791630726
0.029666460899064027
0.019204318206349574
0.03268547385828904
0.06413927313833323
0.03843709672293056
0.07670687499747239
0.040289394323945384
0.045166929983960186
0.036998264324270155
0.01091553573480531
0.041401969834674
0.05893105665635679
-0.019219806117349577
0.07622395204603025
0.019959486004285237
0.031034694186981675
0.005770743903770909
0.0358655749309232
0.043902357016565224
0.06917500757775924
0.07267022799973659
0.021777437723437206
0.032695428160732516
0.0328511495831185
0.05148252938166537
0.007522916110030574
0.004933019395393191
0.011280439894004594
0.03515207355472603
-0.01903802075676592
0.07421723125136277
-0.028792131043054153
0.02181703930868758
0.018250914199673226
0.0024988728201151642
0.06989727615364356
0.046722898538610544
-0.8963658292317059
