-0.26612311378027714
-0.06531386051464949
0.646975406602046
0.07931367030172602
0.14814301100977503
0.06868341761624049
-0.040484220175490845
2.6996470829492316
-1.0875822402612636
1.7541217416696866
-0.009522602652367157
0.051487010709839354
0.0035543833306944123
0.6849848126564738
-3.981944646746248
-0.09563336304720921
0.6662161041075803
-0.7486831541351383
-3.3891042088958714
-1.571269879180515
-0.3714238405400666
1.9093613436011668E-4
2.2309693444437073
0.17939521262216265
0.31491130211304325
-0.9874983624057776
-6.6287730039092745
4.113552776588351
-7.217400665130046
5.329448077635207
11.01219907920179
-0.9853734873803773
-0.07086756483426446
-0.3954859144831447
0.6785419834889294
-0.3452145095893832
-0.8561370395330797
0.40750624887015174
0.10375950534669112
-0.2573633653098433
-0.6379604964621302
3.3668957953664687
-1.450336530260796
0.14076537316316873
0.017224747501122163
0.0032303821104527125
0.06540300966007119
-0.22636735782158285
-0.3644146403611469
0.13634401202225602
-0.028322035619837878
0.012370610257894783
-0.19318976200430307
-0.21463141358803567
0.6091282907340965
0.04803112064652904
-0.09664145174915376
0.727095352876
-1.2180605669760503
1.068837886571431
-1.1259124431721643E-4
-0.03261167195021879
0.042194299188591355
0.027254398933807784
-0.019259527266359495
0.01224011884776869
-0.297195804643348
-0.11383776188357592
0.01792121727389039
-0.07412679880761604
0.14886522252883508
-0.009696648148618247
0.4941387134494695
-0.008490987696613888
-0.1805459854996801
0.018037049093340536
-0.6278591344709489
0.010175040501645029
0.007344544224106613
-0.013182980811771921
0.036535574785724625
0.21024547446099745
-0.08386072645900573
0.01617869499561423
-0.04765174280035609
0.0251903506971576
0.07842837249939419
0.1337405781485103
0.04533624970210018
-1.3799739080874626E-4
1.2268029441850061
-1.2900244634251812
0.12598947200770896
0.13176327663488022
0.9381983839688801
-0.3408426124854617
-0.017805936551749443
-0.3918146867894404
-0.9255089031115775
0.11824926435418251
-1.4348013692523798
1.184444059709581
-1.758937732696135
2.2160235596263718
-0.1864597332604244
3.9693325096526184
8.379553940425543
-0.04029023024015074
-2.604047686644501
-3.1864048206108753
6.755485113892361
-5.047317811569517
-2.4248278014361704
-0.6347799090997294
-3.5215262192045906
0.45070537447880543
7.051773306116237
-0.10844714298118424
2.107394428589245
-0.8904214173458689
-0.0011476757286254294
-0.1309160489178621
0.034920949265008404
-0.18575062339812645
-2.426173819618719
-0.6803712642083631
0.4640593940920015
-6.658539640241906
12.597961317578347
-0.28908645372074604
3.7561159054703572
-5.993099448897478
3.7033102257391275
2.737206332749143
-3.537639407679229
-0.2888047017924221
6.583976073264857
-1.6634412167699544
18.10236691519747
0.17326768704261317
1.9401641097640827
-3.6575874531060477
4.477030582383382
0.5465193496507061
-3.8979976254716306
-1.0908746654459993
3.9049423578542566
-0.19800149251883195
1.2001890274687532
-5.207019737599833
-0.6789353689282779
-12.559702307500181
0.5758437732736891
11.026563892226312
9.352392702593091
-0.8752289314050595
-1.8312147342837486
5.154227930121079
-1.6429432674417437
9.071752838007171
2.034751852759949
0.6821346519028156
-0.2630480752739899
-1.6141919745809192
2.797978632390806
8.02542985485085
-5.735314260034794
-6.480618250568607
9.447035691073406
-0.720261610087723
2.195548508924337
-0.049703096017308324
-12.325280306379321
-11.664142492863053
-3.9571250425624664
-0.7921868799597421
1.1614494382961926
-0.864533114265136
-2.089794116143943
-8.691372241300918
-0.7714273144972928
-0.5475537430486885
8.599976414052488
0.31261782693847423
13.074789959582686
-1.0558521942065522
-6.698101835348411
-0.04278946281688234
24.529397862754497
-22.594289698519738
-0.6864504945383744
6.550356351770948
2.9489980102758513
5.844463826556255
0.32211684798399726
-0.08112751098055818
-0.4128158536916081
1.4823251486284326
-0.4698655785780487
2.2121959018149253
6.7953008829394985
-0.06404344113698955
-0.32365263650151305
2.9196820636799625
-3.7541408574827995
-0.08284638075452273
2.6807978823111775
-9.710139872844419
-0.03689132001369431
0.004427903868353569
2.5092531768475936
1.8405005180505745
0.019027762390917146
3.7096151728181153
-0.04317168089408231
-0.5269596803919873
-0.8783215204441351
-0.2716895856985948
0.31162157946773217
-0.13587835082656885
-0.1413527834674705
-0.48240160110817554
0.018802278853701632
0.0326332000749508
-0.21364244778987887
0.1952326443710013
-1.0905082923715377
1.6915852323217602
1.0464515059865238
-1.0805395377760034
6.590223780145213
-1.7900801361633545
-1.9594298015993263
0.32055744112878903
0.7942830197758955
-0.7424351781001929
0.22536762899317295
-0.07307723635281961
0.5459723331437059
-0.8927520521499182
-0.3283726429965794
0.8809864783312814
-2.3247781043771645
-0.0650652940918467
0.3925287940483689
-1.4162458289817939
0.2937422955915712
3.4352100012892914
-0.26855653891218895
8.435793157312522
0.8867270332322789
0.18361150386433153
-0.13318149240354177
1.6880698782589516
8.336189956252541
-12.97300845246527
-2.0927582785980148
1.316234805659248
9.022416665550239
0.5560570401364511
3.5727194431530167
7.309828156608711
2.4456750674561496
-1.2228929194903444
4.650106120530844
-6.130999861356088
7.813005614079095
3.870060878228742
-1.4033971516288692
0.7286278083719993
-0.001610500071691568
-0.07907583960576293
-0.11701036882258736
4.2986179370871314E-4
1.2441979751536927
0.9386677756365954
-0.010719345392995986
-0.08160436667457835
1.3470242820632121
0.006356214989558926
-2.6899367306873794
-7.846557855847828
1.1854392397468763
-0.1766789237646758
0.3966726194041938
0.5189974342380894
11.308454559092045
1.0760282844509022
0.1927838062060553
-0.18960643846394126
-0.02177395919772924
0.012293427205393651
0.007620594013025614
-0.016950008274382148
-6.225154160056489E-4
0.06697782401140898
0.007504475552442076
-0.0011882553265808518
-0.013638777311321827
0.019200264424420688
0.24203572074246857
8.527520009191651
1.2676168947376938
0.6796085384389923
-0.19002248333763455
0.015173852221431357
-0.35344835536733893
-0.012097471303435779
0.00966655178385367
0.00588867218784382
0.0038434504539937705
0.01131295090824664
0.007396476398849618
0.013866227369779873
0.01692802372563999
0.01479424640299409
0.010367548581216655
0.003714889725845166
0.0013533169167392596
0.020161378996964678
0.016244938775611503
0.011540867165044289
-0.008426513879240798
0.012917495882411856
0.017410004352177284
0.019445873053640667
0.020059348714763763
5.034296112609459
-2.4342293792491567
0.009478025387709109
0.017609052331846422
-6.998037824159037E-4
0.021016856380979214
0.009448108616942928
0.014554515123091505
-0.01727869583628875
0.023391622293748426
0.018439046369588513
-0.04194342916524961
7.833297918827288
0.014616752876399257
0.03902789952809583
-0.4970768760550802
-0.754655574799493
-0.001242640690322985
-0.005363367826312543
0.01044742155078577
0.005998356538574908
-0.36590146831831083
0.734074807298335
0.02833383444484221
0.2277701287368004
0.5005606240925645
-1.837885565554384E-4
0.27970177246071265
0.009486442774619049
0.11100580383765152
-0.009711460153554625
0.015341834474474621
0.06271059823180342
0.0011841896462406155
-1.4497679937820709
0.0019412978164450073
-0.004113878651913797
0.016866256366820064
-3.1753427693805807
3.0015059592950064
-0.7574870497140425
-0.020015665168585082
-0.24607814377610318
0.7146457787099731
-0.6084552034768329
0.5168736960857132
-0.004520048594984545
-1.4246952087611795
-0.3879963084525146
0.1785022204937752
-0.0021904258169703522
0.5643562557166095
-0.03710633164410157
0.04770270432153945
0.002974307130575642
0.05507801102030402
-0.027141474307160168
-0.1830616679979844
0.021537147784612236
-0.0065348180679046936
0.0970888335454412
-0.002456766137894687
0.02167524936015008
0.014032410214590212
-0.004536782715376117
-0.04740466772475766
0.015893656054505257
0.03768737503369039
0.015473446709942554
0.004131953211714111
0.0011925494444332714
0.020275585789582783
0.00650096647436833
0.015299651763187516
-5.642310957415518E-4
0.03980453190963014
-0.0496250525211428
-0.023484439301252682
0.03639889988803096
0.008055074612673019
0.014998193597287596
0.016368597946382426
0.03085825151070046
0.016394365725649243
-0.048093313295741534
0.3852772437069199
0.008705082837296705
0.018562326303340503
0.01724871005153976
0.011252074661832832
0.013381137428767216
0.018710597408329678
0.016432011354741233
0.021721978724253764
0.021721823207693683
0.014396030411468258
0.016465585780778266
0.019378986384120885
0.013455038730790644
0.008294570756401175
0.0033153091125468965
0.015311174109615801
0.01007140089482421
0.0022036014817672315
0.021507738392398223
0.01956564001409728
0.011214329557050874
0.018294084496073632
0.012637483967168791
0.012993264569178842
0.0011661381342194805
0.011419595638199522
0.019857326560937427
0.015834665156407014
0.005454838820508797
0.011875713515831148
0.011900789588574455
0.016171668784517847
0.014680887581352801
0.019914079960447358
0.004903791841421856
0.02134106788136991
0.004405604062371957
2.9758552040798625
-1.7303960776019789
-3.365535489974293
0.28178927312110813
3.6421444540149426
0.4407961277303917
0.2727819844903278
0.32386120809472707
9.732681417285746E-4
-0.47374455836666923
0.02992008978858436
-0.0013396332376528442
-1.343640713756663
0.7835946836393158
-0.00400358145614042
0.20107310041326035
0.3212976336325688
0.0035543253100188367
0.004364853183878652
-0.12795239861539956
-0.08117811083691268
0.015169397249359274
0.01156297163648773
0.016897854857525586
0.014884720382411855
0.009968085478726556
0.040022650425819796
-0.019987698888029738
-0.0046739197801824355
0.002621415329106736
0.012294467989534713
0.004237629168788092
0.027089895830661476
0.016646884953942263
0.022296333008828325
0.014866365867781835
0.026915473029575813
0.007072319612153211
-0.02841758799134177
0.020892705966832213
-0.15969513529926388
-0.0026266071362286833
0.0077105784918081715
-0.0021330097925192377
0.01368469799165597
0.07058150680773458
0.015197771112408965
0.04177731678372454
0.018346305763028144
0.03597137560420259
0.017622628506103594
-0.017565657905288825
-0.001085116399545953
0.02932538838519683
-0.031008706604449144
-0.03673475069429329
0.00584455079811467
-0.0017362641291539323
-9.070338629219497E-4
-0.025266755383077568
3.935970108504185
0.0645114650930442
0.019948503871824577
0.027013670547991045
0.01677290618295144
0.019197477154829515
0.036170384983370545
-0.002398158078483453
-0.01966933327194493
0.12482508357732142
-0.09639439686641053
-0.030898822791748708
-0.285975515490162
-0.031463835954382575
0.041659974056177176
0.017409527914710284
-0.021510218497864237
0.041713667045558234
-0.04425410464661748
0.013394096867307281
0.004776435768925504
-0.4374950743938868
-0.041336873081864754
0.07255941009386696
-0.06484565825480652
0.9330300417556344
0.018348511365488956
0.0019793536785083256
-0.14986135310320092
0.2471773094536831
0.008595485624202117
0.01910437781963016
0.01591958815784012
0.008133191931309033
0.017248575213508296
-0.005494603972722187
0.01734260198621573
0.02073978346509245
0.008492188043808455
-0.006820136407976544
-0.005427797790131592
0.019758875290044737
0.00603030863387118
0.005410063559510002
0.013824224468891049
0.01014546378502733
0.013518735115732605
0.013525683044498126
0.003421146158666838
0.008770198462336143
0.016431060665129744
0.01681143458062764
0.01112811437809836
9.09324040513211E-4
0.014656755202370494
0.010600597304619033
0.013049765826351452
0.019369520310510157
0.018445954545606866
0.016859386316130636
-0.9024379011878886
-0.2975540951160889
-6.029231742098942
-1.4707985320947219
-8.868582949333907
-0.029792063864581893
2.2273045067115262
3.75876007709881
7.611409126725774
0.1320131911699629
-0.23993076663502205
0.10142674384297723
-0.01061930624931996
0.02002182471414479
0.304700701621232
-3.685963328410581
2.552423622197468
-0.9573039252817143
-6.358434063927052
-1.7065780111581852
-6.332288092856139
-0.5981205861932523
-0.7416106116801567
-1.8154628831043547
2.081648738443652
2.5146536162960422
0.7876785188390908
-0.46816461726519387
1.7215209014510644
0.9164755516231922
-0.15529858070654523
0.20088304799123835
-0.3362217843892253
0.25783582083922174
0.17310881822627622
0.2810647712350133
0.10859771303454731
0.037337186996410074
-0.3404200357163644
0.006107788849482095
0.5249405430374741
0.2898625928746602
-0.007973862022352085
-3.284616938149949E-4
0.19661723529641234
-0.014157231598924222
0.036444422446697794
0.08338114694232565
0.04201380847110505
-0.26363044041887657
-0.263553817366707
0.3907254477732841
-0.394331414813241
-0.8543512756497613
0.05386032039282341
0.1805934813487462
-0.0023440366368534067
0.4973820705559922
-0.3886456802745968
0.01777764770228203
0.9031531340507573
0.017966891815017216
0.01701647232628595
0.017031235231580913
-0.06268027728370987
0.05190056713747764
0.044916188543346176
-0.08121429861906493
-0.24747467309867283
0.22229492154310174
0.41369587445127404
-1.2476321508238186
0.22329136491691012
0.012988981145932743
0.08952168358442697
-0.46651652171327207
-0.10004900166694194
0.014806881510032075
-0.06777766968502957
0.6373909831938473
-0.029914631077357513
1.0155716383775086
0.020384443538326167
0.007245914929594447
2.246376307101981
-0.015242719365754998
0.11342454453445991
0.05396534821938594
0.008131137094978395
0.16440971534678392
-0.4214968476043364
0.012496490217984468
0.01424435353512488
0.01929786562013832
0.027965929494982927
0.023734695809642433
0.07565107594203212
-0.17546728689156055
-0.23570925467580872
-0.06874316480902183
0.014949455503727723
-0.029145026909514725
-0.05309954555847701
0.4042412219468592
-0.005013496835284515
0.017083196672564065
0.01020849376041642
0.00986374585640075
0.017610815311821897
0.028490293676892958
0.00954519980718415
0.01829001015693281
0.09484766281610113
0.02788722575790017
0.021721351425569774
-0.0220418106338661
-0.006107176380287084
0.002359590480652062
0.04148394804491136
0.002098134398785629
-3.0030693090785894
0.1443653070600555
14.664694004282133
-3.6124283764124274
1.7154528986202169
16.03780595643755
-4.100011482096549
0.9260036457661974
-1.4516908841094611
-4.993099332609832
-2.3334265703138763
5.259185800694497
4.588621476818356
2.0968384934075863
0.9476583746864632
-0.7419063198256606
-4.191649485180312
4.041997936106878
-2.4892336218763123
-1.0980505995702659
-6.404057281701972
2.7656379322694593
0.3942907942199313
-0.7955940750823179
-0.03169576307001362
0.5651381708875678
0.2865041840862201
-0.12397057227359407
-0.03519017176681161
-0.15337588506824398
2.42215317817928
-1.295662028116094
-0.9925802068743097
-0.01434036157649632
0.28203349895457563
0.6816649498170053
-0.8074809962321418
0.731809242548528
-0.110874457378144
-0.2814180242917731
-0.39976906404556123
-0.005864843000054049
-0.632405743664789
3.4407242549176456
1.6938204102958525
-0.05852460550045532
-1.3079626557946236
0.00799394004029688
0.30766949768690427
-0.02639658802423145
0.0014585219578131373
0.02979093977583832
-0.0168811249861773
0.06668497851960545
7.051025189540389E-4
-0.8324942655582774
0.012444668742475849
-0.01778635524882943
0.06105790978541101
-0.0035811069751462434
3.7881714540895266
0.6131730660925592
2.7005294785620437
4.846227134126123
9.950304592445281
0.38949385828620137
-1.3771595950682143
-8.639661228030645
0.029211982786140418
-0.21011161841493414
-2.0553849556135626
10.982437189804799
5.331506861877939
-0.9543781592900235
0.018500410692366784
-0.27654054042714205
0.04447248934235322
-1.622172912253692
0.02132841221633855
0.859245944023285
0.30385379613190855
2.617065435838799
2.268570816076009
-1.449079655627862
-0.04927542760764404
0.005540004600322339
-0.004024819923793732
0.06282673542372771
0.024752281802242197
9.79481792040491E-4
30.44728938447786
7.100772679110348
22.435906304734285
3.5349191289163064
13.768771239318028
18.00694194548297
0.719681239935089
-11.602110452607159
23.1063526027024
29.556698807272742
-1.4120052897226494
4.661949008298299
-5.5881103421119
-3.7165659659787122
4.857929968719253
-11.626548022352315
7.275971826140282
3.7283425866145015
16.667085193685818
19.501198396501195
-7.406141623422392
9.409894029063029
38.87818178426996
3.040366653204684
4.59569526313467
4.834280646796396
4.857375426900029
7.574382518088644
2.6626970702260406
5.662772711029923
6.4028510458883
1.7861862810921427
4.643762512003023
1.8806320165371846
-0.4631535892684061
-0.4714734218777599
-0.6985390544191734
-0.591048786873938
-0.012873684032424405
-0.0994814269183103
0.07132219892081444
0.05485762969656367
-0.020851845650539644
-0.410907860502297
0.015443235934754216
3.3400388010795865
1.9870043923277623
-0.01492566935297431
-0.018584409230744895
0.019926062232769142
-0.0012136090654658875
0.021722067963796072
0.016055282009164694
0.21001443806186168
0.0556740203575417
0.017489043703458856
0.00582966469003967
0.02031181821920982
-0.02367032047395538
0.010694919652388264
0.007391172256607897
0.008752951775744902
0.009774936392795829
0.021721978724253778
0.005149107381683345
0.013092364241348249
-0.016728105216533853
0.006014685312857616
0.014993749327576689
0.001071763046956683
0.012133821707159667
0.014093342866524418
0.011748200745594992
-0.014150164154056247
0.002839285334336417
0.009548606389786534
0.016862884520446122
0.012710396710305012
-0.00895763595290503
0.002855718036965043
0.014183673744679366
0.008749131667074793
0.006892746479550677
0.011552259278612958
-0.0026250071434790233
0.008639305082720823
0.015325593544887649
-0.001318818533785467
0.013553604091830106
0.001138628670775295
0.0027682782302885754
0.015027370048030095
-0.013526705459840652
0.02029962431676974
0.00685670913407571
1.0306436490958149
0.008807478890402714
0.01406386609870874
0.013406369436415256
0.014687508328329742
-0.00702863345006219
0.021702626873552996
0.021720351669072168
0.02172001950222381
0.011098479463075375
-0.4478895626725645
-0.25620868422009024
0.005902534589375527
0.14632538651877622
0.02150994104556825
0.12975784006391108
0.8351362314600651
0.014442818888366198
1.5660451916681597
-0.5531216587316617
-0.1892402406668754
0.0886974437380458
-0.30174801803186885
0.20059273702413447
0.020196931772670314
-0.006414724800609093
-0.06041243065411274
0.08162731631738551
0.017841473900636375
0.26469785306492144
0.011534490073635011
-1.4281609595047582
0.01628275593811429
0.6923289081639289
-0.056620758328302115
0.002503482539684358
-0.24699605755399556
0.0014932135754533768
0.04802357221674641
0.16766163617512722
0.4765626831070204
0.013131259572933394
0.014393269441596631
0.010928394087067755
0.032612105519436024
-0.08485864822863276
0.10064007433599191
0.009179946582569317
0.010348465794766075
0.09007957683332483
-0.010952080261882739
-0.007241758898932133
-0.36470461273859345
0.03122106680360557
-0.05643511901418068
0.9106892006196903
-0.022630055600633085
0.07990224542964554
0.009194399928130034
0.01250079991130234
0.06718450593905738
0.049249380290678435
0.007032959465021908
-0.01087132524694621
0.015793235150950383
0.002016000072846325
0.009508636330772187
0.014539430569455357
-0.0017131039583069996
-0.007478194030510093
-0.28147224676833466
0.0014828570571885735
-0.3163118307651905
-0.02344902122601626
0.002739291101068404
0.0737009599304183
0.10431240480226261
-0.03091024346619977
0.4759401121915407
-0.07767719603910858
0.03234999001214512
0.005323452160595498
0.1872368671989501
-0.007687350629355099
0.001193018711515139
-0.978277925227758
