0.9208643163123731
0.6367447212706322
0.1745941189733406
4.652705530355726
0.40190534165712893
0.04691258692089502
-2.161241271378649
-3.679798611356782
1.9266953557870883
1.6945879665548185
4.591314311684724
-1.4990053797201626
0.29956395731792085
0.31498526788780495
1.2862699591595739
1.5309383097492775
-2.961089333847616
4.489205464620093
-5.268652530053987
-0.5288158441804625
-5.182999928645905
2.7765106089241707
-3.3990878060061442
0.45947055345749427
-0.37910267156893657
0.2723187746421381
0.26228662538329023
-1.3887508669106146
0.029276178016906237
0.665884854651566
0.06437446113702215
0.022817941657321192
0.037974695456777084
-0.14594605816336984
-0.043122456893335534
-0.19101481022970912
0.0943103042511848
-0.019604892882463476
0.013831410204728419
0.02296520030545645
0.06273812360300476
-0.02106833748883977
0.02045613336246857
0.033674913408364246
0.02420729005348971
0.020414569365611233
0.046031949702343186
-0.16401892845510604
0.04043459209260741
0.035418825787616494
0.18693355125311317
0.03331667535863907
-0.035776885978894606
0.026260624103019256
0.0015793003304453092
0.09635484636991842
0.048801402690668884
-0.030385896929993852
0.04688601898649392
0.12216679107831936
0.05801059985908677
-0.1603166382991614
-0.34234714411321104
0.5772473740145758
0.015282575442917841
-0.2001793717211164
0.11178253912569507
-0.21007282887506026
0.2163675467229554
3.1460269211546244E-5
-0.03692041044090867
0.4030572618641108
0.14508978900200462
-1.9397359632327202
0.03174648555022039
0.10446505702891444
0.10508151766219884
0.059550040453652135
0.14426266510860103
0.10445081694771101
-0.156111392915008
0.020735660462626183
0.013844331705065844
0.048723787083729944
-0.19949468349609262
0.12798193521057083
0.028035393270928768
0.03800832407823551
0.056826897254323855
-0.08051147463559019
-0.08570092576029968
-0.051648277276606015
2.136489777507692E-4
0.5222633985726144
-0.7200713077155961
0.18549460987360478
-0.49760056840616446
0.820452652854654
-0.6613268383681304
-0.1425110105322183
-0.01607124885247909
1.1626523081152111
0.4782338626998745
-0.09161887579698945
-8.523873340406664E-4
0.4831192899227915
0.21999260076961408
0.762468699898708
0.02694185917205853
-0.6950821676332029
-0.4899291680156901
0.5302145993742077
0.11424290420462105
-0.26663777639432207
1.455474925166457
-1.3263353088452978
-0.7532849580943524
-0.1100439634598156
-0.565471757039787
0.19819609918136066
0.06868136741228931
-0.0070204559884245055
0.12629148943387736
0.07342501174994175
0.5030415307212156
-0.3237255347355127
0.12359389418057244
-0.5954590641269192
1.53431432391354
5.747753769864845
1.417182340355336
1.114124297738991
1.9086277543254224
-6.2301347233185
-27.568222385546232
26.8041666288116
-12.688337155589391
-1.7358043056823897
0.6278265252606414
12.244961276343533
1.253707003572199
15.775314651107605
-6.37178790741997
-0.4100553776125145
0.3092488136733138
0.5518882506990167
-0.02767274740314768
0.21904165021334804
0.3618883576507609
-3.604376533308852
3.3621015197091424
-40.27087488107602
-14.21674951258979
12.55268597654978
-25.79456332931511
1.2674144253163688
-8.125131296663584
1.245046303289472
-2.166221903698103
10.182364585918789
5.308040144794829
-1.801038555977564
-2.300525204404659
-5.439605069810188
-2.1161463239987834
-2.234697942347958
-1.6452290562408611
1.5794911436053556
12.801288407758033
-0.38703253581619684
2.375006037659166
-0.8258783796016269
5.880802048441136
-10.669639390527355
-2.5311850504085123
7.930792161056169
1.042588378127352
1.3968868480569163
-0.4365534641187828
-9.097040474234422
0.02331541476757585
-0.08873665452653975
0.33803745194056534
0.00829255267345324
0.30008783581483295
0.10111840193464247
-0.23120772052816405
-0.35304300484622947
-0.5180819538816273
0.0822696121173482
0.11373591627771586
-0.331420744879871
1.0098478833666318
-0.3256126743453491
-0.24268589936066198
0.05840923488360965
0.05015949307043036
-0.014355827293709841
0.26518682792470105
0.06683879795888957
0.09504359316194637
0.0780574930998957
-0.016824418756356516
-0.15763006083864492
0.11508301047090787
-0.06732181168182046
0.04612778105889758
-0.25260473733483507
0.012771809213643827
-0.48271421150693994
-0.01760287654085407
0.048885206950529225
0.09033190769340001
-0.017105875716720426
0.054914925127657804
0.003145834333889129
0.014535899510229494
0.36598381743574354
0.09351278166501201
-0.22451040112188725
0.06277593797153885
0.08891889065156683
0.0830822666608472
0.12063432562239301
0.18644877711462024
0.017850071151265613
0.11565525125473773
-0.020577141584851896
0.04397328137545478
-0.09750530722128531
-0.013569055742709805
-0.02128057560056149
0.026654584437487555
-0.1095109344049646
-2.230816406324052E-4
0.055336874938767475
-0.46654907069877194
0.0427960431384806
-0.0037493903907749116
0.07500645867928811
0.9947380809758372
2.254788202314024
2.00362890287548
-2.62534015629061
-1.4858956630012168
-1.875816023871012
-0.5455253083408843
0.04640527344282194
-0.20781341836022807
6.598632043963978
0.1795037517698546
1.0031841900140437
-3.2194994580593397
2.1363869816792764
-0.3919450357090369
6.737450337855364
-4.507406424586903
0.387489724359448
-2.4546317213095166
20.689986502989573
3.2149645327942076
-0.7891492724839433
-0.6271348169401795
0.3526326524538832
0.29620198318432195
-0.4316245784830248
0.5776051245696074
1.3381710642627482
-0.19348855876705767
-0.11309599982600285
-0.048248841839332486
0.039477791094977226
1.6563252962815138
2.2574320739655844
1.445535521580299
0.6209037293968044
0.13890821450668822
8.320952990281013
0.009087855924340001
0.14232291980197448
-0.7035744979384922
-3.543569638488945
8.494153367085472
0.08767596357879895
0.09524080171117782
-0.024715422924132764
-5.879386300891302
0.8654303987256062
1.173070341705241
-3.6414439311621547
0.5037317436367782
0.08740237883566579
-0.026552042461606817
0.12580547328630412
-0.0889047475837651
-0.40034615182540834
0.15266005833382795
0.029449210871487597
-0.11024878701227199
0.1436575236131098
0.036106480747116046
0.05548559654180051
0.1366592541572096
-0.06744303769571865
-0.052342317576223506
0.07776703504517783
0.14509427373960632
-0.28968845194367315
3.8327911819829636
1.1967468621502557
-0.10028318505071566
0.5159855031242085
0.34217356775225904
-0.050132810545751486
0.2005152005446756
0.10657752084101778
0.10316455350011706
-0.0474229124580063
0.001516091237952324
0.1467850429884226
0.11825096737986164
0.08400942966719074
-0.046478966732158344
0.09376855003598555
0.12670778887712952
0.14155098230004956
0.14579591550314325
-0.593186340249107
0.06731743094568546
0.06517010200838029
0.11273614960187318
0.11352794916063451
0.0849969869096888
0.0687760571398321
0.10603836067258458
-0.013281668850342116
0.08036252351776339
0.13461253007571194
0.010151390272407756
-0.05991506221048564
0.10948854644644566
0.13025839678551734
0.037440565317821715
-0.11258360721323055
0.05100902259970735
-0.008073503542489901
0.07598283589325455
0.06181403420562262
0.09318389806487268
-0.046779154914561964
0.02352043510563096
-0.0022022342647420733
0.07139739711495646
-0.010597535637143165
-0.11913037935194454
0.07823783511842043
0.046582939063420876
-0.06171724711911101
0.08183472940601715
0.07129931216349165
-0.0014067326166488272
-0.17937780286702038
-0.09107586044220647
-0.00928159618302943
-0.021207366119245594
-0.006342572368607779
0.12941715866280684
-0.017774221774074637
0.04541204392097189
0.1950831117692837
-0.00143243044599435
0.10103520227222583
-0.13492669273003474
1.0142472044202173
0.025273998951534937
0.001344040090780588
0.057150209810427885
1.0944013064805231
-0.029695238894605593
0.03216941989096814
0.0057432804524586295
-0.04663955343586718
-0.1411056172360334
-0.040552979792334506
0.04147035967055323
0.15674923791405374
-0.20057415118587638
-0.03532128120067043
0.0150246865964042
0.15778293147223804
0.09349177152912573
0.08639761860098448
-0.04683104638941745
0.11463813415472415
0.08114899705843312
0.09210531597987587
-0.004618933932908189
0.06101159379860406
0.14759739237810537
0.056801183797604404
0.10246338767444846
0.07542746099065564
0.05328003523016295
-0.04367360479738286
-0.12402443373304013
0.0944308189736429
0.043785542723213354
0.0689269746533246
0.11833943446470084
0.08654505675289736
0.12153419896904835
0.09556457790550804
-0.016833703779930514
0.06357272469692764
0.13513723387395887
0.12552286338158003
0.08246257002395022
0.09715871520413648
0.1429907986780624
0.1238228747823875
0.158119083091871
0.1581179510550588
0.050689769726660464
0.11986273541568694
0.1407827733368305
0.09794240833463957
0.06037567920990418
0.08269032878704256
0.11145319036236899
0.0733047353618545
0.01626640300090171
0.15655960671549624
0.1428316823895651
0.0816338342198788
0.13323844747896488
0.09199053717956784
0.09462879469212471
0.008654899879627618
0.08312566840193081
0.1445458679584078
0.11526873066203924
0.039696396208472026
0.08646620405120675
0.08649939676101602
0.11667029936559814
0.10686544940399398
0.14495898849435715
0.035695691571499294
0.1553463488957343
0.03206972537353447
-0.02122055639257595
0.03962599678310402
0.04520515180011453
0.04538491106858514
0.0031045901713450948
0.129812702735197
0.06291743362573544
-0.00490781148620022
-0.06656828156976351
0.04037599293551971
0.08293430753935668
0.12586660626034685
-0.1153327299550227
-0.20935138883395155
0.11944679832317445
0.052943614812998446
0.065465968865635
0.025222700143743955
0.05168200516442139
-0.09661603462155212
-0.14211998249431945
0.11062629073035726
0.0797137874885624
0.06147897770324016
0.10310146304410882
0.060018204467384366
0.01845435001617143
0.10110342390351507
0.00926563376113106
0.039655287992107
0.08949387580771424
0.03084805236963335
0.19718631289228422
0.1211728778886137
0.16230340143527608
0.10821539190855665
0.19593594469330602
0.051459311404438816
-0.20686526889912715
0.15210021197167825
-1.1624652751168971
-0.019121582048611432
0.056112848326959085
-0.0155199631187469
0.099619429168838
0.5137816216933838
0.1106283384686654
0.3041003120963203
0.13354698387296246
0.2618403989479409
0.12827867561783923
-0.1278648670473768
-0.007899554383874699
0.21344756463259612
-0.2257181609694738
-0.2674104454398969
0.04257389753697618
-0.012640488376827718
-0.006599019070183621
-0.18389941267580834
0.06605043763026462
0.09109008557617822
0.14619166385047988
-0.04351641700815258
0.9469263454561064
0.14663056724020393
0.07478721116132653
0.8486332232404536
0.03791971444975786
-0.0640979096132487
-0.14445216575320502
0.03994658540424908
-0.05903768737293754
-1.5194593331831942E-4
0.41014605816081884
0.20016156048282072
-0.11090443699412461
-0.13344342939729262
-0.17182248265233163
0.09472403024975252
-0.0602355886734318
0.08042247294788613
0.09966643510026328
0.01816990989777616
0.04133140632573006
0.005908511485487415
-0.15376411442311125
-0.043354401859777035
-0.059934814715284876
0.027581016033979187
1.2653106007917443
1.6039818857756136
1.6854038599914687
0.7513729247445037
1.3956463089894315
-0.292853173819898
1.394631932174974
1.083413488828028
0.9085458852363845
-0.6598829331497895
0.8742682383976637
1.6755397609406422
0.8258380194296892
1.0660158948050098
1.197372362055324
0.8503068028371611
1.1535841256429176
1.1537921684755028
0.28793632005112535
1.5884439076171772
1.37735084899195
1.52313506697132
0.9226088973776208
5.492807320545406
2.5473961445994333
1.2182436272171555
2.2487981863136657
1.6435406446814929
1.6430610825740462
2.1013556200446915
103.24163702122412
6.524051500890596
47.31315577825458
-9.663070216012741
-2.9520620114093252
0.7590428322135373
9.279937298254271
-4.320680960283973
103.07165850765935
-33.322521113193055
-1.946084440292263
2.281322791994375
-0.7343321072189187
4.977546377580635
-11.378466815886117
-2.2164716451616813
2.5328839122931357
0.22813001810685798
-4.466192815353203
-6.051045423916425
5.733911966408307
2.5865541634548195
13.284551737755045
-4.316385795766869
11.498881496676775
3.201455042938631
-6.316159084036191
8.923122986561799
-12.054728443791419
-2.3533787952171994
1.361901158908224
-2.100412471051924
-0.2853027156117915
-1.7578064403756617
-0.5630716289742923
-0.8434629675632812
1.1517505782081328
-1.1243351948682607
1.0700347999553446
-2.6879248137820793
-6.2691518107198485
2.908733429916525
0.9503284265914306
-0.07962584273535378
-0.6965371244794871
2.6442725142085037
0.0744973411847053
0.08028477442035316
0.7843294398236456
-0.9853164718608491
-2.5449287729233854
2.7200151078779102
-4.6110914694583025
6.262652097752434
-4.453561771179074
2.7848463146187767
4.0690273677093085
1.8833011077469375
-3.403534445516218
0.0712100650134338
-0.022282985398068788
0.11460615016368668
0.09115583560908501
0.004452483738100608
-0.18314933135627465
-0.045012099748563114
0.08957117678940403
0.05147681787520655
0.016907922193115228
0.07157989245819786
0.202238000082589
-0.028869614094194255
0.03786947827633235
0.14095521671686206
0.0715669281283462
-0.08817879199799433
-0.046196879513017215
0.07607347247423955
0.01014655007509187
0.01072166823362895
-0.0053667934415907535
0.06231187947967012
0.14217150243596594
-0.1989430852245423
-0.08229062238504144
0.0728856496520727
-0.0017850339524138415
0.10527508554587747
0.08516715129431594
0.05394628980203598
0.031705225433549276
1.0036706952412666
0.1535059475187419
0.10020780395349255
-0.018424918286557148
0.11554483635498078
0.03358789893579626
-0.007101331051513938
0.05524239691708278
0.05491667409356676
0.7293399954867996
-0.1650750693582906
0.007357626817593031
0.06313273871441359
-0.08033811803072423
0.7830414220511895
-0.7975817539575365
0.04543554660080564
-0.10996926855361644
0.0647008963258577
1.3719338660129623
0.13992577196666556
0.19169970391707955
0.10763367079245967
0.15812387330798364
0.8493994245730145
0.3200827480103751
1.5241343192749792
-0.11896260121640674
-0.5445268290800017
0.33691972525848096
0.11948432136820773
-0.09655322597137965
0.3114398592304381
0.08313228030642338
-1.0504287639369125
-0.029125809044260313
0.04874632340881732
0.004900861004936648
-0.8710603481366075
0.5246005110640934
0.4374266208623385
0.24242840938753282
-0.08199618097645893
0.03923191695452702
0.23717540655627428
-0.48958313833617395
0.08954565166500669
-0.16053012203224218
-0.09998144068572086
-0.45025109038059813
0.08113748501404348
0.08313765332870737
-0.10304378931717106
0.02888103033677926
0.14231425850043983
0.10709073852264601
0.013840667497184982
0.06826168027668443
-0.12493387161922512
0.21002289655923492
0.019206460163745023
0.046336768709325
-0.04004051265561959
-0.05045373936066371
0.20448564235127645
0.11072671642204615
-0.10475439591321353
0.0644338071866973
-0.28375908703908503
0.972295463019141
0.15507178691359275
-0.055654629030483654
-0.12307095330380902
-0.06416353684349607
-0.0022614632178454557
0.0635404649197015
0.050816087779617894
0.12092965876920875
0.11427018509332883
-0.0300815472421801
0.0972500199684837
0.1199910996620828
0.02687099130696675
0.046717237223662174
0.09034117673925784
0.056651966860574166
0.11218699082087916
0.09262908358278002
0.027055676472471604
-0.4530734986396453
0.08291790030815695
0.10905401228505607
-0.13972484457361614
-0.07026429989158474
0.09475871116648085
0.037952626193599466
0.08205391850377498
0.12292595832017907
0.11396112179806099
0.10964283371279875
-0.19064885728148642
-0.07743505349401777
-0.4586769100561441
0.12215961948277043
0.05351813460930116
0.0705600215227448
-0.3363697456657173
0.1501988253145314
0.02047673327726873
0.07134025494259705
0.1369395702839141
0.14000256995372753
-0.0021687822037099614
0.10311735326411126
0.13017001006860554
0.0732003967232552
-0.04523681772833082
0.027442036981306362
0.10116998879203956
-0.2996928945967786
0.06809975535138185
0.05218723740623198
-0.04199340574861036
0.005606385909284295
-0.4696032229352019
-0.10355482681076074
-0.044267183749129815
-0.13743387684576905
0.35007706135863687
0.09382904103512107
-1.3289852306435772
-0.05262904223776573
-0.005580736328043971
-0.10017270603722873
0.2691709820202525
1.2831164577653162
0.023942336852947093
0.1488313411371748
0.08354321182119856
-0.0762115349064253
-0.026792654862634897
0.14894709692180702
0.02606290222043463
0.416352365241416
-1.2717959010541442
0.06086880308363307
0.11271811270919015
0.15199203946379075
-0.23768686219834725
0.020828533007695917
-0.023230500893728395
0.048756118504897916
-0.06215414400832866
0.041140278223472014
0.11613843169787927
-0.04330656774908477
-0.012009856600613284
0.04782718889389174
0.0034210606818833073
0.05638476489498421
0.07786644281994938
0.09862135806889785
-0.005183879076115285
-0.01931877078840803
-0.13730179753517482
-0.011145088977047883
0.07082714212185347
0.042178484097519356
0.11540379984150792
-0.009616153173498976
0.15811973303444424
0.032466286086650614
0.033007745080640985
-0.21180324255839655
0.0797315392606492
0.12195184197853252
0.049130825687441
0.06030636285623724
-0.01575135926087157
0.05400853893153799
0.06424346707459962
0.06947759827357837
0.15811908309187098
0.037600662720200365
0.09586892790560358
0.05097502190214264
0.04378190061046071
0.10914654243108542
0.030605275850299492
0.1090919524562813
0.10261610064916425
0.08550504366093338
-0.12074817449490784
0.020559291406773702
0.0695022245867723
0.1227526545510893
0.09102328732502786
-0.06464554101249784
0.023957373568136896
0.10324610114310527
0.06349267549519172
0.041633382259594356
0.08409784592234852
-0.019099355949784343
0.12589808555403784
0.1107913248407177
-0.00960018845715147
0.09865966410686487
0.09793559503607281
0.033554468443247214
0.10379734812116143
-0.002083145104641242
0.14775336221308802
0.07375255123646224
-0.03813426663162244
0.06330058257890789
0.09616267679277074
0.09908998172828518
0.11062748831548323
-0.05684094251049838
0.1579776822736414
0.15810723939340524
0.15810482153835162
0.08599856609070099
0.003487795788791153
0.02118330404340789
0.0765715025373251
0.05952772640851257
0.15642037674337736
0.10391871363801762
0.02864672187051058
0.0995047694334974
-0.03202195345562551
0.10995710131955239
-0.05913063667806917
0.05609617560120805
0.09463776750291379
0.06684288305035577
0.1313440995821951
0.047854712264592175
0.1262971917321721
0.1189888797416203
0.2596994050545332
0.08364989984532509
-0.11074997290223203
0.022210692717966996
-0.08196742154582799
-0.031399029983727546
-0.37304518859974733
0.0688529097396617
0.03422959055432823
-0.10344298814108091
0.0450127115365147
-0.014388486948998686
0.04976656627773498
0.682874553312875
-4.4817117707770556E-4
0.04566657226738261
0.1356950997156798
0.016203446187896438
0.09227121665928767
0.08870758565458267
0.04671619726425864
0.029012966804398143
0.029016921104280308
0.0969882388954874
0.058646661536362985
0.11661438691664343
0.08397425043221704
0.060771588574319066
0.062280242117895984
0.011385462640620278
0.06312633358353999
0.09007169353339381
-0.027711405417466205
0.11788358330644715
0.034999656921465845
0.04740823649556419
0.009998493527142993
0.05415402085984145
0.06701666973106667
0.10554888040370428
0.10914620618385394
0.03354797968312079
0.04189788532662194
0.049761372080086914
0.07278167689429106
0.008564029154091324
0.007473057058333775
0.02567047301362242
0.05264423451818258
-0.028869645148855663
0.09145708652482247
-0.03875927514652016
0.012272992849055354
0.033806542892971296
0.012212518630009061
0.10606405443977315
0.07148957525788284
-0.8418802177535989
