0.060911159519504036
-0.03502530786783846
-0.015851068155265262
0.1398024562214658
0.03322972958290191
-0.03570856661707522
0.11450648014136454
-0.2073367315773522
-0.010312961165561331
-0.08045232394607586
0.20765695466621403
-0.14956236103626425
0.03369964105936035
-0.07865384849479076
0.5541992938982035
0.16731348284246905
-0.21971237995095486
0.05347006748943062
0.023900644108147448
-0.028201405291769687
0.1926615651622328
-0.2345887930265313
-0.08187825374160344
-0.008536204457181814
-0.05913720417786731
-0.039981568804755875
0.26116846919163744
-0.3626935012189998
0.07500409061458715
-0.14678170408640032
-5.0674698622872665
0.39779318244000533
-0.007808490651012478
-0.05480767000863759
0.4933605750851084
-1.2328604337053777
-1.4938446832955732
-0.4103860588031724
-1.4292502349583576
3.5249570887135255
-0.11358203759479707
-0.051415467222054805
4.030952382803108
-0.7959429538252085
0.028324992231877823
-1.3457321277973713
0.2664669383126238
1.0569526806370808
-0.11479103601282203
-0.33191920606332825
0.17625519890290434
0.5803397952751852
1.3477380994296906
-0.1167052515516808
0.6714198088317034
0.28188049201883797
-0.04099690118361614
-1.892947096487782
-0.7340894064394314
1.3385368040568641
0.017144515660043932
0.06517261621877792
-0.04443714737515773
0.29428830931532995
-0.13545122046707403
-0.0968745655572562
0.05700072787597041
0.30755498657124164
-0.007870751737591051
0.47227421487969234
1.7626321785103265
0.08493429861944782
3.1997909806042104
-0.19853175018778374
-1.4686687805271925
-0.01968920111798717
0.046304786930901086
-0.011224372896076489
0.00208245675344246
-0.1835945923168708
-0.6184946577852313
-0.709322969855492
0.057349329513915845
0.029487734425742974
0.29934646606007853
-0.24732190167593782
0.36148553959784324
-0.36245779508879106
-0.2586678467783782
-0.24761610511270166
0.049318777762815284
0.12197989076189533
0.006490780298420896
-0.016650986420334284
-0.04908133833749805
8.302925547760112E-5
-0.010817286246075922
-0.11994758168347616
0.0102207725609829
0.12666436559949174
0.02632779713092191
-0.01238017506632135
-0.03217633020967105
0.06897867600566232
-0.15994811088820837
-0.05722355878634423
0.48392638394829646
-0.2009996750718564
-0.9954281796490515
0.6127636894656732
1.1152808929267808
-0.763757772405014
0.21238451513803722
0.7623160872575567
0.05325548646620693
-0.4339095843499629
-0.9319241512635841
-0.06420685183941192
0.001353169111416786
-0.018091333273141542
-0.03773376576320151
-0.05440315431255845
-0.013773261095322452
0.12734880770925514
3.10694616841294
0.20136212059603334
0.31354688122987884
0.09216270709364117
-3.056175693733707
0.71455910668872
0.0350663417728134
-0.29137549316634376
-0.08044558389896843
0.9632951525842888
-0.5293096380336788
-2.1468247658160244
1.3081932829684737
0.1038760523228579
0.15655786806236416
0.5445820003503253
0.14623318077467715
-0.384840619960876
0.013819468563875422
-0.7317193813702987
-1.7836349150834436
-0.33081248746976566
2.6699674567317904
0.2477161811960152
-0.6258380597375228
2.101555982539142
-1.609825120349013
0.39337332357856464
1.0486608804850943
-1.765860723208758
-4.72064292446898
-2.049648903256907
-0.04580236496597942
1.768181015446201
-0.28084759346375077
-15.590443351889345
0.007451067013394338
0.7136082388116065
-1.3906459218968217
1.0951695129653496
0.5292304966933002
-3.561445904785609
4.450117475651288
3.7472741017372817
-0.5397137487492677
-4.998264563819017
-1.16209262657437
0.4078286625641767
0.9720761079838085
19.21667999700141
-2.191988929372385
5.322176108091196
3.9727499968846023
-16.88237882125609
8.88610666484434
3.473089081276913
3.4627271943813542
15.482632136732823
3.216148652481161
-0.3097521517903975
4.984112364155812
-2.0399742620249977
16.121473097824836
15.597206109846782
40.283353825638734
-39.28416063859275
1.4076590957630983
17.335747570438674
-3.803352780579307
14.293599202340843
1.0834596484844363
3.167554405302098
2.1133902536923435
-5.081352446340706
12.28562006000241
1.5212427742569241
53.050703352237974
1.936770953513091
15.10505463053118
12.603493433212059
16.000338353274685
8.667326895675641
-37.42513261424816
6.046587203417863
11.202782103674908
4.320353133412907
5.9402105197719575
1.6247416529504852
0.4435721889799302
-1.3174676737633937
-0.49548274317306956
0.07015877866366856
0.3718543698083303
-0.09150927861895765
0.5278736847354706
0.2899486841134683
-0.08992937756698978
-0.6116880799948382
0.015809568283340833
-0.03711797812116121
0.24027142074590652
-0.003723731623357215
0.6218836270701478
1.269708146697551
4.217588768624107
0.13883028401268913
-1.210770657462624
-3.689068835726124
0.3504225662221229
-0.43856320345456323
-0.02610784265271933
-0.05411919633733472
-0.7661306382474891
1.3849147954706942
-0.42588288047023737
0.08883464529784213
0.017881089275935413
0.2807961513655705
-0.17914653273962777
-0.2033692840719882
0.040593176362337696
1.3332248572298042
3.266760503685388
-1.0515367421345148
0.05978606656257201
-1.2567296169994382
0.2916581318371184
0.4297939091566061
0.007211318739381681
-1.0071734626584445
0.11051568530089782
4.101202796500679
2.7303396493759227
-1.8461031995075836
-4.489969410219437
0.35509923144460326
6.244366377864298
-7.085758006822455
-0.786004349382021
-1.3812812397909289
1.8799695500147755
6.983627304832075
-3.111108768061109
0.9130758463049847
3.151815557338006
2.0142765107073632
-0.009982784873315876
-0.015157787095926668
0.01811227334345119
-0.4582037067475034
1.2639367044714798
0.2589406936632496
0.0029559608412460057
0.4421831007107752
-0.3863780342916333
0.009966177351228145
0.027624933215640104
-1.7526021594987609
0.19516432089766703
-0.02607347152636117
0.17983241231291308
-0.22975628490499975
1.318370445629466
0.1316794515725357
0.1998424868867966
-0.5546806585760448
0.00946113236775623
-0.0077681419930657565
-0.0011534730383788339
2.0192369256682874E-4
0.012148539368127143
-0.04403040005904753
-0.008059827148475572
-0.0018740605472973672
-0.002339121662797211
-0.008404922682902972
0.059068427444884955
1.5894592365336058
-5.0453978799736765
15.00010644830032
-1.292131582720625
1.6954426673675251
42.93622892139792
0.002253104351976009
0.0852547011456077
1.2914815935670385
-0.2716130875132284
1.8315526251263274
-0.0032484305012116846
-0.006089856004991022
-0.007438163290266512
-0.006395407114300877
-0.018963385536520504
0.1922507315105482
-0.024953540403960858
-0.00885459990829859
-0.007134553316741829
-0.005068589869606437
6.489886144660855E-4
-0.005921973728565499
-0.007691067665654293
-0.008540359554945035
-0.00880978961411424
17.16371867798406
15.016505394896901
0.021005346826986637
-0.006820637258939146
-0.008843567377455428
-0.004638112069619548
-0.004149387716165507
-0.006399711170289214
0.0027458177208386047
-0.0010680524418088214
-0.00798445485114238
-0.0109775075414396
0.03271727737762116
-0.00654070649060534
-0.016576749974860597
0.05384990488476554
0.017422177540881847
-0.005017611790830078
-0.008281515250855373
-0.00459147672528733
-8.652425088168897E-4
0.020562534184759687
-0.0950603131380293
0.008487648411865634
0.02096829807973891
-0.047783984878734
0.0024966884167684287
0.05605935013194559
-0.00519367908568061
0.027024333728866094
-0.0012269972328321748
-0.0024816593264105173
-0.012571008548901906
3.0477619618456573
-5.024465928852039
-0.1607274890018295
0.9327274892931037
-0.007407427444696061
2.0341010708067473
23.23146704056554
5.451505597717821
16.578893225162677
2.069088710118583
10.25571410145489
4.438543753447585
-5.836913386647459
0.16699776820185497
2.2007150626577245
2.2796061400920293
5.3425719299956125
0.19190864845176656
-5.947188036113494
-0.10846402455650876
0.29843674821574423
-0.008512793805806267
0.5305726085067142
0.4407026749571439
-0.49479103654377427
-0.00945881860650272
-0.047883584156349794
0.2932047349061938
-0.09902037117793215
-0.009519471159806244
-0.0058332396856465825
-0.00497420198037611
0.01667662858903296
-0.006914990472738916
-6.771172805402634E-4
-0.002899282326302237
-0.005909785032396484
-9.454070266882146E-4
-0.008530578480456468
-0.002889653315350614
-0.008514890461375574
0.05965280463166733
-0.0777172255267301
0.0034582191186936498
0.005766815713688855
-0.010086873989788383
-0.0024798006833539198
-0.0029875115539097024
-0.007183557192406123
0.045222723375100804
-0.007265371819586212
-0.05761713710090972
-0.25337748457153364
-0.005658813581831166
-0.008151328638834231
-0.0075593020045732345
-0.004841320213782032
-0.005851828997265235
-0.03680971723102947
-0.009453613481648365
-0.009539993809393962
-0.009539925509587325
-0.0052748690407181
-0.007232404803446021
-0.008468581328412305
-0.0059092696471827934
-0.003642484556992818
-0.008029427321039666
-0.006724387078560084
-0.0044182583550433216
-0.0010107828151467056
-0.009445902999708712
-0.00850663840151366
-0.004925645440109502
-0.008052913527896948
-0.0055500975173445235
-0.005707586848116963
-5.380928838526488E-4
-0.005015330674816699
-0.008721064267085722
-0.006961686899451838
-0.0023934628768303053
-0.005218343139759762
-0.005207371024435983
-0.00701804968959183
-0.0064476457915901625
-0.008745989578288146
-0.0021536691784947016
-0.009372703014703188
-0.0019349116758492003
-0.49213585749154687
0.3407210356412922
-0.13065743045325828
-0.578472869960233
-4.08623919416888
7.38729647198602
4.904857467396568
2.6582989406863615
0.05637414961584593
0.18072105541933156
0.18262768188982542
0.719140242193749
-13.772902407269395
-30.263856995219903
-0.04322675113906005
-0.761721343429375
-0.07039168438918078
0.0013287519859812782
-0.001768194077030561
0.1350201752986274
-0.12019207889026055
-0.006742439936900717
-0.011710632086823861
-0.020589151347913035
-0.00285711127734179
-0.039272015426867785
0.09702717484768399
-0.38300738092134856
-0.0910452363279965
0.017464244964351127
-0.0053995214007679
-0.0018610534345737304
-0.011897303959172347
-0.007311094343099397
-0.009792509444369712
-0.0065290980505235035
-0.011821257153329623
-0.0031066383798829616
0.012482406382183564
-0.009176602414554941
0.07013644959995759
0.001153821980376665
-0.003386736708810639
9.36757492604974E-4
-0.006009965019401775
-0.030999085228301443
-0.006674640261179943
-0.018347690363745246
-0.00805744868117832
-0.015798130786580943
-0.007739593935002267
0.007714714117600078
4.765028109257988E-4
-0.012879311872022046
0.013618422490183545
0.01613302940499231
-0.0025663308470716415
7.625826704103051E-4
3.9785619054276037E-4
0.011096619708776222
0.39216565478354987
0.34843824246341604
0.0067839483754925664
-0.40145579788432756
-0.007366436420167101
0.07766812629518795
-0.07393467428432891
-0.059076425867236305
0.18322410207725992
-0.15138844841392665
-0.21173065095756402
0.17524205166607806
-0.29303173863581483
0.911774354420175
0.17488453567708534
-0.01871318955472212
-0.5204158363435745
-0.15265015806610566
-1.0143618502555731
0.03170077812159582
0.899178842132043
-0.14505931985494847
-0.5772707812490611
0.23922728612288546
0.12032719341166954
0.8700248405071044
0.09630925464541672
-1.6302443740493309
0.013803741461885085
0.09407251970792287
-0.003775018862293185
-0.008390379552086177
-0.0069916637938371605
-0.003571985787583812
-0.007575336619510384
0.0024131558496888763
-0.007616631931183379
-0.009108685983478302
-0.0037296550356249645
0.0029953092829885443
0.0023838597663423996
-0.008677825826192276
-0.002648427503503507
-0.002376026477949096
-0.0060712949948141205
-0.004455747832282058
-0.005937242225268765
-0.005940293617570332
-0.0015025202782084487
-0.003851750363727342
-0.007216295640992503
-0.007383350437016459
-0.004887894117587375
-0.4521372119993721
-0.006437044762890917
-0.004655636318618136
-0.034410264942660536
-0.008506826479994015
-0.008097477883893959
0.008057727598155815
0.24755251655508584
0.26084407744601695
0.8590744452619582
0.6072598626350613
-0.4873188281338846
0.05116249265556956
0.5226261402783695
0.8877593275488154
-2.293807932527604
0.9673778947548907
-0.10189280551882457
0.04686221034119266
0.3067144904615893
-0.13362287468089845
-0.0095376327496038
0.48832664832952116
-0.5843032610974337
0.12252262057598391
-0.8621028808481871
0.341320512519273
0.0974901259618739
-0.3975156524572305
0.38150402593046323
0.5315561557427535
-0.6941005922484609
-1.5377200438191476
-0.3165847756356285
-0.22688721204747805
-0.2245378719544078
0.2732533173014279
0.1326992096731401
-0.1876505330645535
0.19880106532255779
-0.07364849085991006
-0.3498618032402011
0.11725635667930627
0.25160868310154266
-0.12222663573063741
-0.26602210774259616
0.12281936626178695
-0.0899138770629497
0.021428970174034404
0.057165243187160646
-0.01722346480944356
0.04813042458311312
0.33105814655642496
0.1055534852124263
-0.4635347578692375
-0.009831141821370794
-0.30927249919279837
-0.17917507864700094
0.5722456875917493
-0.5017462609220028
0.19902487776118133
0.093577287001527
-0.038921819977675874
0.7828517940205878
0.38287549138256743
-0.8352052618531496
-0.008121427077272885
-1.1787746016452805
-0.007889759105522134
0.022490557913261613
-0.3144833576846539
0.931745552892559
-0.7907173428793859
-0.32922279438446855
-0.2370484309149901
-2.7781218369438982
-0.7372502273492211
2.142607708682188
-0.9496073682321388
0.4561400786274131
0.14131406868157376
-0.5615723854442743
-0.01656623026930019
1.7599210273220935
-0.004176542749565171
0.006563076521015201
0.6155304431602465
-0.44809372193575114
-0.6659635737448438
-0.008952566781910847
-0.025501764616924005
-0.07634291593005521
-0.0075574312610490095
0.00948224582755545
-0.011348496379349647
-0.009612981937212932
-0.0564606434070289
-0.3246470335749198
0.007460824331443424
-0.1814992964172752
-0.009573999597966617
0.12658370433124938
-0.0334839477912384
0.08609194972923329
-0.25967886799363077
-0.12614074354975455
-0.04353127490280114
-0.04493647247656585
-0.22719462440475494
0.8420870098931071
0.4946835952847881
0.05459937909367472
-0.006887924840567003
-0.48429643854768384
-0.04544842611054101
-0.007734427315712034
0.5625308616278344
-0.004192120295148714
0.004753490150650801
-0.21131235657793748
-0.21433351770465503
-0.009539626507439072
0.8125474252655844
-0.4003388814749507
-0.0010363001008012085
0.24787129798385535
0.18610084031063276
0.5604721457160562
0.10503846977062994
-1.4234677756367653
-0.535187986642457
6.390228571759614
-1.9556221129029545
2.0636493646272496
-0.1296023625319387
5.2920339067682916
-0.7128140408948779
0.3452173999332723
-0.03285702615803205
-0.4052364733923101
3.158207242645747
-0.5534144800622025
3.3473216982842184
-1.8327086540615531
0.6636981982161055
-1.4007831310795131
0.26508870892218656
1.5090567690391872
-1.2300276979202187
0.0473563799789167
-0.5749447535365244
-0.0161145538412738
0.38435681467373184
0.017979401643311802
0.1190386784001899
-0.01708838288446237
-0.1049993496256366
-1.8171723126956127
0.8566557726809517
-0.2304902687957564
-0.23449382037010466
9.687550468634761E-4
-0.5271320107802645
0.22196473192422894
-0.6870754343640215
0.057750937456693664
0.8163857357542259
-1.5825403025225033
-0.34262750689856875
0.6637277565206732
-2.1670287527144705
0.046970511032621495
-0.2848657189713773
2.2179277504166617
-3.953701411531784
-0.9176491712546331
-0.008341574681135094
-0.0019965962603091937
-0.003407554273535395
4.1249986705775153E-4
-0.005130529007006006
-0.002033594262742556
0.489144830597026
0.004465765209264337
0.002914639673905315
-0.05979259335518367
-0.08212130007301317
-0.12487894819033109
0.011590615817696645
0.06653267797494564
0.04703156546365412
0.5291464882506892
-0.016037419369565174
0.1415932704215393
0.20193630837230833
-0.008152015285627872
-0.022230826603010345
-0.16025715476876348
0.04283873550323513
-0.07549382086398429
0.3184583691670573
-0.007967204129139056
-0.0033824910712801507
-0.004624714724267418
0.6252268392894184
-0.009248960986733128
0.011962356610420211
-0.039780508822790724
-0.1214922996291885
-0.05457376788354827
0.06689098235829184
0.07194965909317513
-0.021733536629439717
-0.004979196481526636
0.05437954315058146
-0.24166831654114326
-0.005221332781056073
-0.8107282416994006
-0.38862538313813855
24.50454050938912
0.8613439677199979
-0.7394737558472245
5.506950395402198
-2.434822273281645
1.35768020477289
1.3946598646791084
2.0477759584687503
-0.46233551195625316
4.8684637643513975
4.484314414724889
-6.092881982340638
-0.3799870919679695
-3.206606867102314
-1.3522725163760103
-3.5505501420861703
0.23553266639413087
-0.14144109825413384
1.2160930496073423
1.8573891715592301
0.38878995366740216
-0.34695667399708896
6.502368525123322
-2.913028559895332
0.6541313371572063
-2.0940695907588562
-1.2519132517682967
3.7093805732442666
-0.008310477950009993
-1.243532934601184
0.05584969993228138
-0.2560497535055007
-4.089002151810234
1.4445177111079148
-0.1355541049894001
1.7068036806798312
0.0020423976690424482
-0.051623865983796514
12.506578073129274
0.043343319309089995
9.594982161730698E-4
0.10718486475551753
0.005643344937504741
1.2316691831921442
3.292728144804509
-0.21997053454554732
0.4525345697434472
0.1167702143635149
-0.12358334838879124
-0.009540032880375608
-0.33638185155333133
1.5985409317362695
0.14262586399323046
-0.05802603805357587
0.12989255975019437
-0.3915641661064892
-0.029023582094822257
-0.0710146611314015
-0.0032767163707104843
-0.003966170802127625
-0.004042618875629852
-0.009539993809393967
-0.0022810567912758864
-0.005829909422532738
0.010585600359241793
-0.0026413295191926585
-0.006585625083803448
-0.008723210738568982
-0.005443975939211777
-0.006183010345724017
-0.005158014646902977
0.006788959861344272
-0.0011692277107432153
-0.004193085030241719
-0.007405946897775182
-0.005428860867073402
0.003831966153394633
-0.0014545389169257285
-0.00622927808650808
-0.003807299977115188
-0.0024605973998932033
-0.005074846554865375
0.0011497374190820207
-0.007867307144052704
-0.006610212666766129
5.792567732048816E-4
-0.005953137793727963
-0.006471696342418863
-0.0014273061407165963
-0.011431984229799698
-0.24360840127229488
-0.008914670784954939
0.008951113027685394
0.06752259717594329
-0.004508382939841503
-0.013003666251688336
-0.005188532766428885
-0.009217646760199889
0.005945796549339572
-0.009531681860881077
-0.009539279229173261
-0.009539133346069085
-0.011280121805321302
-0.05121355778929571
-0.03418176942590566
-0.001198199431050461
-0.01876595573841351
-0.009446869781991652
0.08358973273853135
-1.480596369287536
-0.00512909705619261
0.6211876923252869
0.4779597809175525
0.019529697112966666
-0.3730876736265354
0.11409275698140642
0.25001229714122586
-0.010942330567202766
-0.019130481549417398
-0.26200787398348474
2.5865982966042065
-0.2965479418727877
-0.5826211795796782
-0.03357628624146092
-0.1822983325763033
-0.012845382698836807
-0.9815847062904367
-0.4715200685616491
0.10557276854548885
1.748836772578203
0.04373293741764479
0.1688316788514709
0.40673809097272884
-0.2922476775249757
0.07357150115169173
-0.39316254103804626
0.2832672917159016
0.01367410866231254
0.8694416306347126
-0.33275247403378727
-0.029020589627020345
0.25936673148209405
-0.683286293276521
0.07652346552866521
-0.16838458208441415
0.8185897530037644
-0.04415425719390801
0.15403105347511975
0.13961899644450004
-0.012641502854953473
-0.04693967792013533
-0.00500051262012471
-0.005839680844579284
0.015242612361366157
0.07198525095471738
0.024474721189362898
-0.01800678328358535
0.20851121399001418
-0.007999372203579706
-0.0036495804131043237
-0.0062963864487147175
0.017387148024761365
0.001891546877780432
-0.02067780549737
-0.008370653063787618
-0.05555318978039909
0.4047757969308558
-0.001038141438980643
-0.2292949037342059
-0.004189302904036689
-0.024364092222655395
2.440287084358796
0.0604875968496954
0.22287170322721897
-0.040364673870381534
-0.19316705707601572
0.13509588583041887
-0.003755890786985081
-1.0095400359923472
