-0.04847922918807066
0.01640031115431325
-0.013255626192223086
-0.22827172106866847
0.0214690380551344
-0.0012936467638615015
0.23810523785881776
-0.08079107303776929
0.05145410413052907
-0.2183967942722275
-0.12036917437691368
0.005531153240197409
0.008842361294433021
-0.49213584377257824
-0.7030970756106703
-0.010183236715499639
0.20039686781471583
0.027603943870924335
0.006340201354031229
0.17595895799980787
0.25031691575434545
0.19453048151986238
0.018152693717717595
0.02086855187575814
0.22343937218029877
0.4107880134857712
-0.2480248850944229
0.3638549947229574
-0.026956345217011485
0.23169675094428072
13.629709716944204
4.733793061121095
-0.7025472642059131
17.122441714322836
4.400096621565633
33.462879276705394
0.32936267382152484
-20.114617732922273
8.56140318818108
-1.768117179081805
0.9795931605073948
5.5438182183479325
6.435124777217934
8.234197602514023
5.304292506464498
1.8136734987282617
8.891063686851144
18.86989767690326
-3.417740689507168
1.7925817818006415
-15.38440100680102
2.6530548983574214
-2.118526310546765
9.058172434257134
4.538099840324224
-4.654055544475794
11.581065148505123
0.49211706159319785
5.111526325291788
20.136068456176552
6.27163449477089
-2.5037202317054565
1.375543218368517
-0.6662970962453962
-0.23454318277305997
3.3600104467604854
0.3400054440800206
-2.6234061522384815
0.011624062610919075
-1.564799929457461
-0.582194260000962
1.5198061511509813
4.535274275538846
-0.004827799585979756
0.7261083837808544
-0.04697474241642793
-0.5493301245758673
2.0002750904494206
0.2717127045553876
0.02754974305452946
2.991590357238954
1.2878291056082414
-0.17624798312937617
0.363860462499333
-4.095968444618742
-0.04279732932991024
-1.2919069842551132
0.38361913709417317
12.984629824761976
-1.4220113513820682
-0.04410354222597657
-0.0018990469496273446
0.02131028641707618
-0.04739829987241417
-0.028508873802615724
0.08590767389040205
0.02144966695506374
0.1006836350411876
-0.09865435696622986
0.18781382594713664
-0.12595535998071572
0.07265627747495562
-0.33667435503675097
0.6476244312145585
-0.2416116477766967
-0.19963500102984788
0.8532539553796052
-0.35928191627796696
-0.5178684722478062
-1.5092283414272714
-1.0115896813372307
0.49770747623727984
1.4425624703897415
-0.28699594746003315
1.1025831164169644
-0.008576007325469228
-0.10724243562520852
-0.00854540958935142
0.05752836736463101
-0.00920641792623758
0.12354785806703265
-0.014450922371054024
-0.043270275914555054
-0.16554450119067635
0.9426613137433159
0.7711107460169825
-0.24730404021599386
-1.695667205578759
0.47681766194294134
0.015556991336335188
0.09377575160418714
0.13027042392850238
-0.08997586576525023
0.17537519460485979
0.19274626357741725
-0.1273288414470195
-0.07451450252925858
0.061189178775819725
-0.1314753647454312
-0.05590447143701513
-0.08085433790015929
0.0848384992290901
-0.04902110590888685
-0.1788325999319632
-0.6863400375945762
-0.06933424861439391
0.8218194926888672
0.12587714033977088
-0.16552700338693374
0.10699134828548162
0.8981532406396517
0.24688267379855056
-0.4772954249272731
-0.3811612868397846
0.5739017650889668
0.05415388809257588
0.05989992563863985
-0.48566835736842895
-0.40745175037318987
0.38940954050414645
0.6688151959811304
-0.05375740604037987
-0.07285886546366131
-0.6879375729325627
0.08931268117316883
1.2748243521311717
0.6450589853761383
-0.3352872169695008
-1.1131599269031585
0.611292972518181
-0.2692071356404642
-0.02695184187071533
2.6245226572018225
-0.4857585338583359
-0.17098563430164512
-0.01890615583110442
0.15958468646771057
0.5049141942454376
-0.5374561346931696
0.06335505394185169
0.938651405390904
-3.1655592279778126
-6.897713983406057
0.2831585774612054
-2.138903167144093
1.2636757743986275
-0.4916007432818529
7.893270645209346
4.598642404534746
-1.4144875000120094
-0.8922422929391179
2.44781001050869
-4.478733354353591
4.674283802132639
-0.8362539158002412
0.016550448269678164
-0.29060349951541264
1.0018707372880218
-3.284802481398577
0.9328730892470446
1.6473859951025196
-0.9831015689974066
0.8657673717563935
2.0273580454722375
0.47265943607894556
0.13324157467667322
-0.06365473233908678
1.184925156482035
-0.5121399825692394
-0.037101980224406986
0.08846886013859737
-0.12334482774043776
0.012469848075120811
-0.0233508155453485
0.012175411953707768
-0.007684793932564912
-0.019424070814242373
0.01793812400883679
0.017709807870211865
-0.012539544751373512
0.012325182195202275
0.014249521141692695
6.227126504014312E-4
0.015529704966041277
0.005239068288870229
0.0031902796337748324
0.0012979585763129762
-0.038987395122108345
-0.055492489478003615
-0.035783294993283164
0.051841422907949734
0.05548324996991538
0.07023473276673194
0.00964572650459045
0.005717214058195222
0.04821640278088576
-0.12467716959533784
0.001634142495611053
-0.01860001936064269
-6.136531049234922E-4
0.26829271538438954
0.10168758620541145
-0.341455917652355
-0.0672958175802964
-0.37604642471902566
0.21354658411957583
0.9175646537556962
0.0712937788270704
0.03171188598531788
0.05965247522091079
-0.014743176439073646
0.11146324890805075
-0.0580704318933257
-0.1040227913707196
-0.298789297980864
-0.013584677707402055
-0.831457106520995
-0.18880732775646283
-0.3171202973213713
-0.2106331174887404
-2.033247671139103
-0.8832122224677683
-0.008049909528986494
0.04900647290586647
0.14156495226051508
0.013008701292751019
-0.19784046789050902
0.08354615549821591
0.003629812952632906
0.06265094791745764
0.010926545800463709
0.0078089032483471
0.005543212344779771
-0.631712343763274
-0.743442741913618
0.011836125993175958
0.0057893064326038305
0.06883394415781739
-0.10222965882093803
0.008622181890233874
0.02201715367131212
1.3712724519017196
0.32945073498785965
0.014470972725153082
-0.15608739288700035
0.18768484676554772
-1.094884502872902
0.11379781988074478
-0.0018529293899608894
-0.04436448437880046
0.030988620968799827
0.008273220642709116
0.0013434584794425903
3.7463183490814255E-5
-0.01517769731041756
0.0026430613426990405
0.01161884414631095
0.003337200571422264
0.0010020759004277008
0.012391932290311873
-9.607852639765806E-4
2.2562146703658255
-0.3731854009002318
-0.8053366900326123
-0.501954246678473
0.5005520714750317
-1.1727480219348423
-0.38494217839187284
0.022315300987249435
-0.031918785945103716
-0.4608000061743861
0.0017199114075548414
0.004797503642936207
0.008993914473894552
0.010960286202330576
0.003360992798031162
0.12104812221787875
1.7007034766689801
1.1499271773341408
0.013077076636121442
0.010536794599017322
0.007485638972993706
-0.1526379589857116
0.009041721679519563
-0.0028417612371551527
0.012612985065378413
0.013010897744549948
0.770475164212955
-0.600971562545607
-0.20799420696768225
0.010359541823015305
0.01506841930385115
0.007028465260849616
0.006132611634027752
0.009451499339925395
-0.004060653086038248
-0.006766632159350738
0.012007608517519842
0.029416194048389355
0.23434878315810842
0.012286901880176298
-0.08604994759848252
-0.12483690268566619
0.2554555821789785
0.05245920028512179
0.0069984014499243396
0.006765524208659873
0.0080553021319419
-0.06751460660731717
0.167662319560954
-0.03472072096053779
0.011973548122382906
0.010047173629867828
-0.022306175982142223
-0.13696667714811891
0.00455794105232568
0.004154997469971999
0.0074751180026053545
-0.014298768636232624
0.02112644965388049
-0.15600087359487036
-5.921134875732171
-0.5694119206280461
0.033393465994807414
0.010939793706398826
-1.7258038649987208
-4.7699313072248115
0.7315425210640119
3.1961106111710387
-0.8172826445745197
0.6337378531959119
-0.0732244456654421
0.3670169202652723
1.114564792557687
3.940808680434182
-2.034003303179438
0.5566468751721037
0.4030989216574494
-4.1980644577336985
0.6845208832002216
-1.8054035965009856
-0.09859424061149374
-0.8281109885962386
0.7527225398199416
2.5437629966565476
0.013969427977065728
0.1834000463334709
1.1744058869564113
-0.4725706841554167
0.014059011035194328
0.006131765126921003
-0.08073178688315458
-0.19219171553258044
0.010337696715409676
0.0170539621346043
-0.03268130877169208
0.11931975257692823
0.009151147736876883
-7.847334672843603E-4
-0.0027037996966130435
0.02653555038846468
0.12000820417353401
-0.06109840604453436
0.01561528862339261
0.0013451701718471222
-0.00195520199687496
0.013716562421228614
5.901141558676054E-4
0.01114613986946034
0.3943303099077359
0.018070817211118848
0.8412870918513561
0.30265345382669623
0.00915207573324611
0.011995612871102087
0.011014447836796655
0.008940139379049293
0.008214628414656847
0.0898604925595723
0.2707167317380589
0.014089313063174048
0.014089212190675994
0.008991166666841233
0.010679507055872938
0.01242855462308857
0.00872703573277683
0.005381445912422001
0.02257087901685155
0.009931243907957906
0.006533871164382454
0.0014496221572546778
0.01395056539385264
0.01320860115594071
0.007273635028942138
0.011886958971938144
0.008197101040719428
0.008432532705511286
7.363410633697413E-4
0.007406994123978533
0.012879862100336249
0.010245464747759123
0.003543032278148791
0.007703056182561981
0.007729278280909754
0.010925321928631021
0.009522329383945692
0.012916673498687605
0.0031807316515311775
0.013842246615743686
0.002857343728145548
6.818564102678148
3.93088448931987
-1.0439676000007283
0.5566038910976221
-2.6025084084013774
1.3683936469002695
-1.0539403405655088
0.6934072804326935
0.005271395203462419
-0.24353830648043118
0.5945839552104057
0.1483881640720924
-0.17389437896373824
7.61500514916978
1.7305198707490133
1.0483459502556316
8.967080531715553
-0.012806922374950153
-0.06108636361115541
-0.015490017503915635
-2.432906337675219
0.01087275737392513
0.3107316523691715
-0.21113144520056504
-0.00798301827003539
-0.396944341326592
-1.0808698744659335
0.8940898298211504
1.1887056545546466
-0.17152123313241596
0.007974358000419283
0.002748491288687101
0.01757062767699749
0.01079753388946145
0.014462420084806575
0.009642610188900032
0.01745863948286112
0.004588468056496616
-0.01843596296529579
0.013553108726651383
-0.10358261234483959
-0.0017041938120388965
0.00500199924582221
-0.001383450798482351
0.008875818715506585
0.04578196286590961
0.009857556187501998
0.027096917456879078
0.011899791773713597
0.023331757948566196
0.01143034719533021
-0.011393688337987188
-7.036896373461811E-4
0.019021064332521632
-0.02011250517598731
-0.02382613796714182
0.0037898113817822765
-0.001126258268257099
-5.872740628521355E-4
-0.016388166202941257
-0.5838122327752389
2.518703290229483
0.04553732022896381
5.09395951139195
0.010879240473640374
-0.3608573448356927
-1.7686963049350104
0.16530008681680303
2.392349274763345
2.254212781435196
1.1725289520979454
6.318239094118094
2.4594677892985897
-0.0944446894825189
-1.0704144071033794
0.02054979751800398
-0.10468135771256329
0.6561481639904245
6.547390444463973
-1.0188078032929457
0.09336834068342552
-0.1540615493408321
-1.4078901008259403
-2.2167773712668635
-1.7387500039288293
0.09112984724292256
1.3941930353471628
-0.2682042398648138
-5.414621110772326
1.8276005729257236
0.005575205167747519
0.012391484376396948
0.010325765641561166
0.0052753521979335355
0.011187773410759804
-0.0035639099056771293
0.011248761039410153
0.013452204320083826
0.005508202341531417
-0.004423678315178629
-0.0035205501215304427
0.012816004621763816
0.003911380299645213
0.0035090755351891005
0.008966739195701748
0.00658055228667646
0.008768523977134226
0.008773030570553956
0.002219024319075218
0.005688527415849508
0.010657516908293231
0.010904235213057447
0.00721756210106069
0.20294541887967488
0.009506666865513071
0.0068757609849753164
0.016370463069499738
0.012563461139080455
0.011966761853182266
-0.014987963248310355
0.051513345286300236
-0.027057996284616963
-0.0018613072207900206
0.10161349780562028
0.09212148215821046
0.024842732988480977
-0.0042906510163036125
0.04961736719949039
-0.4180311079661313
0.8200386294628916
-0.01936580662199867
0.031044374404212094
0.010797462327940311
-0.01458799306239659
-0.1398246575762648
-0.03530199795533023
0.055232697423270624
0.1107650140384729
-0.04128588746755326
0.03249122179935824
-0.018048048538661633
0.020231454975327495
0.1428307220604515
-0.09650117419850814
-0.5756536148832149
0.0051282056567184655
-0.1072334919553474
0.042369618070311726
-0.0028927459690575026
-0.009948659120260696
-0.011092566574748643
0.043569126584970294
-0.01795926658715053
-0.010831704734786705
-0.01963320162132663
-0.04691083707802433
-0.030646890297426583
-0.03584033213614313
0.06409280461067274
-0.0018545334923444603
0.10612725148301932
-0.02202286277198491
0.004770553034422605
0.00908111837687017
-0.02529461985576596
8.609254771040558E-4
0.03155610186129742
0.005776762551591958
0.01843234738727609
0.054702713140142134
0.005226933069266734
-0.03816419954546831
0.025472579018650986
-0.10731254632767763
-0.005863359145042663
-0.010280678459047165
0.009079183981126965
0.004084615806083404
0.02137208519927037
0.010226491139957166
2.7279689266989164
0.011622619459698884
0.3197301245360122
1.602482616124177
-2.7643974071922175
-0.8138222095107
-0.6451640031795215
2.3095295201902157
2.592388251087315
-6.4883764858549355
42.02199822171229
6.565018569384087
-4.637900729403983
0.11214509847953173
1.0252801964605758
2.175739916470959
4.737909922646024
-0.27933013800207035
2.048049354285802
-0.4627584213414968
-3.6441557835247984
-0.85835163598997
0.01322176079237521
2.439665231010578
-0.12112810371292114
0.3393486231653439
0.0631700248692168
-0.053109644761585376
-0.0323040151129902
1.8507039715914757
-0.2931359302815347
0.011893060461675712
0.04027796067144118
0.011811895675363282
-0.10877585097552454
0.006912340242840194
0.12973750805893478
0.4199482248411193
0.3894600191405909
0.1822310950154174
0.007807728364070498
0.25178773850763025
-0.06881461130921053
-0.7274792920333062
-0.06770490316181786
-0.05823626690807171
0.026246995952299023
0.014740933645041658
0.011422729744740425
0.001437640899140009
0.006191208893535985
0.00927389358133782
0.16484956158912178
0.010975029238323157
0.014088903404723258
-0.04385616439842488
0.020602467656732494
0.0015304776306167066
-0.576248438880637
0.019349397011867005
-0.23552689368734653
0.014262832353428017
-1.0078555108376226
-1.0114592073647595
-3.804980288495689
0.8125011401659572
0.25035021214428316
-1.180130874168341
-0.19671651820131955
2.5028164201339766
1.126302934067148
-8.00731482394874
-0.23516427854798258
-0.09260903727507629
0.4344829595050422
-4.993760863955446
18.372460081409255
-0.961189015566527
-1.7063852791484495
0.08972543354109766
-0.23516934749997062
0.1360494375753476
0.08667960225824695
3.703003139238212
0.09313967014298585
-2.540868854167818
-0.41726137849250217
-1.061972718957032
0.014015722994476489
0.6025848964160736
0.36909372868890955
0.12861062245360522
-0.23831270545087252
0.18237139354137735
-0.07947185927844584
0.28044643920797513
1.6487596700510392
-0.13773722286684864
0.013650712566643334
-0.17877100894522957
0.4187995222827116
0.058111220868698875
-0.34898970353745884
0.1459160505059754
0.18937896122547251
-0.545099211402641
-0.40054523314079504
0.11267282476973821
0.1378687859381629
-0.005966478865750936
-0.04697439546767396
-0.0027836482186103535
-0.058428850177881714
0.18360224649218154
-0.020016847398075223
-0.5334386957721553
-0.00555863047381934
0.0155996549426714
-0.009017845070766061
0.0807458608490575
-0.011306689083149806
0.06016130840986238
0.5306303812600784
-0.09385350011321661
0.31446317002177804
0.08506453011132384
-0.5263848785719828
0.05844707583271724
-0.0052579742789696975
0.040332936865322536
-0.06914622202264818
0.06588205634410278
-0.025470048166335454
-0.09699811991059452
0.014562588333788462
0.01978348349945373
0.05465837989341119
0.06362060162749399
0.013701423679134364
-0.38690693520020925
0.035251232303639746
-0.050259626042646714
-0.11200596394253419
0.16811585665563897
-0.25118616068948957
0.19751448269816232
-0.019303246731582686
-0.5803480368483669
1.3710778011235327
0.032513807088770844
-0.31386602499151534
-1.1188490500174442
-0.5028826240592814
1.4225098071915365
2.723118534758187
-8.746152112553837
-0.6139952800924229
0.6638538132733226
-3.2897980104634774
0.9884429317765226
-0.31818945715246916
2.2089326747446503
-6.808208056157302
11.255679544307254
1.8405812606640328
0.7981832772895892
-3.724181487030437
0.1437485330252416
0.21777945952566996
-0.08342898387496771
2.0832321569852463
-0.0729638166073875
-0.3109023865635267
0.03188064582424777
-0.4335158718095554
0.13799963619812364
0.03455126767763471
-0.036172754473592285
0.5120240911877603
1.7563689278433432
-0.7149910800187748
0.6255198110981502
-1.9122550175845996
5.787422130844321
0.2662193523397817
-1.0715409253455042
-1.6442305182144445
-2.964909785509098
-0.8900819175695354
2.4124051120134182
0.012007913761210267
0.2703492415419737
-0.038283943798330416
2.383981316114677
-0.0778406795627533
1.2781321668740508
0.8515029941036014
-0.3010032045361521
0.10445329953507414
0.3372169533422006
-0.42122767544405076
0.014089356381789936
-0.43078782677662447
-0.005198875387642273
0.038468507581205964
0.3055524520416153
0.07531620181774844
0.12479097272905318
-0.10749521946293542
0.461537939653562
0.004858537382251822
0.005517636247733349
0.006201256387454577
0.014089313063174088
0.003343109671738456
0.008251200231496917
0.05134497067597724
0.003902965219281749
0.009728275605617008
-0.038457127970636926
0.007930666955358115
0.009150615625898226
0.007618469962840178
0.026433635493437736
0.002087457245162068
0.006194126147514515
0.010935795011955199
0.007771450294463389
-0.005827454602579539
0.0014193400157090335
0.009199830246331565
0.005653208588566529
0.0035363824618460313
0.007491419848186115
-0.001707471887909377
0.007841572071080702
0.010031780679696905
-8.557600786731719E-4
0.00879105787926441
-0.008866823264177023
0.0029000754112279074
-0.008795476191047551
-0.1549936088371205
0.013115515603833902
0.08334606891104578
-0.36828939709427744
0.014916229737064121
-0.08234785977108007
0.006968452286609354
-0.006050744581062474
-0.016073260041847094
0.014076347684384363
0.014088257722400705
0.014088042272290241
0.0750273304440441
-1.018902640266861
0.0751846618720676
0.47275145884223646
-0.09253071994586153
0.01395178115262371
0.3595688469689992
0.1739141430186477
0.003228638307843521
0.03754841909455408
-0.03189294242409976
-0.9206944370565886
-0.24483729762638076
0.1602168621280356
0.43825522121538485
0.07177966642603337
0.19756547015894416
-0.5889149088505798
0.30662154517148416
-0.43275298385680816
0.4635910572999221
0.20558006319747946
-0.8769565452636772
0.16527864688973778
0.780526485594526
0.9996777469801428
-0.14363254897719194
-0.16008214440494906
-0.5560771144228606
1.127453597801585
3.0094410988046794
1.3128599494852118
-0.21489030973928056
-0.6539841140541317
0.2946768796761463
-0.4305488419581673
-2.182459464408984
0.9121902189908301
0.2371986954168788
0.40232217927775166
0.9591644887496138
-0.5479501910885174
0.31807120654592613
-0.12785360788600078
-0.1926951854899851
-0.24957065336747958
-0.001704983971170811
0.09049198418122188
-0.24170083978220147
0.00498859468114836
0.007913867415567847
0.16819890627845063
-0.4968206537790379
0.0032183202824893086
-0.022500783456749964
-0.14779804292056067
-0.019711522700203873
0.00715397195172039
0.00962018427949656
0.025606631313951696
0.01774462998684012
0.5964310952967825
-0.005298774265541078
-0.4139206395027301
0.08685547129125605
0.020234132915331812
0.11430754380914308
-0.006065874919908412
-0.3703785086411967
0.3354846492702177
-0.2751030497819955
0.26974144004436096
0.21201796193442382
-1.1067639152570088
-0.014514794506424488
-0.039715355715279496
-0.9859106246381656
