21.7691865789028
10.376350683864981
-13.2014492144586
-44.11848600905414
6.6169840682716385
2.7989223421988196
-7.016567555905076
1.7111835402847722
-0.03004588549916959
0.5973368258633399
6.651263573018907
-30.938589510420364
4.306981286794962
0.31755190073050343
-1.2610445619758164
15.919400397385326
55.82064859452391
-0.3818961904213909
15.422615321232335
-0.26714266452668084
0.3320177393766132
3.058732615989091
-0.3482450283420655
5.213252514630312
0.16003881429331487
0.03825282015651651
-0.9092510501421229
0.9655601068997269
0.27284679791385563
-0.27433925813786714
-0.025978586570884605
-0.02796000900844759
-0.2899999540375934
-1.9384409838576082
0.6786239879299486
-0.7003572202649577
-0.04024956196061536
-2.485713614456454
-0.04079114027424323
-0.34672475411675235
-0.2561979471991178
0.16834703762907735
0.08132379922624022
0.03216477770171714
0.2982667673916917
0.18026576823965404
2.4572888000196045
2.526781944028112
-0.3504544911990173
-0.0426583262423372
0.8022138755439013
1.1436238054860801
0.22847836368197125
1.2095164738540714
-0.007949005649925714
-0.0717210010092971
0.4729478207801376
-0.6622257408949475
-0.22437751718445276
6.592105865924048E-4
-0.024895677374749656
-0.5879308984233089
0.7600745109989887
-1.1690268890898423
-0.7692418649921605
0.08504806323910111
25.43214120963764
3.716639991283567
0.0050729280436234295
-1.8115902259045256
2.5681702553910166
-0.8836962092048252
-1.3192574681550568
0.08436121076074639
1.6302851520024446
0.046769816448174815
0.8385900463679822
0.002786210227211941
-0.06808411546205388
-2.8603063317363255
-1.0707289325129403
0.616307145285966
-2.288137117780694
0.022707695012653278
0.46028759175218625
0.398406697410247
-1.6917646805478193
-2.7639584211158432
-3.5399100525104426
0.8837988420334073
0.0718965217588392
0.07407745494091415
0.22897554271289178
0.05342010158522238
-0.7391992396714241
0.032063696109640695
6.102496656082478
0.851638352737236
1.2395486940303726
-0.7042844565790646
4.287342988245736
-6.313648069249793
-0.9119092151947653
0.7709367360602171
0.026961848287021785
-0.0766071435610013
-0.1854868042020139
0.258441732218959
0.10763358845469366
0.09143669232337087
0.08297452960921796
-0.13010771842459712
-0.027443544810593593
0.22138019040493268
0.17269150407860007
-0.5837413397900996
-0.1176167062733024
0.012741773136085316
-1.3097231918635193
0.7877128109489012
0.0036455989711039398
0.01676817701246723
0.0015172252383189014
-0.019873251302570505
0.10700758567183762
0.12008732585102785
-0.05917555413014847
-0.033609166509049646
-0.21088893303893577
0.8725274476586816
-0.09044884937456651
1.0515117508144953
-0.2700466938588718
0.290501492047823
9.97860493361048
-3.1725070517689367
4.625184313793169
0.8603579297534866
-0.3926883918615135
-6.850323516100995
1.9746629200273371
-6.162882473506998
-0.3149306719968339
-0.08702159537311013
-0.1468968352181284
0.08335942666607923
0.5357682504964456
0.25666035427446887
-0.44427503488993303
-0.6586970886571097
2.9907480565207365
3.97942825988014
-4.14838328909372
-6.201622665081262
-0.4842597168426586
0.010207582113712173
-8.284224932041257
0.8112045845722443
-1.4466712420596464
-0.781641351868844
-1.7766801233423746
0.2403045970496061
3.0861027535977303
0.02066042351955706
-0.444316307152584
0.6541352351308702
-0.7772337675018187
-0.45801326234253553
1.4753885339946127
-0.02429280480540219
-0.18777970624027104
0.13204127052467288
2.0152864634231302
-1.8028161675568897
0.6660227063506892
1.012163940812578
-0.22883414725324314
0.47515636206755696
-0.21373249257846225
0.011766957411972345
0.5810178355638587
0.08836778911978434
-0.045590489005767204
0.14795948155305244
-0.4180474607521144
-0.5723097112523948
1.031391907760466
0.06523017831724673
-0.4561867386796801
0.3490366557254399
-0.08846119532577588
-0.19119314645959876
0.4298733064254469
-0.35300325845541697
0.5610831842485454
-0.01800765960131253
-0.09952679174514249
-0.17664299211696785
1.4727641104230915
0.27451412579807316
-0.8291160850499258
0.0292532332935316
0.18637232164538195
-0.9149245065166877
0.12382812720467493
-0.030722328442840858
-0.2905864906282591
-0.7603608523336406
-0.8106417930430039
-0.020691956799180462
-0.03039384798718441
-0.1425278934400059
-0.0032168083827251895
-0.059022683269457955
0.004868414411564429
0.03859831999706296
-0.004047862792204072
-0.21970182102453137
0.004864247988948945
0.19677377151676193
0.009950409512069111
-0.002291171377895894
2.130395559798684E-4
0.005064402219663036
0.015722655613994777
-9.645430203931737E-5
0.003916282732758065
0.055083465195458876
0.05498302614589247
-0.05863395736122338
0.1131830571046291
-0.08380144827173941
-0.03497180970552664
-0.04603655758360508
-0.004035508489849365
0.26345502076368776
-0.39956770484227194
2.7376753478742567E-6
0.005668889842237982
-0.0017647330915764024
-0.7550056359736415
-0.28413189794039195
-1.7993676909791965
-1.9256331571276317
1.496871605686051
0.6610145646164681
-0.01882269807070839
0.17012721754548524
-0.04567129950823523
0.3508692473913005
0.3123140928263198
0.2625571323600807
5.451976068016776
0.5857572541061145
0.2610301839022066
0.507419912486393
-0.4304930086028392
0.11056036687160675
-0.4119569881173892
0.9460441201989737
0.7090013542291389
-0.536329582901805
0.1639630742141404
0.013780570374865542
0.10643858642512195
-0.1287439374394571
0.8495324667997242
-0.4047238326925463
0.006210094019702321
0.044072483524336244
2.312087503507412
0.10380707295965014
0.019043616746488003
-0.31909324320543353
-1.0292353581780362
-1.624667859380263
-0.017499322626695835
-21.578793387450403
5.684082882623612
1.6611469909676086
1.1360899062927545
-1.4210538942485205
1.6448936919277026
0.01696053505320132
-6.84478559312088E-4
-0.1147651818477606
0.8254477787647926
-0.48753187184571195
-21.99673042435494
40.00431648056062
9.692590807549221
-2.144285942811596
-1.5148238858208525
5.120198755144753
-4.327757846829846
-9.182438756327368
3.3935489028868724
1.765566663478802
5.046765483108685
-0.10748186847825207
0.028367571754663222
-0.44085654198969626
-0.03984078882042645
1.6964253457306038
1.59507355312793
-1.6839178037555185
-0.10615620956916326
0.389353523020572
-0.1163583660470067
-0.04057254511450538
-0.503748951813903
0.023708579472691074
0.002093707809344559
0.003925089050475906
0.004791824658610039
0.003980669063677045
0.04997429910150951
-0.32005696695093977
0.008441772746284002
0.005707046756231722
0.004598426782141667
0.003266853350075533
-0.051851449054506574
0.003908694105689393
0.006632032485336449
0.005504509723744518
0.00567816522035155
-0.340937701763388
-0.28772755297746455
-0.023999541916610672
0.004454041631611332
0.00426344714568422
0.0034583067676184484
0.0026741095661445427
0.004123181606941046
-9.489257083475802E-4
0.004349884164308315
0.00522007880622696
8.742247201236334E-4
-0.04029287234993849
0.004091717551964222
-0.007703135941887505
-0.0225080116526508
0.0072528186071956205
0.0024436771717309966
-0.0042221507400919045
0.0029545843919286385
0.002886661872627495
-2.407153528563879E-4
0.009565229835736055
-0.004641072443240868
-0.006510148801603623
0.002527064049421769
8.244086605651254E-4
-0.002593588623548533
0.003469094220258933
0.04718335424880003
-0.0016000578669236945
0.0020685378616327817
0.0033428891610277475
-0.01827932536501947
11.881604248618505
0.3264628559922357
0.3964371013471453
0.0047743020803328075
3.5833868002631424
-12.93870145704144
1.205304701420799
-0.9778728057608991
-0.3348336782813088
1.3806830546891968
0.3048304528669769
0.20816806000978252
-0.06902343780541122
3.5571689872224583
-1.7837851251968926
-0.0964417909956402
-0.0616381120971516
11.736708434913538
0.5757426186546157
0.22702859934120773
-0.009527345137534754
2.1217305751427653
0.8259199490612149
4.912291125558778
0.006096483252490392
0.03262562159158273
1.4060815899332446
0.2294140764816469
0.006135575441650976
0.004135835659535127
0.0044101909514773436
-0.0035040422355867794
0.004519121283970609
8.173804180776779E-4
0.003755187493423695
-0.010518708634152284
-0.014189833668357922
0.009361322387922361
0.00281455028690226
0.008833952817108044
-0.0036140791706576925
0.010833165696303186
-0.028172447760432942
-0.009161426553026297
0.017484237423382388
0.003378033476127783
0.0055303122822989124
0.004551794810735659
0.08039418655401634
0.0025472517510314527
0.017675500067167716
0.5815190770322423
0.0034414739176148977
0.005257776788989801
0.004756272004073554
0.0029757259611238006
0.0038693307616270906
0.004889291346109401
-0.008384805317759123
0.006148803027603832
0.006148759005048092
0.003188644408608187
0.004660727035257538
0.005521544419557306
0.0038087130651788827
0.0023479665603629287
8.632002557304366E-4
0.004334155585716695
0.0028555418391935823
5.874923632859224E-4
0.006088231410806351
0.005000833055193449
0.00317493970560156
0.005242132893354052
0.0035773268528957168
0.0036716498832466797
3.293389999407717E-4
0.003232490647730397
0.005620979157926345
0.004455111524605371
0.0015496273026420224
0.0033613471016759786
0.0033695148253320437
0.004841969734104629
0.004155680281318167
0.005637044244810981
0.0013881457343460797
0.006040979252721197
0.00124682997107865
-0.01197021698630219
-0.09169995539434858
-0.11948157153526667
-1.0783453627718462
-0.7680665104326392
-2.807606025660119
1.091502077763036
-0.4212577022679287
0.030146060269369817
-1.047326498425683
0.059160837040387645
0.1163107993393609
0.21599496768117687
6.855018682348805
0.43928903635831174
-1.29285169488035
-4.6996714206419865
-0.008988951906645486
0.013650071877062797
1.0284197539516466
11.343178275343233
0.005104815922238796
-0.0660332901265191
-0.08961267671319716
-0.022251136788970956
0.03181881495796369
0.5337280153366143
-2.135641249796022
0.0037113720371821815
-0.017219653326981325
0.003400466097457112
0.0010455995425519898
0.007305929093040556
0.00478628446803656
0.006893572992025726
0.004189971994495979
0.008218705241380526
0.003581011299535652
-0.011930184148557914
0.007470854430664561
-0.046284036697282434
-0.001269869932171335
0.0031740052554855144
-6.139288465638861E-4
0.003430867029547348
0.021399242798395095
0.004273284900360603
0.011158951529648948
0.005200228064762319
0.010224479202162599
0.004944734238633802
-0.005231878640013969
-1.4388066986992433E-4
0.008544985248500945
-0.008405186427810256
-0.009482174176140366
1.823087771936804E-4
-5.594415426878173E-4
8.101694674258375E-4
-0.007098350782780887
0.016772329771192328
-0.42579212740693095
0.00665913905862129
0.6013635586736314
0.004747877477466114
0.13859801074227934
-0.40404176821212945
0.024888361624528454
-0.5416912909028377
-0.40328218360009815
0.9988927694235008
0.653100330513315
0.056690522635850484
-0.44829986088960433
0.1462089048420679
0.004775145470341649
-0.010625076622108104
-0.15266524238193457
-0.3340743119425502
-0.19009688745179074
0.030114918427863617
0.029191650642699286
1.3649774326478306
0.23662953014868926
-0.06122441263999144
0.27722120928021
-0.09467339691364471
-0.48094136207668264
-0.10718468594575294
-0.613460340252266
0.002433109280920287
0.005407843257248562
0.00450633034453338
0.002302248604083764
0.004882524416347904
-0.001555348037392264
0.004909140411767089
0.005870773667849448
0.0024038689594167817
-0.001930564253991636
-0.0015364365416615114
0.0055931107265766
0.001706989074457742
0.0015314173353865013
0.003913201430658147
0.002871858925307518
0.003826725017297028
0.003828691756245838
9.684179383154897E-4
0.002482564941949122
0.004651111981469584
0.004758783772533852
0.0031500056281405365
0.03767072832365389
0.0041488624028369865
0.003000692783168979
0.002828752326261001
0.005482896684559204
0.005221531949875311
0.0026745411035607016
-5.0986348264004615
-4.961142078586154
6.167793130525336
-9.307198134575046
-0.7300173449348684
-0.11875592339462442
0.9418647960285293
0.5778468130560629
-7.569396808656127
5.150835899608636
30.40511182106082
-19.001413525400054
1.2720278110525907
10.91008099190185
6.775221273977979
-0.9634633091230246
-2.631028281070614
-0.0624652040094618
-0.17052840033569983
0.26146343772556613
0.3182971951908743
0.09612883040053254
18.45362459047302
3.0742217941344565
-7.0723588134481945
0.7330341193643972
1.2251007174101234
-0.3358169690343466
-1.324562042313989
16.11954147091581
43.87125644494755
23.880714318153277
-33.911241298538165
30.711946728095697
15.553890017555897
6.768035918804497
29.108727076439312
0.4524152604414926
1.8480645292044726
-37.989934799501484
40.23799695135179
38.07699818811688
-10.420625783649479
6.209863303689618
17.410535501195724
-51.578914896639084
0.4395242854678609
59.91765635306306
7.833263008448876
13.799391192555596
-15.892729520460472
14.464627246517827
-46.391705398226414
-8.841127248729407
22.40146398196007
24.944563181786478
-39.17557185669703
17.76570242778768
25.721619144597295
4.732670690959712
52.10706357061076
0.005085796822116725
-0.045792876278263034
-3.4391455135543456
-2.804098659319189
1.3261777167008426
0.03148001664858871
-0.312938369237459
0.1663357026990797
-3.749067693475277
0.251797559864242
-0.19504317984499864
1.1372257623711088
-0.05648693787990913
0.6376927856360657
2.1018590874610616
-0.6925364484548192
0.01824965187750667
-0.5619936669085623
-5.713732489851044E-5
0.40200544467349525
-0.2853885261142982
0.0057701892509690175
0.03312442107541558
-0.18091916603125294
-1.0418124503171808E-4
-0.031719434910598455
0.0024153594512836486
0.01054329948919399
0.01757639340995184
-0.11536142427031783
0.004064670745577783
-0.008271587134845739
0.0054405682567414525
0.4974698459818056
-0.052609323712159275
0.22834536528991975
0.6116329790997727
-0.0578727947454318
-0.7227775460629312
0.0036307005827451943
-0.08801130442742736
0.02732070000877276
-0.3276284114204949
0.01417730880304205
0.017685880260050777
-0.0015854259823471848
0.0033159958204881934
0.004985063099108834
-0.0069985041717751184
0.0027019432347351125
0.005114401056204453
0.017406152787538196
0.007499549067524358
0.006148626967572661
-0.0025920487161991647
-0.12371104667282919
6.679251964432217E-4
0.14577011765141934
0.017633089334906926
-0.14647810814309487
-3.994691718920207E-4
-0.10084221006941696
0.0015876544101471103
-0.036836571795986234
-0.4439763818363813
0.06234533822843291
-0.031283027175631625
-0.020498622497530032
0.6372539550222842
0.2455825013410138
0.06220964842610331
0.002063037037883312
-0.16992881073503444
0.019032303818212058
0.039479173018537005
-0.04793286597381015
-1.3373800831831943
-0.10356291133402176
6.529031408772705E-4
0.05246015953898191
0.07868231293347865
0.001717254702458181
-0.015815095878491614
-0.005125928391208364
0.014820220599905107
-0.0014839908448125063
-0.0040541090918916585
0.003291565228640441
0.007428502385154338
-0.11528223035899297
0.060306016383306855
0.033073715250081175
-0.02720896082100704
0.02074046597025278
0.020987272994945468
0.01629638080468146
-0.010597655750460023
0.01122836630246152
-0.03681627571339855
0.2013425137794303
0.008606846832882422
-0.012755696608692215
0.03626860014057506
-0.13434332708871632
-0.017397538779594036
-0.15169616202193914
0.14515913599339658
0.001619261353871981
0.004140684287309623
-0.0023744362904983864
0.0047113404829634
0.005931592127297069
-1.1212464372761074E-4
0.0026592008839268614
0.010090968670869078
0.003973611524450813
0.004628996654601826
-0.008417866575900126
0.008082897465643472
-0.10212527939187026
-0.02056356606485601
-0.0024443592477285544
-0.1017445594042252
-0.06259688227787283
0.020884996511087515
-0.017216256086136018
0.13801159640871427
0.003967568871286417
0.012188431049992563
0.05405299064842214
1.0098080979973523
0.024720372268392545
0.7609871202930991
0.005605947575648327
-0.005977210583594587
0.004239521884451109
-0.024830031701098133
0.005858551934306702
0.0157612705301285
0.010511498074041531
0.04588374041633525
0.12071347787047475
-0.04893447229650594
0.003934466020156687
0.004837500851616299
0.01041880173811911
-6.938452661765373E-4
-8.764885040469117E-4
0.0173920557770313
0.06854912884440421
-0.05856273512399822
0.2641885101261916
0.14383054964076866
0.4696377121119153
0.21815561687209428
0.19073445639293976
0.09257547654723206
-0.02422727752375807
0.010672246119611298
-0.24454649083792157
-0.7467725063402378
0.3770077714973516
-0.30221664885320443
0.21302250107504828
-0.2572187739073605
0.5149128402685964
0.0052592748304130495
0.03112534488201864
-0.15478647698632345
-0.15557834595478942
-0.11739587324720142
-0.07970461505861182
0.015468861991285412
-0.2280028629803602
0.8997359684047468
0.05613172819077747
0.06930253319166604
0.09182214618529272
0.08654022131477736
0.034617804655720064
0.5855896391966146
-0.10704142171064067
-0.01965404057349513
-2.119376214653068
-1.1681265991393996
-0.01760411384128179
-0.5681583819588383
0.2960587634325149
0.23361963552229345
-0.02720968302137737
-0.014591389656858723
0.00295843681105588
-1.4131198813233221
0.011169540932226241
-0.03527970093656948
-0.11506129927271788
0.770351073730644
0.19805964631079268
-0.41993048994006726
0.3227136894613084
0.006148828318304187
-0.058466549513451385
-1.7878197539407898
-2.0516771134730805
0.6375191738690283
-0.022240016240683252
-0.685889673422387
-0.8200977886047324
0.0048676489750433425
0.002073381957167942
0.002450350970966915
0.0029009687421671653
0.00614880302760388
0.001454684869749992
0.0036292352156308146
-0.006186190220768382
0.0017026334525848854
0.004243714611425572
-0.004150766447057402
-0.00539528921104209
0.0039907386513941
0.0033218919010652983
0.0023462095098269234
9.634216757748459E-4
0.0027028305820792926
0.004773778979159491
0.0034779367841121563
-0.0025872688354732923
0.0013038811663460968
0.004014938939601128
0.0025008768110377166
0.001827563707165964
0.0032685091127953145
-7.455237576716064E-4
0.005324942062371047
0.004346838375333318
-3.732265764403913E-4
0.0038360881218534823
-0.0012604946613846491
0.0011229353685184254
0.023455551142291642
1.1594097361257203
0.005731388304823418
-0.0669058965101483
-0.395097140741251
0.003776701078829134
0.008262776726770258
3.602571774289746E-4
0.03396546263573233
4.177403207104807E-4
0.006144513433998832
0.0061483424599015875
0.006148248434005154
-0.017881446722884373
0.09249295846490599
0.24632216779273605
-0.1196664181199705
-0.007683532683823496
0.0060887818878533635
-0.5362660082153511
-0.0803503336258617
0.006702220581406258
-0.0496292905560795
0.07431161417465604
0.4870849171287938
0.10315186835315021
-0.04642688270452479
-0.31610056420649224
-0.011577871741408896
0.19546938004764144
-1.2394117410260748
-1.2455370327255186
-1.7121687642143755
-1.086967304783892
0.01748265711258004
0.9055469525386528
0.35560200659532243
-0.10730440290529657
0.09597080545999488
-0.10433408990243158
14.960867550994632
0.006723201148148559
0.016124064015784027
-0.36513436514877196
-0.0748698708799246
-0.038107108272393886
0.10112955553576285
-0.030414489087196014
-0.043726572998862165
0.12372054796113165
0.039781343884710114
-0.058403981221429105
-0.06357143527067766
0.07139969725768278
0.4837559241130785
-0.011390778686575403
-0.12412296241905561
0.02624819219530817
-0.16514880410813074
-0.02556658098233434
0.03465455071157891
0.031042053316592103
0.002647155293110054
0.0035155849656082843
0.0346779785272098
-0.11038121246775519
-0.0043479882223257426
0.18614804404362947
-1.001424612905062
-0.0014168704539071575
0.00284353322503746
0.004152980248226934
0.002829164181816634
-0.005256736787109066
-0.3511124792583618
-0.012015225633780203
-0.10295942684245142
1.6378319757882576
-0.00443577346419446
-0.025879578422130917
0.013673514127356325
0.03369244599099631
-1.3313285457447717
0.014846299747492901
0.019142640243882156
0.41672541703343235
0.016710457898783976
-0.004026349505491117
0.013424276374528116
-0.9938511697842579
