-98.1003545929859
-85.02142199151511
229.5268603449971
-416.92139115849415
-45.46643826810384
59.4210452207004
-378.39310196444757
181.6369111731466
-130.6394343761015
221.77038817817544
53.520152012740624
131.83098512336392
-34.10705128981656
54.092268526498046
395.2508425537407
84.66762949082816
416.15283219927596
200.52357940082058
-252.83333457421267
52.21188239736395
-59.59756569720128
324.669200976881
-401.12171716117643
-130.09523530986542
47.191390160277614
-23.33914058760482
216.05693205708354
-378.96094203855097
-40.02891142983138
-142.84756525335987
-72.67235480505546
147.38870352543026
3535.4359286672343
-3529.9298058293452
966.6102104237177
-33.91925252029833
148.13305953933244
-2420.795959787996
-366.6082792286999
-501.61166991583406
198.40740807302052
-553.7729485915552
80.0425133534977
-1427.0616380529455
192.03829253745846
242.9393299535857
-509.15390282896436
773.6076553592031
-1961.9248056956421
-27.569669459868706
1546.918037307206
-1099.791676335954
-685.5113261278037
1673.7679515303228
478.7431633297621
-5.150037505778795
-1912.4153829302852
1452.9712523171033
-412.1471044891089
85.99605704369955
284.2524839667173
1893.254488451777
136.91692495374377
567.7956874799438
-558.0353910808791
-119.87247357458286
-4565.272040697343
-2038.7709985567096
0.03350682725823254
661.3045546712297
-2749.9037950552133
-1478.8110424361369
8617.970700796084
2114.797647516602
-360.06788331315687
31.949178886391632
-677.8253973535957
-55.397744013529696
-41.13595137600499
749.872337819977
310.7394715111725
1669.4547411365816
-289.0106969165062
594.6498389415926
921.4224439647186
-133.9971739828609
2602.1857043250093
1586.9817840606288
720.3179828458573
378.0328056891987
46.76613487204954
129.8956724836563
-17.82369018482981
12.772896289171102
79.16280111376972
-91.97923689420684
-55.10694917098199
-80.58546569908776
100.47168318529724
-26.62596545444925
181.8330246933556
-74.80608998240263
-36.42720467863606
-98.44098888266048
103.56008063484452
232.02079280429948
48.86899712029928
4.265873205369278
180.33643077343294
-217.81507257817682
-4.546610700811666
196.8716100531812
-150.8757012525015
-149.05879606059037
185.7405580001369
107.94514812319329
-324.6238392540603
-6.963298519674996
-113.40083890828019
-21.202003748627344
24.427340782410965
18.798675376571712
-22.952711345920783
19.42227387706506
-208.1746934975948
-72.06638332076615
-112.6568096703162
-293.23406000887627
663.148133795467
7.610920536423168
-107.62386332984806
-141.8151446720938
491.0032240757757
861.6161703350623
-75.00207071046023
-173.14640812051977
-136.24812448671648
-166.28535949312277
225.36204704151888
350.4479851276673
-264.3467345828152
276.71355057458817
-522.4492410617578
4.661158678659761
114.73890718058306
204.7098163199574
-208.36943692917285
-17.379494873061052
-72.20914240544603
-614.4510760514078
-679.8401623195194
646.1425590705139
-1480.6535774956396
-1373.6960381747103
-245.02021456143916
-44.173207518214355
-193.69595809666097
226.70092665518902
-830.7930773639399
-56.49188629305653
99.9816444912804
-32.914073219332124
0.611382128150048
336.56732945539414
739.9302297795351
-316.9876934244988
-1536.2471401857354
526.1508171709645
1384.6398343550593
114.38646151544418
1154.9591216376334
-307.50762582590295
-2616.569516643724
1570.1937863177307
-1462.6210090658199
1435.7348926218015
231.80367771087424
2081.5021303869107
-274.6246601668433
-685.5314668977019
-413.75932281416556
5595.094994762629
972.2115558944719
-168.46830000840657
6803.087453153934
622.3626434158713
-1708.3619958093961
-4113.2355993472065
1757.2820130606792
-1439.7213646057894
2027.4153171232886
-2622.5072063542993
793.1979719542841
-381.78241565573705
-4133.99402942407
112.09613595078447
477.1402098822821
-3062.507536587241
-3014.256266433146
-483.1039661135604
-1749.7890957118218
444.90396558690855
743.4510550642265
5614.014300719952
375.5811612045935
692.4865683686688
2541.795193382149
-410.3595451823495
390.38555570639596
-8.912324069331346
50.30254242728417
-315.6658069895444
4.544947422530855
-29.890283869981726
24.25977262463446
24.891977577278944
-50.147469034089774
38.09957062145283
19.879375162473625
-61.81551992171689
-13.15054322991603
0.600171068049667
-0.9075172374201554
-0.09952487220693008
26.605886798683215
13.190472811134937
-19.701472747220194
-88.15142893180916
-52.02317991900146
36.82323545379487
1.2862623668695867
108.20657293253159
107.24040009381605
7.701926458552357
-46.43360507941559
250.59258672898955
44.60452516175602
-78.846523510458
32.250934964760475
-36.18990342285193
0.29095575474560376
82.45543267590006
30.266954068224027
-32.22686721708395
111.98630091693002
-64.95111188383544
233.5575843819484
-30.860850738596824
-148.9594047916009
291.24174691204774
-234.17695430436433
-18.014167041697487
553.1367855447064
-4.1042965541334695
-168.85395059597033
99.35561808633778
15.426110747383708
-256.3457297298131
1277.0231436821427
897.4100809456191
-91.49754531222834
-136.09332435301843
20.348549579352177
203.15285215547829
208.1865935245917
-368.39151485848527
554.1124248853286
-36.926902881328395
-633.9314049034463
622.2586665260059
-18.885494446984232
0.47779933429674826
-9.408346681341778
123.51648245599394
267.29121113702803
20.03395307650486
3.9914812022398527
34.0690776956774
-146.72597636912337
13.762913978056561
100.00313628214386
524.2132294931411
-654.2204359427208
-10.67412407447488
41.47873441184726
17.0622864667934
-315.05891889659523
-138.01843527887215
-19.57411434661147
49.31963065858293
5.346034839818359
-16.661781519951443
3.791026198581597
15.208654583205314
20.185934054755602
7.98908472896946
-12.053668384901533
13.31065116131167
-39.99982301170515
-4.912119968390802
145.24282598654688
-872.235145668953
1536.341397212582
-2864.6199146899867
83.25464554272385
302.4137120652764
-1391.494412802706
-223.68428924548195
-250.84853885353473
-24.6622706156685
44.06258657036772
1.265461921389001
0.3588869257186786
-0.43666870545896697
-1.8748402352237472
8.0749499727113
-104.2006097169734
-301.14068351101196
-13.758322960363097
-0.41038434762551285
-0.47491721920388186
0.3336424664436345
127.4304832224197
-11.364184286915421
-12.589276854947487
-0.6109734718847316
-0.09999298932835245
-484.43382479624273
-1776.2886446631555
69.13901094852916
-2.7789530584502513
-3.777599452429243
-1.045422113421997
1.537008917503713
-2.1725359553224886
5.5074159884419345
-19.156258948312853
-2.510210106688832
-4.4457379445132785
74.48072546968298
12.02080046337303
-0.9139524050180954
647.3351359069195
0.5790969857040842
-6.177976281646123
21.929403684382688
-0.09785081191493056
-25.452374394245986
-45.476685497114765
102.64119489561135
-5.484127422072207
-24.026848817830356
62.928282905690686
-10.78843808929865
17.143221867702067
19.21779682197272
0.4124995783417583
43.006483941231664
-2.1082786750173765
6.916326630080027
-453.11999330317735
9870.48840327932
43.913447885430394
100.22859281718436
5.874568923998739
2755.6478936901767
4755.59361671258
5441.308812472562
7169.78066131338
823.8738712403998
771.3020031293079
-588.2696849804564
-1751.9221414449357
2619.683862214106
10321.247289896068
-2463.9128090878303
678.2064549201058
995.5890803177025
-1029.516952830033
822.8641445250802
547.8851780232263
177.19829949197782
1587.147650432147
2163.9444372946505
1057.1628116101904
2.450061677511298
349.1437767422176
3114.5839037060723
-95.5900123600147
2.2165627268951886
30.1384764897725
7.70743203328228
-90.48377890182545
0.6306580228441683
32.438217553676694
3.418138998926346
119.47121658825935
66.01160182042689
-8.25959863200366
3.4354311607847907
-29.679167003037257
83.32331639472199
-23.924905920458407
-31.576375208120233
9.117951222841558
13.645603241693799
18.13338997393728
7.25049002652179
-1.0487411742131165
-106.57827772579394
15.153921802042587
-50.521978804120636
-1205.151491138112
-30.737676466289443
0.36328711529718194
0.6308371392319188
14.326980383423995
-9.000563032605701
4.956037499474829
9.567176647766635
-0.541576123654758
-0.537273402663321
10.278176396290538
-0.9900687634545771
12.781819592882577
0.013593593731975299
-2.8216171808590427
-23.34182543256993
-0.4812693015614839
1.4808251304492581
-0.9536556769907593
-0.781088568631201
-1.3390540798889996
0.043942493276015265
2.6846175766348424
-0.6446108782092551
-2.0161015762458425
-3.917607276625921
-0.8154173977902236
-0.2890166296870235
0.409677151259906
1.1831638594411558
-0.18733959927198637
1.986438988101721
-1.1042861381460602
-0.10623686129829368
-0.2788463863544214
0.042609962940758216
-0.36875010914058076
0.9540168700799755
19.868962014497534
-197.7501338776366
726.7839564219706
349.3806681823208
2116.146984529767
874.0329524642161
-784.1120684010891
-296.4172982502933
48.24700368506349
355.45821980447283
-62.54451075035607
109.88926562816542
2421.204930391978
11799.33086229992
-114.79481156749806
2113.193513769957
1408.0720440309958
51.619726725994056
-19.698177514721888
-1368.729042674243
-710.6337153150804
-9.39657669975112
-5.8459285567583885
9.117330348043845
-7.380906899603405
23.73064541241403
24.584962147538803
115.59314564971922
24.19183008365458
-18.06563405595653
0.7964793156294762
7.937383548632635
-2.866797532170658
-3.1495463343764816
-4.824224375736627
-6.914060144890942
-2.5771447949934703
12.1511348459079
-12.685304723464235
1.3768540542247336
75.8841505907768
-13.331367681453884
-4.489759584044223
-8.369244479408882
6.360614361784101
-8.65885540510334
4.592485143645576
-25.13330753287803
-14.608393153130963
-12.8953317246192
-4.428801529949501
-13.197905916706551
12.481193933996327
-33.007486242436926
0.7407263240714562
32.45262929010675
-16.665479539349107
-9.433819816628102
12.43475043701273
29.919059080152017
-228.8917551769421
415.95178822738654
5.435076129642526
-293.4021299480268
-0.29117800760551843
-68.54795250595424
-85.91045643471357
103.27614069879574
1178.3476672141794
-557.3273685739829
402.1894907874031
273.41429733926725
-268.848373826556
109.02066022561516
184.6898045872347
-21.585776372034914
-371.04089357245465
84.26374083479442
-141.58611846097057
-312.7613988159722
-45.60931952441167
-34.92840278084058
-753.0273792710577
-484.6555696584227
23.563372050224505
-127.59831766219403
520.5391025497573
1514.8652966939194
193.77924737574668
431.9908736912684
4.482920693607626
0.39366804174149167
-0.348452976186303
-0.7142038198728339
0.30901372456546916
0.25699555048463624
-0.7072502719683837
-0.8001042300477362
-0.5342559586445838
2.002451232858538
0.9365284381448306
-0.5381696229371552
-0.04370476270807016
-0.08036567228271381
-0.09712227499452122
-0.39480105579443003
0.1016273611734919
-0.7457720798818274
0.9486698788415406
-0.9177033804327233
-0.5011920662121055
-0.39327339889806723
-0.17478461164374254
194.85354967162357
-0.424870791545614
-1.2871596151693028
4.474919257544834
-0.2875176577185699
-0.20632457229980009
2.969754313366164
146.09177128301002
-200.28326856893833
-200.9702459349915
112.77220834929912
415.4270544204119
95.09842008232951
17.486258047879193
5.479995055376261
-100.61979445602381
154.21729827200937
38.45727613010115
13.534857793448166
0.713412084868666
-158.3894488519378
-414.99385432168884
245.23141850213273
82.54754487933337
65.50482597678128
14.481974864638326
-33.89277833190869
-88.48006976427851
-31.2479995729199
95.38519103904808
52.489412331883365
131.45748498633955
-34.34296313858058
-28.084967466843302
13.039205159449166
74.20276098639974
232.4070100266551
-15.76668623057858
112.73759925031705
145.71466459395958
249.01490554515843
-94.23263910585332
-25.5012233006129
-18.52759745072211
-79.04318299190813
123.03625898922864
110.27256880362518
217.3577357754819
48.36876066653296
12.25696380625664
-3.7739518765756266
69.69499905540157
149.75445198084427
38.68905857778883
-184.92233016481583
-93.99689067906215
-12.471579817114387
-393.9338656527446
673.7632751307726
-684.446261197739
-624.542158574875
-117.94108133266654
157.48005631405132
274.64969993637806
7.683792900549585
-185.5693758049307
10.252050641059
10870.241116731997
1.9337265288743883
139.3515394046752
5123.862519943773
405.43606881370437
290.5678164291604
-82.44633927858868
-124.85046366384537
2307.6273664978885
3061.586385950376
1154.7111873416256
1001.1770767734911
-1178.8896952440996
-199.2488303496837
993.0294398965751
-1535.425741619993
536.4793848741309
30.071888132676314
2123.5810501274705
-413.0662061280779
-1606.3902126851706
1103.3914129882605
1.6486432032940237
-56.669842617500116
82.98414085061883
-9.788362733900225
103.43762761897608
-2.2767984199760267
39.853430094664255
-55.683902538048216
900.9832214304605
-58.94410765995343
44.76146408694073
9.76815864765353
-244.45438222465387
74.89012979479403
-234.1431057645492
-670.2092677739449
707.2194855840544
473.8728400932794
22.40943560187286
126.90350861933301
-12.31645107865673
-282.4455842626328
-57.06102296075407
-43.98530119016109
-42.639680793900034
14.888415636120309
-0.9242424082189762
-44.05301119058201
0.0325882474087097
-7.430642903271942
61.028262546868916
15.399232988581614
-0.4847474650458178
-22.395062861221756
330.2691502402389
0.9954099081105605
-627.8071006287021
73.13140755335372
-216.28495985039396
21.226682359199142
-67.40956319854057
-40.55976633800853
1101.2940842394091
717.4077138024708
-229.77856202939236
85.19970563245943
-477.10146348764727
-574.194875286911
-53.35304568722171
33.46729861085525
119.58053990466128
-116.13668694584331
-107.95157301868059
-46.85244539542393
319.79736834100544
-37.603788072787225
-117.05701809205041
-30.43595421260343
30.978907284175012
217.91622055082001
15.723145819070615
-25.3907314507625
-30.85085603352862
91.15990812027135
-1.6477704887716975
-86.59726132770587
-22.142823776868315
11.15692811587563
17.63944553497966
364.7931334476182
-497.9858234370294
174.433190717119
121.01422810994437
-80.16894821338047
-207.94918186638117
11.631769049587138
-40.405697842706935
57.42575737549209
-360.1045395246648
-29.16931631234255
47.24802833207369
621.1386842342268
-361.8502498357172
-164.4494704520492
365.5397283860788
-484.1748310729567
-15.681699676444481
-5.1275690950855335
-4.784391916007962
2.2272673322627234
-6.108073022792007
17.681087782868236
6.2157486021371735
38.32535478911047
-10.912913637091727
6.811865117725879
-37.801375928728405
52.43609131633466
-78.04326509914993
-13.1220133650355
44.217841617670345
-141.54787484425106
-101.14119133116274
6.68570214425039
20.060332863756003
111.31933270561687
-15.52537884150036
22.379653051263332
2.8399808302496306
9.658354316322475
-1.6685240779746797
4.82015721956952
-0.5758528715447712
15.04214831792246
-24.62548370464674
-16.194845370201335
-1.5112944583915853
-239.18461109558547
17.154598284168582
28.798842884726426
43.685763509140614
-28.81679691438157
-16.83828594321268
1.4162871879471457
2.0229959921123095
9.902168120394137
27.067823986185594
-48.28518018990238
-172.25426384034722
-260.3197845576921
136.29972847480897
284.2009851582622
-295.08122453248234
792.3383829220663
594.6810990852762
-334.83460601192417
-434.87018988482686
106.28914531234027
-377.1413987186835
-876.6512762874714
18.701999822189272
-1646.7759242824043
-448.0650677998994
1143.1662055370014
760.6471521175722
236.33027324246754
137.00760068690576
-164.42750949737484
492.38898718035887
4.6108367454339065
-60.33078962726272
-19.044086806180296
810.2377259015882
-73.93135325200188
66.8365650981693
-321.3103639189104
-92.54977497784567
-387.09379466707145
-386.1717192492772
423.4137553633696
290.37617697437815
-364.88476087994695
1642.3863220549497
-1161.6096906045802
430.353087335325
-438.45738439295656
57.331917565746615
-379.1122848233991
-987.0490767209559
4.846648373238527
-51.27500481285969
1300.2945478548086
45.44052264939583
-1786.6897387965755
198.162162374355
-367.93334911435466
-502.796548202915
524.1287906849237
-415.848249344936
-0.2174690530234436
158.87479628729335
-1681.9749324850131
-587.3592663311177
-51.0633540644056
33.726238767781034
373.5095499160753
108.8132098438817
-143.9662349767968
-8.972200488822727
-2.8869130117789314
8.639726130433742
-0.541541009065279
0.2005277651962324
-2.353099293421127
-29.271677235861294
-0.8114343314984862
0.18739906086826907
-39.420711319375435
17.106689832708092
-1.397624813207291
-1.228308686330593
17.191196165044328
0.4097320875183228
0.42154703894544315
-1.0327069084010583
-3.765607030646339
-11.023115633826741
4.68234535821655
-0.46815744911160934
4.282636633074463
-13.924381654181827
-1.0716035764238643
3.5388410016123903
5.287270599956975
2.6084738822397084
1.5936767753553676
0.0924308365084968
-54.657167776198044
32.744985867167635
5.764055129838648
-341.3096749649226
2.4679933079690546
0.6893202523339
457.6049949902198
-5.093536298535647
65.09807630006362
-1.2102589584827845
9.526961162411538
-0.7829476948160049
-0.703360772966603
-0.497405271507746
-0.45856079259914717
14.82635852840668
185.9176160683713
-64.49638251140884
-16.884144334420387
25.955377075702824
0.7854640929207138
235.55795208094335
115.40170959823243
92.80407832749681
-223.19492514889325
22.977006673675035
-546.9372352431866
-64.73721234735267
-1.690532005089845
13.227621125438025
11.293074725639375
-193.97265865929072
2456.6397188292312
213.5447422808282
842.6014572739851
1103.099174310303
366.35224973284056
-860.4948318898105
-129.98944132144675
369.22594519543634
-557.828194318143
-28.022877366542122
-1093.0964583863777
410.8603814311925
60.01769467016775
-1425.9247347292464
382.7279735083906
5.887613545062384
86.06598575866025
57.44402023818103
-14.01707443310563
543.7254309896355
-66.91526986230409
-52.212653019987265
-69.14734973692042
-158.8465393690682
-13.787303592442665
26.591229135964237
174.60534027342575
21.656665070232602
-311.05343135550027
288.38368587612194
-43.935194248208774
15.727228182477893
13.87308566831733
3.8981353348497434
67.03241545127102
-114.80543462671875
-29.277222169197707
-45.165508445284
215.6789997023699
-8.97275243624363
8.720529183881174
3.261737807334452
-58.44207306505345
5.306831299292996
356.4259275488496
-60.08686559186493
137.42709081112352
-961.4750763916048
11.779994970118507
273.0617693317381
91.96024382840157
-103.25384910812949
-404.69432886129977
-59.98438876058903
-402.2785138726528
-83.45094073635227
-250.6706301706858
-17.184084265444415
-32.80377458696055
-1.5730622569048036
