-3.621136377014753
2.074292576717163
-0.11201795215025467
1.5394244136926196
-0.5071078596982945
7.253152327525728
-3.6403117305835613
-1.311580017449086
0.8082911589659917
-1.963928778656342
3.540316567176726
1.9300714103199215
2.9317294357681094
1.31341521468634
-5.827797726559431
-3.1991786004876106
0.03675045718290325
2.553971175856761
1.7357928807329661
-0.7312144652781809
-2.9454931323838855
1.066030776141187
-0.5184137414690819
-9.684986256790419
0.7201579887634773
-0.17606757122977507
-6.489763811287002
10.211653049175144
1.6841118294629565
7.132781646556523
-7.860145962200197
-2.81615471654782
-6.937410804820814
-4.50459622764946
30.35900790233627
-29.58224478335634
-1.4214648792421003
-3.6564640714613117
2.6405799216381127
-0.9296473548088571
-9.379603818422805
2.48079227870488
3.6588116109186104
-0.14104316913203852
-1.3751616212664777
0.4272455356206434
18.249244351347684
11.491256220497007
-4.044648128869951
-0.8060878786030219
-2.14558394157924
3.0236885770242514
-4.484057458233688
2.615313531515349
7.534900806853848
3.950648062536011
1.4032725902045005
-2.1345218239952177
-3.9063438180990557
3.0571263011303116
0.5234594659493516
-4.336679663553339
7.373644716304528
-6.8779889720628375
-7.529623231130029
-0.1515272951668031
13.022537857067835
-3.7607087976124736
-0.036414789341545926
0.9224200134330601
10.972421794807568
2.706901430922458
10.765792489937215
-0.7882640405803276
-5.442710183084268
3.587657147007298
8.828485212619594
-0.18254225812673572
-0.3407666663754046
9.53093685324781
9.320620698960067
5.10660962000867
14.234856558353963
3.2873957277688284
-22.019689832846893
4.005869804980647
-12.546476998096587
-12.23054469519819
-10.864712196532386
-1.75776672145534
0.4784404023947208
-1.456194255512996
0.4666198523204724
0.32053963326526
-5.594223022941284
3.6609603883490287
-0.4961839012267597
1.72933333199773
1.0630421297689638
3.37247729805933
-0.4480557698568096
-0.36477482497860375
-0.7087027649989932
2.8249499929489517
-2.4111854565232065
-1.5900248610773116
0.5167053124641104
-5.176626886273154
-9.085058444187007
-6.703222608913589
6.4870486851326445
1.5340358988203313
0.1862063435838496
1.5459787494078643
5.8728031647152665
-3.0661455759247156
2.9669519249501524
-0.17074732334731627
-0.6886499583592098
1.5923448549641332
0.14375303625915056
-1.1014367889706889
0.27019030185734627
0.4348346061603195
-3.3810123972051715
0.20184506408853187
1.2125287013206016
0.5394353576220742
-0.4494030436331184
-1.4671079949814543
-0.7590301996992963
11.577380470284295
4.962287188703181
-3.9588959258445287
-3.0670073781287144
0.5249347423834944
-2.423545103962489
-1.1454327067111374
-0.0026733746425170873
8.51261764620436
4.4807828025507
-0.5943523014955702
-7.23513149505367
0.03255921092766115
3.1913382582008913
1.9855792288409952
-3.8674394013672204
1.0241361981925288
-0.6335831880634735
-4.5877365221535245
-8.596918870425021
1.2335047582563223
-4.145229867490953
1.2015936539018914
20.800273613320847
-0.39986385745568
-10.762695604222735
-6.110143877138184
-6.747097931779925
5.224632166197928
-11.395719945600062
-0.6354085897021653
6.7249183724120885
6.749790642661764
-6.555085258975394
2.5084671230155204
-2.04463494243015
-2.368101031445547
0.750915718948366
11.127274110516893
-0.5232473335223892
0.9732191075303441
-36.22347409330573
14.821860362032421
8.367048006281466
-3.69149421138424
-7.712035005650942
14.50040396605342
-8.495724292817545
-0.3276414487623884
3.6958950189602855
7.285674623139345
19.724410342727726
3.077293709620996
-6.0797152968911865
5.246880644968797
-8.753844757225139
1.4284577681284272
51.09229904587569
-51.802052414339066
-2.0281402328384166
2.019867763253291
-12.486366799576558
-1.0812493012445192
-11.109568099899537
-0.7421264364746706
-3.2660685330176404
-10.387496034758884
18.78598103802685
-1.9634429101548925
3.411265657600519
0.03499581334430321
0.6141728311242378
7.265773995880281
-3.408957588230816
6.062647606117045
0.0509242125811359
15.063977552514839
0.22324394855691018
-0.14449654680444335
-0.36514225743765016
2.3110179204956016
0.03702433482994912
-0.3530661905685626
0.15550523174041087
0.09697501959950941
-0.6765460443407793
1.1876719913039333
0.24543016793109254
-1.1467588010005898
-0.0501978847590256
0.05197071247993523
0.08848925452037547
0.1388263113743713
0.3606062316387513
0.3084527433505285
0.8097924898806865
0.370937158076485
0.735022198392482
-0.6935347019375605
-1.044792207445629
-1.021441594574832
0.33804326922987377
0.2544651910055973
-0.19638480639023714
-2.9731652487362887
1.3113330097324063
-0.28164724361481325
0.05703498800213185
0.014190378377440398
1.057078037608885
-0.7335860680082407
5.26581019836656
0.2355810613600621
-1.3368272077781127
-1.7596217724287173
-2.438107208156452
0.46922761863638907
0.26419613488361937
-0.4403612066751675
0.633089069507533
3.011305250875015
2.350115883506209
0.2748589927584965
-5.389470928852516
-7.339587169884733
-0.6764088222816017
1.5960723883295622
14.371030933030744
7.999266481917385
-3.5452450071418897
0.33581628948314873
-2.8899020640791133
0.2714388213222967
-3.392655166655701
6.905639775639115
1.6479452537503987
2.5128341619984065
-6.665186265027389
3.736682270748864
1.1461129627605542
0.3824306487946339
0.19562761127392284
0.33403683248749855
1.189094840791154
1.1245057696882013
0.17602961745419765
0.33030837607377306
2.194688763246686
0.3155807245755225
-0.15211449607432198
-5.6757897503101296
-3.777800036708619
1.0261346430440041
2.076762864901
-5.856934902845146
6.216651360801312
3.1460049049295806
-1.1690992331959162
1.9032491210595839
-0.9112571109470257
0.6390896874634631
-1.5131252854782433
1.6598624989970916
-0.568115778329405
1.6138936445844956
0.40454910772641617
0.6041349091058006
-0.41206466605799125
0.7451484866335758
0.8750705518053595
-1.0359856538325898
2.3980192807600127
-2.6337894019757977
-2.931607134887683
-0.40134883564018325
-16.57932642424022
-0.20273291328710716
0.6003785788353709
-0.2152281541271886
0.0618988636501614
0.18471297584089044
0.024490651573642733
0.12581810933945498
0.04956317592325818
0.09063326301428239
1.5803407096032818
-1.7230180477354786
-0.38670555029243336
0.17324221834150638
0.2582131265613476
-0.07107385392415097
-2.6306127357816065
0.11722073448379515
0.11089038028197178
0.17590147290431865
0.12867092557455512
-18.909445183117246
6.870563987947046
-1.4782460417758967
-0.33727204955314877
-0.23857013544457073
1.050490338193549
1.1705840090033879
-0.3895520831249961
0.608646765662
-3.9686495019165817
0.9632245492951299
-1.0948271969876937
-0.11408373281435973
3.0302717216656676
-2.159034169475586
8.430376811713856
2.8265710999950775
-0.4629572554729886
-4.298598950394383
-0.6754695382374343
-3.4179009512492295
-0.3651046590335224
-0.4465277138913382
6.5912389821056765
0.31746889919986954
-1.0493716448050086
-5.240788539755905
0.7160836415327506
4.361086960101649
-5.82908681753162
11.867374069122354
1.1361452570810282
-0.36422316097695273
2.146031893436128
1.8483288203956938
-6.069489899622514
0.12556152333630935
0.0050806016387614575
-13.556746772501837
39.88147550724569
15.85226334708248
-10.443516825485652
2.589788289917198
0.8966280995705879
6.9606613562129525
-2.416975990301117
1.5712289226108462
-60.796235018537494
6.540110165159844
-0.28758041552129576
2.4139227971063537
-2.884222905933453
-19.2181616428354
-14.212205627573981
0.08311209571818255
14.455318528753478
2.9612422466150057
-7.863979735233735
0.14619544033367807
-0.0696146495138722
29.54602856261405
1.9768248480895305
0.21736967886819863
0.09082888409154481
0.7209903794443672
6.143805461542008
0.2962098312547927
-2.3339426706815627
-1.7605310685120013
1.1756882826185742
-6.937061094633016
0.24271493047010098
-3.8828487123594835
3.5751567329652705
-0.1731862146395392
-4.144584295643967
0.058894600215990835
-7.593130140169166
-1.7625213309019259
8.12991850373721
-0.303896303640862
-0.13236682639314862
0.7729516840819668
-1.0416185715508122
0.5250453521660583
-3.6025099204575275
3.915936619194239
2.434214129751876
-0.20418415070023443
2.2193606172926947
-4.616303660567688
0.6423464258284608
0.10107003727614004
1.73013314134585
1.2873279098576287
21.738438480781383
10.169461833886375
49.30180527036365
8.056964970003866
54.777845934159664
26.02952615228642
19.835063816299822
12.434296188040825
29.485538008915544
2.2484311631706415
3.753465424463562
6.145774215615521
3.1749286462098523
-2.7847758456444254
1.422838993912954
18.914431832618636
19.078124316270806
0.7564130938787293
-6.446208984785893
8.72781043552184
6.873803675937715
-14.37353855486848
11.445879292339784
9.52185421475744
1.041603100488659
0.93940985346886
1.1157213734727145
1.4702099401093134
-2.0298324075476932
15.576329584555552
-4.353341345895426
14.548270793780597
-17.80454130491738
0.30508566534517534
1.2469878741648786
1.4686300377424055
-1.8005078030926578
-3.4867288774465783
1.0511806708314322
1.0838523271519895
-7.429470011873065
-13.352869472112697
-0.3500975300689211
-9.480022677534887
-2.44982758580206
1.7123964311213882
-4.89444257678161
4.536488749638567
2.0562568478543075
-0.25230571161327403
2.843375175724733
-0.4236985661733738
4.426332681712387
-2.389069419097974
3.7079633542394403
-2.0140178458403284
-3.3149806972567757
5.661298063254819
2.003857869621219
-8.735416343605172
0.15607748173787434
5.093264198631345
2.409517188216964
1.337551990975565
19.99469605914173
-5.393955861806183
0.5513217601766721
0.7275003661045969
-81.61706970869389
4.527831808023268
2.6353285800551625
3.118173816140183
-1.8233861702417011
24.304662467040792
-0.9264462273791872
4.748532672182008
9.25883233036916
5.3156647017213325
0.7456263788572377
15.519272038679455
-3.9846594828422317
14.822418943928472
-5.5033375259975825
-16.9632919493614
12.466066858955465
5.692672741841739
-3.2587640728307177
-6.807479490973431
0.643278041172519
0.4362740459687679
0.09040057801092137
-0.22859679327564816
0.13360235069128812
2.324164188591216
-2.9922886245339106
-0.25951115414049125
-7.541541714118411
6.649505586952643
4.89859847001172
-2.34099031300367
0.26458747697924917
-1.5301327948782335
1.3565489210115247
0.10673853234301528
4.853904685789658
-1.4960635760720697
4.306393685023759
-3.3032435960567375
-0.7704882919801997
1.8035908464268025
0.4822747773094371
-2.225652747627547
2.965271470539615
-4.384771879128288
-1.54819573887427
1.1135212949794464
-1.3700443500671495
-3.670170586241467
0.059436216675783284
0.18985516457283505
0.16579708609931743
0.3469214218626887
0.1580855812081243
-0.40277274496353455
0.472050962592087
0.27933469955111395
0.29135735842024263
-0.8837345336275968
-0.3109076485706347
0.2523256771317487
0.1465715460172762
-0.2427509641344909
0.06788845105418632
0.10321596654520514
0.09477287712598753
0.3910644045184449
-0.5323320633456831
-0.016383701127661732
0.35772367902224
0.10014531101228383
0.1447004774105596
-0.33061126684401065
0.16380812001460823
-0.05068686716360614
0.36315697443339495
0.15323560864057395
0.014175636304728838
0.15908839956364887
3.4249464395705065
4.61570249940242
-7.075292440208582
2.629088429978058
-0.9591534838619106
-1.9383546080802077
3.7245736573470603
-0.5063866080095388
4.4956275456578245
-11.001853424295726
-0.8208610126415076
0.3922664853816647
-0.5694174152029374
1.1954985375821368
-0.08328101856891715
2.920393507416563
0.7398745557568939
-0.2943290650152351
3.03180969610971
-3.1135771942279864
6.685695495087395
0.05901435014227017
-2.1460362945757607
-4.816751243916966
-1.930621438578855
-1.6529768993816718
-0.7386211297800238
1.160552393126004
-1.7334995448069932
-6.060316698216346
0.5863924757500738
-1.698745797412959
7.5415629528841865
-2.065927711227485
0.6787693761257528
1.1701255663186576
3.788126637372186
-6.492034757706212
-4.679250037002169
5.251560825805608
3.4264397150084482
-0.45471880346062077
3.75132537059429
0.3664490350327115
-13.353162123377842
-16.78756295902542
-0.34786789910940846
10.621576702200127
3.5690990220397456
-4.780746223461632
4.196345564658265
6.942399494746358
0.36518564059404507
-4.517761526016749
1.6251919103774657
-1.2187156588535546
3.5640222755944118
4.346360019550212
-6.644621891266014
0.5776655824625423
-14.491841538777694
0.18227822483186648
0.6362354693192825
-5.05669559651402
7.0761135593528195
3.2425969180263694
-0.022697354694929103
-2.32328134720567
-2.2365606590490112
-2.0081167625919414
15.399724637068502
0.9154017936787788
4.254572431500007
-0.3884955291004214
-4.244190538045426
-0.5112471406334539
-6.691202821537912
0.4921624380892207
-4.742303218193378
-0.06912286035752213
3.4712372679003796
2.0882280422077297
0.1618578936243548
0.23111608757988938
-3.171926559645871
1.850676965497918
9.089167611830627
-1.3388570044013548
-2.5300077107285173
2.6379744112662586
-2.427598802820924
-0.009767220353855174
0.6360248116449144
0.16959087592555394
0.41692380660262324
0.3950618333428358
-2.36202652265112
3.9128584382553693
-1.672062270274645
0.6559668498449276
-0.0532649158443795
0.06944236520721848
1.479976337262396
1.4532435740949932
-0.8835588209109332
-0.2206174032020654
0.9827832845554177
-0.05346439285162211
0.2415095919981565
-0.19757685235145633
0.08241304391706286
0.2569084304491532
-0.1577193977143938
0.26445284731271584
0.2638654155577701
-1.596913315117703
-0.9398905982992235
-0.2400756515800172
2.774101508678455
0.428922561387147
-0.4396664208519276
-0.9108483708126488
0.9015540094297342
-3.549709204890018
3.389407819358017
3.0233067303246264
3.5518981985374762
-6.601655656845096
2.9816203629939824
-1.5943351473402874
1.1903131988815585
1.2937892783302398
-1.1863593683370088
-0.05771282410799145
-4.164486826638286
0.18884007855225696
2.337529445371895
-3.865900654727233
10.121504884545732
0.45549063440501125
0.7217561843584318
-2.1789806816851343
-0.1568934401970251
-2.2721927892022933
-0.30248358341834014
0.2907367845403154
0.22322054281299736
0.8710690659441533
0.4176225497131933
0.9567776101428479
0.3717884935658681
3.346301834529274
0.04692510393803505
0.5169533049733366
-0.19108693853269432
-0.29093349855591166
2.1815802057164975
-1.2432165984468584
0.46311371661772077
1.1026358484108456
-3.686627058086209
-0.10558286740335603
-0.306939493068982
-5.075112934703655
-3.867158895092871
3.3597775296574857
2.1072970870118772
-0.34190162397774104
-0.23759634447266934
0.13844375558494007
-0.0032747795242324498
0.28965414859836525
0.801926858411049
-0.38693568013175544
-0.4850565929566314
-1.8525276243716375
1.4636312954149757
0.5885517187153207
-0.24172758867356173
-0.7728698424811895
-1.1771755578151855
-0.03045032056704486
-2.2123811382444334
-1.1178607232304871
0.82708864854235
-1.004167940700383
-0.6960645037639019
1.9872710636880622
0.846166460202514
1.1419121667631529
-0.2496080815311052
-3.0843509212101785
1.365990953861044
1.4167936243843773
-0.6134298571765525
1.1927136893625174
0.6449017296737113
-0.0023173030167592157
0.1424786122653549
-1.2638038460606806
-0.04447999814178118
0.5691750528760497
0.680107809806618
0.7316274514804186
-0.27719016944286473
0.2431684588473582
0.049485995697761256
0.04879819641709453
0.2879745665299893
-0.8676138401316883
2.02919793753962
3.584195583929708
3.850128298618537
-2.6711104660477965
4.937507370932774
-12.045329440390285
8.063079944594923
1.9864189940118184
1.3469597996870726
-6.341053134553917
-7.910118099284688
-1.4095337344322951
-9.003421060382443
13.143599135252614
12.42502826620761
4.5721494864722985
5.659137188348381
-1.454256346465143
-0.27090155402158517
-5.266785261065766
-13.255418271287896
1.3099198112537676
0.9431608804463649
0.12067769605785382
-1.2134394722069808
3.0848370969218974
0.1504761762063357
1.5248528083346773
0.4134871257927354
0.12734786941485804
12.219793462011102
-4.519254976332546
-9.123905135462358
-0.8055228605498069
-1.9185279517468254
2.0528252396464977
-7.192077863275717
-0.3516789885164546
5.525505595071098
-8.187779658475126
2.073143438531935
6.022591554273961
0.20109570742087035
2.535522273543419
30.658634132580353
1.022145935293988
4.89963011472873
-1.4206007069036448
-4.214716290020177
0.27622957013143373
2.574091740906932
0.28244601418361176
2.505332659167096
-1.480255580748356
1.8604584430575282
-6.364966809760319
-1.1192487714737347
-0.1255962733063983
4.277133844481827
0.5000157585077466
4.74544738744221
3.8900219832588316
12.0523731776212
0.393387617465029
3.5915505071594302
-5.382551397867129
7.541196092636544
-10.291380783053404
-2.125439602722
-26.937035740755952
16.05904603730496
4.087509500663647
5.584121597445121
29.986549572521163
9.85816978568269
9.048706075153007
-11.48159625780879
-6.020837821290267
44.79275781584996
1.809596981441458
5.128485710229765
7.242867221130465
13.16186489607228
7.630191858153751
66.71663300059478
1.8115380367794782
9.224290614923822
55.58904855955325
15.728626498693105
-19.53620285883905
-11.278325048772011
2.973358899449236
-1.443260737136279
1.047621911779735
-0.3038193324046884
3.917289970990257
1.9368237890053028
0.30282836787646106
0.013530624588992075
2.443159978425302
-4.878047078564584
0.3459898403852771
0.25846646549545327
0.248385216806544
0.2097542513491891
3.388248517531789
-4.751034168127532
-1.111509524984226
2.824084956887265
0.13835649699051517
1.0282329755404869
3.2814669131361964
0.10050224850928956
-4.674543487379942
0.17327218862875884
-5.0629261415967575
2.2382961704155346
-0.2268375440616993
2.852746756967597
-0.11521658728357659
-0.02764105309689865
-12.522686912766405
-0.0919074047229901
1.605519342537326
-2.6729201180093085
-0.6868663399500241
-5.037082168065884
7.968680611235409
25.042862766622786
-2.681604307134927
1.5019913021473745
2.2312498648023986
-1.3134255356502225
-0.07557767001162478
-4.934496117665518
1.7954355620671385
0.38429779620174503
-1.210324173600257
-0.45173105142412906
0.724721352732665
3.1939697471081323
0.25085607721107983
0.22756818473623266
-0.8109203976576327
1.744586475238564
1.8418978007364573
1.02181098107752
0.4395243227329979
1.370876543236231
1.2965782056234738
3.210875871773261
-1.6767923450506008
-12.330464698650493
-1.4833292228948314
1.007477576284166
-0.45892460657672557
2.1078663989589845
-0.3578808057991021
0.16773112271579374
-3.68749416369735
-9.92328045749767
12.388099406378325
-1.3537659454280286
0.8060901029400226
14.59637867934072
3.555633053255549
6.697125491396243
-14.199476616306642
10.218711462995996
-9.983718717637881
-1.5450414230597231
9.157209027315414
-1.8183609711605306
-4.632623587309974
-17.050738358294115
10.224503263252151
-4.649179447564934
-9.896201841282652
3.3741981830009204
8.695648666420734
-0.7072897425265907
