184.9946009631485
171.0268668969126
40.49957570623982
-18.0267154037203
-836.7547438875771
1154.5774492201356
-2729.701265584882
-45.224288636812524
-2579.365169425513
4523.750677344918
-270.4507554543623
-1614.5656323418907
369.88577669020793
-1241.3068830065542
9937.328366062706
1353.263063578074
2813.6798825746796
801.2770897269379
-213.8901816286969
4285.130228913403
5742.6788721754165
140.73214340137145
-4264.318339103252
592.3528943517491
4380.946781799187
1865.9869882865821
-3648.868702243414
9704.428480248162
8479.912193227636
4764.097029654756
63.40451250333654
301.7657931156233
124.56751429347466
-96.53129850789651
-178.5547845116238
23.15556455131088
79.76275054829198
-202.54952146440843
61.22723720533812
-111.77908281775439
129.18660892443407
-311.2971232624939
-5.095793649786649
69.26997263277923
-13.724337642932975
31.67977180612463
11.920421873224981
106.23627743224871
-45.28050869584179
-14.707933844547252
91.45872620649985
5.206352828403639
-157.60668185495368
95.56947882554323
16.205948644404735
-24.02237056009583
-131.35207472682967
126.50545980339902
9.756029673068172
-746.5551751199264
3.6586359213412103
-18.473412938041292
71.47388889747158
22.139729464328305
41.37133292592237
-0.6113642908869666
-5.66217159139001
-102.81426541581646
-0.08641614701087048
63.00971169202356
9.794993988377456
93.10374614968755
146.04934018253624
-23.65720749389926
-41.126641845156584
6.2836039654062175
-67.21709355034172
1.8889555565768403
-1.9615266936817146
9.199774076441313
10.996749843836872
51.5201105204756
105.67274655580471
40.09541840887393
-74.26584543940967
-16.253941872166713
-30.10580360396335
-37.31220825261803
46.65780432629758
-33.625592410035615
-1436.54667453158
3434.5429500878986
-1039.8429995303754
77.94960705822743
799.8362912695908
-993.4310949101747
10.071749940899549
3650.802576096173
-90.10288199623098
-2741.14492262698
763.6462521066192
799.5080482907526
-3577.0878939781064
6467.130099701233
-502.1343945311172
-3341.0049322693785
-4337.39441980567
5243.102937078371
5320.622063992809
-1038.8914407274035
-6218.303656230893
-213.2827168980204
1822.2556487135591
-3117.3813405599585
-9897.16248956511
8827.27195338622
16879.144129732013
1363.5815253109506
-5486.482972382413
794.5009921476944
-80.71956634493564
47.28879734106456
2.4820535232309484
-6.343308387245733
266.9148062143201
-384.2485222984088
88.91520719559036
-333.21970035772773
-837.3243027651262
-155.5053195650705
-3167.4101632859115
-2703.757337191483
-35.61036809278424
-5490.327718139851
529.140060204605
5358.412110648457
-3611.7512571102966
-517.7157123308281
-1649.9309124288516
-1443.6003297749708
-1395.696181999402
5053.325289157022
10415.857049682552
-245.12891325484932
834.7786266424846
-576.2144441529858
-326.0658294722325
209.43268379792585
212.1210873518761
1243.2155257798568
-45.94198545879169
2376.364127461885
-8939.402244052284
-7199.592815609402
14684.457471982349
-2520.7922017310825
-817.9594936034599
-367.7598816403439
-4160.110852014191
-3358.515672006931
1048.216794510524
36.84396224325907
73.22339535577493
-179.08119866322266
-619.3271092237455
3568.1285474687083
755.5252034660364
-109.0416052375321
-1313.0453205487033
-869.2457878676827
591.5420816527774
545.4392612240322
4777.692631093217
-709.1902995323003
-561.2982013020525
3354.3748756000737
-704.3565054274886
21.450666607548367
137.86309552536224
-2488.7707887096963
167.30637523931608
58.21127376956078
-1023.3456588980065
116.56943028791915
1124.2231309600147
-805.8925166901433
-14.719825838435597
-674.8789560086012
-148.4690207463146
271.7525653224365
368.8126471375031
-910.5701112424381
-1668.5761337253791
2145.2894804003295
-325.1195407220569
-27.740355785481533
-3.912060274316282
-77.09888587628338
808.6429530762829
-291.93571637699665
-187.45147570404046
-39.18511648989566
317.2225183938598
-238.42731187840394
-254.26152375629277
337.83902108347854
557.7393264317296
-65.91011972735987
29.781662106590137
0.47121538666947776
177.69207970923594
-27.202179762696314
6.009406335915903
-75.37702529574482
-14.440343737268279
46.59389715127224
-93.88995911262776
-81.73724995955199
-197.2625999220499
35.86881494325461
25.759931326243017
29.88284532449447
6.330627550239217
-3.3317595036848204
-123.48766656709812
-12.648086009793497
-21.03910181901283
123.33464419298738
-200.57966825434
63.430490252297666
143.7824914225578
96.34400343250557
-137.99847782189067
234.16546889232325
49.77356657446094
143.1885839814886
81.22900204385418
-57.603182347534215
57.50370435961708
-30.922552515770576
2302.098988180971
209.46140946994274
-1855.3155162427659
-1253.2177502646327
-1773.1202005608734
2400.1401464436562
-1485.0583983806782
50.45854046025022
2089.150650993646
-2988.5066419721124
-6122.483538769589
-664.1436498165685
-1498.3001066061795
-1217.526255666539
2767.6168476413004
-4246.779201752702
451.0090068252026
475.50630865560476
-1806.90229042421
3551.127567820536
-1726.947737660571
1956.6225609740022
-428.5293458278853
-597.9453353955137
587.1539842078752
269.4174667589549
-5690.293621024944
1312.3075442465151
-275.8242566264938
244.14525303970814
236.3227736429445
33.632582500601664
-112.84048948679148
1553.6146548469221
-7696.0623333847225
-191.93538164317587
27.9074053792363
895.5173015532205
-1268.636534954638
46.76328487987623
5176.066209110563
16602.162652878393
4581.2953751923005
-219.19958391656527
3418.894940691151
-2852.1891033757324
-10949.678149210424
-4886.305026169944
385.9429095517627
-750.5787462854355
6.716154688969967
-149.7977549607904
36.03605345089289
-38.83800060806216
337.3858257933705
-75.91352657078657
-300.0123672081053
134.7141109542108
-234.16755783609696
-21.17799173581699
-125.49650902678445
431.3123977329246
224.12392190083094
17.7637110110498
94.69633806798893
-6.424788694561134
-783.4706133420004
-5.4029518789654105
3.555372737332182
-9.46743188095392
-18.670886246983656
-0.9011637610935149
0.059978954825858286
0.30593943736635615
0.08701568703255602
0.2816161116749231
11.826180004188709
-25.861073765490588
4.1551685952176
0.4190240930849576
0.6255300911921484
-0.17215936022748438
-24.8797844402839
0.09386626469025436
-1.0736558241270582
0.4261447234751523
0.31265074549036326
249.96993695280503
684.9612713737191
3.007371658884549
-9.393119284494718
15.319598052276307
-0.8664633885308957
4.269432738959142
1.7649362957280041
-7.595596852220907
6.535303430066238
2.0601480928409095
86.71606396176442
490.50344455971253
-0.7163922546920506
61.70085667601636
-149.24431148218767
-59.06182101546734
-2.596420276163049
-0.3296401037758938
-3.0030156269449795
13.346414630822078
-1.1695914737890827
147.21302827437574
-8.885006323672119
-33.18027022147964
52.328904039653025
81.02744340319686
-268.31306279108765
-8.850987791011727
7.21871497258536
-72.39321837898501
-50.87033621117143
47.53674665519167
-4.6442030318059695
-125.44390828985844
-29.302146793035448
11.909773169242026
0.01237380539285581
-702.6496714895031
596.0285360325671
24.55746066289619
112.2038438314767
44.73039636030018
-120.38362259187974
181.599457443973
-162.17968676429686
-2.866632070566191
322.75663817749387
-398.6891514844577
-38.25079555904722
-1.7504377372602804
350.24373973155787
46.94596269179887
-5.077626487688929
-3.4772737494687878
-109.2911580648808
-22.966185884367725
90.11016667854861
0.3533574407902601
2.582767928647432
-23.42353764364687
4.168265971354818
0.5341863414970641
8.064202551319019
1.5642530287776641
41.5263147555536
4.441433764254339
-9.610260489038275
-7.381643008112892
5.452739871286016
-2.181214236421509
0.14690813530195992
1.7831961760941153
4.727764830846905
4.191684947901786
-29.1706343297787
-18.074700526144703
21.14184507158372
-9.545390038784808
-10.058441832758401
12.188880792719639
-0.21088546984969098
-1.6601774061273091
2.833257958311968
-12.45448376011633
30.25614369209658
-2.2586877394194573
0.2527148374176532
0.44963007961309465
0.46671713814687216
-1.893489049988548
1.3269764911981117
0.17642986438054475
0.6701587479781835
0.661573766396972
-2.5233011585506877
0.41170435727897353
-1.9330660561580824
0.2607992220284342
0.9810893001179171
2.676485204773509
0.4363138914721913
1.1162670400648445
-3.5584069522761324
0.5235689462228817
-0.4235373588839588
0.44258163695389874
0.4953009657163064
0.1764438318653949
-0.3753327736963309
3.2654623550593245
0.6335735750034971
0.3568710085588737
-0.38299194212365867
-0.19684947059435512
0.46407814839149575
-1.2349192443216954
2.0864602033308843
0.47425775334031317
0.34895345218660523
-0.3958916658910606
0.45271577780059413
-0.10741767364156135
-435.38727671908754
-147.94551470770597
98.1876080429228
185.1746960906454
-227.90784411723925
-13.299201867955212
-46.572690718051255
-10.255040244992857
-24.382680986217988
-1.1783022802062768
-8.060785164012884
22.568224977239232
-85.3325956396148
-581.4241426834153
33.81798575247936
-20.286123946813024
16.1550142738522
3.6384959369325633
0.1122056729360573
-25.936866302094
-143.17475597053522
0.29557347554180846
4.781394547857456
-0.5035873439383688
0.5070526880531977
-0.3973817771770591
20.779524565736907
12.811768063272865
-4.433682312149828
-5.047922102810106
6.422295999639068
-155.18929741842572
-23.705594679766964
92.57498236582977
113.22200850903548
8.756683888808707
134.19990366362248
-57.29192942506707
-17.85135489260025
11.703649368876818
-791.3251199759181
45.67780069520471
33.2335486278841
105.26923822849295
-63.21790293176799
290.4491465496213
-18.006365845278744
142.9451777318693
178.87095746426812
22.42869227837879
10.252509760042892
72.86152254232104
-15.270793975094856
300.31461987795973
-119.89012852684695
-260.0922283488929
154.41913817812954
43.94748656678741
-89.39058341781775
-139.42963973771123
92.5585785831716
-91.83470511678352
0.6238203874958738
32.81835392659103
0.3083567325552535
-9.247407370871223
4.619844577232232
-0.9344020147512375
70.00875787796242
-26.799834159310496
-13.961280636032594
-34.53076269012184
-139.00138726532364
39.93097192546828
-26.99286945457268
-0.4502273406033804
-8.140457068133426
0.8732917060288973
47.63677453838558
-9.354264794843743
4.332959413930663
-5.122041619405362
-4.100793708148165
81.18866732045751
17.636350089081592
17.019165556821758
-0.8742278384133519
-185.85980881073135
33.01485364499612
-23.135509419083807
0.14304554811887313
0.4601101211616825
0.4066400712872382
0.8374738520372426
0.3826986747753857
-0.9784774267903659
1.1488717415116196
0.6429581398092209
0.7038231787239455
-2.152268659428553
-0.7145063384178711
0.6105122738920015
0.3742927373141916
-0.5927119180347044
0.14869784764345506
0.2513307496877489
0.2279596450004393
0.9482495574514246
-1.2876999091324717
-0.03930300363534055
0.8662582569322687
0.2402391680787669
0.288530463086579
3.69158266534981
0.40237286909573605
-0.11924540593709415
1.7080384223312137
0.3708257258476915
0.21499699100212682
0.8874577885371667
-752.0235614401424
-2492.38836663079
1023.4250780085939
1244.4371687385858
53.67421848123533
1291.5333371953543
865.9781849801699
-1535.540935428691
-4512.661783378321
8913.552811878648
194.70580528890764
-37.54382976081516
-125.39659028951046
-2033.6321436819449
-3256.481800720676
4487.780233198492
-524.9113361113006
627.4506047288052
1971.627635024827
905.1344125140989
5927.439082146761
-410.9912046471226
6164.401746505298
447.9920688982178
1529.2039172883842
39.61478056531784
-856.4980708532013
-23.000356317828615
452.30398132697763
280.11909501550855
-427.2534226189318
1299.1075222696386
309.4365516105128
-3419.34802759156
351.5579717404386
-318.84531464152815
-2042.4077678775025
-2191.539071493287
1812.003144124971
812.640041553664
6386.441409891547
-2875.6578280810577
-324.62205690074876
162.84213162235275
-366.963255662414
2873.972197782694
430.69802456514077
-1431.5613818320019
56.07388517662111
3210.5616349587776
-3427.9533429776684
-1617.423814625317
3164.425084088927
-431.31873786333887
-2010.4403530978766
759.8267024670293
39.06378236020705
506.4185069348506
-66.2860873997811
111.16753052676947
-87.3655631952956
0.37312164321228003
-1.2560046797688027
-85.36706201971565
16.997973055661333
-15.135073610130672
-1.5340511453875958
36.20550076823192
11.640163701982045
-32.91045193395563
-205.57759178053988
181.15458174174665
27.210097187767772
-3.179853401355484
29.492913549289806
52.525019918879494
20.82743247310169
2.333544182605966
-33.25002341312861
-48.226573196756796
34.53809814194836
-73.4752236524039
0.39158497711146656
-0.3258029349981969
8162.680284307196
-18.87137279664909
-11.442137435828117
45.07144497914558
1.5804380308773982
-105.60711748446194
39.61914502501087
0.5027205663857466
0.2095701036347718
0.014146628802636308
-21.26316963751341
-1.6552687961049648
-0.5668629350439576
-30.56224746053818
52.69754323649641
35.3927577963625
-1.351565295416897
13.439472225690903
-46.74874689744842
-48.119386872324924
-5.239916638094609
-2.520880660784048
1.0391669398392236
-3.0511119719684903
0.6029847253272602
9.576409439986408
0.19608830648437153
1.1491039713264948
46.3815213391007
8.67401143397967
0.643005729441554
1.632971820006032
7.05598848149143
-0.6017687478598363
-51.64244988094605
-0.44435148072754876
1615.5808603592075
-42.142423759879065
-366.5735203632997
-3.293715610150989
-198.68077183089966
-327.62790513467473
-104.47417123504889
179.00039391018132
17.662124796622493
5481.103704558422
-830.1647850390696
-280.41398822873464
-636.2339670935738
-482.9075062102789
259.37771521954227
-43.365720797263144
737.7486249372349
7696.555332615892
236.55821692035533
808.7850444216049
-1431.772297013157
1281.9836102936401
-68.16134112710557
107.4701569526404
118.13460512122077
-130.57417315353564
0.11808963474442594
219.70811517526823
-1.7048357742732494
-166.44637608374373
108.48544860726443
285.68917128633694
107.99143683887857
-49.46456090489067
40.67072943233391
230.11088279949732
126.76985061072868
-254.7442792202061
-5.68737656133095
-178.52532464604118
519.7624641752856
-11.559374312424836
-160.53071634936404
-114.7495932383376
-723.8405914347001
125.29604158504817
81.3041313856696
-27.053877307935448
-33.09047939591062
4.528769137049327
10.138530956779023
-6.115366966163734
9.145072988736253
-26.628369299604714
-14.347875287470238
53.70628450784285
-4.424848275442719
3.4022482761270716
106.03669793927968
3.275396986577612
-1185.367580227578
699.8793075269617
-24.21592925084169
286.9837187635239
-404.12209122324623
-273.6345283631084
189.1576856253986
627.3276431650389
-2.0040802806411833
-94.87855058583345
-744.9790462207452
-3229.6771826622066
130.34677544754422
3163.526811128446
-4.3726836508963105
-11.701900616271583
-64.46461290988829
204.3336237570314
1.3179049911562686
105.74981522444197
-14.546460018143428
-27.52291973887468
-183.3990271468232
-911.3564273851154
102.99890842772977
45.72246244823559
0.19252806549837495
-203.7436877260732
-22.26908634497523
-3.9197218501741533
-1139.7929117473739
472.8767326101997
-289.57429337813363
392.7455742860169
-147.70906445031918
-1312.491752613847
-918.3775573877662
1497.9847486935305
2029.2357354556964
2470.53213982376
-1265.7961264112976
2441.5160137821904
565.9462702628706
-1013.8064138985122
1459.740609968444
-1246.8954577346128
1719.5809535800133
243.52790902157216
159.39990857442083
-2326.7978121576643
-508.32985638591543
-279.89275296287934
-1073.7254168623624
142.95130509214925
1648.2159609121445
-325.6275507480515
202.5323876885264
-31.419776543763042
-323.8842673874418
1057.4218717289857
105.78509213000679
-406.25464546885064
-329.4103796390366
237.90344839591864
111.46968868780353
0.9428786622721764
5.793984221624027
-140.33253103256752
-2.204009008217687
-9.317603217500775
57.96442242447674
3.7443080660820693
10.902992088324478
-52.54712386767133
-8.892076184975664
478.280540301902
-19.59686049569356
17.64714609712615
-23.436270272792992
-9.63555608349792
11.147767314489816
0.6772715350647751
-4.168475579333555
35.62752631165576
2.598397132303506
13.163825040141056
-0.11737983472936496
16.407506476202602
-9.149569660962873
2.1983370440699255
-0.24884370359613323
0.41931926881882314
3.0674703938089674
0.6701153812686765
-0.05380558088868147
-4.72453756619871
-8.460746758535802
-0.7880442418962592
0.2660120812059013
2.809294979425642
-20.43817066075692
-1.075014590682191
-0.1536745500878082
50.94008007263063
2.2949443621134824
-0.19558034255228182
0.9707658188515607
-0.06126163477756053
2.874096492679792
-0.321011925048242
0.43958828018537754
1.150511684737097
-2.7617094212422377
0.5167912688423395
-1.7186430284435354
0.4841763681797028
-2.95641147199993
-0.7953609769683513
-0.05253375917560057
-24.417850731723107
2.738766030740097
1.3577973771528955
3.175175927531128
0.14645878549871905
0.7383997945567609
77.00920565319682
-2.22090507645667
1.6949656963332724
1.4289259347656407
-0.45427278365665036
-1.1263190615306302
0.5855752417438701
0.6261655091363005
0.6017465972822311
1.2852683478046047
-49.1438316240831
-37.47863380934741
-0.779517566986861
42.54767202952616
0.33523207428504476
7.902322836662327
39.48791285880609
1.2068659289617825
31.790254011295897
-25.182454971702303
2.4739290238922087
0.315041281354703
17.829078313625633
17.36957174666881
2.2228251516973785
-36.2267666903675
1.4982062000729348
39.31633275438896
-17.144973240854704
71.1133904116017
0.7137606364350229
27.54268507123299
-12.805646560407657
-22.836934805504573
12.003375938294488
2.8775930716440157
-32.749432026741445
5.181866689129635
20.49447783405027
-41.657351472842315
-79.65593677845912
-2.3400866155242985
25.86979258890074
16.23851762264284
3.0225608766567924
104.77452833856769
13.76781080152902
-4.126508186918413
-12.816679505507684
-8.865875479866656
-6.0209258741341865
2.332328526469584
-12.807247950411975
-1.3767347906244372
-9.714187723189355
-37.14536642252714
42.701716038055096
50.84844807324463
-10.580401956107002
7.656980667666744
-22.0695783810879
-23.833405735263437
-2.716259228955061
-10.18567470003782
23.963093561058628
-0.7735830911638012
1.0694113840417998
0.5737627807625286
5.415096924662684
-4.295409130049492
21.2016101149213
11.544229779146269
-0.1455706909215503
-99.89499005419924
-6.690705850836954
-117.72561590419035
15.10817984006273
3.200115618065383
-72.86902533522311
-1.138715222329003
160.62122240121656
-3.1760429043439355
-153.35984231254818
59.79657009925479
11.8891919292563
-0.2908796413497908
