10.85124336682535
-20.375661896322875
-21.318078403031272
-118.94657182304506
59.21434541127954
1.4075856118855679
35.399627362557844
26.184269878778405
-6.333867340260085
-45.926378716409616
121.54063765684273
12.306162950359862
-15.274295412061504
40.293539333230065
-54.7497041565239
60.54913025778002
-8.483767898665933
-42.45389318084963
-28.24621036317633
-12.713336439429114
60.34476668598588
23.974452439698723
-29.51330791092893
18.919931601706683
-0.903933789534342
-49.733926489149134
1.3924238219755052
33.10743361381436
44.388658271083344
43.58194680450322
-40.32636985314127
-28.814034693486875
82.04269573244916
-201.94853982706053
-385.55813937489154
213.47319568233783
-3.744989467587748
282.2669874260021
4.723897536733724
-29.086728069544215
106.08880320917649
-141.65471966128513
91.31996469770269
79.61321133603455
-0.011925248377642432
-6.29915723820595
56.97772025910559
-183.1994225622788
76.32407457844259
40.25860845747122
-72.63893217316533
409.6171065220041
20.503297273912647
-208.61382641844517
-6.554448134735123
-37.59966835965698
-26.3247105995335
-302.1543874479227
31.728348317906985
5.760405930820787
27.82967395020631
-100.29418929441064
198.354732790069
-9.79107385117861
-316.33482733314065
-30.422818174758735
300.7527613213025
-43.86617871374753
0.08310237118356863
-3.845371267547315
-248.7030188278804
-54.64587499947177
49.31249644047253
37.508853114386646
207.27615452127657
8.899923937646648
102.85951297036308
-15.872242252891736
8.828717592251383
-56.645877673504124
-30.563533540421275
250.58390637274877
-192.58061170153047
23.13522651060231
37.11717173667042
57.598609981362976
130.1193142483538
-15.27857631736277
-45.58612456696412
-54.20537922258924
0.7301693842434458
-17.044901103306888
5.875280698606284
8.971824519832978
-9.47388181763943
-3.1341497840134354
1.4591636545824078
-26.254805538749867
2.8812720901158797
-1.5025482062961901
11.640731818529675
-13.214173551460899
2.8901573905076425
-17.43703777523831
3.063299871692305
60.434174669693924
-90.04655751843575
-10.3725362741108
103.43596680657805
-30.366543741501086
-9.909447783874484
-37.143486841250144
12.121758282107724
-13.299615747204967
-30.706785898174637
37.70082686198287
48.42103349580387
-0.7344805609642387
35.26276620658219
-5.485385444241159
-2.460512117269905
-9.105201890943603
1.9160436241088707
8.024495967742789
37.85375658784804
-8.244197846148582
21.019194263966703
-149.09687368501554
101.51659850010459
74.25918726202407
147.71385254815922
-122.85189413590118
47.37792587587376
-92.76042868486357
-46.51239071867276
76.56607076190343
120.72038059246097
-26.193800623276093
83.17290491471186
-175.4536805865773
-39.23915509724775
88.66077253572489
46.02675580570444
13.822733135171177
-0.8626920713639267
-18.025802282381854
-8.515179324180444
-23.159728062631935
26.476639637173328
-99.92525563533184
-152.85153243488386
-177.55461323819148
145.67666629308727
215.9432278158009
-92.13227842087512
54.65770466201834
10.750295348480234
164.13740265080935
-117.24101471420636
376.77070653107575
-56.94551560556657
41.6229015273668
36.65466995088286
-12.167316530924326
57.65982326622131
-151.4123733416604
318.22655050621955
280.42668121606016
-127.35413435045533
-586.8398717034785
183.4995209901812
-114.22863268064684
-734.3928063799278
502.37024654937983
-238.1819648288311
31.880521068193808
49.20349837901924
-763.2062487955378
717.5348213197828
-176.10225070907504
-83.42760777587209
95.35013200425202
358.8724346442724
25.12986391638544
-406.13300311189005
-60.91566451922861
-648.5631016865028
-176.62692799423752
20.457086570869556
403.8773939543756
-187.4873104647034
-21.889617297135818
-363.61175265603225
-163.98799152286813
25.350293515232046
-7.261329588752017
-73.64587660395834
-42.866369303208494
1131.3595785387931
165.61945254857795
-655.0225367020175
26.735568126567568
-53.77427461396859
-213.57017259871236
-235.56248399750635
53.79750550169189
561.6015624754008
-517.9606179028956
-37.81824039300926
2.09995923389269
-1.3434650966309607
19.0589815829924
5.876395224288165
-15.631862842137489
-2.8823908789713917
3.79296075342807
-6.1950212237198
15.44122546219833
-9.882773610506678
-18.521243620908745
-11.22390895052008
1.3022459043313572
-0.4268450683536225
-1.7484974536348061
-6.661340542466359
13.926236906108347
0.5766916846310821
29.569646513348143
5.670213794817644
9.660091081516008
-12.309499543565181
-11.8406950741924
-15.89979718712775
20.490541193182413
-0.6624681164905444
-16.96935200446162
27.694602070883896
5.421557347849821
4.014558202167535
-8.046827294157145
-12.550961707730258
22.998522047551887
88.74979067916617
-20.446345882868787
4.92390086793947
-21.148274130179928
-33.682040117922725
-5.223425917428097
-3.518925189012104
124.36497775241502
-69.77445044308757
24.30037604053866
23.228981422709957
19.52976192995771
108.57221509060999
-139.0010656836143
1.1290112709065674
20.703033129204606
187.82989519266735
-36.704969229403744
55.27016702462786
30.395792372809726
7.142623947973889
46.14825955398977
-184.8605531636686
71.79369584795502
101.73067195693986
-48.475384070292556
-2.7113327808495518
-1.6876807561726956
-4.467854046892732
-1.607518056926952
1.592731688707037
53.14576195010427
-85.95300795390166
5.835816320592283
-0.09928658363964774
7.2442408429821015
9.305755995654943
-3.184984126562826
-8.05543107991071
29.67704631505584
64.08657283340054
2.0680834601807536
-29.907818910070507
25.344995200585398
-83.01785475999979
-21.967161725404598
11.67048764693592
-7.570277149536473
5.070874302161952
5.764252579199086
-1.6083924639844949
3.588801474851147
-6.57336765472877
-7.26361990000747
6.332194596429834
-3.7236068991829434
3.4819457788451924
0.7647745040481344
5.363910493205745
-314.60032562521076
-110.79178469170253
60.53496395129624
112.8104198250968
9.994332761151396
695.6462281635448
-13.96705344195916
-8.511488418362092
-17.868674168978814
7.818683848516473
4.2961347665044896
-0.05786513075355274
-0.01806896430641042
-0.1739869256359209
1.205604046323839
11.957970902067457
51.311331838513794
2.2439199176195515
0.15362554736952144
-0.17035352482128863
0.12123530147460516
10.014064316736576
2.173388931674514
2.45913806157105
0.6345996378636763
0.009038611935342307
-342.64157051720736
569.6952008827693
-18.12507126007653
2.024825729096085
-0.25274368633153993
1.5551150090823311
0.3169109119538202
-0.5372603188469938
-5.056281707997818
-9.510532079774025
0.6590077972095807
1.6879918031832049
27.401622567680654
1.427276010921898
-9.427171501848592
334.133814371553
23.498641674874733
5.79981499200208
7.321252250292902
0.2957702132867766
-19.065344929189298
-4.309141292256871
9.311998577061674
-3.5925064134890894
-15.31013562546753
4.088544046920305
-18.122393411870846
1.4029893933500674
-6.296053841140332
-36.01611026780632
44.547806983772674
-5.4558414513971485
1.3270750597813896
64.63479478720902
507.63548714610283
54.16459429668943
2.288751504049243
0.5432724640736473
533.3213223935956
-253.5168118246057
595.9670487352096
-283.4011094571743
-16.442376120677398
19.86358370270326
-83.4627877433999
90.10372218672174
29.277290178631148
-911.0750281353772
465.72221726799324
16.40049755009777
-85.1409121022765
-573.0540002704688
122.00876591494595
-28.975463630688253
20.496920961538184
47.46823078365896
-356.824565480039
149.07746090287972
0.6292954002438449
14.953504632268947
-75.94691057256931
17.656564962562825
-0.0830603237174798
4.990963656833512
-6.1429917954527
-20.659151324240934
-1.6873682935676573
13.265113707551267
2.3490814262681354
36.75124163392841
-30.782125328288195
1.172884183511021
-9.53313767021476
11.564920586078745
22.7775841316199
-2.2952122054948862
-15.23835011090219
-34.01225678457622
15.975814110137929
12.494921630142198
5.7045276770151085
2.714654807892577
-3.0456941177122467
-2.8875954001220046
-12.599803786401306
172.66117020896604
-0.8177263809609121
-1.539298132909233
-0.8052884812039993
10.881535578435022
-3.3825301805070827
8.36623350582911
3.589460918447461
4.6213486110501905E-4
-0.0139815868919607
-19.65212545536374
0.6221407389955854
-5.1478058917728164
0.5466655462838825
-1.7312775653640446
13.573254135155901
0.3382249918157783
4.59319919090414
5.231123701639961
0.7470873887041942
-1.4592088168919362
0.9352206659891277
-1.2783829107783127
-0.4535701763915671
-1.5350787368465015
2.0203300435960614
-0.183613812065131
-5.702525390676775E-4
0.6584961869534655
-2.185800665199484
0.7577593396809191
-2.764477571359266
2.8101836769550332
-0.5107477388348493
5.172009830243888E-4
0.6363001460065048
0.0023677586425887454
-0.6797947762696785
56.99201915393364
344.54503588895005
-30.8679097088883
-138.72817629860208
376.71786611204806
-20.33273512162161
47.179394483817845
-52.94324800673256
-0.6439370777831939
17.01234362980501
19.552706731456894
13.865768905157699
175.80808575553738
-287.7164077296242
31.15981007985229
53.506852380173996
-84.62951139058744
25.03352779327646
6.246191890052656
-25.442629389688463
-264.3399436223235
3.9543573415827535
-7.686416489589735
-7.601159737628406
0.5568536532495381
-1.6451424088750843
-28.193037150734042
9.47835994464876
29.19500984103714
-18.309562346598966
-0.41723498517955415
3.3040771348109974
1.140783467966734
-1.9798770914803194
-2.8825683380691927
1.555315418033578
-3.7249286487520643
0.311435667185241
2.4309709667945083
-1.4569234440336216
13.370152744316245
-1.1817052957021794
-0.5130806569651709
-2.2521844749754467
-0.07966420792112008
-4.78036277647169
0.05129998629903854
0.7526978393838573
-1.5639921079348689
0.3687648351581595
0.19738244304173394
-1.9611944769779857
-1.324026140847242
-3.541354960632009
1.6269550363031091
5.373184342122683
-3.714866417047247
-0.7219004535814212
0.417018772586853
0.8189880951924512
29.670933605412035
-96.49945156432554
1.9968291967641745
44.016128743383895
-0.01036994819703282
0.2147439119347727
-2.6632751326133657
-1.3107024523639803
-54.857232499785994
98.46266387579665
-9.362905883925482
-146.25191207571038
-25.871393377825502
5.368092842936942
-26.80664656293961
-0.6347880689056252
39.054692779103334
-12.124608391742482
125.9796932700544
-19.191519017434796
6.022539855251715
-36.14786783197921
-49.055203730110556
-205.02073573734853
90.14569485232597
21.9270462364933
-35.76864399241739
577.4047412717999
0.5691942673456918
62.353452717945935
0.348024238980697
-0.025067665578019115
0.0358152463131415
0.02058270805863453
0.01932663291459182
0.4005509685950169
-0.004737391767582286
-0.03758507614484916
-0.17663010885346142
-0.22930282666145566
0.09248719853409978
-0.016707987151228086
-0.011545257761192008
-0.0297473127789021
-0.007014716679027522
0.006031502527766298
-0.0196038911785921
-0.021455277819588916
0.08240354392230895
-0.3110449504131154
0.10136226749964768
-0.04891993715880458
-0.07695676425326706
13.40269018827461
0.020369772379919465
-0.27648571027500074
0.46682226298196805
-0.004482683666567657
0.20743646335354493
-2.728969181681083
-13.4457126033855
-10.13146892026522
-64.38232242620566
1.1203855847731754
-140.55333391584944
37.00354036839671
-29.00692230350162
-103.61368411041337
96.97568996801122
-10.301450710500928
-1.3036197540431822
-2.731306281847035
-5.376400016081988
11.711782310929221
119.9305406669543
-11.588351540143815
7.109411886828053
-21.325512343560188
90.72562281042242
126.89730050402402
-26.389821259455154
-27.64372465509665
-28.79608425326054
-18.041079529568997
-22.532037544427507
-56.752974054218136
7.182292252888494
-11.49620297165194
9.617584952671965
42.450341542624734
4.727909499164988
2.283629920753884
41.09974818181306
67.32809887521341
-29.204083954138785
11.705805326640393
-7.032961829905687
-16.676237448942363
-8.83589387690087
-38.38271611668606
-30.91427878158852
20.253443730488783
-13.220414337853764
0.9532308333427545
9.525778365072865
-58.818044099214966
19.46487089617773
-2.220617576386899
-16.179945565561844
-3.7842594195906267
-42.0368062873879
-108.90469120393398
117.84309625960903
-27.37374036214973
51.66665089530868
8.38141729499424
68.72842694934465
6.578996118955473
-54.44245485500249
-1.1117902152224333
-171.40722315997715
0.035416935141625826
5.096065036872209
6.61985532900786
20.24242608510868
72.1466600420058
-24.5317644263053
49.36718873505882
174.9379003424922
52.943015838405735
-69.6682949340222
100.977466983971
-143.5072081258923
-15.118667976022602
152.19039114189883
-40.45393095176454
-16.252175432397085
1.8282136942451086
27.401152878093505
-82.11592791671475
-43.952954154813646
-53.94865441619497
-0.03278452502252974
-6.682796289734085
-64.299390835259
0.24814268243274723
-67.07288618074372
-4.900076974628668
0.1590220180937028
18.196211438622296
6.549738427965255
3.6914146505693632
-3.256461597992021
-0.6804465475395745
-69.40611667211053
9.994495033500536
22.655858076496635
-46.089318885234064
324.2951214311836
7.954036243283631
-1.185698179307992
0.9383820888029747
20.79668477101005
-153.85373971959112
8.417998645385152
1.2550935347600527
2.116956371162413
-1.0649964381637413
-0.0037063145002994096
0.5961861296691573
-0.03625751686456963
0.5715191905637185
-23.424428040894572
-1.9376690493870845
-0.01101713748313599
3.1376432231027476
7.162672377133241
0.022693171037639116
11.256321991830054
-6.434511975886612
-24.46127223237248
5.3611710977168014
47.23632238380283
-36.14530369944446
114.0279901743746
59.51071346354951
-26.66766736518028
-107.3087362962863
53.01472780068598
-88.15509434724613
5.904690394200578
6.347475958483436
35.06483833334303
-28.617042493225867
-101.01459731493333
26.992481352815133
51.0822676412059
-17.4123211454152
295.11088618649904
18.037133198530103
-9.617213713364299
42.56516669911049
-3.557022338028133
-23.760793253645183
-2.456836330769992
-2.5565034895211225
9.08746629103079
-6.044084826969677
5.078582010387919
14.814517132615801
-17.029971413781684
15.565543918721538
39.60966244049492
-1.9756424296597488
8.899896909436512
11.36930135649039
69.2287224666574
117.70426977915895
-8.669567393370164
14.438604673461235
-100.0235324518368
-16.279708167974395
-2.9631834155989143
-116.7896721814536
-93.75993884688758
-24.074841278817477
31.04927884223769
25.69781197966024
-16.566917669260476
-0.14875438030786187
-0.872951895791056
3.190684780356046
4.743681569233167
-2.8902475492069897
-5.719903505801947
-29.737487871060544
4.305600773160492
-1.4984484499520072
-8.900272630560622
10.045638635461533
-18.829605849045976
-8.156326630886335
12.36140963242877
0.278920912116253
47.345308601372
-6.530185292103663
-6.547831720628668
23.45921221271871
4.477413767465209
6.723102307590703
-19.48193348621077
11.171443474305603
2.6926012879487415
-19.715981534618926
-1.046707301580308
4.278178558730046
1.7566267014730563
-3.7886250129927523
1.607584521394381
-64.7544729204911
0.43881898137798075
-18.220654856883613
10.020106498548111
-4.311291812496162
-3.379931245813296
-0.17600324347220525
0.2569472862454958
8.255842117455826
-8.248026222740995
16.53156000227115
-63.41738259974355
22.83397050103785
334.98994976059214
-30.283713682000354
132.48354859127969
-146.5886607879698
89.42915159070753
-62.512660076426094
-140.1606758616862
-74.72434633547071
-106.00471043150553
-412.1705140785196
-326.0373808659845
66.48660885273726
-21.946184844807178
527.8334209861697
350.24181704072106
-58.60810174548822
7.677423524032803
79.78815830312824
68.90559444671864
5.550259869082069
4.738434655688007
-9.582778287434126
-19.801938632903404
2.9667187281869083
17.187202880959468
-171.2363685125432
-27.079800480323442
6.953430773324941
33.16909476121482
-47.146768062710485
-253.2923154456811
-105.78389723175233
-36.09856945985116
34.74637376418295
156.97227768071485
-24.386380926521696
-76.52761927977966
43.18503071208657
-64.31885144085726
-19.608484936557325
51.49724374184201
899.7554634400561
-74.48221640336226
-909.3859908227519
53.5533481586351
72.83733450025322
-67.92288419611232
-16.9816958571274
37.84488681504174
0.006897854003469545
23.03946724713247
-233.96052164480724
-85.60511049881299
11.648964823847415
-6.033111394767132
40.97111574005282
14.438954868362558
4.915567204777442
0.9549704083046543
-8.527320129673612
-10.909364458247333
4.622057414114051E-4
0.7598697207950929
0.6583054262997942
12.58886628582286
0.8797099827241046
-0.5060756718391136
53.794888998407224
-34.40244242884178
1.272722930240008
1.5076758121251541
-43.21599915758682
-11.685260035619969
-0.6486283689292028
0.7206682530551507
-3.6765446184074566
3.994018214507237
4.835643963991961
-0.1528257940433132
-1.7271924596159876
13.078026538307148
0.8757987730650093
-2.7044479693568655
1.7159705720038343
-0.4087605529999531
0.07337993051958691
0.18666851834354548
150.4405546829326
8.861280876285466
-0.18470281785620676
287.6628442752555
3.202086418871798
-3.3559399064296227
2364.555478465901
3.2900631992229568
13.99756107490085
-0.6837277995328914
20.810574919824173
-8.583375287503424
1.4440690509883223
1.837208904352396
1.823751705200462
21.76532651793563
-15.130834692398881
-7.120889975994127
27.043175147151118
58.06459731564756
2.4214822970783088
-365.9570153653637
226.94370013994677
23.143485025717318
-139.80177745267585
-4.559862875912764
724.550282494749
-31.66511779421749
21.95835682280153
83.20431753484293
-0.6611544868005683
12.335717039884068
-45.69225785557748
10.265440144744103
165.9351128672168
-178.63755473098803
5.032437628842777
1279.8504580386061
-51.05506624173804
-54.94156838864535
-94.97532234029333
-14.56096908467094
445.2129522538282
18.780866207036063
23.653793090495586
89.64896080095077
55.3127353527857
-0.4262001907045039
20.526147326055753
11.063664870248262
4.772154936719296
-116.57900622005687
-11.45424537469448
-9.029971108542425
-5.1911285159106075
-22.308703926100208
-7.276126576204293
-1.1764832045734261
9.883912262695903
-10.95576534661394
39.59702151206323
19.537780587119293
-4.5746032149566975
-38.882935208314045
2.4067422072396263
-3.4305386812343635
-207.83369083281494
57.58885487219382
26.235875265278022
11.086415130013972
-59.23045774299462
23.2808715120545
12.913437257336339
1.0517594916642181
2.9997828117953254
15.219502722268118
164.7018928653773
-35.79235156485804
951.3436980540797
401.7773326283586
24.9387806885822
75.01031342824616
-47.73799065740521
-62.922493219858474
-194.51967735474722
-0.5755424719949378
-154.77938524780276
-55.30644684769412
-82.21957413674232
7.729583689227818
-25.587957989467213
-0.9995109684315399
