11.797182050393795
15.540166255437617
159.8503811264382
-450.34012093535927
-27.539838523413806
127.55031010469972
-74.34750435072391
40.61926318451138
-135.74329460232258
234.88366631746277
664.3168291362471
45.693328757830145
-55.540308443520416
126.50598791672584
-202.68661691360916
120.31875103454239
4.603325399826373
-758.7383694408461
-115.39085725644243
-232.26016134446942
777.0741562558105
168.04063475113685
-268.9182929211918
-40.50799188782693
90.92422796675373
-64.72348035296707
912.4839989254688
-634.6105610085657
724.6436345061932
-437.33602779892
943.3415513152373
-30.386103196468024
-1780.1446700502458
424.53518735935415
303.1964592475121
-1500.2171396678084
255.95400013049593
-672.6380367069288
191.391884131254
-979.1738200134864
-72.37117837675612
-745.0346904658866
783.5718701727828
564.5718212056335
24.745695734398353
288.71279041170465
113.59250989353241
424.70057861374323
-173.83940270546475
-414.7638529873098
339.1850384219724
898.944195175069
76.63972000996499
696.9297205849803
-305.38609983342053
76.50717817697586
174.66089210816463
284.25213823201386
1235.836366748289
-139.3668794675944
-22.629253850539225
-198.97865405086165
413.2220540010149
85.0227219191009
24.80108079135281
-46.42074026927293
308.1768662379019
-140.64602305428505
3.0838969371129594
-339.8573103691363
-931.6713589516784
-669.0966229508035
-42.526334275764604
316.8075520888248
-63.343926479892446
-19.96258797165931
486.2401153221023
-4.993982352235474
-20.386960149400423
6.170472231715535
488.7744730435938
144.2237564334381
-140.06195446165125
-374.40800708286537
-41.014917501148936
22.37013140940877
66.58777283245207
25.084220972319418
-241.94161886933526
497.68052813348635
-135.27943875364846
131.57986436696646
-49.09797696631473
110.23906619943189
-320.48700222856985
107.4118796223983
-69.31424968061133
81.42782225495971
-43.05133305913956
-58.80985606044413
154.9768874820539
-22.50332793179489
22.292262238845964
-180.427268066892
292.0437523701362
578.3944742161702
696.6479088547119
124.09001210551341
437.18064608850193
-496.8871176185047
-861.0447986325894
1728.0041406855037
-582.7156777063846
-695.6651421648573
966.6924891764961
439.24196661404864
-1890.3554616277393
13.652831602180301
-169.45764007856027
45.5769694405606
-58.46407373092067
84.76313127770668
-41.59765455808126
25.150990590674677
-761.0699283951715
-38.28393944041918
-132.08575508045638
-557.5105201154813
975.2293007415782
-88.4098493462786
-450.4524956802422
-646.2460509013632
-519.3895469298878
-1599.9381288038833
-1210.5369009630133
-23.933173251663025
1451.0719366378123
123.17370212037521
-188.2895455580308
-414.1948309609608
487.3629219075901
-390.55241705787216
1473.8168444306837
14.879569888482363
203.97240580728177
100.38640252200632
-552.0199633275138
-60.3075033629265
200.09768505022407
628.0302158991348
836.1598486625404
103.92306054840125
2133.3052108746506
751.434342143879
2862.021835359412
-426.59409626484154
-24.7510730644877
-3552.2341061293305
3948.528163480996
2470.268428281228
-2158.7357519807874
415.39322517457623
2116.357859896636
-475.8147356584603
5206.209092261859
-1981.7103978684054
9509.000637464878
-1344.6704463451435
1549.5325359842682
-3583.4520131308923
-828.673864208176
-63.37385913797885
-3689.5371768502664
-5979.648930905758
30.39220315226971
-1451.2447116396334
-316.0095212498367
-4336.244730212608
3273.2302080163113
-1706.3841339303685
-3205.065246130029
-1057.3667021924018
5615.430798992824
-90.84711666532529
10014.128557110875
442.8007970432618
2313.664348123591
-9319.26945015798
3191.506706401211
-3583.164657360613
-668.4714467893493
3248.9213644015786
1935.7658023353754
-1668.8721478156083
-1205.8906383581334
81.78405181207143
653.4885202193922
-1431.6800169630035
14216.27662449097
-219.35724540275763
16301.99882252501
-463.22043205625283
1997.348443276766
950.2062717082656
11032.281783679484
761.6241850033748
-13774.14077882728
-2566.4050974037928
-34.702991430650535
30.038197415210313
181.02533805915456
-108.89851738243098
-109.36511068143805
145.01388914243068
52.6725074406683
101.08751241157546
-206.51576082208297
135.31910584834657
-81.08313216894737
-170.04736913311032
-75.30040961179769
17.279031914295963
-19.669814465986537
21.413415482221883
-55.93796389312239
39.207500465782644
31.223254459124643
178.06008983272264
-97.01979601141453
-6.182836984307842
-97.2875859895365
100.88063812251586
-103.00034413089838
187.0169210339271
-10.768864882796654
-16.199943008086624
620.1568717242899
-179.2478262189658
195.12840155262796
-191.56567643294008
322.3134643870251
92.48963503674423
1119.067912044342
-368.2663236157748
-427.10786992513385
-806.9579012438054
844.2585915354484
195.74269103502402
231.80431380473007
-785.4819991109803
-656.1486976759512
312.94983792358937
177.71152262646183
205.55915234311948
-1584.0681541192225
-1945.4165134192403
2159.1650624531208
239.0541281148106
2059.0414840215644
-1800.702857155088
-3931.66992550856
2016.1978750379737
637.3758103389295
-123.679868371917
-900.3078902647692
-580.8153668988668
153.53203298869528
-871.0775287194974
-1970.7343902384648
237.00738538738258
-13.366003551379086
-17.114612463912366
9.334446490650466
45.289293077157105
372.9107722959428
41.47271218346929
-8.277101286224179
190.50118029280114
-289.40813725431286
-89.5685281934922
115.90040111899863
-64.40831718332693
-259.1645223312675
32.41740447275678
-536.1475217842623
574.9127215934388
251.24573345462736
-160.14662977859297
-186.91536350385456
224.9330885919265
-1.11473436987943
107.98809505808637
-45.23967561450649
-6.63895251467641
10.447901164422259
273.2381595635558
92.04933944959174
-72.5756052426721
-95.35475573194556
7.186457132132289
151.33464892917863
6578.758666981876
-1694.6947230706292
4510.731714376764
-157.5748111122021
-104.99194352672595
14729.158350003378
207.5094061942634
39.866771614930194
113.75175444258018
154.7975700357888
22.74398130823034
5.461216210671183
-0.3956945785860089
4.999265028473314
0.10482199744600047
6.469316744403972
592.0053550033676
-4.706476249803388
1.7012323114591172
2.545510033336369
-0.5700666727159777
-7.779702117834915
-0.3653959295186526
8.159553972319362
2.220073745573466
2.1213014951517613
18993.439241946646
670.3283766508989
-3.3394435766275263
0.42603316253969487
-1.35727352406745
-2.5101670577931823
-1.5638125667184926
-0.19376398043128212
-1.5709104319571585
35.83914516627382
-1.8270035564172278
-12.765481161704594
125.68169252217184
2.3476562936662955
-18.69493002212111
267.0289043507595
-16.358135776613437
-16.603123661383357
-30.336050695426124
0.9100709949085749
14.554238355009185
4.060922262331412
-25.165005536814327
-27.34688170917816
-71.75369639466449
40.094082063635675
37.0458301307161
34.68440445342991
6.557644146521441
124.35515212875525
-48.0277479240339
1.9672620914343932
-1.1806368998260397
-88.22873704482943
428.2881637108004
-248.52478912279392
73.81017767037154
0.4210461005598316
-1692.1418722411208
-3378.742450255046
-2028.5053995837256
3943.101043824455
417.74434040042826
-1305.3770912227635
-1599.0374094861086
-1056.7839690639887
94.34652476917977
-844.1572519810339
179.4196021655799
-22.730165353749314
-166.07932020503657
1145.2196153043806
-91.12876966204378
-117.41462615011169
-13.807151974624613
-6.352011708782945
-305.0832355751832
92.0746428685572
-0.7067856462458328
-7.866104310091887
421.36216720789724
64.88691235955841
-0.8930170499911468
7.3468914991875005
12.883574129699856
-48.00827910237044
-0.4956434728603926
-30.856535563042552
11.389762954565636
-63.06421305680056
-20.82067049182977
-1.266845475609144
-8.913218940433065
-8.432068389152628
52.25279347555148
-26.872454260099108
73.46928123243342
-38.7857286864901
-19.82607928405634
25.682927129010636
-1.339365717698806
1.9361122659592767
33.729157816271254
8.627697327944635
61.01044959959538
-276.24343924702305
-9.998464738720848
-1.9771032292551693
-0.6765907286514097
5.256999047477284
-2.279101288087636
17.009902603587925
3.3905121258184847
-0.9420636555864016
-0.9362425715005069
-4.82747835305841
-0.7351597784069501
6.637430618042485
0.10962650685533894
-4.56379131455767
-17.447147475637866
-0.8106348229088286
0.31880023868201646
-1.7101892439157498
-0.7000313389397909
-5.1785199050462625
0.2556469769267372
-0.15691732297101382
-0.7887537095773952
-1.2607692796476158
0.8653236816952031
-1.0991778485107606
-0.5012865270430658
0.8228598091477485
0.709541190196798
-0.8417277950711981
-0.39067676148233416
-1.0498823600376952
-0.813314152686758
-0.4906153742020348
0.7047248187537338
-0.6376413770258191
0.08457620454080997
-110.79926851692333
52.206930032700356
2296.026342808946
357.4407378096444
722.4713542851568
483.65754395042046
1013.870622485563
748.627563897894
-91.04052898968388
-658.7268534846648
28.79182668463033
216.36661329903689
-373.3875406031374
4028.37568809572
251.5855419394865
739.6939105164812
-920.5102253855604
12.875747960117424
-7.746746375187589
-36.730271226260115
307.876018571874
1.9460111684496457
24.820759522598383
-6.442952142518644
-24.19258720881021
19.0588048686442
-129.21238626867424
-207.99807820209577
48.6312871546221
13.807657024554837
-0.39357091131547367
56.19557637096165
-3.726080116256072
-22.63494164990089
-50.45587207057148
16.191074764708542
-147.5479609678909
22.72681829545723
41.68249554812134
-12.153906243217792
455.91440583655185
-34.85496941089395
-19.42629452177156
-32.5524701093522
20.22236242851229
-158.11532951661601
4.543246442651358
19.310307329427154
-59.69674704415058
-6.146915205816943
-3.9077082917481003
-73.71472770689157
18.276825123114563
-126.91368954645911
34.30225449453771
211.1458236927161
-178.8454849546427
-37.493466458549
-17.7328717036947
83.26135595739758
-146.80470748302494
54.745354376025404
-7.037544550889648
44.18785295443197
0.1038575841975523
124.49569341614958
-512.8364679941583
45.948522400282904
1297.6242941817331
-1002.1568152115163
-340.42450235032965
142.50089739060573
907.5506909182411
-931.3942324162814
125.35184608404448
-7.92306265857768
-146.89955231154119
105.7569324083835
-632.5054188005316
764.7115939355006
29.838920521669966
267.6217920506567
-198.2278716037977
-419.68652284796065
-120.3179017995518
-464.4746604412223
-149.12298943518346
1417.4730020555787
451.1834975491452
18.293242109180007
-1.0410539125742553
-0.6289321077958695
0.9206220237076099
-2.1118712075583517
-0.9105543696707619
-0.4479961908151424
-1.5519495952001863
-0.919081964592111
-0.10265048883687752
5.151678126137289
-0.3493242941767068
-0.7859429284683758
-1.1406769430885626
2.599432261187023
-0.42776809635074675
-0.7032766978269523
-0.4660036807488711
-1.4384832097674818
1.9148955996466803
0.528835328240924
-0.6418591797335749
-0.31337340493558813
-0.9172951972919984
143.71067859478867
-0.945177959741614
0.6628522982248485
11.149791092216306
-0.483278066321105
1.9289466787463339
3.2137788730043177
-259.47574280817923
-1374.3974598227312
589.5796715872665
-297.8604152309813
1047.251009174422
190.61251424439064
-447.44020652214544
-274.8047439089256
1492.4907440208817
-2339.586567299253
-18.903348204351317
17.900975020396192
-147.59545313579866
213.85874569018722
1455.753561757554
145.72354129511893
258.64111030139287
-120.82534468651664
108.9187668857835
420.92792891408476
248.2842795480041
100.31492924829327
-13.433609516656329
206.4988123812891
471.82955650308156
-253.9119408833277
130.77891641667367
-153.81435976177204
18.04586654426028
349.038185626607
-70.00424873548172
-321.56210481240015
256.8347484879483
392.6267947678646
-38.84797198366493
-68.92557488431433
618.7485517215608
139.93307988973865
307.7107246899413
-607.9613350970169
-704.1456771268678
420.42466855561844
238.56197228321338
-43.0220032669291
-240.86821314488287
-217.59534005415478
-98.72783276034637
-93.7085780058098
134.27144522486606
-569.1968827163989
6.514244669571722
422.31011544575773
-734.4634013095249
354.53840237004
194.25197864082384
105.79235575837784
262.34879296100587
-461.7332695977997
24.056467614762624
-9.019106622660617
-275.56543409731063
2.3037840644678593
-14.796913887963623
666.0833526355293
361.439600374971
-946.9904434115582
109.08886598575621
30.32741790372883
896.9744663298723
-817.8269862030746
354.69908043694124
-25.13424853876607
747.8880247052988
-31.071979982314783
-98.52567144598906
424.87522571141864
431.9757351830379
-6.448600473229971
-381.28171601731555
96.87703922814484
295.02373166348593
562.7052253899399
-1.0987186482718367
32.88765409618609
-77.480592022526
13.774386461810995
27.08015129204338
-0.524113570476908
-1.4537993147274513
38.24912917437851
130.01719193868368
-21.06486114953686
-31.41875058422449
3.3809765263335723
0.761373415167483
-4.605254286604981
-402.1953178000472
451.926212292361
-496.47131957777384
251.17215111679997
-2.05967778913741
-4.878327599503105
86.69956345653551
498.4404571086014
59.25384569974297
-16.013683598040377
-9.780429388919558
9.174749960690825
-0.6273472783333925
-99.0923766042868
-1.3645659033418358
-4.247699648125379
-57.96053971202371
51.051892474292416
-1.0376961947125667
35.9578896761307
-90.38431935598116
1.123515514301587
110.9173600144435
13.99721352181483
-170.95169607583804
20.01890494081019
1085.7051068840485
-546.4770355257984
-2442.2395711797913
701.2451155586392
827.055172358827
100.28636264288198
-157.02294713466736
396.17319646905037
204.09112776411826
-1055.804823911073
817.9401147477286
-136.71503074631042
122.43775781656971
-982.9171924007507
1575.040109992566
-282.06897935542383
178.28696398075587
-60.26249081321883
-1633.3787697570167
1546.6647660538142
28.728173712879553
-286.7773277212371
-42.6695822318632
269.4938565924051
-12.861138425079757
-97.92177664530367
-16.858401569818838
-5.246902248725054
149.2652310791883
639.658873792085
-31.321607351952466
129.59974918954535
-272.07167063595676
91.80979102237053
164.54498268125843
-184.02622436120618
6.906299958207317
-293.03748259077827
-471.15126822000946
231.72751334605906
-12.97114079604979
-702.9388591438293
-83.03898967256617
44.160629049490666
774.201154818513
807.7792761061756
107.17353563937831
-0.8705872429035695
-13.534384256393823
15.72646950594308
13.339938610767545
-14.43222464123889
-1.2556633498918421
-10.266694808760047
-18.07803605231525
7.5928086227493585
-0.007288126647821492
10.798775489167584
-48.4356810617742
-5.547136214542997
-64.10567770069915
408.49330068905795
135.53220236697712
-47.805519066303354
209.5135466368823
-50.21747762989748
-7.252944762088181
-81.6704747545608
-341.43702932186744
398.1776388741205
65.6792450242167
-196.57461577216537
8.903147066304971
-45.03239280769724
-18.014097686223014
-102.72720111757147
-2.3916258482218096
-149.6476896162677
37.645467039988304
75.16701856002632
-143.05638266256682
-17.885788774863997
35.24598877243566
4.1485915753310945
0.8201657658721301
-34.2867377931771
17.540276592843096
-0.7195595000734345
-565.1254212879329
-126.75057272044972
-94.51960357579213
-15.360596865320286
831.2263238132201
4425.83910601757
1009.7826575597237
-4272.4546934669515
649.4833014240058
-559.1232454536627
-288.8100253785951
788.2404896359305
878.4017129798484
-1572.576366679639
-542.9767529026308
2649.696341774147
1492.0502343349035
303.04201563946503
-69.75509655772059
-96.40642271076307
-5978.320346776236
-32.99034377423164
-1501.8660468342482
-94.34906529371436
-511.1315334899067
139.79616310798812
-71.13032922897908
4029.3783767766286
-305.7523019008024
-146.9531502411138
639.7342898392228
-422.6575884513687
283.23060228493523
-1017.5442233666233
1096.7227986020928
128.15126634902407
-231.96509715837195
-280.6177386968341
94.06448586344438
152.53611579963996
1640.017912496995
-20.007031583530427
-44.5043007338729
-103.50892925020304
52.78148897069007
284.1258674930691
2177.5777664606967
-59.88637711657141
-149.53553354023592
25.76900435456684
59.272434673208316
-1.0123925807702434
43.93738381446001
-193.16137253136512
-141.60858539633804
12.094987111512557
-19.505342062093685
160.48695474207443
-31.066486003713198
37.79470306385384
-6.078188434909894
3.274686117551312
5.5751159295454995
-0.942002741057686
-1.8834635820037609
1.4937262210638302
-36.971793544126974
-0.34224986911500804
-1.0773346804216213
11.861668640633335
-30.889975266653856
-0.18510786461367584
-0.3555726392850292
149.59772758365793
-0.4130573998905476
0.8192272432925445
-1.836025586290291
0.6134466702278365
-6.029642142227768
-9.407677569289213
-0.7290384005022936
3.445753188125093
17.65070384814905
-0.411700435096909
5.346984572973141
2.486532559033989
0.6195488193605604
2.097599261458992
0.5837499325884904
-160.08778155184535
-8.683697358440764
-4.852663833964891
-5.940259621658545
0.42049326562103834
-22.750674647451227
632.7035728985285
14.396643091826858
9.570521384091347
-9.334564468206622
0.5891776641149092
16.077412561486238
-0.8008971461941353
-0.811825647880927
-0.7360714538709878
5.283241434521562
188.20800602732245
-124.46326026473771
33.03412388020084
106.80382112671373
0.02041087171246012
1.2103150369451756
56.27300675249787
8.40798102615281
-119.92218799779567
-36.50015690444813
37.29237166064234
27.012564284804046
18.1111898105847
-93.28701926881526
-5.814024898571744
-68.62753614223655
-375.0777480968637
40.201859542285185
-195.20601530655642
423.6396855910679
-21.433468865957362
-918.5379309321925
203.41659799534972
566.9000995271216
140.03312562279814
-10.70048523056182
647.8553543416996
30.29264903500275
-33.32727058257272
-170.29195471826884
-228.88347277948046
-12.004098818474075
-185.04665367250976
-163.19861791662026
179.444185184031
-593.8390857321008
27.820878371991125
-32.3835789288601
34.49866602577023
121.43461598330707
-172.87005531730836
24.482402266393215
179.93726666882665
29.969078622920616
188.13639216270263
123.45556335284965
44.24205942223116
79.89916689004437
-2.169844216390058
8.726453845166558
83.28244804518474
-18.545178630268055
-13.442907422843772
-54.86366338992445
170.03624632425053
13.64737429737739
-0.45034916339109843
-1.0320819282756877
-2.7542524131456467
-24.762070520571527
154.81395126418892
-7.54949258048306
-216.7286197547876
-145.7318956562351
8.996645544202464
-80.89194689984144
-46.35874855742869
19.737056683725896
-595.1337584172899
125.60301036373802
-81.12333991599829
82.97972332987878
-726.7159856132738
68.378855193898
-4.170711445781407
-1.9968332601191843
