2561.0322679706615
636.6192848817566
-5860.120977603055
20847.41929429912
-4508.442826173558
-2187.200114617318
9399.32721183026
2609.71772235939
596.3591171483486
-8009.8107027201795
-31326.11781331658
-999.3933420163867
1501.291142597724
-636.9117205190774
-5039.4858241192505
-10256.692295364259
6311.9113202322105
11905.533561549037
13200.758957354725
1377.8501015763552
-3219.8467115764183
-6621.18423919769
-1725.1010975729532
816.3595596324766
1748.5194587113147
176.907743932095
-2180.927510939521
3383.7204449576097
1415.64422166742
1089.953917581862
-1346.3001627037593
316.13934192101465
-786.0313016361241
553.7508712351981
-177.82541524048344
-23.87768190606583
318.93898089346163
-623.9103179755461
-167.04061643356624
376.403906827616
48.396637517797686
-430.3703640555948
-83.96092301182182
201.96589816376715
71.69531128076633
-105.20320747909297
-25.56861052362862
484.4416007572904
386.01398467057425
196.36229632336637
125.08276349540154
311.0372747106501
-548.827288425678
412.76653910496617
-120.89028711818302
-77.90414133335307
183.48230981617183
-502.689305792518
612.3945420257768
833.0466250483253
-11.627834495311872
7.646422746587905
19.895461103834343
164.59250064098285
-443.55901525188284
62.008989457250834
345.9529448470013
89.03932731802111
0.07835033580127564
32.97593507539331
-948.6999997033231
-0.29464936284364934
633.112089114155
-99.29510996478972
118.02129900431304
10.516831732854754
-119.58284080656226
8.422376503937985
3.251987514528002
-126.46484523859306
-346.25040936616244
251.591181729255
323.2739195261649
63.4558670547576
111.088527437236
-154.6750724126596
110.43116791517345
-231.21496720317768
-266.25885440260964
-157.0120536134067
-1094.6405309240631
-1150.2785901790762
-96.51530277976417
673.1329011931823
-1284.8977714077118
11.774910514785796
723.6566216562316
-288.18697616916637
1912.755316188347
-537.0492055289302
2443.6010164094528
-2981.252665423101
3116.990018556684
-1571.986602652898
813.679801810569
5136.353112488488
-4880.551336690413
775.3365515612452
9324.413356494622
2757.622411790902
-4897.195932096626
2080.5464773927933
-2723.6429797708615
-603.829115626468
-1113.35852387041
12.271102409686168
-3882.4706371913758
632.1190906601979
-673.6269427378243
645.6574259204683
-12.942753875985968
-55.68890872152173
24.476849191587352
101.77573921778315
-2807.7122722872004
62.35205037466009
-37.288464082032924
-419.577575389989
7418.299773700243
7297.741761636039
-4652.58024257831
9642.039597231664
7612.519803789732
86041.59949381847
6068.826722038025
-2015.5445665170234
-27697.674374248287
-755.7910855075552
3582.144121363378
22274.938417558667
-6391.374038177216
26285.284535204788
-48304.71642131642
4303.606235341645
-963.0854186632145
-1673.479193277894
-2970.9039674255037
-2853.025407471286
987.0313912594823
-2262.448182721633
22846.040620430656
40241.62371406157
114683.1217726258
55690.58600947807
9025.01200343262
11615.151219330577
28788.04054618251
-11950.346450312665
19684.333710519557
-1345.685033379745
-12516.36650794412
2000.4454554959857
12416.352192610702
466.5403524925516
253.8891281458476
-15304.080726567758
25264.60425608285
1907.6059428211108
-21462.541322682213
-430.5974028193959
-7421.337983737416
-668.6808392136043
75245.3507867438
-19024.4103528794
10438.671196139165
-33881.956364734586
-1152.6822919964864
388.05228545521004
-369.2225132087694
28037.91502021256
1264.4121045869754
2853.5464243819033
3251.4540476555294
97.73858579174424
-996.9953523902576
1131.885789306691
-6146.981653118066
749.1470515255855
21662.25352075832
-20989.392582518212
3951.3098219532926
258.05741991590617
-6006.179528579825
4191.093369040017
-10987.859034720495
-497.8981980516153
-109.74560800896283
-1817.75371984557
-1627.4223265067828
1926.9915980316518
3898.695553156135
155.19321585228562
-870.5881446595249
18.310528702525566
-2605.8896115109887
3244.5695655297136
5235.258261487267
2818.553496777076
247.8196818301004
-8.715300380663283
-331.49283442071373
365.451076618976
62.588085835514775
754.9936259554125
-89.0411145180853
-213.8735944174228
-412.6078747790602
1572.4273485562462
57.2832575643847
-1862.6354838410557
88.6322447453065
-212.14261683993456
-40.60081529391329
13.569278494374787
-233.59096083149112
-58.071295071814326
-294.0533137864056
-964.1638929108773
545.8000121363409
1355.393148118226
-71.30604249144181
692.3533001134317
748.4863537574402
998.7309389299544
299.09808773930826
-2852.755525009051
4768.47337564587
126.74028304373707
-571.0969901894807
-248.46780850260586
871.0510113563772
2164.587395731572
8582.169117770629
-3274.528714203562
-208.20994930658287
-1460.8640032409733
-1477.8271566316291
-1876.0728938446996
165.94565350077306
54786.35871772694
9792.482170149991
1322.9672298378537
-4586.759915156859
-2940.4689209740336
-3239.7775517279047
7390.924491730462
-7384.131915453695
1313.5972708768904
28059.224485700433
107821.22873915905
27416.79909683588
-11811.008792937408
-1127.5611378668475
237.77864443402026
-972.1408632370261
10896.222037495025
17179.99923181371
907.957345972382
-3842.6897529096477
3522.8142952020385
168.47742945628113
155.43507292911508
-374.9203122456248
5514.2589027937365
-8534.561948837432
115.738469115434
-106.58924450363315
12059.52813964815
2980.740075782728
702.2568373761435
539.7752460302652
10708.806290691595
20443.378283402493
318.2374014973711
-2467.1683711045034
2051.4514756303197
-22829.754797555383
-2700.5228219417368
174.88294388649757
-6501.014021154354
-576.6036771617732
-233.35639010487574
185.16429404042952
16.279931257673336
454.42359332107014
-634.9762507483861
172.7647896943576
-336.6624320214705
-945.2891853777746
31.12055388340438
346.2536283385878
-547.7773115478838
-2389.508402894227
1571.8640833341358
-696.2384649630569
-179.76801986019956
571.5910295165787
-9.803225144116245
4.8669029313407925
13.378979488082752
140.66547936728483
1.3676801469312643
-0.053192464309021935
-0.25999281726496526
-0.44312384490132317
-1.857066924841137
-12.809108817582917
-34.668428143987896
0.5113687598536047
-0.35910252379962104
-0.5307439095713612
0.1460668838954087
14.255660734761916
1.6741816192326386
-4.5236274463159045
-0.36148791535920555
-0.25879583378651305
7388.675860405729
-2912.0018276750075
22.64810648714769
9.318915677994518
-26.223987943152466
18.922020116036666
-1.7958623245588754
0.5247376421055415
-33.154582564641224
20.885621784975307
-3.314001404905837
-18.090491252133326
953.8997503939606
-2.9448738829593895
-376.19856405963515
72.8141213353648
487.5526845766505
49.37965464071464
-9.57030328175969
3.2321204896077225
-19.76863500486578
-280.5901416886889
605.9391349548661
36.50000988776764
-17.55755867716343
-48.83333911054544
56.145541663358415
8.676834256792155
1.3912374985167708
-36.30284296753901
-8.967477932518277
-91.92677202486244
122.84919080887973
481.2469721978947
-200.32857979739097
45.983383117481644
-37.658170493692054
-0.008806057786388162
28.004303020121174
2337.6733108193735
1082.4190700210384
-2404.453301114642
-190.15218040073313
-1015.2810467260005
582.2973581306956
694.4747458005869
32.96418057142706
-1446.9594069191025
-41.07921453339943
-125.13299094311283
5.131347497064417
-1016.509350474865
120.52478308978664
0.38577884299055887
-6.8952654223721375
60.107416047179285
-59.49535279381935
-65.65778888725738
-0.3033364722537688
-4.792070855754494
-30.982117355376936
61.352382001279125
-0.4291276105069302
6.7375336168321285
2.722269935742402
-2.892761865106041
-3.3209793688999936
-47.68673249811396
24.090562423777335
-56.437246213498554
4.777889771319343
0.4242957215555168
1.8465045296338307
-6.59366318326254
-83.79521428726636
84.7838323113596
69.41612472584485
-21.148471599909477
-7.734575922389768
-11.706039195365834
2.980223290657647
-1.9198526755044079
10.646630024527575
0.8073837177207818
33.81423688982248
-294.35944575976
3.610419408317057
0.8001713579769193
0.08672743850454233
-2.435438852343026
-0.7057524030112231
-10.887185425255689
-0.3391407506661687
-0.5685678753086351
-0.5636219210479841
6.2326589946582045
-1.4375376437075678
-1.0128217642399313
-0.17985932241052544
-0.3010609523427921
-10.783832951774466
-0.3204738282786744
0.7011451447724665
-5.379537779062416
-0.568351297949292
-1.279722518474629
-0.3076183805622918
-0.37581108084141807
-0.2621642010526728
0.7695079093403896
-9.497435552000539
-0.31119896834344674
-0.30291104696929233
-0.14402857477285982
-0.3637907301253655
-1.3109735605565886
6.130528707814497
0.13741985469337467
-0.179257965926949
-0.2942400239391945
-0.09330578987473875
-0.38672352290775
0.502972077618715
-701.7924121202549
37.976396733766656
-427.5228615441574
1302.8586601125328
79.00195476578601
-382.64904881041286
705.2992321797315
-60.36600989770996
-19.540239620251658
474.135032622147
-72.14354971084317
-29.1800394320576
-719.53175790736
-2148.976292969057
-114.14214346908435
115.88085364311871
-274.4163658929563
1.1997284755806805
22.060034407965674
189.47282666064413
30.311450375540538
1.1688603699111124
-10.990498649929485
-25.879660658894256
-15.075520052641725
20.715868588659944
35.724061591376476
-73.92670663555924
-53.25035787828604
30.15621320684694
97.38715367365458
219.61940290942383
28.45701603952637
-84.70045403850625
-497.2444139589069
14.649283672881602
547.5116325727544
195.31722284672733
-154.80483070578796
-136.3705391974641
-1254.473663564679
-260.4208112485917
317.71435199388077
-347.3098503653701
242.08323819427292
981.4732679542387
112.65745483650947
-538.7731739088697
-176.01368247135056
51.97229457084577
-95.41849481930484
391.4285637467148
84.86634556265734
-1687.562742586661
-50.23577153174825
1090.135071823755
-613.2336338812017
-137.14955391454362
402.88280857060914
1179.0551657886185
887.9305120233424
134.55812155815133
-2.5495704598565427
-2.3409845030715806
-0.2634228000661719
-14.4201553355593
35.4118364229856
-25.232512380238408
-116.77471055627744
185.3326446305949
-11.36143630471221
50.43817323749479
-77.48548457739973
-38.20272348092728
-56.925115393567665
1.3530582867273793
89.5039117511566
3.4901917088870076
44.63412945508013
-227.6253558799194
4.321934611794221
170.28564217378658
43.302667315831016
-67.91130344511829
-19.053958014828194
-464.2211517714568
145.64894388008568
136.76769675607846
-131.96612869309334
-110.73230051203612
-0.12690464229269166
-0.39176075266173904
-0.3460951443423982
-0.7139596650724241
-0.32501001450571476
0.7776378068022453
-0.9656358143556036
-0.6653195811030157
-0.5866235647967091
1.8423813473442472
0.6846425242956312
-0.5179260849569406
-0.3173158164982845
0.5283400907333334
-0.10726682648208109
-0.21138882815362783
-0.19169878866602882
-0.8086481851310774
1.0932934391607614
0.037537867233638056
-0.732654742260868
-0.20663432132830042
-0.28508976112216733
-11.15718084115477
-0.3343980207749623
0.1032614775484319
2.6314970879045707
-0.31486250456001474
-0.057703511943856055
4.816033882968834
-11451.605628212112
25820.637329846275
-23254.013627838893
5565.654477187303
1269.0640283504017
1236.458757996896
4583.259116522427
8319.903180929736
-7150.970619320512
22906.169902825786
-2606.276349789896
4043.659458725448
54.914745196947734
-358.4214752677528
-18359.204546185825
6617.452234724075
-18432.313261952735
1349.8613783406552
-737.7309953071538
8819.591659268022
5061.831863899453
-6266.474264643674
20269.513724211258
5474.7178043747745
-16224.232869528369
-1032.4871797189667
-8822.659248277829
-4420.6167177983
8186.933644169279
-7412.459546144147
444.9637684820441
7419.259899059607
2764.235433993621
505.1106670904536
-4481.54714863423
-3905.5173790622703
-6372.912868468941
-6296.366779033217
-2206.206457388148
11920.72987388934
-4791.231704629314
1512.8464667493918
-520.6693999196908
533.1423930566208
5686.984180672159
1696.528632356631
3407.5213993176453
1402.7548675854407
-2068.180684793331
-1875.7342047672678
2904.0548203289914
29377.178414729195
-29797.995683261357
-3252.2178762353165
-10516.70296739324
-4942.613694445076
3234.2741264827905
14380.775009582994
-5498.409020055495
135.89578901679727
-395.4590517829714
-0.5374329416855621
6.5762535286946635
906.6010633120582
320.0927487031172
2.6648402006415353
-10.318378252910959
95.46519685807664
713.2333167235599
629.8442118236774
-380.90665178183224
815.012367990425
-332.0434368471252
-27.49547734520617
-64.87542029556505
-277.93478852631245
71.03851737363071
12.411913758082278
43.65304837832205
-28.647969162596567
17.621023191386033
-448.7958047746356
-0.3336741778671399
-2.8597556798763732
-1025.795154651864
-14.522765375501777
-13.973445596804604
-24.34120726883947
5.762899762994901
63.32150805930805
372.07893666833945
-8.337939793576671
-14.275417600540804
0.3292421793211892
-5.051786031163651
-4.7866071866105315
100.01093109787074
-287.58868518180765
221.95327684942382
-65.01752348362871
-10.10843948353703
-9.222320700222337
-76.98703628056423
-41.73837985728978
25.69111513900375
-15.544136847601248
10.343919687128965
-19.304472880655833
-0.4957409238468552
147.10504327873048
-0.15196323870104855
4.330886340758027
-54.28883116510544
-22.486184974994654
-0.4980383791141213
6.177417297171514
68.42381909698095
0.4834193804940163
-115.36099176201206
21.244101607836598
10560.03539416297
175.88674334010105
-1862.0261258460507
-960.6673893797605
3217.4837761526223
-4208.770345036398
803.0169063063972
-1112.6655167150966
-2152.157119838027
-3844.609688909204
924.8659497479432
4168.114275802472
-465.24973594653034
290.3314248764716
-2371.0694710411008
-540.7443948729233
-134.67711740770005
-2638.638314908211
1627.927996428924
773.6534189134404
-548.4331956319201
-195.38491929025176
-84.98770951544887
-70.47149991935471
-274.31905683355785
416.2665307777121
-101.68469704948993
-808.9623163453908
-20.779379821989277
498.7945715619111
-2762.6943315801377
-2778.2772705406014
-383.7022875165065
139.61947794750841
-112.60653237823854
1068.7400751301254
-634.3307889598908
-470.15697034801735
347.38487841522004
-79.49007709352469
-622.4122524978092
-204.54414394636044
-1029.903158451708
601.2365498358619
2667.4035692988855
1850.5938780618112
396.47435145069727
21.07103944678693
-55.95257205118993
15.339141487884335
-0.9571477200613103
48.522218567179685
-16.87641324965503
42.59699731131247
-2.9509754449454215
10.32193145446513
-13.292186099880226
74.17690171210147
-324.3281935429805
16.105573227449824
-1588.4511915466976
-97.93026532963283
205.42779922186546
618.548874225597
-2127.015168371018
-357.06623401840704
-211.34419501009242
496.957170527448
6.846848689183624
-98.52363815914312
-174.94165691377242
1231.0049116618384
927.2045874689824
2576.242084692142
12.890235531292875
-146.79828663208818
-220.36200412410093
-987.7401160088122
-5.797855849447221
546.7664884909061
231.51774319117013
-188.93956792012023
-485.4342392240146
322.1197516127471
-41.18367509685634
-28.19063172377601
8.405202150288057
131.2725522557059
-200.7536616650636
3.817535697830579
989.2135254998054
473.8975595784445
-2371.844786099737
-300.5005083999106
-115.33996545599459
3833.167755486005
-1962.8703168700688
1149.6117871084546
-1188.7436883043194
449.15950905616467
-1352.7892486084445
-79.58354377488322
4350.080288867595
-6415.272479150172
1242.5669347772719
-1272.2932138538608
7233.356543696604
33.42631205640757
-622.189965400194
-7496.476935641573
-3012.3480870236376
-2134.2833837428548
8256.44123314463
641.3918560648519
1338.3947948432462
-4675.866616819515
-1015.2222189022211
-2056.5850325540237
176.76199649020145
-1657.7166844024323
36.69085766899647
-656.0135896147169
-82.47116548073488
-60.76556889292619
75.20329292448189
312.75942321138797
79.39072520689842
853.3391354064948
1.5403682952722442
11.282184059042292
212.55297201272032
-15.735089603716949
-24.834619086767788
-126.4498306984656
15.838659749738923
367.36013780416283
341.68538320145564
-36.881924845727454
-42.460720955891254
-12.239550542816636
6.326004148762374
-0.6174581672964556
61.016894309985226
-292.9610931767485
92.30311947445534
11.195323003810408
-10.263623750775121
34.57632375296741
-11.717257312356027
-11.97726384803963
-0.7520539036157923
-4.7388688132146255
4.037029245844397
-0.5685310705883618
-2.293914599969466
1.282664122415397
-24.97169906259447
0.07551223550667399
-1.1020453091379847
-61.85021878212152
20.4636156513127
2.611811675791407
-0.06492887386165265
-23.51332663857156
4.726375278207246
0.620077117610726
-0.7019096403784987
2.5484991679885907
0.46982961099111936
-6.586141448780038
-0.3629968228424637
4.93839955728476
1.999193215842306
0.14678490583207984
0.35584424070940224
4.433600058450428
9.711987562045227
0.8875139606798078
-0.38126494010747725
64.36514733867274
7.050666582522473
-7.1580106205773415
-110.68603506549006
0.5819551556541439
-0.8625566469835635
49.42562987433464
-4.445586848387349
6.1145075939379065
2.053632003797514
-10.010648280397401
18.820750417336498
-0.5173526675160763
-0.5312341542105194
-0.5104939707528924
-1.876672211744032
-203.3011748110726
18.96410957000559
5.057238462974525
-22.78915528900621
-0.28413439436871407
184.5278435251704
-416.816369224346
3.2347540332052613
699.5314043004262
-129.3220895334876
-398.1891637344729
-179.19554204346764
85.90655402527375
98.38243544735396
-6.750577356346869
12.11674759751558
-5.625676560546459
-96.33416803764842
-45.82351032290011
-66.42747216648873
-4.296387452869985
47.41540317260112
-28.02038399045264
1.5126305195813008
18.25693980976746
-2.32604219829071
643.0567241873094
20.699682276271833
0.4736220494295026
-2.5274910680891014
60.568758123081174
-1.8350768865613525
66.4846891212052
83.02677814596419
-33.6389112395436
-192.77653918454803
-115.99334745069854
-11.86194512354354
-17.02668823140531
8.901431985032692
17.594121056363914
1.7525013994732783
46.18189588459037
-14.613691295613549
53.86586087370027
-479.2460936113929
76.4440307324493
61.135314425693906
-18.393764095255968
18.07951654860717
38.006774812804856
43.913780769878876
0.47885308309194025
-7.584271464702231
-39.98729791449382
-16.446497348209554
6.092804626053853
2.039029018752681
-4.1067300095792225
8.849981760373518
195.77014246608516
-39.485511960476074
-66.69150014059554
108.03157514886065
-0.31194387918922084
-12.735443812312427
66.94483079968684
-134.87852172612506
-683.4956096100171
-264.0668102319505
267.42128981656384
28.0132851555529
-199.89265040691748
98.68362308929464
1.324646308715524
-1.6016232473201402
