502.8472864064485
-64.25256048897901
-376.01158663489116
963.4169283775424
449.0565680487997
-164.06224416537262
-950.2873737355269
-605.4650091037191
1459.9184598916888
715.6588652989868
-289.3993294829054
-42.29872549418799
-131.05210160562532
-162.91520698167255
-795.2935747687162
-296.1454734802333
-872.4380477032059
-714.1393211819774
78.4762548040391
-12.778568637715605
-1033.4594804109533
548.7006426316551
140.69427727280524
417.4592337479555
-101.97877489790261
-221.4580722095171
-35.95898814004466
390.16660122287794
364.2282097902696
-331.6911477588005
304.123547089951
-93.93348641156793
-4123.772708990083
6157.431926478348
-595.0503620157772
-2464.693715828559
14.956979414122976
1482.4106578045735
1028.6836326470786
-172.42475990658608
71.38998405179633
128.90789047758213
111.28665820764729
3129.2138089318564
237.3293960433151
1.710312352195818
1616.1638679296018
1469.1523821440726
2529.0031853693167
64.34523640514429
-2295.3264955986147
-254.96912047255154
293.92317950978696
-2364.9978963447616
-825.5746038162041
21.62418110295178
2418.1019727081157
168.22488834937454
4.1251048348311885
-280.04282579792726
-166.51591844171892
1140.412350837422
784.1203223512573
171.65237361143522
61.76710326918376
-105.69851888184984
62.983192635837625
-2426.052815840285
4.84395593181124
86.55009442634957
5572.997205919587
1325.465791593338
12870.197143170039
1123.518500131717
-74.48738193133075
81.97191502761774
1311.0780243191896
1.1135320033808118
125.61945226269125
978.3540919729683
1227.6053678814028
573.7869073593226
-1028.7316244246556
337.62543482556833
1309.5699270301207
-170.3102367494068
682.4773532255502
216.92512859663356
2228.4097520936116
-374.52253515225283
2324.816724427153
924.2320695367067
-131.4753942361816
97.17492888298578
22.579717258662832
-222.14534289016825
-254.3688923201341
466.70455294819357
207.48777624443753
-1234.1403845044758
676.7625408561067
52.3107676438678
2733.0454938131443
-2264.9057952550525
14.591576615876232
71.35376011632003
335.05493621633605
899.0843511806494
189.54805429310335
321.5970656897685
-966.1379504687621
1144.803422212873
-96.64857374150816
-210.9829157276206
1119.6361241839422
1262.2238202469384
-1546.563441750508
695.2086386421632
-1446.4286044033047
249.18718336199677
7.61865677950582
-8.102120922811098
-1.8520170063991965
9.06089349812042
-47.08108986481471
-29.82935765091868
19.985801683997916
163.99696073922755
-217.9248934525959
-153.39996678600278
-548.5920231509652
10.250086765262136
-430.5655596000644
-419.7951913644088
-11.109089296078851
1174.5234943180792
-556.3895798565707
215.01259286675423
-142.47094167073334
-180.96747467679646
-76.52533622242318
478.6284409038852
492.51533055963597
-1.1536013566154777
28.23698852699024
-29.695751187318855
45.53453079700722
10.866765655581938
-25.79584287934776
253.85332086617566
-56.86316424383566
158.18391688525995
-162.39898187168473
-1810.9719858276862
2207.060691890475
-175.33472554189703
-212.58268074410094
12.353009425637744
244.19517067991023
641.4753794999492
232.28733989675712
81.7702311530287
-220.81307598569526
-196.08789715568128
8.330073877037167
459.34312015806006
117.78862092381976
46.38985465679307
-222.41464587969188
-9.391408668894035
-786.3123423431003
182.62958285011018
215.94026881604623
-1540.8778538102085
402.5695475215462
-979.0824728014398
88.1828939180789
731.5428377379801
-270.51597842067434
-818.9884955037005
81.12095426113878
575.4322199964073
182.5878433666136
-283.1234862118407
338.65732852518937
-569.4085084240718
-187.87943417891736
170.78870541605613
1586.3426118207638
-1737.8965231171148
323.9743414843584
-250.2892076604666
542.643104589473
39.968176776183974
-723.5583493667569
55.4800651863485
262.25373245430484
320.18888062102565
1751.1308153409914
-22.857564704504895
-147.76607462092758
-56.946610409884826
787.1834477527844
-3740.0544925502054
1525.220859431095
169.01644379839453
1055.6028828284777
-572.8925676290183
-472.0331443331743
-16.239350052125967
41.182937311361464
-41.35014268242142
27.63848395619523
-48.392865771774574
12.42418437328692
13.97549022828358
-34.02725356617655
1.7524880603532818
17.256660463609343
-12.624649523818274
-1.4295277675783884
13.722222498958965
-0.019769476658246937
0.6768534653365348
10.510015018739503
2.330705560262785
-10.407361678664952
-9.357636004165698
-59.85136153146942
9.917817359497596
-18.066197600799505
52.310510778317166
36.275454304858975
0.7711542195170571
-28.987180228356824
-22.260276093478225
6.9791418965856415
-3.724124671653597
-11.35745828480827
-4.196666791496318
179.56812972377932
32.17257953288714
-4.97040119102406
-175.16931276466306
16.15031130263688
223.94265427150748
174.124498143976
3.908642554844088
-219.15842775263567
-636.8018330864116
-693.2078558445261
-15.257919932364418
-445.26675913845196
68.29517965150663
92.30219805267097
-431.63007520040316
-25.420749027265167
-4.642974874356535
-54.85228985779725
1056.0020595277715
-346.7880280149258
138.8701981835149
-35.71357703456959
-15.212838542375652
-48.62770083870632
46.187000451861906
234.5831894758355
-225.00154667864285
-26.297029109131685
-223.17432926697674
16.477812211097525
1.7942699904380388
-19.915355406549786
556.3320379785816
-1079.4432213874904
3.7745531656347713
-78.12257680492048
201.2168798851183
447.03228336341925
21.001041385463097
841.6322429456754
-38.52995504008893
849.4932007183521
59.779753196795895
-181.79983545917221
71.01223288786036
-254.95305398924606
-1173.6018498995336
-117.81350961099389
69.23679834232978
-87.99672820856023
34.81917166433863
1.7273708473434415
-10.200529225409914
-6.799920474814737
-58.029558669732566
28.190468628989606
-40.02560023716502
32.75222477322064
2.9515320091470385
167.46670790451384
-279.4362551389132
-202.6005703780917
454.5098204427126
158.1764558703456
-54.862959440510146
538.4607145955513
391.50803602246697
37.02947220876162
12.29184217961806
-162.16080271814064
-5.733152395812345
2.5311923286808837
0.12293473054803375
2.591937733765614
-0.1166516634137809
63.83749083718431
606.8409220526931
-47.71668148801442
0.2979657685526312
0.609856756405331
-0.16145199261782656
-93.51734356501024
0.17426401235045652
10.844156109407862
0.39173654739301844
1.105761579157908
-961.8518272238101
-1079.3712523747809
-83.60711426192334
3.217742306723624
-3.2754528098840097
15.472928803087653
-0.4157104700550457
1.468744768058781
-16.785683816875338
5.856568763267697
5.276542418096544
-4.467175467596595
123.27048543163832
-4.80684772257886
-92.16043151486224
-230.48319158931608
57.363888124355185
0.6830945362086869
-24.45454857038397
-0.8976526130016365
26.071792475432296
-10.338520896543132
-145.43840272768875
39.497231537617665
-5.765056085543565
-1.9862184730940686
-14.25623598475167
34.850152128203455
-8.683193331350589
-7.421450002356384
6.952719652653
11.525492566404292
1.5026451140612802
-223.9032341486328
7338.920502843258
322.93137627154596
32.81660618122922
-0.2640407980163248
-662.9811483059378
-3296.182976351286
678.7403276643353
1449.6407902820479
362.99558789707226
-490.30540933322305
-690.4992078593132
-840.2755384151168
1710.0570461854809
5410.788745564333
-1612.0892144313173
-195.1984787084311
601.1213380499993
-1712.2228927152014
488.73725454368923
1155.35251019407
68.82162418016493
-568.3691307306839
82.43236810344295
14.645286756089801
0.676370639016299
13.789889430538176
871.4067318570684
-4.972034380244999
0.44092466047398543
5.390137209220656
-13.389167653215111
42.67050284917544
2.5230483431257245
23.400088706754975
4.213183097720671
2.050431779422244
20.536726835891468
-0.2654691801686974
12.686983849895006
-14.972084233554487
-21.712004222494485
-11.466841293066054
10.304000289191977
15.133353888215147
-27.748026095404978
-21.25655219945566
0.5200052653062239
-5.485583330982928
-55.998436433087335
-14.026411511836631
-23.930221633532057
125.92564780385375
11.72706729541581
3.2952158414106596
-2.0705449879466777
8.291650455761802
3.591725342320168
6.209169387158109
-3.583692912091543
0.6508749414080829
0.6524255742750087
14.61488946349032
1.0727544112418053
-1.7837441982263933
0.021550188101077932
3.512854483153186
-4.718353156040002
0.3843428157785151
-1.5684339587090457
0.49839457024694706
0.5553206378600443
-7.774470144866504
0.741833799864235
-1.8786689499615794
0.527864067206287
-0.9886225053429166
6.421426443681456
0.6114232958090187
0.3488902717138589
1.3128065180023905
0.12936187284088602
0.8903600808039854
-3.9311974540070596
4.978740261351136
0.24136953184923124
0.33346131104472776
0.1279818918514348
0.44116656563645695
-1.1484286440752767
212.20112048124392
-109.84587056198387
319.362525714112
582.7591073876753
976.345043527151
226.99957803488178
242.59187758147885
-381.62121997102366
-68.10703147888547
282.95074273159065
40.224511798753326
106.35777399376205
-636.8644163894393
3415.84074241832
-663.2752257209272
2043.8073469373114
-647.2931046290969
-223.57684020092984
8.811374428725186
342.67210836447293
836.1436295467848
8.059053992640044
31.389846183403158
-15.191987956298286
13.511160482219895
13.582998469093955
-208.1600535758237
-280.2492091321595
8.825248919416183
44.41658432101369
-3.040941418746742
-4.4959137833101925
7.957404151366377
4.140569235625208
-2.6737367438092297
10.434466198348657
47.11554375163378
-7.160512407684204
13.307319428117662
-11.569568595997584
-195.16304348238813
6.102501119618963
12.31162726586189
-0.0506188561677971
-19.767128423676052
69.20333434264913
-5.896146613081886
25.218474586435242
31.725944890400324
14.739930638229017
3.532179508095712
28.25476571050695
-19.05175820688684
45.85741233096362
-8.433213173952188
-51.652957731764346
27.17211232023063
11.858861556673345
-0.7759107457727523
-29.01412680511611
76.18114720322211
-135.12610258664662
-1.4568727797136123
-566.228435958118
0.8720244739181111
114.83633077482081
268.6382965018485
-8.468967340327255
-1296.0056033412318
994.2018520109547
-199.01547521649528
-644.4974071138918
339.46777382589255
1116.0614682643754
-104.87328150856644
8.912945214422443
-58.5823721489138
-217.16574522898563
-1680.480091378766
-9.799404019348774
82.74846875915117
-151.56152505735164
280.09230611017557
312.5484917942459
-198.82281497348762
80.56198633788256
-116.97340605946661
-602.9982219692204
218.56845846436354
-102.72203223327764
0.8874366371855226
0.5712377271411568
-0.9833433102003132
1.420447373790107
0.4221322230203185
0.3641917350481442
0.8708120162998374
0.5520926371162241
0.0787445348751924
-2.6699286242083344
-0.44799749527472305
0.5670876299213082
0.0752929716856272
-1.4586200915251761
0.14318609316098668
0.19090708088424685
0.10743939223383248
0.9414594816037486
-1.2724904842431575
-0.5153613204744663
0.6972441216959452
2.318764520929169
0.9512671882449003
-77.29555821191536
-0.3310613572174793
-0.2527720647316161
-5.776189610890224
0.34640075910166523
-1.694489079855214
-12.84291478176381
-442.9228460464409
262.81505594559525
1113.262482507243
6.48612312833164
16.753132669679264
-304.046787159556
-180.45662921491638
99.94145183546605
-326.89937406560875
-132.23787689220143
-43.91093031307376
32.943607420300594
9.152083302192397
289.90715723026295
139.5647955661294
1071.4043066334784
837.9978241518209
48.27979406149968
-340.7159619030154
-443.08279953509685
-512.0052890698161
123.2264157898631
-16.9739516209747
25.177536892774814
1387.758657059318
56.9895886033074
-91.11295163050922
-29.72077506574311
372.1709970692064
21.35640161488897
63.493645924600166
7.36889395573374
564.1717242343708
-332.14574430387364
-226.0488274334648
256.8602994301233
194.65515782999057
-314.69644985406916
-679.8864733398144
-134.73250414461856
-434.3235518927195
-0.965196388784599
-46.725394374110316
38.50402601346743
-229.641836286587
-1141.0291733357928
-32.30778117643173
663.0358007264964
227.75767469000672
-152.39253516119908
90.5625497085831
802.4991714246643
-536.5939586123061
1396.6335858695404
-29.431012435611144
-193.60341211804788
522.3657819981208
-22.511207249587077
-281.4342988409255
-17.61651099855428
2295.204830647211
0.09704610688345694
-15.635457169654602
978.3543559461349
1806.903981372985
187.85494538835061
-2.392579871166487
96.56305469277501
1273.1944699390453
-887.8284918512063
478.3790351114069
-25.660426814420383
527.0700703023434
116.51978973261522
-472.71154519378945
-400.58241196287247
-596.69565895534
15.699900294537889
-719.1917252451661
46.67263805800463
588.5481287416509
105.39875583497715
1.3934623152482677
55.72206213675244
-199.51303378272564
-5.4566968927392905
-38.68990471802809
-6.998858513242441
-22.93838810739511
22.601128140908518
-100.04515394110776
19.127065114903903
-41.720677173970806
0.524852822233646
-46.64192463233524
-54.376967218248325
795.5876565751811
-147.3010889747722
25.625271052992876
-735.851844451206
-13.923035829759955
-15.67894874102709
7.703814135937116
-6.947528193118818
137.97432377712616
-8.106196374341812
35.07505280430171
-13.699413271686506
0.3809797719073879
-34.760233031834645
0.7636937021111695
7.178642619838913
-49.14932841742705
10.038195393212085
0.4949018743828736
24.306376692969497
8.360707563769576
0.032317486522597694
-68.8217925852512
-47.74477835406793
8.101814166032533
-64.32381514210859
2.4777733244492093
9.230823420756254
-397.39732585851937
-75.13211643518424
98.13758958609351
245.86198497997358
21.431392315475655
-263.5122285739601
-149.20009850371466
1.5262233557520382
-21.68467546725364
-96.5582913406311
-20.227014858617036
-386.9660906716227
210.92829958817958
500.0334001214576
323.59537681768234
132.2205679489236
-60.68378203917706
6.670994705080646
-15.208891470160172
28.865625666523886
-13.049598322990896
-20.25564853712515
-15.074530365455239
49.368972441720445
13.483751744510212
26.404581832144054
7.269438175429181
261.4178040886638
-36.092046650563105
-8.781779204057445
-21.622886606985542
16.684746509614914
-49.41357285807726
-65.45828359167801
1.451803123638859
58.17021765774833
-90.8112744254646
-6.857186278688272
3.340749964451558
6.19783430321544
-349.0077969446162
-5.2518162580996455
302.83589526038094
-104.55994685937164
7.400416793068429
-0.6250763219782591
-8.440099754273195
7.720374971460917
18.87954719999767
-18.069560306762884
-5.4266564509572595
-18.211356953771954
-16.739462987362582
-3.590461547124091
56.6384492071441
2.5548591096808604
259.17520791481417
57.13037416590008
89.91278881629833
-147.4246976011022
-332.9431205922689
-12.681641498030846
85.85916717237745
-92.46358154045807
3.40255631061322
41.59751813314746
76.53396569889472
-388.14415720470225
27.639817035861736
54.279552038766596
-7.004312474538648
-26.316612014697334
45.72337927984436
59.37428223075279
1.295496418160967
8.473544286265655
18.294800351212306
71.6305607623355
-320.14407917762935
-188.6369610550052
13.452740216187312
-3.7169560320444583
-9.764814161936087
4.271203153867313
-11.856049825028638
5.795033654664783
-8.072166978448612
18.166195902737986
151.7868431405502
-68.23143606863887
-44.97067399537267
-33.66402510357247
966.8566227642316
-922.9314555163564
720.7151160020943
151.14330532339832
-1032.8920301621074
-318.5028352017729
-574.0949907593432
765.6707279818548
1033.5834883673654
130.62430208533704
40.899049389038574
-107.3757832750737
49.21814157644899
0.22638989835566292
-380.06828007136886
30.501149287508827
387.47907412875094
3.031193579139965
350.6458910477307
-259.62587461988767
32.58996754822202
378.97303022463564
-28.89722813932368
-25.475734055561098
-14.30580595091441
312.8237752449374
-90.66771798352244
750.4484514848685
-770.9068751408065
2.0429757378967697
198.74398601709686
-240.5553883610001
-12.148429235668512
-244.38205483729516
494.2637292007833
114.24335130820407
-6.973079836406978
30.121981106693966
-21.447753017549456
-417.5728330980095
-1063.1958708789884
-417.5521709201025
864.3648867389401
-322.07130508772127
-85.61318707074753
0.6756411187510426
23.60083742304355
265.67865518496404
1261.389815664737
-116.56190644106772
164.90471521019094
-390.3379501996075
127.00601686052819
-57.31205182277961
6.186582527027545
-1.4871555354704753
-4.062892348067475
0.6508325519917038
0.21292921033455836
-1.5494292468926496
4.776790426960304
-0.9437145549736858
-0.5432371578675231
61.258107949226044
-36.71573965200279
-1.093340420864521
1.171081884093689
19.00782638209808
-13.89018724844277
-0.7694090511615379
1.649521249390346
5.313592679501438
-1.3321728866969877
-0.5558540510942421
0.5019161490790386
-1.00158351852016
27.181414648969305
0.7282697472804828
-2.7136046732575205
-7.712184708838917
-3.718976087780269
-1.233507098684114
-0.36564959393243024
-10.098593590814753
-54.33856191002801
-1.952104044537881
-145.7702629975168
-0.3590995879713635
3.6148069419454627
220.08678831191384
0.047196683318997124
-44.08340812404453
-0.7661796611144535
-12.436225517951062
11.234275118540769
1.2184145595818512
0.6015205230592184
0.576956951909901
-53.05274344907824
-274.93688860809493
-32.18634030696408
-84.49613274735508
27.50996122640127
0.41926824403684526
62.1522495225915
199.23789682696622
-4.638006492588421
-152.2420497531143
-8.547083383957805
254.97341150613693
-0.8270026001626918
-22.267213964633264
295.0086141428394
10.742898153275512
195.17940340998618
-770.380186204518
-146.77881652609676
-249.65893402310996
334.98033022547884
-159.9192736130572
-59.39140582331105
164.51584341233462
-1130.8715417006965
403.322111901178
-99.33727726567531
269.4929614856884
-257.7681021646429
-132.33967808256622
644.1081009343143
-68.83682571747954
45.10321853447398
-6.224827704478099
-92.88768898453228
-173.94595775268755
-190.67406851343068
10.107497078400142
50.80309456049443
-22.94329748782606
95.72019551916215
-21.023794589240353
53.74838083090399
-16.832538865810545
5.890316052215443
460.834087074913
-156.5494388985737
22.28340920211836
81.63292442222198
-20.04075901855425
1.9046224286143543
-39.516132749562466
23.29549070702956
76.68126406953787
-55.88069847498195
378.47749209355027
11.032283445725344
-2.4545837890778928
-0.23411072619940157
58.481606526187505
-30.445345395032373
-117.77458329642752
73.3764972057711
-175.93203615017015
315.9361922953458
-5.590030744555676
-57.31220189363418
-183.60598680474945
71.76961658408736
-204.53183918225278
72.73027076389772
19.7159733828886
211.5622220940983
121.35397300972899
-52.309727070859054
25.74189004860925
-0.3112845422328843
