44.629842184689245
-43.44866168170438
128.42421300815764
-268.6204868546147
218.45212104478864
-176.20225818175564
-628.8501275824633
251.19741663022577
40.972888506308415
348.58306537244414
350.51454553797254
-26.501139202681085
-63.57265704602542
-16.934641706407618
80.16188633607194
196.14101815916982
2.580498488156717
126.18951552144823
-667.76589726387
65.06886263260645
-475.11890293865633
331.6034069196293
58.180184674667856
304.40596878033466
3.412162144526988
-12.801454726450153
-302.42281941913143
192.1563443892877
-83.28033474581824
14.00415663305479
-313.37776210908834
-0.9109696487781053
531.4912519872929
-54.170720043268325
223.21724211848786
-790.1321442136627
-264.3323078687178
-327.0924751271239
-152.4647091765536
22.884836605907278
40.91252658537804
-526.4341988153049
286.461347292538
-12.670575821910434
142.9709190400681
17.77859519976826
-94.99604430834161
733.1196820199513
-210.51219362023951
-75.7373695808252
4.241801774910953
-1594.431930406031
730.2288677138737
363.86441143028503
-250.51601531151516
80.77899183713824
248.32671646979946
1181.3054101595887
-149.53348119469754
-439.48576335119293
23.260375276907503
356.68186044580347
335.31467797665766
-172.72341808963617
520.9159171283151
1.6966284592422742
-148.00654511463213
7.1586498213529755
0.03672804544995058
-133.5471565854648
-491.3995650856664
-228.55254798113808
-145.87267792760727
44.50276651008336
-214.8559953779195
-3.614071147920336
313.8340047851039
14.483554792401167
-2.544694564461594
186.58022159842486
-146.11725599902903
-76.74041653797585
-115.29359217258404
77.02887895170718
359.08422083981947
39.196756660477654
-19.632928765215212
-20.78348594969985
-68.4200792870035
62.823422208405965
27.962969245038412
53.43922490672847
25.308893449945383
33.42147902732208
17.27568337009559
-88.98018499697017
-87.58530135873414
-32.80103792252351
77.8052579699184
-75.17226615755479
229.14241502414882
-43.511283169014824
-75.3498533348071
93.75811585016223
9.494239474116286
14.228228569354345
-352.6210475084934
103.74288597703551
-189.3694508413841
-96.23442444175035
-111.76965129329005
31.32363965804526
177.1416493758582
-68.57997108517328
-237.24332343254162
-63.21053731015341
802.1211053164424
14.106836592444681
-149.8019939970908
16.480581316913014
49.633918733473394
-28.87092573321798
0.23368242261330313
-22.722956528276832
-227.85387210026065
66.1254306836345
-70.63893201866537
-51.433650101082286
262.71155843444706
373.4311070623161
88.96788982786958
-32.29067687314663
884.2564542953487
1044.4504896786048
-14.873301816558614
728.1326178382119
-25.514465224697112
6.303342002171892
124.11824745091434
-639.1875834353407
-356.10686086578204
-301.3197587898132
-664.9305879846244
86.17241071861824
-70.9006885704496
24.969649538047864
84.3850520035412
31.032905147858603
-158.86164105521618
-937.9855165059877
245.63000827026406
-206.22366625557626
-527.8895724672835
-679.2983943099598
-2097.39576307629
47.18313058979294
8.263854150687324
604.9374677048231
-1060.0253938998526
-617.0728809313933
-200.940309087542
34.864370341984255
-318.32813055869093
-132.13408318094415
-1673.06789744042
219.53799877875002
-980.576642661714
324.1659322074274
603.0863518857127
-309.7837112431979
490.2507056004162
-181.7047846124375
3188.811078723186
1155.1078254112463
114.6292327798408
1534.5378425313334
119.20593162522754
1412.7103582650368
135.4505289852395
-163.70225159288236
-338.90709930957627
175.565096291999
330.87917656993005
219.01293924582404
-2786.590279504509
500.7459650501568
-1636.0581176985781
1227.4735200784305
-2871.1318336181907
2866.8321105678087
-763.9400133375885
-2799.993545653786
1119.4759881948544
-936.851614868152
180.5976991117888
17.601671366751898
-332.9367244761061
-334.57863722951976
60.6469234818304
-577.120553159947
-3685.4849976228256
-14.899403280702606
199.7090955263436
-1420.7086321036272
-363.6345858032939
-176.256406259208
2300.5714812230967
2981.9630620998155
107.38348066364603
-9.479900678578566
11.030341606865187
0.33337605143336063
67.35506403395067
6.806343512207526
-1.4561805586262848
-7.255124772211426
34.86940605554202
50.290139878691186
34.92067107817237
-66.84820722877627
9.919648463182819
-1.858365037911406
8.90459285953435
-4.729673404475187
41.41529098447632
2.058808696937337
-12.904413004319817
-85.18647178949634
-13.686453231339911
22.258257713792066
13.20261619147968
53.123678244165724
58.71320374146889
-39.2931965694382
-63.12652202702474
-10.269865626193427
-159.64616976072173
-4.00536805608851
-5.762218987502733
11.993444129355268
-238.90902680406407
195.1199523343152
164.23438519067983
-74.11136578744363
212.5318211492181
-276.26282001532417
-547.4044533176334
7.495726531873553
-70.52330135465245
384.87358803627626
-126.68302576651092
125.89081731200032
43.72703506172291
21.609529380339907
-68.30404582395471
-168.63971300550332
372.4293567647453
11.261833449494748
-2186.756780245876
796.9751773663703
457.7190961922581
-541.7165462476535
-345.570495553523
609.2134456411494
-110.03978479009281
50.080412891082766
1207.0207699120383
210.04375292841974
7.77342171676216
-226.48147194163292
-24.018416575469324
7.604121627824872
-3.720480279963608
-103.21803229906727
399.9786004569126
11.427168729380506
3.903536707957198
115.84906940491274
51.31357338545656
20.937822280111774
182.44572626854585
-877.7058800518993
-234.16492977112037
-20.339879986800586
193.4536857105742
-131.72707845662887
594.8701313118241
-132.72119184360596
-26.667360170106345
-14.59227683658461
15.12873172801609
-21.923982810022036
17.590447871479498
-27.7404692493878
20.106099568455402
-43.15007778765969
-36.90696003178491
17.20727456055643
-7.574698216984178
-4.007063896181892
7.8809338731137295
272.60536176779254
807.1591687778442
287.3573526041491
284.9474137018957
46.065544314574844
649.0665549951774
141.5438850131159
-24.470165494993445
-0.20226030899864367
-113.83561651102144
4.890511133230078
-0.019198032365127043
-0.04578191727922731
-0.36323350574394164
0.28535452468824796
2.935797999207793
-5.004272905581116
-39.2648185113378
-0.059823247011220146
-0.0895270701923177
0.025438632235022025
3.851530543792117
0.938638943733548
5.835467654809221
-0.05842481062688268
-0.04554116604353862
158.55963980082115
1044.807504195276
-9.39284972893502
6.549946114851575
-5.155273896708771
7.423501733327572
1.0128407966021116
-0.6643056115648958
-16.707277356730494
-30.287866470889465
-0.05909902167192866
5.4626202909986565
-130.64183109931847
-4.907962561485832
-64.75724775237681
630.0951584359767
71.45432066479697
16.654780297983923
45.8386273075198
-0.12878439765662375
-42.1196399014702
-36.10029396261736
67.17102639781488
-9.325063370676897
-167.57293369576675
53.065538157620416
-4.8664368816749555
47.71417773618685
-3.0509936318671076
-118.14040114355406
78.03422761445673
-24.586960252983392
8.041692558374011
-85.56461089505008
174.49870479085376
-6.826487683340414
0.6347354063256014
0.005965365690761029
-1805.4256070328204
-501.654843205601
-679.248344363816
-661.7403007918408
-27.092656135159746
255.8934581542024
480.5101591312885
67.88577548831574
-257.2226365849464
-846.842297936761
-328.46442187591714
-132.77645159382905
-65.88338132222216
1403.230867276079
18.070769451020325
-122.26928695190523
-31.09795368859546
143.80080164290428
-2.193047451652249
-182.35663310866676
0.001904660625663048
2.694617376528156
-226.40464948531118
-1.9709856243136874
-0.09935921738291378
-5.210233815924518
-1.9223917344940467
-10.569513170065123
1.2016621676051735
16.47096351338213
-0.638682851593334
-10.778949317467063
38.812765547931605
-1.5996022212705785
28.853313852209276
-4.961806097268005
17.100392271293018
-20.75984831757897
-17.428020693837148
34.07838149638017
-2.182478989126973
-28.162356186674174
-6.705637682915822
-4.491230357754299
15.795580580479845
7.129805007059941
42.77364706586308
45.296484105047284
-12.54577644368244
-2.1640961721030014
1.4781183095653576
1.3915943943974352
7.712969669259894
-12.817465167432898
-4.906463312210968
-0.09493642378416384
-0.10248144092425589
-7.6533459483200375
-0.05658679644048997
14.824653222103697
1.5698685467564568
-8.574338692620092
3.4255501757561713
-0.1494713488870987
4.637578768474593
14.227131936439491
0.26051998272111293
3.406847905965159
0.9427914762645803
0.9267905008330605
-2.1552130825363816
-1.6938365420403882
-8.743587951220862
-0.26871628146397125
-0.056594215410010786
-2.5490988623577606
-0.44884646104968356
-0.45040221624990806
1.7006966486937638
10.259672018824691
0.0568194159611425
-0.03393806166027404
-0.558154503324316
-0.0696435117619817
2.608389283079906
374.9388258254985
443.58080081550696
1864.002547614215
1193.06411452257
5607.777090985266
-499.898564964342
197.05007014462993
-19.655793708128517
-64.91464178672757
-115.1568433760056
-23.119150453614814
48.888743596896774
621.5237165241584
2683.3360624662955
-38.29139535055185
632.1392732074975
-486.95125397769107
39.45937362364859
-10.840125708509932
-130.42051102293604
261.9161985429217
-1.3484526496494944
15.828695748026217
-18.4674933405183
-8.592283922822531
-30.955026395055896
19.420172261924186
135.62396886331106
71.66377243574827
-45.0922752531484
-5.7390021487167475
-6.352918391656429
3.0532980410772312
-0.8392125794378827
15.377425084905287
-5.97175133875901
8.816822046730124
11.978469007902689
-21.754190095271962
2.1998776461166387
-9.80949079751623
3.3142274515692187
5.182573302162663
11.598280209859654
-8.291351150117112
11.79821679321043
-2.9239728891346592
-5.837861072752161
12.090089042086554
-5.138111569667381
1.25628624068356
-8.368465706699476
-1.6130347669426146
24.511928566537684
-2.476857052486392
-51.88883680391526
40.073822485930954
4.129637691178335
13.065793719392756
-30.238859219008276
-216.67567609112155
-48.923988675681144
2.8041166137107867
-214.60567992139195
-0.043451603164633236
-4.07349648504399
180.87245590075426
14.094055998720112
-115.12294409073702
71.87878412043841
-19.160490052952884
167.49572683680069
-106.84803839576826
122.58041323416748
-146.65052854398152
-1.0983964029942883
-12.510899366771799
-90.12362459232352
145.68221982600284
-132.16479398265147
1.9780409641665986
-27.88610253361273
-6.889853764817825
-163.0901464372042
-11.11530314174817
33.91611477480334
125.38293614201405
184.25029856122026
-299.58463628362296
149.16120110432166
-0.025893628923779558
-0.06809672860948673
-0.05635100293904468
-0.126973354371463
-0.0545658439655133
0.09562941553345963
-0.15668253266811397
-0.177365729135353
-0.09048381102637666
0.3290984179763417
0.1561655765120965
-0.08630584524399272
-0.05028552595250979
0.10142374964750937
-0.016347580501234273
-0.032056241457511576
-0.028627068156197436
-0.13890043568949292
0.18331950284980306
0.009485358169223971
-0.12831608222215515
-0.03877304675013144
-0.05610982846633065
-4.142896924053411
-0.06130722418259426
0.016377842583364544
-1.3350994530759694
-0.05263613236990662
0.03807485373660002
-4.628091783223336
-199.77409129223147
511.68901479150816
-260.29738874523485
32.95573735936754
310.28975175091165
42.156936877373305
238.94054666812437
-196.08683339798083
10.42168405397306
78.15585064479974
21.342336767850764
-7.5759599919546
48.67014756947064
84.64826331589293
141.85472436598238
160.6180398186997
-377.3381368104507
-75.1648221753806
205.07335783295053
47.24445139035497
-226.0140106756125
-79.2252769227165
-152.8319233930259
192.24234267300966
128.44406881491807
-203.5753329560152
-73.31894873779014
13.29390542074684
2.8450905483994267
546.229517562272
-39.302557123546855
102.74789015915462
-569.1350308800958
183.17981851416084
139.30148717392686
94.350880617478
-222.30644411673268
357.81773994455546
-217.80174270211623
-182.83153823892027
-426.52266234621266
316.29370198234915
-172.14554052013386
4.095134524914738
395.96503997380916
211.61471523632898
70.06872210066864
-90.7300572504378
-100.21005195256117
145.02675376950194
193.29973948709195
-821.3489923084608
653.201088226351
115.92299109032456
125.17159796182358
-48.897564360412844
-395.5285480512614
102.36350755411908
70.25404133443911
11.689254771808208
-143.23155653296308
0.20991942032051014
27.679629212613676
-15.583595586270446
99.1106578468428
280.2210955667206
-13.78369119530225
-88.43725304520146
458.4971406313207
-298.2341147837729
599.8622986720771
-665.5132096095958
3.4847811030819202
5.334654700231004
107.59015422874089
-29.463746815998846
-54.341475659711755
-0.5304607830074207
123.37229498502995
-189.96653158138403
-120.8118347349156
422.802760102349
-0.0712176489312813
-25.840639054841947
-229.38395943517273
6.310152307205756
47.89337486233588
-7.3851867101714666
10.962535994842751
23.972428665863667
62.74229709868527
-4.331280148647109
-9.05733229797332
0.9013953279676454
-64.04499372178668
37.12365747728999
16.52044153726721
-26.91856030722268
58.44529381862962
21.72613041626513
-2.3906274531886913
-12.800392235045916
28.641599292109227
-85.89119190136263
-1.7546477294225193
6.877060888118905
0.22906141365086966
1.6912222230507572
-0.10464192538337827
-11.207140897763974
-0.020641363400669924
-0.34086979366896053
17.892076540507862
0.22455643827002178
-0.06987552862270686
6.753301470082454
46.44179470863284
0.10094287336427321
-70.59609423628328
5.9497845072536855
-400.4460270122121
-12.130283101251667
113.83057213033909
-8.599871398192102
549.1229188186481
385.38195405004456
-298.26603729655534
-10.31038285249595
458.540300658183
-442.62641909982995
-45.53434678667826
130.3117499083154
124.11616173179137
22.664555863446505
-298.65835984953975
-123.78928038152695
393.487168757369
135.47438914864966
910.7444218237277
-1.7589675829751517
81.89271441682324
-18.26413780292781
-18.70673255368823
38.933656782087354
2.820267523593451
-123.6702613015518
21.427777058066646
-11.948797559692874
7.143444104867202
107.40720867811066
-20.578579255221396
-136.57958130932604
143.12493654104017
-56.32084955613809
7.606630686036746
10.849688580086713
-75.17515638190166
65.2343664574508
-25.246057146338647
54.045993760285306
183.0967638248012
-29.09883992179279
12.5802395496962
22.095342780145526
-240.781488587444
52.410057625350795
104.83469858689898
-392.9728288889878
-0.8062932437198208
-5.2936498637849585
-10.805744856035448
-3.912347651259898
16.152126377254156
-22.065103859039755
6.280501126910193
6.3563890562635335
-2.805097333516057
-1.509961996507759
-52.72199064950264
74.77526744591971
-142.68661540569116
-76.40780651805028
459.87780814352715
-83.8718355557276
69.2929186505319
28.37751696973613
-15.779552463851005
221.88523825718394
3.960493817078888
31.757010898847753
14.31822515395516
29.983026765453094
78.14165088779538
108.47850656972545
-6.194854914457751
69.98658124549749
-2.5148295277613624
-104.44543239708415
2.731997981351156
-186.73487830279353
7.380532280008796
-73.99066541508638
-16.527921479710116
-0.8394336679793413
-14.516382691907415
9.633609974669525
16.77604022049802
-25.40960065714172
54.80605063878485
-32.0308853045447
438.78819591097414
148.57260994869995
2069.229758471884
29.39953806950347
681.0532275604119
-2223.334263864343
822.3529194903393
-749.6472861079908
1101.1625330286379
-434.2167093084588
-103.25851913226052
-2354.491645381122
-4700.963790965253
3504.5911666287498
-47.78668126551571
1737.7684731140698
1197.5315731290334
-293.2250355482484
-318.1627058954388
83.31362478575315
-369.67381777319576
-53.761414716323564
-319.83372878114443
-40.532153924767435
571.0213568930557
-17.074506075364887
-25.83316467353414
3.4826336241173563
-11.204292527176003
-199.53112636184997
657.3596864220893
135.39721841853597
550.8003219527648
544.5246207969906
330.808217962849
216.28488390004222
-157.9709952830612
-692.915747729891
-13.039056060717835
105.81306546125194
1573.0123862378377
18.132686911746877
39.55760407004571
-246.97164805930672
66.15555462943225
6192.834322338359
2051.903581210199
-205.96844116711026
354.0192364023463
-233.64889403080545
194.0530480194988
2.0695589312157336
2.1579103675144604
954.8841530460043
403.9973585599902
45.71119541119133
29.709791909586578
57.219288829237705
48.62699903664197
-73.44207540290436
27.95935440778604
-0.2969852474205796
-11.609403822249895
-0.0949295686678396
6.51179719514025
1.241044353313804
-3.05061156614611
-3.547204815194906
-1.2107876821819241
-65.34722031126782
4.035960415643072
-4.763542430403603
-0.6033374083820758
16.347109417270833
-15.831367949306964
-3.153430202369574
2.6122074771215287
-7.903637947824306
2.0978949694007243
8.792871537922823
-0.5955677965441153
6.880650550937502
-8.640196667226544
-0.20638900019100684
9.021211140128639
-6.871855388689692
4.519224707837261
2.5085156328859943
-0.336434289111656
183.13204143567788
1.8480437667508065
-1.599878887293933
102.62387060485112
-0.9684452778657804
14.4245371207673
-736.1617748390781
5.3032808707017045
16.337944042776623
0.38725991383740666
15.105242209139066
-23.041947855615415
-0.5710974269997194
-0.08884967347926458
-0.08579312066806868
-2.251969679170737
120.01828476875234
44.25838883529573
18.335788248478753
-5.914183479708373
-0.060814747591611804
-58.836600469612044
105.19251479810765
6.674581491294001
-230.67980674705552
7.756732668422608
218.73933968573135
-39.59026941177732
48.11341143136477
-203.79828812914707
3.3639786324074756
49.65458715947516
289.96846146574717
40.44496913203235
-243.92895537298938
-252.7773219670403
23.03278721523366
1146.5369821594074
69.79293489133845
-424.3140253360218
242.2341007648831
4.3576880009848304
-133.60738846368292
43.37211523509496
-27.350335572430364
-34.52330900670934
452.47749274682775
-8.641340317441713
56.325636385183
-107.24220554760329
49.61563360722982
63.70843553454701
14.449971970310353
-16.597442752317143
0.4138416072742705
228.01216297733353
21.937055734316214
4.590688141421417
14.00694404224066
-12.100063351942453
-49.734482894746364
415.45084104527507
2.459510286153472
-16.04023464263558
1.1409174924065622
1.2403279205665905
-183.61935038535862
38.935258966808185
-9.019114198199352
4.372733185720401
-82.38558189717865
11.606105466757818
2.6224009388568335
2.2622821033456284
-13.220602861849226
14.498953404091035
456.33468008467355
57.52185547434107
224.42413249375852
-168.3447464745369
-7.857733777850916
247.30349299564762
12.475973115252874
-363.7222927319706
91.19660249490674
-173.47097032046602
-140.2097488814701
-9.375478319764076
4.743607511784932
-45.47964045190077
-21.032460851969322
-1.1004559169429318
