-2.8585190966952068
1.643149396419608
0.6173562720750018
1.530604697077663
0.8737213371068214
5.022418615758064
-1.3659198417095362
-1.3400409347460789
1.0443110313148738
-2.250171249699028
2.0774700138893065
1.3037918972677032
2.1799142211851223
-0.771262211519735
-0.13241861921953696
-3.449255919955454
0.23915021121441843
-2.365587376441374
0.4894023427996068
0.8540853688749716
4.165204529180035
-0.8738687620600984
0.21756495960024813
-6.561276703765904
0.470848743233171
0.43181967005091754
-9.105018375761494
10.274189931052947
1.3113831270696412
6.399706551333652
3.8247819591400454
-0.8054535917818925
-44.62737423916136
-11.397850252923153
-0.4519710236470494
-32.674726101763625
-1.0919452109266257
81.16288992899952
12.805274578854462
-9.829974011243081
0.0133581027522913
-4.462041043194971
1.255820342292811
50.64517731434784
29.599221063177644
1.2755290943896829
-4.5808556497123885
-62.95586277255217
6.759843356453346
0.14195144680129576
-14.533368394218446
28.256332135937445
4.790771291527072
-32.457567121090285
2.022780749076254
-7.910336799751167
27.424347759278533
-18.948323033207597
0.42647482941132203
-1.0250175236160766
-3.237142896510696
-8.589825001877907
-77.77704252437285
124.28654364240327
2.843427380786309
-0.7928562990039244
-19.726392220893022
-17.593200760851808
-0.6198520713035455
6.0012487957419
21.98580571312112
98.52031588158451
4.563498834488097
-124.62060073970014
-25.639340106214313
1.042450307134499
-7.928208703081909
0.698463048046448
6.585549194613638
-7.083829254244438
-60.431017621396585
16.49323297534375
23.470182468049078
-15.331808219472155
-3.0444089419373213
-6.8859126768024055
-10.038529312958898
-2.1965527458140146
2.297666096721181
-13.97282062763654
-0.5507688167219221
-1.6299691456826844
1.1900653821389808
-1.25114132047939
-1.2811208647660013
2.1181298512643476
-0.8252398281014033
-0.1379904237790233
0.6939643712432917
1.8634156957753973
-0.9026436618917613
-0.0713716367359973
3.416809465825874
-3.021876093929443
0.03552569385076583
4.541953120348384
-8.03644241525346
-3.5831897087104396
18.782144057785896
-2.733735272780666
-9.320079123128236
0.2952082880831416
-0.5829329486519235
1.8628115992742578
3.8165075224302507
-2.5358462728639783
-6.9071507238485506
-0.6134844722521037
1.0562787346368387
0.7934208326939626
0.3036481562350601
-0.7248831163699251
0.1902466842837291
-0.690624585816257
0.2176695888530064
-0.8172651978695122
2.112453885806771
2.3893146554180964
2.9784097744952027
0.35288722865735045
1.090588573444474
9.297584707564539
1.628798904848122
8.765582704797321
0.7193825478518204
3.9813820011403758
-7.607023822708327
0.07770820421132014
-0.7535882063123294
7.013230859466434
0.07516437836417011
-1.0358070941176718
-21.839502500747393
-0.1328445413040134
-3.149748455639701
0.3907307273508572
3.2044456403345367
-1.6996931995994005
1.052775611714081
-0.8565442768284487
0.9381275440649977
-9.801306052088174
-13.39646726186088
9.427361805730568
-25.92495431347429
-5.461744803555804
-5.834199456396348
-1.1998578239496438
-1.9390684856904457
-5.69308831732403
-0.4343081969291714
-1.365838583249368
-3.355410173118209
5.118566960976191
-1.6126152011467438
-14.136084234309928
2.998476192643956
13.391855942134631
18.725064070520364
1.0845911130475152
2.626292654793849
-1.4310477603053882
13.999171229836907
3.3580105260155144
-8.026201220358343
9.145647233986363
9.97634448288884
8.60684188655602
-9.523578551637232
2.8899669018193883
-7.796876113390268
-13.831289122293096
-18.552528290473237
14.447616612810064
-8.563557368021625
-28.074544728635583
-11.136241463969588
15.332404376368789
-8.272273599142244
22.553699907342917
-6.422323584264372
-7.0336491806081
-0.01174000883836285
-6.1200999607576
34.95827449965272
-1.4031680269260982
-20.395741254244477
16.989868520019144
18.184602543301633
3.5103409142791127
-13.305618092028597
-1.8870526100127913
0.40857547124976257
31.886937796467603
-40.10334064810817
-10.108638899902308
16.306422659251368
-26.283484743111703
17.93829551439598
-23.660278553520925
-0.3152547517545622
0.44629156652314744
1.1986101243619696
-1.34420503668032
-0.2515483545266139
-0.13096268890315774
0.05641867321396728
-0.002952210226728389
0.8696543684653267
0.14133302057739217
0.1968328324165644
0.01620533720602372
0.09211654226693698
0.04896830576193671
0.6160394739938903
-0.10815170813865774
0.5712698871727545
1.680164489066485
0.46583732652514415
-1.3370511675443901
0.6086591338990824
-1.8961282607353362
-0.024544250271785487
-0.6115385648016386
-1.0774193454002596
0.8099917014642556
-0.1567150207617783
0.033882199327484507
1.1139701132697697
-0.015917628736535176
1.0814487649824063
0.3258354088713576
1.008094997050997
-0.8500717822860497
-0.7485703206723892
-3.582137495074412
3.714699010610528
0.9378468277332068
0.21303041281284718
9.932492962521811
2.3903128132923017
1.3223556592455399
1.9419846809737549
1.9070016296239627
0.2756540430014506
-0.5424289027619208
2.172949729537548
3.272554646958567
-2.624562614296065
10.143596992655837
-1.630750668365228
-0.863976870425886
2.030555432521841
-0.66123973145054
5.766103139325446
-2.868903029977034
1.1221520494638406
-2.1103404010212468
-2.0025588876363005
-4.220565853417479
0.9930354371703717
0.27618491713869947
0.16133930914404437
-0.3572838739630507
-0.28099832717081596
0.6797309599502686
0.21714939426253885
2.160936760640832
2.9721840290523307
0.7059041530396712
-0.9214075114274267
-8.820291751884481
-0.6026206513508569
0.10885307641123564
-1.4299431440913903
0.5045317343372536
8.691381385494964
1.2963215126250591
-1.000365260573165
-0.16898983643642232
-0.5354475462472786
0.04432406755862624
-0.7956645511883366
1.120275256073173
-0.1407279508003668
0.2697132311520296
-0.14615358718444116
0.5616524658400349
-0.19931850412537563
0.49129342295217815
2.0045390884113297
-13.611262824364635
13.827382056631178
-16.154069776135948
-4.253839314622824
6.378811747415268
8.242778827162923
-7.247302772835398
108.38977829874035
51.44108692874277
-27.186571767430816
11.690299686341648
5.73516336623865
-4.286092081924368
2.122528352885122
1.512014434865271
-1.4193972096350993
22.075785849530554
-22.09885159227637
0.25840285700651355
0.23562190690896798
-0.16803627464655677
0.7977199700251761
-1.850306555380085
1.3926268559916855
0.16473565766004178
-0.003969437789193277
21.682678545971083
-4.39508871203458
0.17779527031092057
0.20849232869303277
0.13224029275502136
0.11758725150329458
0.11300355374489184
0.08770003538961463
-0.45941206970143916
0.6103464934088647
0.09784780623183582
-0.09989005452784969
0.6078720052206772
0.19025460662458601
0.6324010041883903
-3.2216385597756934
-0.17738867459018015
0.11505829349340474
-0.8258353234969346
-0.07572057698187944
-0.09116989957769983
0.532950586145444
-0.12120548259143618
0.3970133541847071
-0.08394648620150466
-0.4992058750998392
-0.2525626356685482
-0.7189489142498711
-0.10672884551622837
1.128129312406375
-0.21209388620534816
0.0811966002006344
0.1167475207632534
0.07879999161568567
-12.17268858052595
-29.658161974173964
-9.683288340187033
3.5176036570118363
19.53630126545526
-33.737595611829434
-10.21099447531212
-18.194518049546843
11.046234561815238
3.96259929072999
18.423240884895627
2.7067510002038415
43.33841727724464
25.515918059983647
-11.500945872573814
1.8969199141585966
121.343281676449
22.1572512130763
-1.062465923143966
7.164230267581285
17.742317587252828
1.492661742366149
30.66153773560173
8.689489238686885
0.15771435169139258
-8.056918420796245
-1.5497676896183852
-1.3354270183436454
0.23718458843136858
0.10618698608574106
0.07127729768687664
-0.035353933903415305
0.0026031384347659503
-0.12406382894737114
0.09752357898399179
0.23602550583873116
0.5102728381272486
0.035898471936443854
-0.27450435319397865
0.20912445901371787
0.1312018706287995
0.0955763473873889
-0.6111536209382454
-1.1147066707639375
0.6674302363978337
0.4689763503884126
0.3858756155932732
0.016988005444472657
2.75220378318604
0.17023129867727846
-0.21275346558980815
-6.350177616710024
0.06519870437306917
0.11033692484754824
0.24701463147548228
-0.5066199315417824
0.2206641001291844
0.19756879223294097
-2.0880861236565393
0.19503750613752593
0.19336803584022172
0.051572967693341035
0.07658361636672087
0.13003978192156668
0.04481400538111741
0.30728252043763404
-0.42501842522536615
0.1418476705471545
-0.11870747590925532
-0.1622960257325499
0.13035911247429272
0.06796468297826144
0.11686847303622856
0.06910145528979197
0.07123137764801094
-0.02823109941518617
-0.15175473693144426
0.19452568074140936
0.10378955102796354
0.16752047175963897
-0.12729572778894363
0.005941151881647141
0.24239226074255857
0.17539974543059786
0.15484985537095028
0.10169080731853213
-0.12054558618889392
0.1317856714060382
-0.03558549426708929
0.8613772851982162
3.6239394978877058
-4.681779391313367
16.674141946671952
2.2935591157716835
-2.7952770798310027
-2.7293919677671266
3.6844587224174425
-5.217187168103677
1.6627778451843134
-0.3543750162532068
-0.4607075865230119
-9.66440414432596
8.530246342869109
-5.6433106108689035
-26.878457526800652
16.939687645826705
-0.20294329229187022
-1.7399235241672912
15.43207561632412
19.782779804434906
-0.27883185117684
3.754526290266652
-2.475636449549171
1.0039815454976424
-0.5697366243055803
1.0338453222147437
10.520294236656117
0.5940800779875954
-1.2684389952648825
1.3507072770271287
-6.189337293953531
0.18290230841957522
3.552006787108689
1.7823552714357631
0.884358286714966
14.557927272585227
-3.5643104407812207
0.010835729152363856
0.4733073961619163
-58.63691302274306
3.1738408149689863
2.1107933709115185
2.256714396255384
-1.398113618758496
17.859620477092243
-0.6742024082278804
3.1177496752796365
6.733384168114077
3.729167993788813
0.5267424939803192
11.008023154981249
-2.8816352075183898
10.380818453832637
-3.9419813386288385
-12.568174409045552
9.319550609165145
4.069584373570348
-1.951307875664017
-4.98986102336469
3.5487820985326923
-19.054449706473562
0.18912317431106795
-2.7103438188728823
9.183240165001886
-14.279286579456551
29.092225590332802
-7.218500565235265
27.334545614442895
-10.515597331365118
-66.86596107442757
-10.275949622041086
15.212203734267884
-10.367211938865776
-22.08901797745648
2.148679346997204
22.643715622289495
10.65544997053051
-24.04393289873309
12.865643535071545
-2.9636157728930175
1.9370213864361863
1.3913908236990535
-20.346822087026087
1.2176701143014874
0.951367762641521
-38.07614289993271
8.425423072565263
43.7119517408402
13.941326775089394
4.9966519602130095
1.95377731233739
5.816006053295932
6.52527964600145
1.8269215837740092
-1.2104049190098332
0.8520374953547564
-5.681707099424323
5.225048344409587
-10.352593944657869
11.431007172153505
1.4344811796255923
3.5572969681124786
4.272973284026414
1.8565757587740865
-1.5510756193998292
0.49291460964251455
2.7709980596539094
-2.7568391228504225
-1.6601881992272753
5.286771205758807
-2.0422459800351036
-0.6181903188375074
136.40098827909026
10.514672540713878
-2.0617126938321166
14.636066091200854
1.0030515717197148
2.2743892235713026
8.16155552320502
-2.0588373586404916
3.5509915079468226
-0.8716439299691024
-1.0795160763659826
-4.557255389104931
-1.5250308772900356
-0.8838015299178889
5.116274147950981
-0.5841355923177133
5.857203918095997
-0.03279404710596783
0.17240598512159275
0.4650184897451635
2.0908262550580923
-0.7020461062370111
0.23181700517546075
-1.8926669267699157
0.5770351154391096
-2.44063091560004
-4.764515303870389
4.863663649161869
2.206970877943362
-2.3231928445857886
-0.6446294338022251
-10.687801727741673
0.7214341631194553
0.6529350630110288
1.3352082109570105
-0.5761991961148079
-1.5320290668930034
0.25436593338800084
-1.4901780245663696
4.111181305503597
-3.8572787977239624
2.0239320841410926
1.9862131354299688
1.8630780684270305
-4.453010117085478
-6.467805534273158
4.3982943148826905
2.3496629510274456
-0.26064721405024793
1.4614778631691963
0.4720105761505255
-8.666194601620955
-8.609193579263598
-0.5002861504229656
6.766291197994966
2.238497755095645
-0.2795926651046884
0.18066363693006998
10.97918950958155
-5.413404809623985
-0.8710256063448488
0.8737567082783813
-0.5540253928877584
-0.047107475019890675
3.2896302348544926
-4.057995678801578
0.49910689568566013
-15.501241132376094
-0.7726188531308938
2.0367055600496253
10.484336605520639
-37.69131278500113
-5.059216690177651
0.8905539086172823
-25.942719383318746
-21.034231601155064
-16.200710645429478
37.95305820304064
-3.132596369377204
50.288899330105785
9.586327816382232
7.460553524165142
15.284553293554332
6.870370144156728
2.612733608920798
-0.12981146340336397
1.4086248475333516
-13.753901877026768
-10.444359131556004
-0.0023705692137165123
-5.61801241177245
-4.472373722570728
0.32551166526212794
-0.22806355790407531
0.26774783923197576
-0.6670080585739085
-0.2379194076923531
-9.057794433143085
27.353275354883202
9.127836586687923
-3.3279978573597773
3.550354905695125
-2.684716405827808
2.806146139972093
-3.0927390796981853
4.144355915584852
-4.614571360188287
8.745171753656365
-16.922606652077704
4.327137374323598
0.45727605764557444
-2.706608701827239
31.193827206355234
-21.90652128378469
-3.967269141017014
-1.2103382431841925
-0.8743716144634006
12.114224571098884
1.3709923053213406
2.838173512495012
0.6843209720965102
0.3454848414211263
17.458975030573985
12.220711679790169
9.912246874623325
5.0349574184480135
-34.647538604584895
-1.8489245211512242
0.317078225290231
0.03137416294691006
-2.8014711623725246
-0.5469950436748188
-0.3999162425017853
3.611590470736882
-5.862113061151928
5.36236713140822
-1.0497509682770807
1.1806175708583169
4.378260254730928
-3.1717165610130618
0.658117415599924
0.5599445526105499
-1.0406174405377961
-0.6912833824220489
-4.126312784411124
-5.911706929731944
-0.16751763678786555
1.5576114976707116
-1.0420996993319838
0.18593109107038086
-1.7637571472545237
-0.2820903355780186
1.116779578665907
0.1204315101092027
0.17731161077045662
0.24770815861988507
-0.2805018239593404
0.5140300053642454
-0.9517446031413739
6.322272441476716
-2.7022431192390024
-0.46889441542950155
0.41288904011182737
-0.8440505109964549
0.0017463480525512422
0.05036210199459328
-0.10663919833389592
-1.292632224522102
0.45897930408200693
-0.013602511468609264
-0.846921933323382
1.4014101817050908
1.0863812080156925
-8.314434224656303
7.382489780790007
-0.7098438823490817
0.0957152225227163
-0.5317778125643928
0.13413072727605907
0.5701063265485012
-0.12619018551554495
0.17609810030204376
0.2107615007486589
0.3622843154825516
0.07108210728247163
0.18323226870845644
-0.5974033272312133
0.05626010112885264
-1.013369012865945
1.9239960951552475
-0.3527333473699651
1.643273482497871
0.12441730976376186
0.2859468020914202
1.452342347504154
0.13144659936751257
0.5362438139222573
-1.9585207812084982
0.15706855236456393
0.4567301351110251
0.6725077510994123
0.11743133581226461
-0.20287345556366945
-0.09854184801294115
0.20321991935835088
0.19224737983288828
1.2831540625141498
-0.15581962843030006
1.1868145024266707
1.1101750262881804
0.3249693439054282
0.4729472732080757
0.3151938314836404
-0.28179231675866456
-1.2520476057275751
1.143262675809159
0.49213349448374694
5.085497274439221
0.12003915265396586
-9.359075717263465
0.19260593989471186
12.583017633049577
18.367942917800097
14.945868965744324
-0.38566486469641503
-3.981663263879207
-8.314870790939532
-19.429975194848947
8.995929561181487
11.467347838649061
-22.020796945483152
14.944116763274115
-2.5566519196314577
-11.897356200107179
1.1847531121743533
-1.26395304249126
-4.263634103377546
-0.8614177733224717
-0.5842236690138556
0.9485029592072004
0.15748309457410867
-0.5687150437136259
0.7255625023777383
0.5729922475378146
-1.8872015105697164
0.44465387898758574
0.7874565617537354
0.34523123607166073
-2.0385542727756034
-4.663329258500635
4.0690404228655845
5.703444540535312
-2.657224364772814
4.035379317786593
-7.539517393725926
-1.93522035213499
6.200247053729791
1.1482096294099944
0.9805560174447671
0.7858994753301379
-15.05079793541072
-0.0633155374782303
-9.352176914551702
4.26886755769149
15.416427967746973
35.47441108252405
-4.4348765332249656
4.029613879973667
0.2188864095024714
-13.102361100923245
6.907284502319156
-0.27298342434941053
-0.8053498399733405
10.791316459374922
-30.80621998025083
-0.4961986768505912
-17.554679949497043
0.12063013204114809
-0.033851187476321924
-0.033114028007214906
0.19502489362424436
-0.15201651980341563
0.053272244777052294
0.5646271777864134
-0.14172927585513775
0.1221649640079684
-0.7234856584431424
0.7538482250977273
0.1614537429183051
-0.05641181454445114
-1.5247622282189306
-0.05674438790615193
-0.03822754931029625
0.18802791375728922
0.1110123601884823
-0.0195754756106552
-0.09959070943286369
0.13220965724778241
-0.04874579271244704
0.1662282986079421
0.1182089321290082
-0.19501253805761082
0.03994896897460783
0.1709110127305112
-0.2990438109763404
0.022227726862396595
0.8548647226458785
-0.41955652785011416
-0.5104511479779176
6.792905212419863
0.11610553877393247
1.6704802015385858
16.620029843229204
-0.22423981302954352
-0.015312087760386282
0.2772473101726541
0.6110600345952013
-0.7461500701730129
0.16337719997172265
0.18130829826060169
0.16792732333544144
-0.15078244362251775
3.0204745093031686
1.8133323795631489
1.33310517121128
-0.8932826574220831
-0.009908414950978914
-4.355667922440906
3.807691775207634
-7.6047267529763625
-1.4754221611010663
-0.06751654134135279
-6.268476542574886
0.3330130437568777
-1.433264684801901
-1.5313765691323427
-0.0242772497554799
1.6882629817134684
-7.275615281373302
6.328320988243386
16.409935326913377
3.2604805959177723
-1.71978247242675
-11.241061474986148
-12.204076202528226
21.980042251736467
-10.033401406100294
-3.432816451920911
-31.263462667201004
-62.29786572243455
-6.9385449430339765
-8.683022028995955
-3.8367372556832198
39.19381466003086
2.3737242818029296
-3.3831082084063477
-6.570649085199933
2.8499717609525166
0.9050807218947787
2.038363690952317
1.4483361460328965
7.237643696764483
-10.762292491891948
-0.975827907981447
-1.5004844044655927
1.0150365914097856
15.629026380773881
0.2249969377919679
-0.49867135817273756
-1.4815096209988248
-0.1183568874551036
0.06440253381334117
1.6446274691537672
0.8038684243887567
0.8748181808678887
-1.4645742074641268
2.29254983271735
-0.5202941455694665
0.004248048591399705
0.14282720841866167
0.39891475369482765
0.19585675151214454
1.8787158612131452
0.8699839753689583
-9.230661840869004
-4.393799628199326
-0.11117114648531769
0.2544451946452443
-0.5997553313600962
0.8419014868558281
6.887061102210563
-1.0928372476962784
0.24293371696443136
0.9089855365293795
0.1368736171317985
0.07645212764249464
0.17675705894021473
-0.793623425819539
