16.86105935557822
-83.76299624858984
16.02645608446435
-143.1916264794048
-453.1070389646587
261.4138060051576
435.8892199318832
114.86553929150297
-189.7064856320958
805.3899623648061
-1381.2471013970824
-78.494308863857
74.72713120507343
-35.322270295017105
-1281.7293796600243
155.2997434695449
813.7619790865114
441.2889117021214
-29.969093205681787
626.6183811965802
-249.41443063906377
5.447465541648152
-160.8544099103531
-367.5692910436587
94.04288367255845
169.54034098128503
340.904769262859
-1.696178616821782
19.018971115449848
308.3376950873135
-77.60165666890714
-32.95294655065033
111.31814094266576
-9.864369942751997
-50.246963421691156
-26.653909854931154
-30.171097700026593
104.79451983219631
85.44632765244408
-62.47760612140173
-7.737009819133419
33.76132223417232
39.61358670076416
-20.793393781273284
6.136128084445934
14.325062367697809
29.234443562403584
-58.100006412646955
33.10884989069044
7.6442817785809165
-51.94985406325055
-17.411511553109303
-18.9493987926301
-102.56877729807816
-1.1053248738505197
3.5300694277855764
-3.966923282941102
47.34385330703665
-60.915186224440895
-209.14238847112767
-0.11488466219144429
10.354303276886423
-6.612264504878755
-36.82281746223573
55.46865781407315
-0.28084449541687956
-75.35793852254507
29.16239064690373
-0.014136546646749064
0.7147796427802873
13.835089264526346
-6.348858258666831
-112.63452617222772
3.7186203560802715
-14.734314950657263
-2.0893551840449316
42.091329551845114
0.3940958766078462
-1.2087963490562983
17.238814157765752
16.786642509218115
-5.5531966728923585
54.52089360281015
5.6993783031390235
-6.734984313107015
-20.785665515886354
-22.577726734815396
-38.6880034489158
-1.935001766268015
1.6322943755938377
42.43278927450868
-23.822034565930274
26.79642182837921
61.074140689782
-398.7767652716208
150.47267437016254
119.30189157428396
193.42778151175398
-103.91979481160796
199.54159505393918
95.5318442814389
-60.48389038745933
-427.4722814526862
673.100556113207
-91.50848653443892
-241.17728182780664
-64.2382834894134
-524.3623321633598
-29.986451667726563
117.52946910318954
112.70379177904316
-195.81634791213045
100.64486341733858
329.8132133200544
-381.27809988383456
445.17394229299214
79.39764156098055
55.31764729107532
-10.57960052207063
60.14341981979666
-92.29922205497775
71.12098774680462
-1.6648915791362449
-12.69569891374064
-72.52203749026177
374.8063263078903
108.17190486521146
-143.81747467685753
252.48121507295411
-184.8080970725583
-824.1603488294847
771.2276933113458
9709.259469024659
-586.4370106269968
-620.2088710544741
-2172.806808493225
1193.5761772464643
-2342.498782123614
-3940.075964474191
829.8279624369547
170.5129380702806
319.9811108373633
1849.1726266243552
125.67696583692447
-187.61828168890975
206.6749560205541
1602.0146160867225
1452.3625033247174
-2076.1283338904104
-1128.7401915705852
309.24324562272994
-628.4295475825373
1253.215041858715
1417.9932889777338
-108.49004595160464
3408.948200849819
391.22604008831433
696.948880604602
-5276.519031121998
2737.723862135544
2046.358301494801
83.62435652437847
353.93598213053053
-3414.757038560938
-456.3325075755481
2316.7171793551306
-3451.802480626263
-1478.0844770341253
-5579.0605135185
2112.297302405087
57.46687493051688
8.259246084406426
-2808.6641330104553
5011.11284278481
965.9700316028413
4517.850312405887
235.33327632166643
1664.5466167223003
78.76961058189703
-2471.2804654066126
118.40675957915788
-93.03105202653764
602.2625015005109
52.30495583015419
202.14875712551682
82.90727131957702
-95.40885469231455
-197.77137394709297
-387.0418504804267
95.84978597298358
-440.0974603695936
-978.3596973915389
1007.3800298988203
-505.556211347947
345.8651232695348
36.506536765796405
3.446565792508772
-57.32537913149182
-29.825757713264267
-3.8095185950554318
-285.2751421040455
11.572938084633765
59.62093888204893
303.9082812103888
-219.08326490387432
782.2484028761168
-41.05465789358512
-286.1300092645528
-39.486720030511286
-0.48248575562261575
575.5174997478241
-4.766722162440945
45.148264917630776
-329.6430260164827
28.386656372214215
76.02859256762302
-137.63674588963303
379.0008484185765
-169.1623768359643
-559.9782243574207
-172.1875453319144
-49.98379308643567
5.512494037580704
-7.320834336019383
35.26342655917586
91.35475768810812
-229.97012333837245
405.3821054029842
-92.33490783173113
409.5538491398881
657.2125050259816
78.10966226187985
126.51492296629867
225.20705812110762
-14.218529971571474
1494.158145557193
6099.500862674136
126.72097707360014
-176.67131132275497
-119.8479214826551
675.1765675745405
43.89397364961466
529.7948890052045
27.641649743920055
-1388.5853410104708
589.1625734950328
272.59274346264596
260.10750949425307
-541.2484210894252
168.46097474652748
53.606533627963834
118.494298674642
827.3623315702133
-99.06281500656468
-1084.1656015791727
1958.930037865618
-3443.982134685974
-348.38994293085335
1933.8712873382365
-711.0222123555728
-706.7041010189891
-449.7111291540202
-58.84328935250658
-93.63488643598667
347.8704252752468
293.02196679725324
-1089.254141207446
-44.35825495597385
572.4379818844104
-775.481310226093
-21.029657593302005
38.315006867830704
-57.206961295023156
-689.9277821485856
-455.4010469560241
459.06613446011704
-7.89581660877476
92.8225739245942
227.75249413611797
51.32172142093577
414.4262775382172
-534.7149134636899
82.04440027791972
38.223599831114655
68.89027095436855
-355.4161472234261
1520.2002144306489
-203.2370343439043
-695.3918904263452
512.6023597606334
45.31639379675806
-4.8325356037162495
0.8039659174225589
65.10157698288367
44.46457789074632
-265.84432226576087
-18.958529910409105
-43.31223616691648
115.62014322730393
13.354488667486839
62.173716506982565
281.5043431464193
231.67552111277166
-84.67421294596257
14.51064554164121
8.723671806469092
187.3359909445099
2.5669253398732734
-1.233952046679972
3.373344889584511
-6.232242703404922
-0.19318455561094072
0.008477153945995667
0.04527251245756815
-0.038221831583828116
-0.08799427122614203
4.358815250696728
19.150721332825896
-0.5875250948319787
0.06353957623858458
0.09525555702177176
-0.02624071354849708
-8.197053011990247
-7.172216709924509E-4
0.4577399605285751
0.06488855878000521
0.04840374331562544
-344.27424171806507
108.94176161087817
-2.159922775945674
-1.5680199654105176
1.689133111439856
-0.9804801676549311
0.1938330391769458
-0.03652968922908425
5.408363424166849
-3.2380562715222503
0.14456086669922544
-4.558624551332015
-91.88791393883626
-0.8809854524122008
64.15780525708611
7.750693841854956
-96.62861806613775
0.5131574298831603
-3.840241382551848
-0.3042269786030267
6.774592276303512
-16.266080434091133
38.333835533166855
2.088576542468947
-7.229337949150377
19.89509428960618
10.770677641834824
19.696879067939246
-1.085052495347433
-9.395509487317259
-11.661458164405186
-2.6432309277302255
-3.302748562024281
-122.56138927499178
-5.462310861478234
17.564747011217676
-2.7421591187124585
0.002248828644579367
125.2307385456785
-366.09091831491395
-5.594852958756279
63.88849714658328
29.75115887982373
1.8953878790893013
91.71274614117189
-53.767594088010746
-5.621781556469966
230.81929498897475
-206.47013094264506
11.769049840892988
-6.0181037880880925
94.91599736169687
12.334608290915181
23.342897078530985
0.6706456101473471
-68.62634877585256
4.5128527366190445
2.1576108168823755
0.05372069443093994
2.1572773103065064
17.583397597505662
-10.82958473177086
0.08026236454485801
-1.1609720984575784
-5.00132517750895
-15.357288898635487
0.03144339032027419
6.684026105732521
1.0323902468604664
-8.110723777214455
1.317149502616034
-0.14730529418184057
1.7001333754304473
-0.446644350523284
-2.000429469182759
12.348627967994405
10.29657438491265
3.022274739197125
-0.8299134098602706
-1.502842837318012
-3.499001565286173
-0.054557989882515194
2.551702110790182
-0.07889629549011173
3.4039614929181763
-16.38725657845201
-0.6557410804607666
0.05300019553954567
0.15862281306708603
0.9279176957897068
0.06106608924423218
0.36457495894479003
-0.8280280552945651
0.10203663440469203
0.10211872453302259
0.12400504579063443
-0.07440200350901581
0.20248289176102136
-0.03081020465656996
0.342455420980235
-1.0164323353746159
0.06947008329038037
-0.3435950580656253
-0.03520046759891851
0.08470208326400336
0.14679748053320157
0.04297710185435752
0.11391337864603991
0.006883630596032365
-0.05050734353078136
-0.7545783861194979
0.09367571407055943
0.05429312524341291
0.1935746364696978
-0.03453226036397191
-0.06031268914348082
0.7001900418824432
-0.1250813285564579
0.11366790881685028
0.053385388463941245
-0.06191315276401886
0.06872876328358088
0.0421187964792183
99.57023055679153
90.53504787862762
-103.43204291225413
-69.17367978008872
-363.9988907430542
34.654485611921636
-26.078871329940316
-33.59619058678812
6.378647640978088
48.66657536456174
-8.311054528879533
0.9852891718833678
-58.464837952959606
263.7781890307258
-1.7992616155773482
23.16502349033983
64.82764098753968
1.6677246057064044
-2.316619542862397
-36.739321507482806
7.868431609454382
0.10017580222701145
1.882925613979784
0.7517616467579058
-0.3651901078387998
-2.305204385842366
8.420813259693345
-7.198389584143135
2.9244020199770624
1.7051557840107652
-14.022801507529604
39.08033713303562
6.1463416823032
-24.53823563518922
17.313560678740288
5.0636564913871585
-28.99905901808307
51.839440754083945
-56.08195776917247
-16.652914189490698
83.41656235071383
-3.586955104176122
63.017665837111515
-1.6692249361120515
-18.777852724236077
1.7553447990638265
-14.901331927263616
-10.663792128733993
5.917971594440488
1.0565242495823837
9.460957943609348
-38.485939069357535
-24.445143215704487
-1.5936402628542177
55.45235136357365
-98.62141351483382
30.44198016321061
-3.401104476164265
61.157458539284725
-79.79460983484738
-19.83897576205468
48.7178187725906
0.38905632747816543
5.549325921713362
0.059867113661816226
0.8166345816351103
0.7135775819638002
-1.1813981230385961
7.692336844126061
10.769803995010996
-27.393133879256474
-6.005857857793905
-91.03515049002709
-31.087631169369015
0.2805375179727771
0.4681484089671272
10.864886051025572
4.810055769586511
-16.045534198446546
12.509809241418047
-5.2319376190310125
-27.87918475626636
2.127967805683565
17.990994742261616
1.633041287010275
89.52678385567543
-3.98402131106906
-44.91029288907157
17.165300421843355
6.557988719472828
0.021261221758745084
0.06935943232845322
0.05737470345415198
0.12858526805710277
0.05879545107871663
-0.16329529743862184
0.17332033743626254
0.09594971372167374
0.11185741549752784
-0.31274860267027843
-0.12288753687128942
0.09354585851269871
0.04245315297194181
-0.07777969915713953
0.032251701750814196
0.03848243712057711
0.0369997380210627
0.14222123225138616
-0.19745970420941755
-0.005247489611321847
0.1312665794092061
0.03768203818554386
0.0941875923236325
-0.34698327081269303
0.05619352132200717
-0.02103977612848063
1.326796496628807
0.056717231152193036
-0.08944809613999755
0.22544445769690313
151.6173575432701
-852.8356216837133
802.8699703808121
97.55434504314611
1048.542637235795
37.526254107485094
-283.7597976506541
-160.84792863843984
1317.0112592005246
-3630.6675140373104
495.5066190926231
-332.9910593070694
426.75106696076233
-126.77493594766126
1702.5265700079262
-357.22897684716094
1782.8164966897034
-63.87767550224771
-72.96560527803042
-85.9138823153368
-391.5787348547714
-0.6657316739477288
-946.8237371496446
-954.7476958432836
615.0587130068757
47.5329487945111
352.1580141336633
190.80119277516476
-70.5300124982484
-1078.2901831532215
535.6209813209076
-350.59137655288583
1376.4423524494557
254.49463540128434
-872.1732383405158
-19.372579562506758
-5.1455664294068315
-360.6765806401804
327.5315472035073
187.5802862822899
947.2447587763943
-316.11083208149375
-244.76244410110397
62.59771832142523
-8.174230972098206
-1309.5788812608496
6.888769527415362
461.6041052821309
52.58114737343938
-785.1123945389428
242.8759380124129
61.77172616996467
330.14760978367536
-1201.4032196593057
80.22458806812026
97.79725610649375
1179.974121134857
-81.3626729964053
-414.7441793004484
-50.86494928996827
58.7360242408377
0.0734203077631731
-0.5650178102756827
16.598507613889804
14.525046109287807
-8.429041728132114
2.8177293971792663
4.545468186373052
-15.90417065717456
-16.613538636574336
30.158224551610953
-5.278639161542512
37.19980923639255
0.4498419925834136
-15.549441307915687
-16.670105293247882
-36.86406285277284
-0.40305216189074716
-7.93082095307833
22.973213677147022
7.847977889022415
4.010297975525074
0.05979706694079024
-0.5692757610471043
-168.8111340356943
3.733919747430083
4.036885694457338
-5.391957365477456
-1.0087050928593206
10.025643114651148
-2.1296116537670313
-2.4301039717782333
4.731990334165875
0.5554076585692936
-18.49145611806577
3.457111965703349
9.781636535356158
29.9180838120285
39.91776410412391
-12.518023094146473
-0.30571073383625597
-25.19588829465287
-38.18273436128852
-29.293311677023954
10.90303669321637
-5.703532831589841
4.057206211778456
-7.448837478061787
0.07495097478254716
-5.7656985563559
0.03589197752847417
2.040210842212593
33.33647528371071
34.048546545928
0.10862331666043139
-11.660078993981156
12.672586946075903
-0.07471149430911046
-10.561804938507125
14.082784409237998
186.64629221958063
92.3594189830454
70.41680484692813
188.27512709947408
-210.1594651352846
-945.30286101697
80.16030573364006
-69.39720772185935
82.24097525677197
-28.160038269676615
112.34794932135205
61.363061235600654
-39.55642125605419
639.0036294338983
-213.11417437947213
97.75621095439945
-16.52792397412864
-33.45121102653655
-492.9946786231307
-85.79540942834475
395.83840966226154
-176.6913395280624
15.638678035465928
67.30551808537597
-4.954714334658924
-43.45272682542251
7.887312943470807
-72.44245111770293
-8.569539320622365
12.310888780392586
-271.19337648519394
-572.5738343828913
11.70838124178633
-61.14407842885411
166.47111384457568
-219.87043805487409
-62.9478760793127
-2.9998454976160307
-38.128552039871025
169.98514282280564
-299.73410759487797
-67.51533332481962
110.80740278903436
-99.67546185509437
586.4635940036981
128.47944462638782
134.30329890644649
-23.581944020785297
10.261919627131347
3.609411047467437
-4.661523635203526
-1.6540594558674375
-2.9247450120460248
9.503295972118817
6.224267768352857
-6.737229728499057
1.4973215520681715
-4.489692383614308
57.94407102013631
-4.472080607945927
-164.32866101801568
-19.709425532005934
-39.28490250188274
-219.97912030722776
-115.23103407598589
22.228886576771338
-18.53928295556618
39.36943366005779
1.5792535165128325
68.8699568220149
196.6658078756984
-219.16647061387485
-12.934442322079827
-65.74352318388887
0.03153146807155362
16.21439332826985
14.138658563636959
96.98838061295908
-0.7797824339881786
-8.304102153094862
-54.53754004628715
15.426791250704596
-69.19611976384721
94.28719968273971
-3.1148768794302395
-6.65309234083809
-1.041997456817311
14.947916190935306
-8.17716789668458
0.017586441238415504
28.570679736244273
29.454686238859857
-220.56628658919274
19.550359584321956
65.54498168455912
-645.0295802936369
186.39148704071278
125.6457712878326
138.70648065408713
17.580636797187594
-74.57820655956303
-273.909717190356
-54.641430930860324
264.3711080769737
-39.4401687019342
83.8933780902548
534.9119438002335
-99.85142287465634
59.63202442364459
275.0594621615957
23.356909592632125
1507.6011738452212
1072.5350439284257
-2.209966178965832
917.783539580695
-687.5916331065657
-343.69043608528324
-123.35901483252691
-90.85172946098051
171.87456093586925
121.11570041659218
-192.86704936997148
-56.809428712322834
32.2410115937922
100.53114189694982
-57.808925137412565
-52.39461057810826
-11.214608439498196
11.713826987440868
-14.859351084813149
-35.54797551629293
4.162735053231559
-3.8667421765392227
-9.35919396116854
1.807880138298155
276.4107115872228
-11.701644691062135
-1.4816401122485547
-5.712851340977324
2.4122563129437196
4.259248822911442
0.0983593402500899
1.8254743353227705
-19.02039434857767
-4.565345782339048
4.583487416714425
-2.6452435133311654
-3.518339651786646
-5.312850477883743
-0.2048472452302173
0.011561822197488742
-0.522294613023204
0.08894027241359599
0.10203003629540194
-0.33841868433673833
0.4677280469989272
2.2824964286360525
-0.08180330636016649
0.1177283376417394
-2.510804199988359
3.7905741629593472
0.07137089184640484
-0.0267248658323256
1.3508831042455196
-0.3727549051703547
0.06286185675408842
0.0353481782253694
0.6530223000462004
-0.16354814402546694
-0.16948902139259378
0.06891140004323972
0.2233705173269713
-0.5975821635911367
-0.057414901574477664
-0.07913152654865768
0.22281755841969222
0.5631472735457895
-0.15771829933915205
0.05473843282178536
-2.974676578716249
0.22913663978278712
0.6389220563806665
4.9205539073076965
-0.11815476107692455
-0.09129799979027513
45.83363759742172
0.44227581293913565
-0.5028595098634329
-0.20285613109328648
-1.5588365805070576
0.36102873895696236
0.07000179903882844
0.09533587118986211
0.09162010230739893
1.5584580440491531
-19.87686938949835
-3.072012589003724
-4.060853928037378
-1.1030902290700375
0.05108945967470197
20.231431799144314
10.899539680445278
-0.7319340368110996
24.08893956536228
-44.24915504811467
-36.22344618606716
0.3774844668651083
6.5630734415781316
18.38795236522494
-0.799155750042782
-1.5524795195639882
1.0940321592665425
4.409720337866055
-1.3218886319039171
65.56623252559119
0.2146388968671692
-54.82827438792067
-7.752721177136124
-4.860979359331845
0.3363407421333824
4.727796030777503
-58.421701478145884
2.4646895744472763
2.8089597912901767
25.648118964742846
54.77443643253053
0.1671049821566372
-8.971433353342514
5.303616166786657
-15.186170502511652
-30.45951473506178
-13.365096816044977
0.4173861094478409
0.6211659734891318
-4.0119260869088516
7.625398132539135
-1.8674232725596411
9.957274428717485
1.8647772084400762
-11.535115699043265
-48.457911663132606
-5.602077260695973
-10.480153412739407
0.7232261041240834
-0.2825027242085141
-3.2691163904431013
-3.511634397487746
-0.760963513661315
-5.309897039892563
16.108665123006514
1.4447509364515894
-0.07472941769669228
0.36091613097189407
-1.2111761120513262
-0.09265455333690263
11.375906360150665
-0.9727697492657768
7.077447480622197
-50.07154287910633
-3.0497939747214846
13.591983350050075
-4.062359140089069
12.057838408117455
40.99289097639802
5.690809880915397
-27.51926922605909
-2.2087786564100456
-12.061453571474384
-3.552141793650582
5.793371717088378
-0.8920311747236869
