30.355113282037742
-14.506941718644958
-23.295569269727423
-38.62971438038159
-0.8923808209897112
-21.004228153410065
70.30216001820678
-26.56762291957018
26.06599675560328
-77.33369118775308
-69.98062647597676
0.4360414322801015
-7.135509572270115
-17.646779688774963
-89.76375619640719
-15.117980138141482
45.304684249349464
29.133273520218808
27.828651446576025
-1.7131846072295536
-59.5572093466437
11.491233421656075
55.98644076199457
5.406390608936136
48.87582446761635
-26.138415459568378
29.65122054872685
-30.927933233046456
-88.93980550453004
-1.870447875117207
151.64751670495414
39.14708621441353
-122.58299187087407
95.32732161439918
-436.84638207371165
-835.9866450435022
-19.10112730776482
504.0331091713458
335.71602169792783
-202.35854585178862
143.3963398441853
135.3822507393438
-126.88546665189989
1645.8975753651546
147.1955265889524
35.99228150447996
543.1667549576571
714.491387832111
403.4620491987398
140.43039268659126
-646.9912188825392
-15.761675886712421
-13.721298805288729
-741.6835217535345
-173.54424547356567
-83.95990339183427
1866.599906253954
251.58547130109545
-366.97957989668765
-10.636114689627249
-31.962171972252147
-79.86648412904361
81.4584832211144
-38.797410868164555
72.95330775687732
11.793165760905358
187.9055602171857
-16.2531937085789
1.1931331133868686
132.5064860881605
-305.7204641271385
-189.66805755029154
-1874.1759815359744
-211.14014600137386
-51.653709161326724
-10.947680873395678
-2.1144548833531647
5.138228907047505
1.3834019028414857
-101.45062309613526
570.8994414051937
-131.08497401953957
-64.67997480680391
-237.6749350738855
-70.34465031131997
81.0682066271907
14.920418455872186
153.871818335771
-389.6028013815515
191.98094776879674
-8.27697771550431
-6.768069158089217
-3.7420465740069297
2.4713101528218284
8.199500245977317
-5.043476911317473
14.956392129023456
39.19149540611077
-3.057687288754509
-28.098777821662686
-0.15108205702745003
-10.38241419118718
14.102982493210689
-21.48888298583343
-1.0715002512682787
56.47565781691866
-356.49891592164056
30.681867325895833
527.558248580708
16.087745639305634
-275.38282055377476
-106.86490380870111
36.64003545960902
12.402241471288999
-169.53806860445698
31.10117696346722
247.86528082003136
13.342413930931437
-4.68113255225987
2.3965571585565084
3.9543832101562515
2.9189707173616313
-1.5786745935449598
-0.5291640512826328
25.4921308711409
6.507310460024523
-6.573368595746258
78.27326900070416
-168.05123332482097
-11.119384065824223
-27.30293598536975
-67.56545342447613
45.294525605800054
-185.28115350761345
57.85734878386797
255.32223619278082
-265.453013908035
-19.22319333104154
134.10989113802387
40.492528132220585
76.56871093465745
89.89752227865762
101.27686001468985
31.62557649831571
10.180389983971123
-18.925885493231934
-29.46368337272471
-5.2555168875623055
1.8217630675797432
-89.77507310391529
-23.39306438462427
222.81709407056496
-275.8875654320902
-100.317374575754
809.6360568759387
-32.07185333755823
-19.700561426151612
99.59169491299434
-249.39079425809646
248.98205690326432
-45.27056856122029
-42.96324361813382
-0.16462367963179922
184.66860414845684
-438.41102611062746
325.3987612371892
-427.83282856039716
273.17968118877144
153.8679071101764
210.97241681696445
-112.17908195008816
100.3345912653153
-149.69696397503176
-645.4651727758788
83.50616470223036
-509.6546887370271
-195.4729968659331
698.1439937159131
-258.3914517981717
-206.97943000901725
1212.175987225344
198.8358061344794
110.32268186707098
47.567100643247386
-735.9709304869244
97.34558698405436
-440.42832497707116
493.1550856206986
544.6519645123956
-818.5163501497626
55.34809641122694
59.32851024834853
-190.5405849225698
486.55640770814796
-113.10720221263597
46.914805409164124
-131.58503234119104
153.11549997954717
-1343.3596746351511
-94.37306956644615
101.13610116573894
-73.32052621950363
30.08095676999857
-423.72661391201115
509.11858512065305
145.64032506634706
-15.861717313079742
1157.2521252048532
113.65276834969508
-5.318482651984702
-9.4451867190521
11.377939115794684
14.005079979363769
13.182388519946869
-12.231021039109763
-3.263206660464434
-3.188052169708497
-9.125148193888272
6.355262445376149
12.033216152637287
-1.1443953919336802
2.056840712943436
2.086326279038294
-2.728737778551086
-3.425590434736688
-2.1685129274333046
-0.45056292927866487
-12.497743496830605
9.771437776119553
-8.003320621878915
3.905805179326077
-2.7628253291572826
-5.087813395299653
3.465549944788541
9.64979435880957
-8.351446304607647
-19.88006305207032
0.4622515538828246
-2.177799040655613
1.4905873560802714
49.90478953352017
5.791531328943808
-17.989137396525116
8.22533627753828
-46.52421420288296
51.25112581257003
-52.03364442968843
1.3467315129124247
-21.045732677951307
-91.02574359687829
-41.753617347861095
-30.951999202352297
4.296911876204818
-30.766253204123306
11.620832547318797
-58.75097685698387
-171.33911801560689
22.579070753991733
200.73218720459087
63.76826086168747
46.51984282073536
-43.24238480856524
-28.272802984049612
-71.16379313544563
67.9780407601369
175.35903692674734
-152.86225893731682
79.20660228327954
-92.20064517236544
102.4424415456926
5.684077572302751
1.0132376552190476
-1.3241191900704015
-52.21533596801035
57.64593035992294
19.599177753684025
-1.1168775565940139
19.311244224984527
-4.616246363144338
1.2177103234621958
30.067305410641904
73.44575395788463
-173.23681389562336
0.43218563007072425
2.1055109280665465
-11.910206408076474
99.24288867737025
-25.903877984688712
13.61657805630211
-35.52412176548337
-0.2744040566898528
-0.7518540249848084
-1.5176672906841604
4.627668867731045
-6.574878262071103
1.4420870260716765
0.8647183269631111
1.9165035587320005
8.775863847090372
0.6100066014660327
-11.464547151790658
733.0857176610374
-43.22646379311448
-181.572811809278
156.44648407492676
-94.44646209566174
-39.99262294417674
108.28570062033101
12.128447166065857
49.7931847940439
46.274603566159364
-6.861737589325061
-1.4383217276492373
1.6115886780414743
0.16769137852606245
1.1121492551498529
4.314310867124514
-267.4692584545622
-50.225799398348215
-0.043046654417299705
0.14067684461242436
-0.19896863149614927
-5.835976992930113
-2.2088689045639276
5.186743092427729
0.05732891663654295
0.018460899848006296
344.24799650276657
121.97547032999054
-16.52227484051556
1.0585145662981106
0.19745160569861542
-0.553093141860511
0.27070662060461775
0.059470085729698856
-1.4419830968502703
0.3295335686153549
1.0852980015822806
4.483972004436404
19.992114004648503
0.6205250237235235
10.109772341825414
-23.610649998101724
11.342032085915053
2.475621849572046
-1.5097625066544413
-0.35606548987375214
2.472715354307589
8.368294775126781
-7.124420313488118
15.746739728467974
-2.0361055698751187
-4.483957640655566
-4.819338723787326
-20.806046725501833
-2.92064783981391
-15.322921898991638
0.1538008658492909
-1.0302813471431562
-0.1084266160094856
-130.73662956533332
-3.612568613382022
-37.07794004807757
17.812978162558192
4.614695318235096
-747.0058271202026
1546.9838331017224
-269.0572541491928
-264.8755735176005
7.00900835558559
95.630881408683
-62.05432676324494
202.2009772257835
245.52095107187668
1835.020488584209
-390.2332011634126
7.087546451016608
48.64764756517255
-260.94153478955593
1.1415436690896257
118.32907749673925
8.225077197698191
-235.73841790556313
107.05677287747191
-168.83125981634416
-0.1214612835068638
16.601471527762616
7.472933485322089
48.1601805982671
0.12057211015812024
0.6015726663134837
0.14255073536877014
-3.352311245079686
1.2500581321592672
7.715953457233721
-1.8811764632129795
15.433082007940016
16.390414448117415
-2.333929991846359
1.593803803417687
-1.98338118375705
17.622008643258003
-23.019095006611312
-7.856494815705203
3.23872664743818
2.2453066263847137
-1.3538524252406265
1.003095803459633
0.4663728084120658
65.52032500754463
3.6110883799519122
-9.440374991586559
147.35285394676336
-3.003586650411529
-0.28973519599971026
-0.8306273558624602
7.879765520039592
-4.96165244330571
0.834500132792409
4.338948850200138
0.10505102623867298
0.100372479994525
1.0514084629243594
0.10244068755879265
-2.059906490073718
0.27564656837961116
-0.2723953338593002
-1.7817145223321427
0.13530617034386427
1.9145966521779776
-1.239804069107682
0.288685951930756
-0.7493149521398852
0.32939231133349256
-1.4596721239168151
-0.13424117167928037
-0.3726257362495289
1.0508242520387394
-0.0017586952674727514
0.055942680597993455
0.829575957106005
-0.608411524541541
-0.037660109430794564
-0.5467591106119193
1.1100560094710186
-0.04315901608718226
0.05452429740436927
0.30116903987697113
0.07151806444947376
-0.28596678964078065
68.40265122651957
-92.22643866615527
75.47798071790235
408.0817230331419
-382.3869082646473
-67.95512303476822
279.1465586262061
-52.32654232686101
-57.42939864610812
-100.4424075654632
36.05159159603448
-14.808365326675696
225.49820988071747
-1237.9168858860921
-140.74825100228696
246.099715884033
-692.9858901633271
-34.76412917077878
-16.35444757152432
108.12438047727655
282.7669947301481
0.18977168581588444
19.233911844438996
-8.912683180030074
18.684533740462616
-31.824699441491003
-9.8263971948413
9.361082889075812
50.14919443117801
-17.696627549154492
0.780303772561549
-4.081646259774537
0.10603566256479718
2.083674924812506
1.1331035011186672
1.3856430490185367
4.4211010995020406
-4.564456874060708
3.3874204616860264
0.14764543571690483
-26.356266191727123
2.5784947652687276
-0.23076808206767352
1.8894022613544705
-0.5324078967845809
5.4380944066563295
-0.4930007864484435
4.579271190125431
3.911474126175881
2.363298959646764
0.6961341910549639
4.990908503694317
-2.192618982386674
8.22502186030883
-2.26316303318901
-6.430795511778018
4.917323295376659
2.5151008302988
-3.9761308252639
-4.28031382360553
74.97813283864924
521.0617941390358
16.89677554293796
654.9678189858075
7.311432723476831
-113.8861755960411
-273.6018831922756
101.65114232494591
680.884996587441
-181.85335678485748
659.6575439088095
1068.2167291498672
714.2856265022499
623.8267040086383
199.93231689608612
-2.776798213916197
-557.0989790183087
131.45810070811854
1013.7021040433439
-360.67677474388904
5.5143978032914465
-230.99054264059987
-47.24213864897504
-742.0077683384311
-115.09985079245318
452.09349268778357
111.2903900444035
1680.225730553031
-1190.8659654955536
418.2292722449492
13.156565853607367
-1.2273378807707926
0.9620035409231849
0.3893756611710335
-1.751969979777999
-8.7390407766636
-0.2870251881205415
-2.9283178177124496
5.800361973201607
3.2921037332430627
5.812864860389686
0.5070044639522197
-0.0942408807642797
3.253222250024221
1.5138996707132075
0.02430611512649372
-0.5676075843416553
0.10828516701332043
-1.1657047754845997
7.999424334820416
-0.46338088032831126
-0.2820251675513347
-0.9448955769004906
-54.421886514971234
0.7446470027185284
5.1634229232096525
-6.4700840227053655
0.09531977126581431
0.41452559257250804
3.516810034450177
0.2017078953779517
55.17207950400509
26.374269251998886
3.3674203216472702
65.42995706751144
40.82588889234611
-38.59315354876199
0.846173703601051
177.96377947179053
-237.80935085608732
-13.92527518299014
2.8736553958458373
-8.151311073253135
-22.79623056422511
-5.5427845197584675
-103.32312999213225
161.5986304221929
-20.307422177621408
-32.108847746326376
21.652801412609143
-36.36096052137372
-5.5163978995449305
-86.61821064722092
-38.50525561971506
201.35997333938636
-2.08464719346143
-13.682721795176088
30.93193335396148
-3.681147613058415
-92.14142710675442
0.010027774918943364
15.361152134176944
58.90403157235605
-24.638979620925237
2.4924151241199253
-3.095257556880715
54.85647164222685
-36.18598101686531
40.404722775119055
15.068177529535117
67.63863464678215
-54.754882726902444
25.439533562470874
-3.2272134124660696
-59.87990673243115
-8.450109074822452
-25.815255216635443
32.372743280578575
13.482343241038125
-22.37764957880516
-61.666616553795585
134.1470522473384
-133.17649076365097
-40.35609931091867
-5.959496093822518
51.12380839127617
75.59474846524849
-12.146642122002286
-40.7575034167675
-0.7200309865120305
454.27997123854664
-0.11442165931174071
7.490061351090789
-277.2238724527203
55.50432896626455
47.025780632216204
-6.34533163708834
-267.7551245915828
-346.5357773606891
-90.70339871650258
99.6026451001796
-121.81950596130626
1050.0628683609234
17.87077909507537
-19.759382615400412
130.19586054362796
44.1962216594179
0.020414147051574058
-361.70511289285486
70.14249134571848
-24.950633171473182
-77.35264057191687
0.11318853472793114
12.199641857453939
3.729418005672504
0.7084288100235447
-29.20240679558481
1.3659154997630119
-2.8379577429875114
-32.26634879804078
-133.66303866923306
6.2407715969217685
-39.5665843908426
-0.2958258152324176
-126.55624487773208
-22.714136581111273
-167.2175092713943
211.33801594964498
-141.63844370525595
266.38876159360063
1.8985349973223522
-151.90660148828056
10.1706680930113
-71.50840984233557
35.54274475966511
84.32439380362356
-28.918096765359024
-6.124841682765561
-0.39847106428304957
-18.3490207433147
-2.3828617590589793
2.935598734991335
35.85771834270841
4.668988143300353
0.07781942783547552
75.2433468956897
-15.636023254755933
-0.997008271986065
235.6336411309218
-78.82427566557617
10.889197923300644
0.34452183811275294
38.06594510570965
37.09130851217302
-82.58990865972214
-70.54023378224016
-10.575335524088617
-173.71833164905217
-53.278520626582115
103.94421828887809
-9.150278163165607
11.273443031997234
-28.942422112622147
-18.64261578609045
-2.205212176243032
-59.76368189262017
-123.00149587861367
-2.105438402504321
108.03122302145943
8.306535917244966
60.12269442265567
17.627764795781726
-0.010148050671073824
64.88219012410818
0.3953479256790119
-19.563844177455543
8.938969492657327
-0.6256539399928058
-0.5191390329372199
-22.128585610696913
4.480492184641959
121.17218300785996
42.55937206477269
-23.676548791883356
7.380527919324511
3.1608686438052054
19.498782009260147
35.88329727535623
5.236931610901252
10.483676438760984
-9.4172921008898
-1.0829481935441923
-11.231694811634465
-2.3835825072373966
-293.06730562616224
14.725200089012231
1.0956997226797467
85.22673123210346
-15.839010615855054
-0.02091910595071706
-1.2825190403695845
1.0948118366994197
-5.294643160674335
14.620887415399588
-0.034661316855601844
-21.284838223819044
5.192170039851624
1.5336541207604586
-2.9689250408497045
-7.993053248557358
-32.93837314786154
6.618713020655737
20.231823644153256
0.9051601567641538
42.8367422353047
-7.743239614727935
26.877649271907398
22.255741325665575
2.4185090926686654
0.8697391770980057
-32.063150864249664
-10.208481958187319
-1.5501937649910424
22.60370926439271
-3.25205698653237
10.122389158797295
-4.131893310757666
-5.757180844197343
0.12721798538880555
-5.44986395310829
-0.4859186934563519
6.298135584014992
24.007780708325704
-8.338746532298597
-4.927115255749282
-6.373798911311448
-4.872348175049379
30.91027217500297
-48.4712451134938
3.53432142953313
8.629370074514366
21.6623447074526
69.64278277307125
22.444367270403752
88.47098335251859
-758.9003509452285
-59.86480646337947
213.13406861288937
-121.01493365520552
-58.72725165890194
-22.077744598458878
258.0566915610194
-40.54281060894196
486.104124192883
2.5558780469357347
-160.89388223432704
-184.93637290834843
-115.46986373769865
0.13294807259010968
16.814398198608338
212.38593938195888
-4.6616835170216815
-108.22253141321072
0.8068353844864272
163.66633412016452
-40.023771685663874
14.276499717099869
-92.2532391353372
-22.2467235446751
25.234754281406698
-78.19466943313112
110.76515896940833
-23.862437577564112
304.0219423788301
8.035986594216341
-25.193858600430836
5.672373210042196
-216.48373218517185
32.61804781337582
-31.446607092211305
-37.392227130430065
48.42640202257365
19.115027055811094
-145.8222649211592
-21.995827044805928
64.90970266876609
-381.3149069979682
0.22791920913220196
26.86015964850012
16.143851403866496
-56.30378081305422
0.0561084575222517
-10.404602849500408
63.68694982457046
18.991721386254216
2.7178810420271566
3.6969053386978348
-1.4542609707969207
8.25084663977862
18.13968957068688
-0.4840708561375232
-2.1287721999403577
2.8212042121784253
0.10504422879925444
-0.7458903799064897
-1.5459077247509694
5.86736118898047
0.185822966926874
0.24804938206937155
7.189749212296202
-9.19424633674939
0.17558679513065126
1.0113815895937248
-15.8690251729158
-3.7227389621853915
0.27444825188628025
-0.1357934663270645
-0.28921728967553195
1.074197390568727
2.475005692355277
-0.047175329103270124
0.8160019361402469
0.23594837879044198
-0.20980595541950794
-0.958852268024971
0.7693135903442317
0.0837066308608794
-0.1667755391513198
-0.2431151855707071
24.806659883855428
-5.268306554282249
18.80266563870711
153.6679320071079
-0.9926857491276985
-5.875313039937941
-60.545721104228555
-2.442683735628593
7.504714128097188
3.0678615411534613
0.23941985467238375
-29.866275698547092
-0.01810531050298248
0.10121400749567602
0.0810141312933049
-14.205046563142727
-174.2025910098509
0.34187212751804885
-32.5371503287297
7.645807748505188
0.4142096284443246
-138.90552884899662
-41.45063428409558
-2.065333102150634
15.032410323707113
-8.239395488394765
411.5306248978684
38.68958106350559
-2.2733081958224273
221.8639893006693
-7.808955601426644
1.0261536713906072
79.35704549963118
-40.20011963283479
-242.26887920455266
6.917908145204384
-42.78794900573291
-30.550277567731726
116.90559193984957
356.63604472455484
279.84148584098995
-28.89114899410113
-201.50592704175438
-12.403092416534076
58.04118185417391
-74.1156914083314
-5.2940991617674875
42.077996345588666
156.36277143925855
2.8927842198922247
59.299402697066306
706.715282290636
-64.06330623835598
12.377389163293849
-3.1796344161742507
146.86269523209924
-384.6722442166543
-12.266709613977733
101.71234659510803
-41.61271128500966
458.396132376113
101.53228952807115
-21.284622216868982
7.682153482348311
0.03266620020855778
-1.9118178071856118
10.653356477740228
-30.46720435212135
14.177840042699719
-12.328284045343754
67.84814526192714
-5.366903127590813
4.70735195372482
0.7012630995179209
4.042878662912432
-5.792069415344849
-103.69156284026371
-4.405833857231031
31.03149990428723
42.00283928231509
-1.9255952957768834
-41.46439436767673
11.734826739889344
79.12593191230064
30.164124073308727
-2.502844660235799
41.059022808693726
-22.42100124809248
61.53291769294454
8.384396408205113
5.188296883159777
-0.8888415213736587
