-1358.5556352133572
381.24413852949164
-960.5795578534395
4775.295371484798
1322.262534921265
-833.768473729945
642.2458745005256
565.6695298963243
1020.36942623346
-2174.711480725941
-1941.0954460574892
-1485.3292978904851
421.16380984517724
874.9848355601735
4122.402949441701
655.0176684242037
-3015.634322185489
2603.4327204236965
-886.6643138008781
1582.970682575259
-7484.495621582693
-2347.0127098818057
844.3371416442463
3247.8194214198697
-7519.593891699238
1637.8195981686035
1188.8595656722841
-4204.6904784661665
1768.345344984905
2323.7448721245523
25139.205768361255
1735.2444135484614
-21052.60791154499
33525.86214371491
3629.430549004979
4847.607260064279
-105.18008401021476
2407.565850107597
7757.429763315628
-1274.542867002609
-1242.2969002829984
13354.484080453949
8835.077049469584
18252.385134046413
877.220315916097
-237.71708576776143
4555.5965339451295
1688.831367811688
9246.459259209876
1057.7121059001195
-7465.163940998977
-2682.37247799187
-11470.205177436806
-12310.660530469708
371.67999089326867
-1693.553292811984
22528.70155736626
9510.6681051967
10951.886129013705
737.7346477661058
62.77453212716016
-1488.169865764881
591.5677620306203
-546.4884037546891
-1954.6614768118686
-252.17011494648077
-4638.248945068548
-4785.490633705494
0.7731325971316018
-1500.5898660694645
2157.8187711004575
-2601.5549015155284
26311.869455370266
1881.6104729170795
1800.817512254463
-138.78425169900342
3406.5481002779647
-165.83025332565794
-16.824176949023048
4128.566691293453
7423.272221904453
778.364986840861
-201.83510334290978
-1362.111354539227
2108.082870481807
-2184.45426595156
528.6095193200781
-587.6101328181695
12320.806234712258
2388.296756200658
1296.1605530602762
1585.2842427806174
-313.25684417259885
1996.8472237431122
-2160.0854246668982
-341.3485097529194
244.25048084442588
-2199.577745718173
403.400464153161
-233.7663344820429
384.0169567433984
-184.1124669406103
-5594.595431663512
6912.12931172921
509.8110941827836
-5635.713032522919
3768.789198222643
-482.5431279917634
-13616.030468922785
-4879.084521196389
16009.719172159563
-3833.0127524329087
2096.9461940820156
-409.9806458066903
6134.481166654633
-1965.52271426107
-917.019473924296
-886.0753358116588
1228.0103769141112
-445.5073373085973
-433.345187271366
211.10222118116883
48.59470658466611
280.66156583308015
-1286.672427406498
-529.5730656079145
2111.379015949374
975.1003687176697
846.1909968880778
-1713.277551130964
-7698.122768333826
6047.317200645177
4203.65647481766
-1969.9953699609189
3170.2501949635353
-1343.0340327785946
216.10751083167506
866.3593919325562
1068.8080312433458
-4679.104534771205
-1972.3700234038074
-4161.6179664020665
-4869.300855292902
500.2459744730942
-3066.633744206529
819.7082277664274
1756.8306493591958
119.4775343294922
-826.5370098086263
-1829.5344692845558
9234.038983921519
-5484.2866477233365
-14381.243534960482
-2831.0932353050252
12889.304113370366
-3756.593459401647
3887.783535227385
14421.090706186003
-6155.235776607871
-28062.873926983353
5424.866660535894
1217.9811762795066
-4592.708972872699
-2573.9301629171987
-7758.207391577699
-3639.6982840049727
-20565.780184921416
12716.892762399511
1532.9957710971632
-3371.2824832276083
-353.08387453769114
-650.5946190709891
-176.79987246024447
21276.327508292572
-1622.4413110996104
3886.667384997519
5261.332274778611
13508.801114715958
-4080.583106890468
7268.067902544327
1036.1364073187535
1376.972575757602
8400.76547405749
805.0325821873732
-15444.406301168185
5831.805702931419
17899.589857581712
26737.803682862006
-6574.998019988371
-23001.21620501584
-498.90189024349576
-23601.653975085086
16078.473841739302
802.4017932682494
7723.924048878249
-870.5022728795841
-2250.029325833645
-2124.7961138387022
-30260.901567043868
-2970.582362065556
-10047.888873119116
-723.192854925202
108.96565804360307
12790.857877072796
-1145.8870073393837
-2610.944315837319
-11600.322428477615
21412.543469989756
554.6120791521948
38.3970794417953
-806.600184379886
1348.616960687893
249.01796665182184
-326.9451513705529
16.959931204505835
-151.71157685267448
86.3782312225857
-104.26920758945397
-106.08673350406595
271.72207774182453
-109.97916515369236
-113.4732581086036
61.91077115730666
-50.020026847521834
-57.93336335611393
-262.2667542890885
76.81266599969545
337.9542838990526
855.6990017804746
18.37582183412818
-434.7893377742554
-597.4823545563096
182.07057829551593
-4.751110517873249
-17.812810864031068
-1320.0758680375066
-1917.4219209530518
384.095905343331
-381.06557962761997
327.51728153904753
-4394.250963484763
-1272.0613903033177
-5510.073282423787
4209.880952921287
1606.8070195076907
2686.1629171080253
-3746.141465136087
-571.0002307966807
-380.92991554906456
662.3921822730225
-331.07698986869366
-401.85438476200846
-6298.112869099527
3125.8227984356145
992.0916047697359
-2686.5320602503557
-7059.229661868842
236.88446702528708
2271.410622707953
16837.386981701453
20400.414039481908
-1173.39395542714
-2689.8589930520475
554.9364597574445
1176.918107035852
3192.901341545104
1387.4656967657638
-269.94406631834113
579.3988320157434
-3087.5615327100186
-95.39503004844381
31.288644732764702
-57.23337336383241
-1761.807084404686
3414.7839361262536
-1808.1441499974871
117.6415286147695
-615.192468267507
-2358.723409488861
745.5221049111923
-3270.0218732321814
7210.753675000729
2832.397759206306
127.06559551280792
-795.1568797446487
512.719045572286
-6196.621930251064
2398.4981689644846
545.9703223325731
-924.2409257337964
-575.8129905869661
-541.0385612106415
200.85805524318198
39.181014715254925
269.3062869998703
-283.5555110269159
-607.1695359934222
272.0020981310727
74.57678001902696
17.033784113844398
208.58215708352395
5025.400215919898
2579.1757337610748
-6672.917350758085
-245.31697014255164
1759.7183010189024
-1590.2269844790003
-261.84720434763483
280.9316142198792
55.064943248674616
-798.1276879029019
-55.79485269003183
-0.8205193610579674
0.1762936172284874
-0.8574958333588759
9.396653778711183
-31.504640264554123
108.50562005837698
-282.59005612452046
-0.16095578415745843
-0.9567221152046193
0.5363994861130131
-60.96743871138652
3.7531514366472827
-8.147890405080899
-0.4716534470780717
-0.8100136795529935
15300.283312411395
863.5013394775541
72.6767230601968
-34.82319777638761
-39.09032701983714
50.94784319683507
12.335853714144514
2.4906031634840993
20.977821219878255
-162.70202109463628
-2.1214546672023404
50.50312739978481
-1180.599897130672
2.925127424724435
-335.65783896077926
1352.6110514117206
103.27935035384334
182.63062287174287
-95.22635928122445
-18.357011426031452
30.18792856268367
-311.60863768797213
903.0134441117444
20.82961359417521
48.13783716383565
-153.62528959421383
-262.00931847996446
88.97553558533221
-55.54802600305325
-185.8449682637425
348.64392535351715
-77.78289968882231
19.83971314368127
1766.4658035413413
-3515.2661960862065
635.4555190855724
-382.60168230956106
0.26546641288633327
7821.474787251202
-18741.123601946012
-1792.8779815943503
-4540.305063411371
-135.95613184717743
-611.2666928037626
1949.6007226143429
1558.835565078916
-188.95914899174286
5848.469898327136
-6438.67489109965
844.4833200843021
-698.5354169628718
8602.129103691701
700.597292362178
-3403.197500570715
149.57562752792802
-748.4960532371756
-2557.1982798190065
2658.1247943861
-0.06610648543631957
484.9511351886803
-611.0273432550673
-1547.5321563192667
-1.0683015684860506
-28.89371487907651
-126.19167163122536
-305.41809400466576
17.796184224668295
-29.131233147980346
88.52964106015439
489.467837791604
-421.0169810549463
-14.535136571984593
7.590478705299649
72.89449447062745
669.9950694016684
-632.527073772412
-266.2402295609521
-118.35653957618385
394.63836058521923
-61.39269097287347
16.001052543020336
11.159447524656077
-243.4209240665564
-24.952219837323103
-43.10828047775882
210.51683405236687
-26.036227074514258
3.9237014424726784
-5.891185207936203
6.7219417198679725
8.70843574033942
137.9161953102026
-49.947514397730714
-0.8109804596842305
-0.8538982359933777
119.75867865586467
-10.502460869907411
48.16729200735479
-8.332596213239748
19.703331696194915
-54.81174660082093
-0.33240520339021046
-49.088585752172975
-10.076344540577809
-1.5321006946475175
20.230115297021374
-16.17566405902943
8.999173715792686
0.5363362022655737
13.01258892498933
-46.172866705193115
-1.7978893980291641
-0.4428646597095674
0.18334567063412052
20.233942284553805
-7.8790129721242605
35.957480426807024
-36.67446766649281
3.9539913385165097
-0.29849436785132516
-1.9367438835210986
-0.4910387819725497
10.643265836272146
4943.726964905157
7775.1561082874605
-5760.541549998009
-1159.0976115379829
-9061.219382570844
-225.53084395724517
-6716.965744083876
1504.5223413749884
-201.18790557013526
1841.4385844562585
-642.3414695482525
35.47529941540097
1909.6548431249098
5730.996463518101
1869.5890527706217
570.491498824627
10960.086197770876
430.19395774396423
-46.5032345669779
-3486.832674303529
-4430.9575300835195
16.454078442694673
186.28652802977444
165.51182313420145
-198.71330182155975
176.09112468776829
23.20994448679524
455.2964797540946
-34.794107228850386
98.98986277229355
-6.474030705198015
102.42505969475275
-63.83930158825281
-71.53553499290513
131.6222234533804
-263.1663547322031
-131.35896266961288
-50.26822377032181
-159.99915839502836
160.1525498255716
680.9370152153533
186.12624449410035
57.9840221895274
-21.256381472527597
195.00134448930896
-164.602948193582
89.69923364422606
-417.68499421002036
-287.5396967384594
-67.73772401716396
-47.47337517473702
70.34688374086146
128.4544851773244
-810.0025382876282
-0.2081427915095632
118.612202650114
167.94595312066394
-67.42777482175262
127.50742195166504
385.38351285162787
-522.3873277900713
1451.385459501858
-32.41477684758554
5404.501934064257
-1.494624033196781
-1374.6955864046101
-1103.8705726066148
168.0400377552798
14221.906459505577
-3658.715889269154
-456.1258804223985
4971.3755638791445
3192.92266563834
-4670.4556409712595
-2065.5692945384744
21.598843896323675
-1490.9660290728361
2074.759845496827
8294.772396297125
-2223.8290120238485
-460.3060220136216
2361.3914248270903
-3704.9784774588197
-3444.0463023200145
285.15793309164843
-1945.8427759855308
1231.18912465488
2355.8536172213308
414.7248444771639
-329.9495407218076
-0.3199041902435621
-0.5607545348742418
-0.35433333709616543
-1.4663166463801787
-0.6317867522257195
3.400767832180574
-2.268661929666228
-1.1606212445473276
-2.1389737248022977
3.7633641239014164
3.0004550155946488
-0.754675946174177
0.3772191340306126
0.3565859041707778
-0.7618067095875731
-0.8469702629848642
-0.5567842270299537
-1.6609671549113614
2.6264251157487486
0.017643078272908282
-0.9995023590601579
-0.2951303226596406
-1.7857212887800713
-45.49511886635801
0.11342980437347125
0.532721637057751
2.321165825356429
-0.4853789854813918
3.87096049339146
-16.90239638394354
-95.27596863208778
2008.4265872660756
1471.1489715905197
-1102.748324610796
435.87454554474607
6.237682058253671
1216.7081475891468
-246.2588997875422
-5051.211150418481
6002.172784804666
-957.5154720155618
1.264519223548732
-294.49609748769916
643.1124394573008
-745.5128413238674
-2230.162653844763
-4332.120869150227
601.7600536285531
1706.1536151512705
-667.4536492812562
5133.786881013076
666.4895899814026
3635.8847365311826
1625.745156744907
-1409.3047685298577
1007.7706349609941
-176.01820993288422
-477.18144848991307
127.20282454216968
2525.747580511927
-434.5790084553558
-4.498882868151478
-1980.256495019038
-37.87755706203817
1637.7414009773277
521.3051098411962
2083.191120082969
492.1479432810526
-3976.0797709366593
96.31982656355099
-869.1018273939904
1987.6056826508132
1275.3613659765288
-17.240573435279035
-675.8463295189953
1806.3794736463879
-786.3441823736346
-172.42983313906535
179.3174747247733
-156.30187432476703
-459.6684261596408
7925.380953750168
-9417.786606743195
2465.1217346339654
1562.3409807338353
1327.9038705480389
-2460.889022630792
806.1659763955103
665.8719996312959
207.67346665637004
1245.3112901993013
2.8035520767839395
23.97059097245166
2787.9701647810707
216.4465027236891
-2901.614262463164
463.48568515769097
-2679.869682185764
-4597.721404922984
-5643.45070948615
12129.07164081475
3511.1741105095234
3285.212778960382
-111.77790706284452
417.9941540411217
2374.945529489757
3339.3622994894226
7.906435689428055
1907.7397894641279
-2524.830977540963
-332.8073527111252
-453.83352652502634
-0.589877650670539
133.32429514680956
-330.8503192406554
157.19869973233094
-175.3507556967408
41.55431260418643
-23.85665402991138
216.50646024918427
1338.2446274271724
38.328998760264
201.68631411492956
-23.58569660412113
-453.13721001700293
-227.53079377676707
-827.5111545609471
-28.07475888915381
158.06999097533844
680.251578462622
67.43220155564893
970.8076917065266
-228.2003147923314
536.8555632887761
-152.17213326780964
-353.41249115032406
-153.1000175757187
-13.594835004926326
1.5238776902260427
398.76894838382174
-1.3781879046550967
-9.116362978463478
119.52266660349052
-126.97802276477223
-2.0869051906755915
97.54946796258959
1093.2947187135733
-1.210395182935544
-2936.8481632934163
37.976353449562474
1680.1455184124673
646.792181323961
-476.84635253210274
1021.8346973926082
6843.399080242706
-478.6667080260151
-1441.542571378571
1053.7516929416681
1409.4511716818508
984.451133751234
-226.65607210997203
5061.727622137152
-5048.540113704062
662.6841213941719
-5141.40323193511
6220.373919955319
2377.203681969998
6856.909754546544
-4228.291244004634
50.96619734745347
4556.556936125029
-1843.7405805927622
424.98749738375756
2268.1325528981847
438.6275152777224
-1595.80740915793
-203.87129652827994
226.975606373381
126.593640111083
-967.1172396664282
-529.2376404114418
-2053.46168705194
2054.5600609312846
-752.7927577270075
748.3972199363785
-170.82154420686174
1207.6763865116575
992.6332691338009
-486.05146777113794
-47.12453515275553
3106.708100198199
-184.75379740979636
477.82307363551564
-622.5962462268736
-1166.2521528604232
9.930131363736372
-3676.8771332383417
3581.6728077257876
-231.8886988751038
-31.692199756623978
316.31864249211986
6.353231866136263
-409.87251353096747
162.8820222530773
-88.3357408228916
-533.8945756201224
-49.23245740897293
-26.17114654655194
56.0352313447809
236.01922433193812
445.2389965011901
-268.05575936043175
-747.7453004109768
395.7183658443677
463.81443588163785
164.138390330175
-2687.2357618458723
-232.29910396413888
23.08551950287514
-5.8688192530555225
135.73423695199708
-3238.7734977703426
43.547215194144236
3210.29068368555
28.60877572087221
39.4797578633617
342.16378296446146
188.29245591910612
-8.209958356008533
1362.6694832488633
-91.03906103502146
-947.1663702199729
495.2263562451157
57.8257677868039
-142.74527212045595
38.15362883022474
-35.15977928699698
-444.1519472875689
1350.8919328709358
50.18142720535768
-1662.0595713304615
2114.526269150386
-7052.802084848424
-2554.9655090867986
18268.420746148928
-3521.262760007812
-11778.388221096675
14168.087544641454
8027.66059303734
845.5721625615687
5280.087542510997
2813.923203430023
2.4931301432333264
-18604.09068675295
5884.748782372284
-5426.049931154032
19313.9682338251
3603.3615940871223
14.937125538662487
1006.843155618408
-13183.722929122418
381.77994348913705
-17252.302244719227
258.3801741297054
5214.311924967469
-1567.3762746865239
561.0485888798148
-3553.825364567354
-836.6211453906441
7307.092010630053
6106.2357242341695
-1579.0190141436403
-5588.008990647771
4366.452759642753
3118.946093396937
-31.53476211519237
-1545.0740612110205
-3611.1739463410877
-335.73551953095534
2420.694138349331
-146.2852761389666
-821.5809578430726
-133.88058417177004
-2825.810145853259
687.1877778969658
520.9022635386973
376.2887143917157
2277.918864663744
426.9693233344441
-685.890128274684
2222.0018302475687
-0.3114566189126892
-574.4107763935283
2569.1580292351464
-3312.6346750067264
1183.398964240158
-351.17774428659345
-942.0159612160337
-818.6184085849965
-303.4740999611279
13.588229747617898
-45.778895046658704
63.37473564704168
-0.8096035037732086
-22.52181871768452
-6.229755225372977
61.23860878425089
0.4109181931200035
8.815137080362422
58.48072838036779
182.4796863049544
2.118124608061641
-0.4893649607812174
-243.20011188509116
39.07459576244037
12.647065596387222
-12.150329776495907
84.82551624314458
-91.551318470785
-52.10212001599843
0.024205941579773762
37.00727297783025
-0.15265382214035486
-20.874207853839096
7.768056045514569
24.952142723848965
33.25775661984815
1.5231880449422903
7.587897060443617
-630.4600379048389
-84.88438291037588
26.948364412036803
-901.1496353098423
-6.3675748206295415
-35.856336879382965
1676.477161457559
131.0482227429971
1.589417490632806
-98.57917300259786
34.81163823018445
72.90466361562761
-3.7357050811711967
-0.6879696282808355
-0.6388929964988072
255.08115202844704
-95.36636055705378
305.7377096453638
231.76444585595658
45.87997915723717
-0.29134875612199485
853.6027192438128
1897.5167934383835
-12.929393851957151
-2203.781056685951
0.8082252651607826
-213.8011231251252
-136.66196692159718
183.98467853959238
-1004.0993578162947
-11.950573645520791
483.2966375331875
1051.2028423112672
231.88055827444262
2280.3991365917054
-84.17494755553776
-351.8507677953354
-345.0396795240694
755.0087880688496
2139.900100900916
447.1732506447234
-158.9852571014009
-3636.831257183034
-107.1182567366785
-285.2007382036212
3024.798611044301
2827.9642957869355
-46.3067635324956
-462.57716885053
-489.80920210649106
-912.996508095348
-2252.011368120392
991.5328370598437
-238.72048360587462
425.60466849505485
-155.65336377310024
216.46443060409902
-202.70112123996407
-1004.5660222015268
-172.15330035654867
-1252.9754137170578
-2663.0117851742016
438.88613039316493
-337.4239878419756
-41.575167517941146
58.37939318567885
511.63272081973736
167.32674677297015
-126.29489958603345
-263.6466821792795
141.85641012844317
14.702414210306507
-64.16590154998876
27.57264112125668
-73.66976182013126
-119.67132147169596
796.8159462929175
62.036054495091605
-2010.3075074281883
-570.8909242232357
-111.4508546591682
516.384973554008
71.59098134739719
47.89666776099625
2799.313121904943
-692.1639184106373
-875.0270179487052
123.58288150315245
-1269.5816307831085
-16.304191508730614
190.62447011154146
-1.9427117338548827
