-362.11445386881115
157.29040221269236
1150.0779569917217
1252.0244331937026
-1062.481316694299
196.19786323506918
-2617.5948347896883
-1343.563720226792
-42.6123412170284
4363.46210936056
-2232.4265879748564
-65.55634115974958
296.3240660594447
-479.6260317402793
1833.5912825228647
-616.4348901734436
400.63004133055296
-1085.6965760178941
-693.359099115004
553.2023771555694
2199.7638634490213
7.821691958087131
812.7749626867932
-885.9932812395825
670.5299334222129
434.7370676834347
-1037.971352016232
-404.57390899067144
-220.90481125180878
-52.856352804645056
1416.1212577606534
-127.3279241193818
940.2465785977657
-1163.6946947462636
3966.5387753380946
-1453.408248598212
1127.583259141577
346.76465000796867
955.6729207767955
-432.65661490679247
-746.5286274061722
-146.91136413649164
-266.4754433695479
-3229.299863347739
420.94279369492324
-36.34440195967114
-1052.4370475095432
-1655.7767874796725
-3148.9211048817883
-758.5117564108122
680.3831899951678
-3731.858935303678
-3468.7397829240745
2891.255269312241
1220.037039000467
8.43366450441288
-1369.5800221209126
3617.2913231162242
4453.281020279073
313.16699341445394
-358.52013466865606
-848.0096901545706
-2920.0273320624015
2410.6885285151734
-702.8364472868739
242.46255627028899
-7358.34292085165
-319.423616401575
-0.6633213268972264
-504.5262656198117
9220.469148996688
3166.185915980491
10999.768683587065
-19.656778369009885
-1936.422068994799
327.34893018320236
-1442.521764886426
54.38569172459067
93.77768418400393
-795.5605301987168
-2249.303653960086
-3728.7998585068694
1330.3336096741405
-1731.1870180911808
-438.9048388525759
507.28365444308486
-1491.5297236649692
-701.9021857876025
1425.5488840890182
606.3982892139503
-541.5561606916013
105.19190759445095
177.75752855630043
-412.55896160994206
134.56990177225077
232.05146443408896
-305.8049073726217
206.40759435517026
164.9873132137168
294.7197748016462
-290.90818274049803
163.42767319884075
2251.5768856754785
-2173.7816787371867
109.5945130340537
435.7464758524407
-162.98136769249174
394.4210421257317
2099.9150594123817
1599.2981455150714
-2749.385918558559
1989.7691806187559
-783.8155716850291
-645.8727393955285
-366.4716282757882
-468.86795859338287
-1170.7079326673195
93.98789625491237
-431.57374887109523
-39.188967533688924
-67.93623098165016
157.54990345454578
-75.68232841932134
-35.42741347966056
-38.471204763484415
430.2450277044262
257.12373283792147
604.1824182477012
-401.77301887368196
403.512939673763
-320.41973579357887
1793.0753460173266
-1168.9719024384879
1467.0464879474987
-67.54565454282287
-686.1514730929551
-2237.49782185231
750.8359697412686
-1127.4484444639518
3019.4189494149714
801.6973607954465
1900.5923508934247
-1278.0599420111546
-647.4277297779812
-1082.8702342633126
211.23504991444796
2238.7437471924486
61.89330672739913
-99.557213291946
42.5203826937768
2400.471328125693
-383.5565376428138
-1587.2987656090243
2223.427194089999
-9483.334078556833
-606.3983603746641
-571.9614995834776
-4858.163898126239
5955.160014741353
-2473.853591682586
4046.518960682034
304.3132809560993
-2061.2528778299934
-2545.7589305962147
-111.52783896970718
-2588.060280915744
-3510.4036444581825
-3601.2769871446003
2908.522826714451
2810.282513260539
-386.6543806017585
1316.1388033717626
6013.753931448168
1841.885426977315
1386.7922204986987
3376.199196877669
1720.145446945779
6807.463781293349
-2117.7000876794536
697.8642393815287
1023.1008150381085
-3906.2441637563106
-11564.947125231374
157.33069956174808
7922.732433427561
3214.734766095183
6414.656234486746
4313.746950855002
-8110.523645277231
1962.491232644492
92.51963335546824
36.75050994456109
8912.313761021587
-4567.012682877417
11607.521852940761
-41.801279093910495
-529.687645939956
1850.865362406698
-19535.937857731362
-1566.5915703162902
5260.75127251618
-358.97084554884185
-677.7475224430416
9788.130152087177
-8092.248668999688
-3689.8602578011914
-8053.123538858086
-4238.334896139065
1006.6378661913815
22.021011047140135
-282.073983462158
-1448.0593282693646
-18.167540242985694
151.72589926093536
71.83959504673726
-261.6757742259483
220.44828054650154
-569.1211329793678
133.04419749123576
797.0666717041069
173.33828258609753
88.41132486860604
-7.007384948282173
42.24986144859632
126.48952792858216
-166.64375274514356
-35.369308896573926
17.440818552505025
-89.58848290220058
-223.07789899074152
241.7857422750583
-149.46914243652805
87.32792601218367
-575.8409486139919
59.5162876528249
1388.6377338797568
-1356.3148195742017
47.26627270446281
24.96103217056915
112.62887508654455
161.81817552633908
-379.04608656523214
543.460787086401
-149.36861732630823
-225.20968720828728
-1160.8366771037918
893.886774994665
96.94409339708908
551.0644593011291
-108.77814224301255
518.2637123309506
1100.6430116898803
-191.72570571069627
712.9926107380936
-1398.8485768384926
3485.853364038129
2178.4444541432927
988.9226073073437
-1094.1909170495874
-1359.7541230308057
2200.1467184503254
-5770.64339655913
1842.0310334173753
-482.7864076837809
6990.940388521302
-2806.6583765678865
19.93978068147072
-1312.8753774623933
1058.6747391103856
-4072.565007458786
-39.48683302012907
-49.503590497793034
112.18702824851088
-471.7804805453957
816.7295158090012
137.32505949895815
-19.47271417251157
-324.47534005894937
-498.81649054660073
-34.80762797057378
-112.2382616300848
604.1556735778405
-818.7735381022547
40.54806350617787
-9.157193700651787
115.06289131284873
919.8853013630679
325.2894517355825
-103.61956198500967
558.2878988330706
90.2122339582484
63.41575960097626
-13.947389048913712
-115.69411165607333
7.745151508775505
309.10359863328034
85.38637726255034
-21.41358086979839
-186.28887474125673
-5.741828302669185
-628.9523959933787
-4989.640762145455
959.5927369626905
1984.8079776180275
-2307.734046336983
24.826073776570958
1193.935028974339
-1425.892078885026
966.6816326528085
38.75783629165943
149.27714491988584
-66.44261620885605
0.19390776059191212
0.4693126931002417
-2.5383008181778393
-1.3376216530614224
-209.550672282817
2980.2709748818643
-161.77377606231238
0.5255239358504019
1.263908134112784
-0.7280498049903789
373.11682446074514
-6.963748708336097
14.648570163528344
0.5719774753223469
0.4528354402573558
10106.520250769221
-4076.4558420018107
138.30753833114574
-0.5759130793184531
6.164942513353009
20.783539312744836
-9.262294704888955
2.1954590790825113
21.453842534161765
-6.976602096201628
-1.6702616790911589
-55.0315484816909
-61.0048199264522
-14.337443299278489
-311.20771360169226
-2219.5472399890004
-189.78837959541255
20.026172849498213
29.425578483719296
8.918107300815263
207.7503614285905
-192.06964325082654
4.930960648710371
42.406203415419085
-95.97368259229022
112.0312326228112
243.44099884162395
367.95734138336894
5.570486854598085
-12.817898512498644
-419.6057515779493
-53.87711982708124
40.48292462972734
478.2855363692517
-14467.946955459684
-1547.1094756458879
-222.11375807957498
-0.23932702593955668
5677.4593704051495
-21738.17147571441
2946.361926880068
6928.731681394122
176.788020322376
2170.046823505202
1084.5911625227488
-1370.3932292309153
316.8305585130716
20481.31172043831
-9196.556037663335
326.1252724636731
1372.761359247356
7876.566160349802
-917.1694245291909
1648.579411531721
224.62238432956096
2954.891811239414
6499.132425189909
3347.1457808026116
0.1659868246259173
307.6264229600397
-3451.6140567003235
-419.4833695671904
0.8498476499429205
-11.790054105833038
41.982909062093256
2.787009301585449
-22.296837123640188
-189.7053359848082
64.63508233573303
-538.8140325733733
-16.22760189552777
-9.15652237177176
0.3759658335578567
-82.01535245294616
-307.2781219301993
358.89458690663594
176.51217390668734
-55.072716463513906
125.74421302256651
-8.96761461082462
-135.79010684381348
-5.020332489169598
611.2478040888836
1.5354881456040226
216.25822182598495
-2723.760310384018
33.567963641695165
6.553305942983351
-2.635024439608989
-75.57468934594024
23.03001163159204
-0.3998811444722682
-35.52206289623756
1.040208301426193
0.7032812465995109
143.2010193424563
-0.6928183346120744
26.084916052071986
-1.6743123628069725
-3.4360967782655574
18.634698968602414
8.06076447400064
-5.384175274460106
-70.32486087339682
-1.9081330634837421
15.818996924766209
-3.6540943459148183
4.231300356758699
-2.700884723013848
-2.4676898604689965
15.947809519365446
-3.59182115722132
0.6778300100874992
-12.618150806523934
21.480561561933808
6.685197740188791
-2.0918655085110136
-3.979419512470216
1.9055559998279616
0.41671922056432814
1.919685732869314
0.42710727439835455
6.429677574265674
170.94573300967235
2148.156749768447
-2116.1732386589497
-1116.7819784064927
-4386.692668287504
1299.8522060924777
-1465.5003879474218
785.362446983588
709.7765254473553
2137.0812278313433
-612.5517590438367
20.86294341592025
-3242.922355806783
8540.392135417322
19.125776926644853
-549.0400848915442
1666.1843332545034
-448.0079721540604
215.5494225716383
-532.5148820613009
569.5352554431433
-8.593476296486445
-123.6556169092014
32.09159331354844
-25.713894691565077
283.41323041530126
134.08076370673092
1368.9712226152035
-491.13902501569265
440.4372090747517
-14.48678897904952
-12.628941181632685
4.04460362929143
25.78922948950035
14.985839277833218
4.943487062310903
106.71592665686002
-57.39009636490621
33.46460852024745
3.465401114062787
-413.1630629689604
41.2752785122539
18.751591337046346
6.414838784637153
-44.700495824420294
115.43580392534771
-15.98082300657526
22.730704162818302
35.72674211164643
31.49659808650661
7.45888326849462
68.24396162144964
-12.996121295323142
172.94569519057333
-1.148952406291301
-146.25142844417155
60.91001180893044
28.556584669042806
-10.839590146542532
-69.17973677547812
961.914933787861
2178.9945920110745
9.00900059072721
12.12712159814374
-0.9171104715731047
-110.06439494296833
703.9036632375503
-327.19264074156035
1049.6279513403892
-1118.8311733208673
-1385.1766535537358
1990.0084269230938
1823.044447111097
-1124.2599474275114
-786.738456466705
70.29336268880414
782.4701592570241
-201.6989919525979
-4958.469551320201
822.240173435067
201.81886751352332
-1310.7523758350744
-872.3491536287703
1862.4788168443572
-223.73767120049146
1605.6844212788283
362.6269298205037
1505.839974863075
2644.8372292761333
249.39582408587623
-0.35739644654790487
0.5094704006836003
0.3178247961898071
3.163847921077609
1.1002570150999196
-13.574751687020703
2.8665429279672674
-1.8865340805173516
8.329727001673872
-2.3467578221011363
-3.4925045096732967
0.9071610345092335
-2.45792699065654
5.847921198679987
2.568688179016317
0.6483427441961738
1.115901809144673
1.365120195214805
-2.9648272498783084
0.4812909671298815
2.7543148286467365
0.11273466195302402
0.7888638563822771
-335.4758079956193
1.0874826017275636
-0.6054981971559005
-14.591686230145351
0.6963900569689577
-2.5043578123954426
20.538803084851292
-1568.7284824180729
-1810.1859956305245
809.1172173540498
165.24570192822748
-157.01670530306583
-601.4532375733119
235.85049197725004
3208.5273819521344
416.9259291499911
-3061.281082453651
105.33161908043647
98.4079099407542
99.7395336727123
386.41983019223346
610.0352542068446
430.91824496765014
3321.646711391888
805.3606475873568
-2250.790438704766
-3067.8976162483054
-502.67993045615486
723.0043799273549
1728.390517478062
-1331.5265377271687
-1124.2691327265954
-1125.208752065784
-280.8410073661005
93.33043891587678
-400.5838251599358
81.37599692752248
21.844850039736095
-388.77650841445643
-98.92258426279291
-1086.776217685018
248.41163465506838
0.9395676449744992
-440.6767892890471
57.40929690493058
-94.24052764930494
-348.3812259055663
655.1269891913138
132.27247733737164
25.38047353896021
-17.638106912182124
497.49977356281806
1988.1275403824263
-85.83025736084147
-1066.730546484306
112.83613806998068
428.4506778376738
-1040.346606648169
2249.549785420825
-2497.597417771747
1229.3205845526852
-1020.654425876547
34.71230930033033
-408.0475245900411
-1114.1956367219743
866.8632371511236
-10.987282051387869
5887.96167709655
0.6531346780361468
-175.92903859442492
-223.14770869504582
-4848.184688277735
-169.45867413450273
171.82852219095506
-132.32271697474044
-714.7427839672264
-1531.7298993472702
1271.3542373324303
1413.0755070207688
6887.056375848895
126.78050760939439
-400.71684709376575
-1782.1633404543963
636.469826992949
-22.95977767829665
-3503.184764882072
-181.180530335329
687.3312750759521
1096.7019393721896
0.6914073980133157
74.87868242294289
1128.5824650004204
76.22804123487053
75.45868348013302
94.31350224816536
38.63141609235268
-60.45150021367301
579.8186041261098
-13.584366253648419
-49.605486748074604
-2.1521695329962447
-443.9509684890596
35.95553531757193
653.9276045863072
-14.43676498589351
573.0938642288838
332.2432033093654
47.75268871898974
205.71624423913045
-228.95878119945024
-634.335043664973
-58.50228398532738
41.40468119761283
-87.58774547716988
16.411981470752018
1.4579106880245487
2.0778828597698293
1.3603823466956675
0.600817815420532
247.7259598686546
-0.7177138478147432
0.8467254817279095
74.03263551836268
379.1611990748571
-2.8534378581329998
-963.4827610573305
-35.86079885132527
608.553355321703
-48.82248633374022
-1248.243489358076
-436.70725109128495
1117.8476767690881
-744.5658797155412
809.0588502813529
1917.9727463666718
341.4486142090301
1181.8765836069404
149.94352656010773
452.0283160196015
-333.42528012294366
682.396124397643
489.54909384265903
90.83311796946893
-980.4325705475044
-1441.3302038666864
-3678.8474364170984
-200.00898505349758
345.47465881404827
-498.0947648523733
-92.264846879204
68.66411401063041
-56.74457540152491
-367.70832673367534
42.87799880063418
-44.48107141052186
49.709507450155634
404.6538903045332
150.88841226364778
-451.9034854228242
-850.1689503857349
274.1918734640329
306.29790744728655
-963.0098131758432
140.77104657225328
-936.6609519407158
-138.5305272371237
-171.08218217635988
-1111.6459756378829
244.68113254066148
812.5347977782977
-1730.7349914616602
3888.22402152773
508.2026048146107
490.80087528414583
-1234.6902583079377
58.39965342596692
-0.16789655741420237
153.07585358838992
21.215429535784118
-118.18552455081466
47.51930662097702
-66.00945030296838
-667.6442648982385
-117.50524475856949
-29.45685577964892
202.97262652848792
137.22707641361595
471.4860294293375
-312.6123258835104
-891.4812228124248
-118.63824765048611
-127.57233656852989
128.64953509299835
-265.5138786446092
173.60332718387406
-46.27729565827689
21.8174621066253
-304.2707797425943
-574.6083105692954
-31.771977439753535
320.08025202085247
8.808429342110701
-32.72958935427234
7.010598347690178
121.9738999649727
-8.740028788991006
504.000540424605
19.592858230970183
142.97096724389564
-476.41772330907395
209.89544113696584
343.0908332483395
90.60675341284478
-50.50376504708941
-631.5783126595189
328.6040851099155
15.877720863143738
1403.717873771112
-380.52321251925133
-4997.010498155272
679.6386726640947
-1283.8217242226533
8319.109217363548
1800.6367945981876
-2309.6654521896967
-628.5927008464361
-489.00152497226384
-2875.879251299152
2809.554476701477
9353.302495488433
-9516.934731943731
-1940.6952699724568
1529.4006187894286
-3693.128687100838
47.20567321767816
-247.7658398512214
-1589.0917791072745
-1168.3334506904664
-176.52493978181283
-863.6365244983384
167.20794417043794
-452.09108318190084
-264.5632149930668
-348.65857125401834
268.06912350167516
263.89505488436583
-275.38880922227963
3997.9343987595166
-4655.030552883015
-185.71111212699682
-1547.442893652695
567.778949937716
-99.9504208767712
-2074.8557956966133
2150.8213311416057
34.61807035913903
962.0941445373242
-410.18148897810136
-471.6684911364537
-118.70648335571754
-1472.7489466984346
21.29866442251304
10346.188851704002
2353.710925438147
47.713147810477366
1245.7780758825913
-1289.9234401019498
899.257931438419
1.1065295293837525
-380.92190811386405
1490.2251421429437
2533.736017858215
138.63707345443683
-37.917743835364774
-719.7577395738224
-403.69447488102145
-76.23812096573722
16.79941352003445
9.40211390246254
25.32810876474149
1.038084500826512
8.17086038195912
29.859228403955903
34.786216579580575
-4.49552580857387
5.63829188622812
-331.104873787925
334.4484625669568
-13.934470627792738
-1.8260630225196188
-603.4335148290801
70.66203247885124
-10.743364868749099
-0.6930408921667897
29.58726861691502
-47.17746062622802
-38.391984606291594
-0.45783069665758713
42.576685675238316
-3.202042259709717
-16.98333980542611
4.165853736954721
87.61409559989924
-31.20638653020781
-0.41391625010317457
3.9100395424385788
157.95722632029316
-17.729063791520016
22.110902989745124
2258.4877587076835
6.391056243528588
215.401900785236
8261.27959815239
11.065123875308899
-60.18225951271035
-13.803583242931179
168.00570215600283
-241.00694644037375
0.06304772139415134
0.8844502178458747
0.8168357843793849
48.9420137545981
1034.1464683032257
893.1399547421692
149.2286055070192
-333.78346386689094
0.4514685889266732
-1961.0641266083073
983.0868715163687
-59.151168409358924
-1386.1002371165946
23.608435407419744
1984.3899240655862
-578.0483013368796
26.636277436916735
27.668320807493718
-107.84706017626947
-380.83634643437347
891.4546211261473
-1142.4883473052512
-503.4323469835788
-584.5925619370611
54.09788378642479
2834.319154511321
2536.424744700325
15005.184876030396
152.46032154157263
144.72492084477165
15073.52062951542
949.8191640963096
271.27042509331307
2047.1264264532645
2236.005069729057
-106.1840760435004
-59.08274226740071
-999.7052617158381
1728.7704348756827
1901.9021075035619
-125.88253872495356
-249.74903483364997
66.97030955020072
2117.702451164541
-292.8926188049003
54.04826634676568
675.4947801157476
4.745562127649883
1305.9706491069783
5438.674733464686
285.0832987653055
-419.62427309906315
-61.798251594167965
38.402194891929106
52.68262781698792
26.299322685746176
-31.827444606128815
-400.05942387972186
973.124792954155
-28.80194816645559
-44.07240987005637
-4.642287454726122
-4.554874091889904
63.286294891387364
-1391.8402711547194
332.7382727748234
-2686.5898955598514
-206.04686010216227
-85.54069658421426
369.40904955915465
-110.85086539902886
1178.4873313050198
7213.344295971913
32.325320913970366
-476.40646762173503
150.90232534623274
2020.0232218290269
-33.66763152176912
277.57162039603776
0.20900883882504998
