-130.19103088917774
350.63110505754804
-1703.7288384576168
743.9438284033903
-2587.5564112786733
347.9260208585494
1452.9667639889208
1480.4755167622134
693.2215068680271
-2703.8870587069646
-4821.9439203811025
-773.7288642266566
664.953812372889
-432.95406651140195
2605.9180087021296
-1021.7865961030814
3775.860090727416
6721.2911712776295
9011.858151314553
1122.1514369292242
-6868.926402428229
-2502.2648848235212
-4130.527011180998
-1099.4778713675175
-2532.404892470317
1589.5273122289436
4493.285656346819
-3921.09641349059
-13305.129721806772
1129.0796653587295
-3379.858693995686
4121.648736691904
287.9305275063118
1777.987260850284
-289.4589033950342
28844.53258204541
2785.6603291833603
13110.943746352677
-1075.9026607501655
4772.462816455716
-1194.1153069551851
7198.721127617464
-41.841026224380585
-5210.4592820603175
-1678.487986647342
-1474.7348974579875
-2916.6519099062266
-19092.389641045185
9415.262185291536
580.7895248433975
-2923.93744978865
3142.019890026769
-9889.988660190535
-11564.031716341526
272.89803399594604
-1022.6122290368182
-330.1752637608562
-5876.162381321845
-2814.3212119865216
1192.758245263777
64.98495924128679
-1197.574872135066
1900.8179171479867
-1153.2407058839983
2786.8329243941885
332.94395346304344
4755.563261201308
-2387.3544452795495
0.5411410212621374
-577.8859647698054
23602.578483858346
5928.864135339228
5873.423153819062
-1702.7159933511446
1955.242857438074
-137.25002838884876
438.5343149299851
-68.23195138165713
697.1445400879817
3164.7169285840405
1916.4748579022728
1523.943889224679
552.2669886557026
2086.8597156761766
-1436.5873905902552
788.8549957416312
-5352.26389040155
-1746.014272246807
2174.8850793725487
-4568.093041781879
1920.4467907781075
-533.7961050441941
281.50901580971896
-606.8023306139778
-341.19755239360495
870.5032596327683
-279.26590034909515
-794.5246869158279
1043.6466051027244
291.84859977872367
-2011.064095244906
70.82118254480213
-1285.9959337206103
2695.080905078897
-2787.3171772844325
-3917.499878471718
-5068.873153352865
661.1385197408958
6752.443212738413
-286.80211179593937
2416.86024537505
-10018.96087316726
1486.7311049535217
5862.74515958305
-3584.5853514329615
-4646.160382051621
8219.267155494812
-813.9810899597933
1636.0240023461024
88.9242433837981
-371.76809941307926
-426.0420566579811
279.29149383809494
-21.861721350565603
729.5799068573594
894.2188301760401
1747.1966338785921
4076.343699437251
-12724.338641878478
1308.622541803574
-273.96726634826035
5314.328991513133
-5749.58420032084
-9237.160237942935
1831.0260699200494
-2870.206031111757
-7379.192670233469
-4075.55695114265
8534.774106118291
7048.268465719395
11508.783770458062
2356.7561621476248
-818.9337359162726
1279.517986593538
2650.547660595441
-3628.5253808880593
-3692.9885052320046
-984.1243593361595
3000.140501199676
9041.433413842518
-7037.235168437165
-123.23140589851232
12150.281041522234
7009.909996986356
30025.764734487107
-4266.9442277836915
-4161.504127119133
1900.3398251373183
-11658.780192021984
-15151.661587410932
514.9816233774568
-2333.272384671736
3897.07759296435
9091.474828691546
-3383.649317744311
20890.223594208474
-547.3640628495826
571.3102440985396
-18847.353376166586
4843.148712829162
-2744.0096691252306
4688.61728648203
10928.40888875551
7114.219805751548
2852.478015094379
-19369.263533261903
-13284.527790419108
-10620.867301043094
4943.31515047898
-9262.159676375513
18447.129470520213
-9211.101946353016
-10071.999141159049
64.14776282218916
-39712.42096300069
-14897.341755726009
7110.239528563418
25189.211756231838
-4984.815752985429
-1686.0571269506859
2075.5630848325413
30662.19410596521
-13834.792770248243
2815.776173661576
12826.850005650822
-325.2033840468879
-882.6347987003666
10399.468953388849
10570.209736943294
5129.77268246198
36485.597964648885
1402.4746199914507
285.81079902332465
-9563.186543678099
-10140.292865629193
10746.85082796664
-20865.943701699307
1446.8006008650282
-621.0733162347947
123.47294387170643
-1539.6825874985134
1228.5721220352493
-435.7512098358322
-90.85741254191757
-511.89605740214495
-14.661828354174245
-1447.5900729856016
594.5593838241507
-555.676163902874
-756.205026420154
71.79936310941399
-60.71221465850286
-33.54688792439669
-34.125332842416334
-1533.8274875550176
137.89261491485985
128.37077562762948
-55.37336135830838
762.2260140927204
255.32557045121365
-461.5527202108115
-437.5088522862585
-275.82459422513926
3055.8383002897854
1575.0233909026724
-3821.4527250873593
2714.0886897992195
225.71636861552136
-758.7805188896817
-192.37151897386926
519.3873815007677
-5293.6888137377155
-7825.762839448479
3676.208002078144
-176.5212554618129
10546.714863385272
2841.408696080878
-1596.7435995998517
2191.929314900949
-11787.706132860514
8268.733367561286
-2699.051758768707
-4996.609304729044
-1035.27545291348
8847.22421128248
2416.4228188688235
8882.30987582674
710.176157499142
8049.152401292664
10384.49281257589
-9642.11227032097
-14231.014315413366
-2384.8116351333933
-4461.956723783762
13938.301061818007
-3144.347767861943
-9191.784368850074
8523.17275687762
2806.3961109917054
3287.5647053982993
109.23314057875501
3.963046180955957
126.08510830448202
-2366.86077029329
13427.466655008995
-922.8635731383259
37.555077643881404
-3834.1320668833855
-1629.9546360697605
-212.5771546612177
-1976.5601836627263
-10509.074334104876
-5045.669047768045
-140.63741067609735
2580.3374178359686
-2064.3886454708354
5865.228511948089
1391.30861958383
211.27182414016062
748.3719926722457
254.0681755901176
277.12124533003947
-462.57617387218795
172.42367017054616
76.56075970325219
-182.9139244216286
141.3424211050878
-38.73659136101832
371.9214776503175
27.83415744567228
-1731.33178454679
23378.197647542176
-12523.818653655977
11009.04153650199
2798.009599739813
-1370.5315091252903
-560.0998142538899
163.1323514424085
-222.83090716859965
31.713501437744814
1518.3133443416489
95.65163502258252
-0.4023180309055673
0.21506581682692394
-1.9688869411933356
-30.884867713659023
-154.72092661577153
-170.9729117751899
390.6483748741288
-0.1672153797815838
-0.3272177589672929
0.2187769079198398
118.51071904863115
-1.0956823652373955
23.789374817313682
-0.10202814294557021
-0.10703524819976509
3651.1466544480577
23718.793067905743
82.70025829682507
-45.088216636307365
101.28470096528176
-203.9782245489399
21.913300748758438
4.45414622565218
134.9111638357563
402.4014147489801
-19.75050818726896
414.53374966236083
1033.588623680793
13.689475775933106
937.2690642677971
-1876.3639869420956
-541.2773684910173
-19.69392121899679
626.5562910423453
-3.627808751668148
-640.4580467788476
1506.3895194130046
-1544.8380531519672
-946.5923703729586
563.5821235052668
-943.6441527468926
-149.27582725441985
-1288.6819932440758
-10.608483329554804
193.53534292384188
25.799310971566392
42.63440866559101
-241.97388443937433
2932.11581157567
21145.25502321407
-215.5364669995162
172.19828655358475
-0.1659685034492077
30560.396228974816
53689.49688157861
22666.39427238593
3199.252460721986
913.1120279753998
-7280.745936146943
-1580.4797146896392
-948.0704621467211
296.73807725680524
3531.319907084802
-1239.7255838050032
2005.4632917684623
205.77518041772245
-1515.386277695646
713.7980491584663
-3129.4667005564543
121.2998424582896
-2637.4115543656685
5395.787097337689
4833.679552859419
0.13917900981413736
467.85891715759146
4921.3416233657845
-186.18192045105778
-0.458794653681376
79.30985725355177
259.25025390484785
647.6096279666361
50.11589524540661
-298.1931998494012
-395.9135848044751
123.84757263892195
-1.240053858551336
13.33473398978171
-56.62716582933758
314.4125292660665
-765.9840094943711
537.4554757110557
-547.1825833436005
430.31546787223635
120.41932463033919
-149.62174217350096
19.641449655271128
40.567195305359036
233.53522147475906
49.664905550380865
128.16811691006168
9955.527868391104
102.73732544212827
-31.62283007630153
0.3879466599027422
-38.138822738278094
-60.03763526551567
-111.3032327013122
2.9919401239232353
-0.23597805692128174
-0.896216190250702
-137.60721264271686
15.917989296772285
-207.0983318340321
-1.1474873974864879
-11.42036024367063
214.02975102198684
1.3546260449961833
55.9455147249273
-12.416720012929582
2.995230070096956
9.389710119641894
13.601076266293934
-4.925821482062977
-0.3374378866976508
-14.47311959367362
127.01674496746637
-5.153885185665136
0.0038808522759370243
-9.131549662667897
-7.439599199503029
7.492195837975064
-66.23911536718266
34.40572824677556
-10.184877026370877
-0.4376952262676462
13.098238305598882
-0.0374992433612217
-14.332355703823604
11018.184383026151
4092.8774236681643
30055.447276870764
27754.158242571284
92203.12906025033
-1522.588936750119
-3722.0630750016135
4150.382669373694
42.356486272583986
3974.775739696846
-744.4599329923483
1582.5048436920931
3709.7975201728095
88504.43941141616
-971.3431133543727
15196.296811155426
229.08362853249082
-13.710613913123217
143.84894953450902
-1394.6399684024361
7209.783998598926
29.51831837756995
35.316550242185855
-84.9448773806215
-353.74838614120284
206.99706259259162
-758.4872774626824
-275.5433365418349
-420.08872307530703
872.1414439710683
229.42271387335379
-273.5340278581925
-254.8586865972482
194.5027422299846
179.54785611295642
-37.380506129648936
-135.3982523888893
-157.15746110412806
73.70595946219116
214.92014491842812
114.21618808842544
-59.34233334189714
-413.0224470937899
179.6241663864927
326.0051846960264
-530.7798204121356
5.390644828887312
209.0920354012292
-55.29053523351747
-40.258306770691426
-66.06201610379414
67.60505490205685
299.7506825616398
455.40346306252604
-20.44096904706587
299.29017743989095
-547.7422114293561
-11.91771086214505
-449.69533529037744
266.3964999581072
4185.048576722343
3215.2152360870664
-36.981822479526045
3788.584026900383
-0.959610566777979
70.55004186111547
-2684.283352638487
-245.72751772313165
-303.6439691098105
-3289.245486923286
1567.7645995658113
-1812.2333280384787
-163.38397713481618
-3458.550574010943
39.414940927841045
-0.04625602313769961
2678.2601507147297
1006.2529576295633
3837.2686512789783
692.2632556676637
-599.8887392725419
1515.9343223339044
3513.144027690026
1043.4267514169264
1415.2192587704578
-4333.139160247146
-2490.5472299312178
-9649.86753329282
-1368.6040062325915
-648.5372677453018
0.5968240180503304
0.1784217263854392
-0.0443766377163545
-0.3585439960411799
-0.5457773971734625
11.775202750478005
-1.605313294059306
1.0542516856850699
-5.7933387585782885
-0.696184027764878
5.8779389372938775
0.13357639679978936
1.3021789985898222
-7.936565715440608
2.5833743130638345
-1.6709633188829325
-0.7640829560987342
0.30369636281888496
0.30795626156297495
-0.4083191854018303
0.18328861706569605
0.8291089378361595
-7.749253792698771
-155.38169106234423
0.5075694866317099
0.17665887965822433
12.733530264554789
-0.2502021290342349
8.357210859898995
15.525364262559368
-900.4793164481732
5445.612558483152
2176.7853098975997
-838.0526422404837
-4851.485340249775
-845.0185718701146
-156.59647448328877
2217.419565131247
-8292.858214356756
11156.137968925852
-2618.963714022962
585.5461209688011
-766.2671324731793
1498.2865104418465
409.0129749333712
-11202.501983283086
-1498.2270623172333
396.6633811967235
-492.85185507667114
4299.979867722837
436.1657198625666
-2310.275376964188
-1032.8298545034318
-4479.546310875478
-5670.931841209823
1401.7267979198105
96.83310401705862
952.6323704486018
410.2389215259851
-11655.750775312908
1260.1589667861263
-11.980104872272454
2302.5548710876305
-27.47083524749571
-800.9095772514422
-390.7686752975195
3170.1544007099496
-1596.2623583687487
156.01231555934277
1544.3320155484555
3186.3835569074618
-2281.954466406088
3117.3287607747125
-481.408506081267
-3048.029879074998
-2188.0472270995915
-360.53435104491257
1316.7121610305326
1324.0142916788404
-4726.309403557384
751.7539593669624
1824.0175033669298
-3094.7386697841894
-3423.3521209435457
-2076.945872309343
3506.079702157446
2763.6211579332353
2135.4062317544285
-1318.3546792157808
-206.87702441290614
-27389.959835122292
0.7517219979178218
-319.1650449066485
-15788.359985253968
1704.1893730274658
-1552.1683419943463
25.26415584731114
2423.129169864615
-26098.870903772586
4733.652665187533
-18305.237283362025
4530.977723998075
-2005.8263131795236
247.1080636653078
-4229.746248800802
7577.624739700346
-2233.0206506573422
-92.12766868888548
-4434.276048728348
1841.1010631865663
3221.310080931754
-8127.79948500496
-0.14909513032706956
33.46106614182225
2997.48703710144
-390.717615627854
128.85494351105277
57.521635974656746
75.54033636851378
-1279.5120117752774
-3131.746887486662
156.28758193540642
63.327377029077645
-42.6825481839585
106.80880437184052
-332.77774254840847
-3772.371626017308
6844.950924618337
-5067.084279500827
2253.536630343374
90.58425009818025
-36.076722563896084
334.8769170912669
1643.6865715161798
472.53653073526795
18.60498212939452
-185.19364119543994
-65.24239565587902
1.3435978336094458
-56.64198965518177
-1.6665594017645229
13.067840018377236
-914.082257251006
84.08824217467485
-0.9854286038644104
233.13730958490223
-543.2291093130392
-0.6766462485884557
2375.693997854091
-475.04591536316707
11773.648881251329
66.58942120752076
-4464.949952560302
3867.2942701179213
-4795.128062064373
-15854.257068230138
2367.044635539925
-6985.059591328891
-3484.2169757990205
8707.019358103702
1574.5448096292264
-3949.6613626633407
-4759.853889866295
1018.2244838209307
5312.050206252908
3911.3900475669816
-1641.9248460945898
-1485.2637922237177
-9360.538666192502
265.1625656803947
3164.002779218051
-7151.454110211873
44.32501883439663
609.7776727567131
184.94508811886652
-122.23045709613912
-262.96137190764955
437.38938578738976
60.485719760115835
-718.4165588910537
-1648.747074018915
-3315.791496617491
1136.2009498657858
665.4296392960968
75.04572909261275
664.4595101382489
2332.015281206944
-1698.2210014008913
455.1864565708387
-110.30677821629727
529.8906542258273
158.92400075857296
-1446.1320112332783
466.30482009794065
4579.725277500341
795.4455966418406
-6183.461954688669
9138.822795427843
-808.5245348467386
33.62218380004458
162.08128059101264
-40.48758807917567
-251.43394061200212
291.7856751741924
7.760663542795371
815.2619358569568
393.27022009422893
5.447542486725659
183.68010160239803
-609.4177380036357
1342.2417932426265
1138.658673016024
-2388.474835109182
587.4329589665376
-1092.1482350864185
-633.7375498920276
2806.9828864804012
-3284.491612056329
77.47927021316026
-143.61700294040597
1988.2559852496968
-973.4212593691263
-960.7640881545474
-1764.0051941111024
174.24600552763744
-314.86899346355625
-522.2491517512894
-334.2455134625271
15.640875455276086
3057.837432714537
-91.57841128646864
404.1885383691161
2012.4499366743103
-163.04510649723827
117.01764790731065
-20.513485219299888
28.33999785628047
17.424334917078557
-912.5680009044286
32.72599645025963
-150.39122561474485
3336.749782751859
-11868.902083900954
360.26545683718825
14160.670193372334
-25956.417990792193
-3948.620990024338
44849.24049333336
-12692.56392801993
6879.883363265596
-22012.690454852294
15908.173658228403
48502.19437733936
-218.56632857347543
33293.10305101962
-55852.182094264295
-24997.817355149647
-1058.0573751980635
1488.2941458266728
1525.3788128552007
34155.08142094788
856.4517839956338
-8925.253359228676
857.3444776765455
-3798.801449586563
147.87759765698806
221.137065499305
-11612.128453904672
-500.12357970535385
9776.193985492284
-8206.19567145801
3063.6143610160757
-3193.975161617758
5817.419349342319
-2916.545662541605
3211.595681699023
1592.3864498750402
-600.0961617675964
-600.0774750872366
-4121.059305893173
12514.056993846663
989.274707931487
325.22985293168483
-3031.7684085678584
-652.1755258452978
43748.37796690421
16020.324093532929
1229.7505553488497
-1561.3123546601767
-1564.9769851398587
1733.1435309763149
-0.032840303919284664
371.0106099348996
10273.783353869443
-1786.7644376443754
223.92881280445204
-325.778190361492
2029.217300821493
780.9618733492838
-11.63889380708064
-2.487673805610987
78.51727512576221
58.69260308256136
-0.23593729648945314
24.786474940954903
2.7409765832459105
27.586333140325817
-10.094240690352018
8.166455336711735
118.98047044989397
5.612962645761779
-27.172708812541465
-5.1513420306258455
-158.33222741132263
12.429796413988978
-4.997202531675802
-4.722646576177781
-59.10514836566156
252.6464763805533
-74.9978415803399
1.0217886357272747
-61.777485595477096
53.745320958470025
10.074485876905387
-16.750898606893973
100.19723464780806
-141.1762668588401
9.099755742991128
4.15928593269081
213.78984834197453
-130.34816543646437
-108.67062691194755
-366.2875590067417
3.1599399022926353
160.275703847025
2419.7599439121664
-121.52774587494267
56.415809375520304
116.14631592208468
198.5240438664471
-250.49979272474448
2.36283190210649
-0.20229052354976004
-0.18921270798764955
-64.01703034271193
-719.7384953107966
104.33187816443284
17.344539406909348
-663.6158450449543
-0.23951315591880332
681.238435644983
-5120.143417507435
-30.807087212556386
6216.651685691897
-468.7295727048647
-601.5074341577094
-231.9528104592012
15.538760782628545
48.49356128114278
25.267950355217277
-173.2860024207221
-1327.9344310591978
-544.6211124515245
328.45659113943026
-3754.710385176
-318.68492860651384
-2095.807515163143
-593.3062158941968
15000.158077217955
-1854.936547503713
277.9174165221035
-2076.086049242071
227.6599537349124
302.52219357315977
990.4015377219552
-4778.5332582513665
-125.86114562174859
-773.589059049362
408.03609110952135
146.41545380764722
795.6323431078378
-48.215562704155296
117.92651143404218
268.2703812480902
823.1193451608538
3.259773387956722
22.023055433070553
-224.78328440194142
-72.40295184557571
329.49524449549887
3970.709899660289
-77.22915115609331
402.5597960015627
15.249691718725412
-58.87656017752098
568.1467755631655
-445.78891589223565
152.7193520961856
134.67290658500505
-192.3674754669205
-62.69369986435206
0.3156946806418391
-35.508108064599035
82.73780597355034
-246.94403992206387
-4357.808971685013
-15.392485469691488
332.6562457765746
-2402.3287749759156
-165.2577334572797
-2224.2124348879197
578.256274116709
1063.6102192397286
5518.47051425977
1120.9923377149235
3349.1262021810817
-86.79978539209094
-2149.042143491197
439.09239658510154
332.2027852942173
-1.2742254585866846
