-2491.8354059615976
1147.1642877020163
-4167.626219189534
-3135.630895842331
3187.8850972122386
2470.899480588999
17323.793017090356
-6911.482360133296
3128.5615860532857
-2849.9230127457276
-14814.463001945469
4864.844531307573
-872.3193454049103
-2339.2473032610615
8735.56562966182
-3233.742756920943
-4898.106475565183
6062.846008055089
4855.462407447363
16536.829045087332
-9146.488442534192
-6782.368375045784
2818.469422226387
2243.716693426862
841.4301600622924
6994.332310248555
-8958.955160269568
299.15074081590143
2469.689736688744
11580.164658136628
-556.7696548891871
269.65774121553824
904.7025168693558
990.6461431818703
764.4531059755178
969.2268367715742
79.00457763508832
355.71206838178847
52.165579436163476
638.8402525035485
-474.2204183388031
249.11740065099448
78.36891893517911
-677.9492719212026
10.56264585097175
-234.258615302326
-294.8896150300844
-1996.7322272845645
-94.95820414532527
-379.76410951370445
143.05177960664008
-1786.7850030819052
358.15457508043175
-365.7708217623851
183.69321093140118
136.7128195620801
552.4540657090989
768.9797936826051
-747.8873806412425
-672.0564464726131
110.74955097131095
-401.75769449803585
540.8320210071647
-313.9931081626035
411.7838821290698
-213.07845703333095
-1789.2771590493912
292.7887479141126
-1.4107907565001938
98.47248060378215
520.86593647507
230.31416383430178
2187.860359209624
-26.85728583990333
-221.8387005607917
-31.246386711337628
-975.8381480743889
-38.828885741223075
-3.9743186831004316
230.8786815578367
28.550614172766625
-586.5543985802533
-299.37377944483717
-55.4442074204314
-120.87653893685881
202.3377290954419
311.25448961796354
471.41294985973474
479.72457425077397
-23.451157945534437
-223.96783364084732
-929.4612565878514
813.2351079562494
3849.102149926434
-7081.118264117103
978.8922673313456
952.9455819194349
-4670.513942356959
6053.072714917883
-1683.1407925048668
3493.5106016032805
-5991.95163946645
-7483.5091880687205
4850.469417389906
-1242.2123100967656
7572.9480782834335
-2515.8573892831537
3223.428146883931
14647.340205533908
-9438.09855270471
-2560.3942699378977
-5714.227323759559
1925.4253294136713
807.2765688182294
3810.234660579754
8819.184632979923
-10822.613361577643
811.9296390729506
2894.0430734034862
-329.33445274156225
-173.85886358825985
174.60466569966198
78.4915380019294
-265.69200573685816
4783.524185548022
2156.9496582212287
-552.6010679789872
2991.8187828366476
-13405.787466923783
5925.370383232357
1918.448008567366
2622.8392894885333
-16976.209693768044
48268.188442337785
16561.424371703237
31502.28050265971
-17196.561254759104
3675.9080604603428
10059.403709682543
-55124.139377105465
23920.966470716532
-14708.844455857454
-6957.558712790535
-3737.690182523012
-3471.060916219866
2631.010404566797
8052.40580481435
941.8972219903845
304.0150568379193
-7543.383374012845
-13774.980828341138
47254.98992532409
77481.47776627792
-41031.01286982222
-106573.26563544515
10365.748619131364
27919.06361881661
-15330.959236700734
13858.522720236455
281.5207144475288
4918.813210674392
-3415.499382179408
-5313.823442064579
-936.437982570067
-8913.648809285563
383.338454546709
12117.552131984072
-15199.380970591941
-66380.56568351947
7011.126589308491
-4055.8328899414714
-554.6301988266005
58868.01844444076
69159.43494215145
23929.44752238825
5971.281647528852
-9890.146338258424
-224.24640538480875
975.6814108616106
11478.915165537523
1881.5719903840495
540.105005011478
16633.567330211303
-386.33717045157863
7368.387656120396
5981.142208948232
1667.261194520654
-8437.280955721568
-29059.859497679594
25318.613483307257
-3093.426772860728
-46681.69179509843
28994.98792153936
-19125.88385667558
3150.5314833776683
243.99247932176954
-490.8920497250371
1711.5514316920944
-22270.05084450876
1161.3858102511426
2571.4939961388372
-136.16429240817834
-201.80651675017407
4367.364483231165
423.0739963910495
316.5824101136034
-3002.0036174419843
-1523.3042507262198
-462.35584430431476
-27.29811244866709
-900.3611250411927
-2095.8737525235715
-44.07091681100502
1100.650719139938
185.5144014623345
-520.6558139723287
-600.4168995060048
-689.6238697262296
1687.344126208605
716.1715378041459
449.5841191392856
239.08574290919287
25.786768513547994
-36.83712357610517
93.0193822351062
-218.27063965145314
-146.7711034843352
-1839.2587152280223
-326.9601544037333
-1476.918497773279
1439.3485394215406
743.7870523424407
774.22110015867
-419.93182184153335
237.07014161380718
2308.338039649627
2101.716728334739
321.82198052675705
9.709286863880852
-107.40568390068735
-8238.248000761903
-703.2756229498266
9163.85244564573
18244.070263200407
-5909.727985355433
-9840.220898958392
2604.2483429554663
818.3068492980549
-2670.618547959725
-2792.0942586468645
-1905.5039482270154
-1628.8348314626828
11623.826550105263
-5224.468010049006
-2365.554642259221
36952.37000032916
14406.045240311567
498.46606778221343
-29898.417837662022
5707.058071671271
-24895.71178656609
-12054.213947269753
2616.1910108044985
1535.0503878673942
4607.360339606181
-9791.012838551249
-109.52419022737008
-2296.927919654927
1251.3848177021741
734.5601444961572
1149.2130246802299
304.97218254426343
-181.47431334485847
-4650.983359022516
-54746.13939245979
2761.8696288955343
645.3129990874335
36584.07072010023
-1856.298755100158
-1315.3774749479173
4947.564317730348
49162.56491917864
52003.06455362128
-1103.1832599568515
6512.0225569199365
-4588.4555674673675
16789.31699889188
7218.770813876351
-3674.7834688155767
-12444.87141278424
2743.841770714064
2448.450859986129
-1130.6153937470651
5696.0356200129345
-2202.424717875331
9251.675246819848
2626.450973326468
-1613.610421255189
-1850.5030161484265
884.3641162512918
1425.2538213226078
3341.4645185026307
1287.2179232792384
2040.5003710523617
-1130.5703197504058
-26.499354205592773
-1875.0260537326333
-6.586669906955122
-96.4016096564669
-15.024689293710903
190.1846459523384
-7.8023450837036465
0.952333416643925
0.5762360371788182
1.0529973763587068
2.581584452219071
31.077898392586846
-131.99632121575357
29.395924389895587
1.0866701319405825
2.2462996892070177
-1.258088886265472
-50.06718069432888
-0.9232551233683067
-0.8765983266129678
1.0684232484543332
0.596176120680043
6671.280980808044
-965.1842510791448
-20.950458928756056
15.64462336229898
-65.30520767291044
43.63792978945562
9.540679387218692
-7.009518865303807
-58.709595103896405
-119.17947235243761
11.837861804791482
152.72437060750283
27.83061994414381
-9.186071928446816
626.423976268064
501.4072163361928
445.45326050399007
82.04160379890557
44.14694451771752
-8.83493747913096
13.898774675576105
102.10849146063222
-475.00553452895167
-147.87262424288366
157.47116209834445
-70.05912922828342
-190.18580697338098
-581.8282470716932
30.77986439674418
-77.97444833817111
105.42355328701724
-13.96622704744514
-3.587465360749101
866.0410805568374
-1311.291024524687
-732.8398130458971
227.5683717451189
-0.8386947820093574
687.4531950401416
5510.545054546542
-1228.055608700028
-751.2230830745934
169.20164119853257
1126.5222088009034
-894.4513683760969
104.44332375407308
273.6441698284075
-6801.294352054581
3949.9299918282168
362.4266259143551
25.069438784167136
779.1226876841281
-319.7919094490288
-75.54084576314992
-29.989760650607202
247.6674138475091
1108.3881233780069
99.1019546999666
0.5655480694840116
-1.7308353120516853
-573.47065146831
-208.73209687790364
1.3436537332450085
-11.881265573698817
-1.232226431850321
-99.99572736430748
-5.22574982135791
160.9024847872099
49.18594127985341
153.502779191309
57.279684009171795
-2.01742420622113
-0.18828331695411746
-22.920325188622765
-177.1348392928577
252.65663667812072
147.13407761689467
-66.62493612984909
-116.83602313480378
10.486250123988983
-13.224348625609341
-13.316543880463632
-0.8088628444903828
-1.6516069870761618
-160.78094092898195
-496.12394228327895
46.972723788331336
4.480645258459865
0.5257303767199565
2.2407374485627867
-5.726746431296399
-8.130665734492437
-12.102390389908672
1.890520998803138
1.8918716006380323
-22.561632557654622
-0.6806027910070498
4.680048982627352
1.421243694896575
0.8349945372613387
-7.964068058082464
0.6291790198434227
5.242814424566524
3.6687431693131125
0.9877488208955213
4.54249626967278
2.169646439387363
1.5321602260511262
1.3575417059715975
-1.2823064192916973
-11.888598168029057
0.23307177223069397
1.1559748552759785
9.089629647089058
-9.972483236561313
0.7113795441307394
12.148022406363124
-4.8635739932525555
1.5475713343258224
0.721312653007444
-0.6825402111401067
0.9538014410318572
-1.3639037389789632
264.41321068950236
887.827739974759
-1221.3713047691979
-1976.1264702410456
-3481.822835450548
353.1398776144511
-510.5254030126514
545.9537498477639
-34.850519993108016
-490.25956034298986
54.95550786008467
104.18229294765156
-902.2245544612216
748.5061706765209
-107.09510119043063
-145.43288104554782
487.19704660124785
-111.63297595215371
15.455909821051264
-79.06973123474891
-23.002398007250303
1.9603989699273403
14.793699347064658
-3.2128245550160144
-5.519418338542736
48.963672788787065
-64.14609963791644
212.03188406028644
-1.4636022702393818
12.958399887728055
788.3156200793977
-3078.6946857524754
-1382.8793188318607
2401.3805714477576
1867.8278928588081
-1188.8902933850366
3797.7692513397433
-2695.7687348407117
2181.2576406494964
1354.7198137625737
-12158.777024990104
1349.7255521538111
-2359.1677356823734
1630.9866973272258
46.3910764317353
2247.9657375784295
127.64480700792662
614.5423445675112
348.77576276711034
-553.3835638422419
-500.7429321850953
3083.415549613418
1958.9167754727982
5796.205575640028
-1537.7302981300752
-2315.09934137651
1234.7449604863284
254.29896176214044
-3450.876912408552
717.0074886374573
-1038.2017718788309
210.56604467387146
5.348880022323209
-290.683196232788
0.6045031471049575
72.54894618845205
58.04456820958214
-51.943726010429685
-101.25240273897474
429.18887322849844
-361.98949038007856
310.62104869698317
660.358186884741
-227.39009662038174
42.582503182504766
4.461569822636091
268.22767474695274
-38.21429464890297
677.2475009433934
-165.1674709437281
-5.154398841326918
-161.52933572649192
94.66578156475904
212.01703088215143
51.04661397539952
-190.4726640786529
56.40016120086824
-792.7437875900789
-555.1212717168969
-86.90239656230544
0.9956310811063012
1.5901440915330773
1.4774004417754707
4.9615755675957
1.4309071060866292
-3.5390937876575994
4.586982547879154
2.60188078908522
3.122522197377707
-11.395123236295065
-2.7079731725022613
1.9945190190398419
0.8318553032944687
-2.707837533081702
0.42091651816527087
0.06316349733132759
0.7187671671702962
4.323530193674126
-6.022470767511742
-0.3581891495615186
4.506813833174067
0.9544024056889017
1.0621633226037084
74.32806228177193
1.6707750245712458
-0.8062005196182029
5.534558596434954
1.0189922711382808
-0.24452390931017234
-1.3161867024921918
9500.576897865734
-8332.1756699024
10212.877913173132
-934.430919934091
2249.9936775395468
3924.2943502544344
-10061.679832643598
-6771.661541434164
-56595.95410175374
-21084.25164669051
-6534.278171038462
139.6763746799148
-918.0664967827195
3623.020592234357
3877.243268518759
-12088.788104870348
17715.251701925838
-1874.164711745781
8130.0306981141475
14721.660435310147
-12947.973754347157
-4508.36678756269
-14763.651373525277
5036.025582233892
23857.429378099274
-984.8785877325959
1220.4777256850302
3275.5786079127565
1442.6789103617277
-1278.9085175346113
2935.8895386883573
5714.502826861964
-29914.868995173736
-11984.444881547994
8482.010123648117
880.9240436962876
-10613.107664531357
10778.281016915405
-17465.132953860342
17122.974207818326
7807.102740241137
-6371.672054114314
-7704.154778892346
1927.7574920581242
19439.660245555708
-15516.382313558373
-1669.3959699173383
12288.593116763494
6435.1269642842435
769.185538486649
4776.666357250773
-31368.035356913148
41524.49196421828
4874.37795150884
7052.517275653845
4475.131822410962
-23276.867115026595
20060.038254414012
2158.067369669487
-116.8620083667579
699.6276067816357
1.473264517896074
-5.819391967706662
558.0603672306986
95.24466268155646
-136.58449900807278
-31.218274212395972
168.29026944172222
138.54280120546434
372.1685794713562
-733.4865141338157
-838.1550570710846
-518.1389007675583
-9.627358848408674
-389.97963797657513
282.6773040078306
-12.059227627391438
12.795048421643711
327.51857321256625
101.85100925150513
-36.85457649559431
-180.72040189288893
1.3473749733342337
-18.947271583428265
-3181.5199405499634
8.490493456808073
149.84834335586945
-91.95557513697258
-18.389184474725692
-709.87015409244
-151.59382127185395
27.77254125316392
31.51286216725102
-5.64088515600313
159.3537585253516
23.416846191221197
-192.38489117190974
-309.36207397966945
-221.42464243752585
-102.94470949182947
-14.390064731505475
226.49932866472471
-108.82501354720398
689.0734492355849
-126.63722574520925
-7.135328046125693
-0.6545969490556534
-17.80346172657217
2.4600089909773253
107.36338899376163
0.3786332526732432
6.283913654237257
116.81804143738874
-94.8470993620524
0.7591093634223377
69.50696535694466
-128.7442854292906
-3.3664123292203216
14.211719326884115
-133.77595815032393
-282.0444562632613
924.0653798733238
4748.524712553009
-158.4327601596314
-3043.856574803334
24114.280677167473
-590.6360989100114
-237.60037206048477
-448.808357002734
-4714.690521196156
3000.163586009954
-4410.527699675953
-2200.240008503734
4156.815228168668
678.9150848508447
115.76016103173427
6428.080897177214
-13849.764439497558
-7334.015302339736
-2108.472900492839
3453.841939304935
-676.322067628009
287.69944619561215
181.04884627467567
41.675220567461864
-59.87152884404857
86.2789888567337
-314.3380624223059
29.97684614857965
-534.2990522974588
-243.38796764628353
-1553.5065827143906
-471.10085651129634
1766.7855232805189
-1443.0280624887773
-652.282897413263
75.77556645977309
532.4584470228665
-164.84059416038633
-422.25771603367576
-1711.6602575666839
616.6451534976392
522.783504754449
-562.2850264170298
5591.203742928988
-911.6268583925905
-497.07760517041726
247.26166979490665
0.04710790437754587
-34.1026593873757
80.09218970211813
11.608426121586241
-59.480326997744534
33.2843747369429
-23.582274047611374
219.84708671716965
60.91913838808743
54.158547600604116
-85.30795140118744
-115.0471969909551
-1090.960409625958
762.8327551027608
-57.47472655199239
684.471866216967
2646.2854775344667
-138.817746139083
222.65939529166138
-1525.1555370115782
-8.9998355006009
140.47001563600344
245.6744004209154
-281.6504992844497
-1034.8792591967115
303.1125134724414
-3.8240141405359447
130.09277543869072
172.23758951556442
659.6559911596147
27.8470219039034
-1458.83591977085
-399.46576723271664
-505.37107166452
1708.149956723401
1137.83784599554
-201.1816660533222
-83.73223113044843
-26.04966827426565
384.12013787385547
142.86596129010087
13.409159124711552
652.7226605675384
118.55008331861495
-2031.867539040654
273.36910757373977
3544.086409874898
-17210.831823610963
-1117.6916466111495
12025.444165643443
-6325.07172067802
-5204.062433020067
-3095.299097826949
-18619.013476134638
375.0951980995215
16060.227673149766
1225.504013786335
-5653.310378858727
-1024.9794475154652
-523.1814816692114
-214.79879500091408
12712.560713639617
13198.523137385677
-755.4703358292154
13370.76570387735
442.70579300006256
26955.471529374983
-4710.385764938821
-3067.428925946251
-3329.9552741542448
535.4512815094051
-1745.4253761670477
-1609.4004303610834
-136.9799266163317
-687.5222101870694
651.4724023145665
493.05527368648404
-373.75838300844725
707.123003400342
-924.0100342490284
-26.51766054617252
-70.73236022088058
569.9731371913931
-20.2500609341725
-109.05341782278495
193.37265256526223
13.311267146037343
-142.3308321813398
-1693.5318124004316
12.497066427484027
-204.03193086464495
33.555097551606714
97.54249983804955
2.2278335384969057
41.03776183380171
753.7531446579025
-123.65352519686536
-124.83524281439713
-47.52437443916227
66.08049011457373
55.201458809280346
86.42193947873915
5.817222667960353
-6.697568663268003
-1.4848026193330879
1.886917286002451
-2.7969017247697523
14.584686870238958
19.9294355712326
-7.675208240036494
0.08835646482049861
-46.84308234524704
52.42586785925754
1.0280758949260793
-0.712005003620972
-51.930015577921736
-12.140672842639253
-0.6457964491323579
3.706121489599305
7.317924442781085
-2.1151962452412953
8.977738240437416
0.6371353963171046
-6.497434828380952
-5.7354625533918355
7.007952761516551
1.294939896314245
53.68140429513386
-2.947871955235415
-0.09355676297781991
-0.15102552472397637
46.79547630395736
24.298811117828755
-13.363746849347601
-79.22222306823286
-0.8830587612538134
7.427808423305558
-272.149827357627
-0.6285994264510896
-1.6320934479279763
-5.093397917382187
5.041677683062466
22.403245502623648
2.1091126504713302
1.6051642539187592
1.4809415399207133
16.545930252007025
102.22415489035876
-122.91556648202867
-36.61662850949318
100.08139921703045
0.6288126634665563
-113.3384265437056
906.6487598801173
-0.14411894983971818
-976.4091658582535
-6.325202034877405
709.3573077255916
83.30757222058452
-25.403449578960736
-21.5449530254009
5.947517113578308
-69.3387799410588
365.2023397124654
188.6578078125629
-146.65573953838623
87.67136978781377
45.227459596766224
67.16732054105577
51.644631383619
497.6476346044619
162.30192125787408
35.21808520105602
-1478.2116813406365
39.25078835702774
-121.6769033269547
100.03726784303937
744.2835685075602
-23.05036529561473
-176.75458190284496
49.2862870500026
90.89233075718887
23.44424963025354
-9.738255220254176
48.500321050522565
74.70727031436387
-3.11988670781134
183.37490278485836
17.797672112950448
12.054896766990648
-17.09106346654994
-173.85069886039554
36.432081265965536
-111.68201995726793
-101.5537829425947
-25.211995986787674
6.188466841531777
-60.47289878263954
-5.563741937167794
10.590074954937696
14.43776734325111
-36.12972945840394
40.28203795787211
-5.0326337517242665
6.218695657911519
25.46084303179467
-21.008287292070232
-113.88633555959528
-46.661276937630504
294.1301930076189
-272.756240906226
-28.887807982878318
-512.0370805253963
48.58157866842893
124.85207340962157
366.6157914353999
341.624744287314
223.10347356708817
121.01201551393632
143.00770797505126
85.57342184733032
59.13953000455022
1.1974572386577436
