-80.10068211459924
-150.5368646387873
-810.4903139953367
1477.680135709291
-1062.6985471747869
80.34896759755303
6197.976332744622
-206.68715971762254
-1502.4151450694796
2359.119426500784
-11437.659482984836
-141.96708692503714
264.2955699767066
161.52910073292188
-8653.182248772046
1226.1408230683446
1436.8227869645034
1743.984475151243
-1647.3337806991965
4337.120216926644
356.61235381625073
-1075.404173786506
1788.1865818948665
-164.7699773845058
2029.9811610232816
2239.1273749734487
4236.443994914948
-4680.413024479574
-255.07089820422297
1778.317591033275
-1032.4469289200067
56.39538536301782
1977.453963234051
-996.006242468209
-121.24961272324323
-1040.3698107513903
148.3664485220475
399.61130205316255
980.7687424838513
-566.3207969307127
-15.512971904419453
420.5529043688434
-63.86301263189188
-314.01101446696407
48.74958725353709
20.323387320020235
270.4137921309441
522.9525839577649
-101.53580316566864
105.74963910269153
-311.82505763392817
-508.00495708366157
-474.11676714621933
-531.225037855637
-271.73175843796946
20.120347658976115
-290.74959333192714
743.2142927231152
-626.7475309733746
-994.5084030633732
10.654764742078603
-166.4360814967454
180.3592740416288
-439.34968531449863
542.3028358697865
-61.38939949499967
-1102.1957283480488
-17.019729334199713
-0.35012542591575047
0.272541265627092
1036.3292856087255
184.62648088988752
-377.2301258593132
133.65141309050696
-365.18766598925953
-19.583319309358448
786.0920926648706
-13.626269245295541
14.191253094568868
229.81787383864048
577.5654653992847
-519.0141371609594
-160.44413728080278
-117.67688433150737
-490.4346834744657
172.19844174532085
162.3487579133016
94.09774222126376
504.96768199694804
-9.268256341893363
799.0879471825303
548.4837920504667
93.83741648308019
-706.4328827185218
267.78282730444823
-82.83167592044036
1136.0856649448879
2239.450790319381
-1746.549336244877
1454.0325723680216
320.77350949510276
674.3630621517368
-2641.643971152047
3901.396800276809
-716.4127615055959
2080.7272081864094
-920.2332083701169
-2838.4153841269585
3157.7901686376194
1980.330460872503
-34.86663766939329
-5070.706962417498
1829.9495760655159
5330.462738568987
-4092.6270357503645
1464.7256486082624
-3021.479650565259
43.40830934636799
-1249.6967584800427
173.87181523413955
-381.7195450994765
240.2767247473394
-1.3768083867430778
-381.76364242270637
-767.3365513874962
2308.008544690952
1563.6642867020703
990.4419276094451
-1352.1364281877288
-720.4110675958315
-3523.4888539253607
4615.80772456222
64540.4935699059
-10767.366127237232
78.16190529248043
-6490.48385884971
2000.6552984513653
-16159.641437529168
-25603.021469848747
3896.814293056917
7118.668791234675
-1970.3024433916873
13396.983507358449
2338.3342131355457
1306.4565983057487
-532.8837494508902
4335.825208644276
6311.963870895914
-9910.53215694593
-289.50479780053274
6490.378597288134
-8821.225386839016
4841.198811143205
17482.9939158291
1557.7578854421915
10639.45015535398
4144.050479251787
4323.8662617244445
-41575.20630589258
-9083.07084804514
11458.431438533546
-2656.163126438246
669.9081425499461
-19746.741035041658
-8369.591468307504
23153.135040081197
-22510.8148534868
3221.863055883658
-28288.2294973316
14174.177197389652
-3774.7306758413583
1943.1487445522396
2387.0546119843707
27311.672340594658
6870.832991245156
37373.891701430395
1380.115234203099
14323.995945450737
271.29273231692116
-22695.74750827136
2029.3779572002377
-865.8138014759413
6445.507260527405
783.40267227369
3687.264599298514
773.9336306476686
912.7656996004534
-2658.9398253655418
-9894.946349171558
512.4371849522896
-4104.110390431474
-11875.6401302541
10274.84986035988
-401.87570129072134
4010.2114183240915
215.3487678796368
-666.5501077205919
-491.4312625186664
-1264.5464389342278
-487.0390596541632
-671.5964902749455
26.505904324644074
692.0575260884175
1716.150575023651
-1851.156228642438
7122.53570048467
1285.17029639726
-4844.362674300143
24.267855334947736
5.173344294496378
3540.863240270039
-209.49888915422733
250.03868659033904
-1740.5579929797673
376.77852588747993
636.1062705381006
-1322.052436128856
2494.815656437532
-914.8180133156421
-3635.994786925283
-1159.5694745371818
-207.67702137579099
-62.5609955217931
-42.723157370598855
349.4152266744463
792.9441546788615
-1240.9896802871083
910.2748673548635
-885.9389711498934
2543.962339111624
3529.359409955106
1689.044355471215
764.3947918526828
1094.1399131866117
106.67877172762637
12737.402380637397
35608.63493399455
936.7687280904894
-1753.5295592482578
-472.6280388892298
3139.142451536692
-73.36529053790343
3212.607291394364
3946.957421037423
-11151.366589032108
3471.049674051628
1030.115046810669
1098.015595940557
-6337.44109004568
717.6574876461068
-1564.352681988312
1318.408942003665
6588.987800568305
-1081.595239726706
-10101.253529353386
12555.16647012906
-17713.526151589995
150.95094914877225
10166.393931901139
955.2491551317415
-5672.937335951819
-2877.05013919237
-1068.8770973809724
-673.78345162371
3645.5432688631554
-371.6942498541813
-10021.978964008109
1634.6008028314172
1414.9897766271645
-5666.545285534768
-120.60707814449937
308.1254374115807
-418.73624260809106
-5195.775134906403
-5931.886926205495
3895.1156480745417
1.9886578436370639
-3375.571291306065
2837.258484237742
593.6909952624055
2143.614135658567
-2126.969810122319
-17.879806438611897
138.52545555352128
503.45915386996484
-2188.6156665039093
12994.780547093636
-1015.5917333227521
-4367.760408859674
5485.164182950455
503.1183726996642
-488.9229236584595
33.30436689037215
681.9888196739317
610.6940866321046
-3247.575722218429
-732.1856600736538
81.60876233381752
1100.0439438171181
62.87956029704555
141.92426188162872
3207.000899834313
883.4305195124274
-973.7898334228817
134.56158792810317
-47.78855628268594
1316.4600856771965
-13.794044496846295
-8.22918444001961
33.291485762143914
-6.957888764965011
-12.231492784818851
0.18009964592049346
0.18271468528563425
0.6180746982212592
2.803839086893399
4.042466582448502
220.50942655461853
-48.6082620659764
0.24998482580120343
0.4805875932661029
-0.27398544866975216
-2.12260721251604
-1.3107969902625103
6.067661110805011
0.22334260583882468
0.09623851041274334
-48.76661326030834
623.4268213569935
-37.31118673996273
-16.985286715687376
6.68962584837638
8.899535351428408
5.668847812526896
-2.796789973141289
37.19297076487506
18.254147079864655
-0.09291135458994756
-6.474469860022338
-770.5449241437525
-1.4275662296688072
-85.85287922126126
-146.2530993233462
-357.7441753688472
18.35424464316014
-81.83950130940725
-3.3499698827911937
25.894559378515115
-237.25878296598424
270.00275842185454
26.098964737327215
-114.55716090894526
52.95777527247328
-12.128678788598116
456.827041560728
-23.63676897960398
-48.78858316957286
-28.240514777205366
-11.514208522634878
-32.21800598036493
-599.0653450762549
-1395.8694528748513
-156.34270616655888
16.709030767981123
-0.18268454896896566
1105.016028204436
-4658.944846114796
-1197.536424027917
305.06085240161246
368.8829076376068
-165.52033264142148
1267.5487652380564
-520.7545787942479
117.98659511644087
4789.269480214612
-3012.4421582497766
578.768763213059
-24.88191903557939
2255.2478559695924
-315.21031882281227
-127.82242054582235
8.913577759933865
-437.70665212581156
72.62247720208417
294.10964777887455
0.11618228291286586
15.520168116766097
-298.6674068969907
20.25434032065538
0.25717048952978067
-11.694102561947911
24.730917633712245
-269.2494351541182
-1.2202992219361923
2.131994792935066
0.18623157254468006
-55.55135701416451
35.105979753548624
-0.7253462020276915
12.813026674615587
-7.099407618550674
-25.37543116284381
189.77964238878278
14.047593069932098
25.513791072301483
119.65172370541083
-31.06168158756651
-36.437407808900666
-2.7011089538841198
52.520111803055045
1.1319600745163412
63.73415626254287
36.04083131543991
6.909071780757209
0.7255135556988918
3.07412033889545
0.46597815209672944
4.660016930172926
-0.813564972053702
1.7147773175597616
0.39827720508938746
0.40609529856067444
5.521366062867038
-0.9737845614157103
3.2039380293274466
-0.39725716952504814
3.1459386901579367
-5.14174477609689
0.9447819423525237
-4.3574264945909515
3.7053971153246326
0.3627843833178069
0.9886674447846564
-1.7027930439722079
0.14476304619918098
1.1164418956490507
1.975870416421258
-22.919033393145025
0.09850291183990602
0.23988173850951924
1.7251442967081052
0.620453217214647
-0.09008713536185521
13.785550098267496
2.0431877727522383
0.7415172874608108
0.15461320708605406
-0.34905740055530765
0.209339147582843
-0.13918876981214945
585.0329490393792
725.1828802594046
-1193.5593044391405
-273.2732042436042
-3973.3934916314365
138.70906327842096
-434.7805635497936
-476.3773325829098
-119.99901651014906
234.05626744544494
2.3490683197256303
-19.95580792304656
123.81182879704396
1891.4997154460198
95.99845145960734
242.40859783458563
178.4758730542759
-11.355221694457368
7.082196818980336
-106.47749973322206
105.88244811566467
-2.793311406248332
15.462085378833358
-7.2094771993733495
4.894752173040481
-53.361658369274586
76.68387431552472
-43.02777529469051
8.9572653888736
11.09237154083175
-78.34840375933848
334.58661879300337
7.5862537765992695
-256.81505502187974
204.13816356313438
-101.43086716049793
106.15774933853892
342.04006247594697
-374.2164100475809
-48.22736160227424
40.64013401757437
-8.319606790082318
246.06858240782182
-63.029721122586565
-55.666973067883006
190.12495608657687
6.092514846136488
-94.04112935338522
32.13668796870665
-69.2382261672924
-27.99070397946464
9.359595817549467
-128.2476221037704
-311.822631140379
240.1610325519208
-477.23000078262845
251.095217451552
-71.67997106502419
367.8694585303287
-224.27258311341456
243.89455876652622
260.3252152085594
10.66227006658855
-50.961909394223
-0.030315750090144797
-16.530162095248926
179.30677165747971
-19.07565759231704
-326.24389129621744
762.7498722145166
-249.45487173169334
-196.9986089575562
-1277.181076551923
-415.7549872963035
-3.743736036470416
4.876974418563766
283.5016910110885
-26.702399619145552
-207.35664476626349
0.8758422767183799
-64.99054725491685
-299.01566541594264
-186.93982445981285
374.85246146566885
87.29776102918652
1005.3964915099817
-121.00801039447622
-924.4677925566374
659.7116309544484
-170.66802431436216
0.20770568785765736
0.2877014915865173
0.20895603279605335
1.046849738165723
0.3586075321865667
-1.5750378308379969
0.8724480990826922
1.248956364624317
1.5297360895813792
-1.8642984315135755
-1.6118512725908978
0.39702858515386225
-0.3321557849387949
-0.13272987004834982
0.7092015413608577
0.15686238819499898
0.26348630312914584
0.799440697583077
-1.2566307848274607
-0.037387898414606165
0.7761093512437707
0.19849005854889118
-0.036606356694316715
10.193818885480361
0.11494488705490578
-0.2889213181233166
12.99569840517025
0.23568724186095116
-0.9681685011348375
-3.8971391060980243
-1160.8500750361422
-7392.666341725465
5233.649019563195
-989.4541943309434
9458.122350767022
708.0381533189068
-114.41521019450174
-2894.6520542085973
12067.916909985244
-28764.21300565001
3709.396442928058
-2852.0503279623204
2073.305976948393
-655.6284250035397
15570.50469615088
-3290.4550310868185
13861.244413848442
-158.20147823383692
1395.9713801659875
2110.719738684908
-1152.6262686671746
-1431.0749582874967
-8580.936532242544
-7449.390425941742
4707.634631697425
616.459648698508
2392.7472036111885
3618.7234952635176
-2135.861505941909
-10688.674618320521
3867.2728389303006
-1912.5573511970513
7021.2728094700715
-1523.295505439209
-5436.164982813447
367.8732894949111
-1328.4350673774422
-3243.3220164159734
1498.864644365204
493.007978515999
8472.030691085585
-2427.1902468121434
-1539.8745227984014
588.3674567669838
-3554.0971074992704
-7692.508284250063
-148.5309011155848
3361.1269877363916
876.4414004499515
11.583889365897042
1374.0234166618638
-10538.63119770883
15020.48534850564
-7217.1061278731
2469.597544148416
2125.225081100726
5859.048181942158
-978.8065948026623
736.6906964556475
-188.7728563051457
1582.0007669742276
0.493352877782634
-14.852626728676311
-378.9065695371594
-19.70183910428629
169.50421504545065
-82.38700864888006
25.46272782191555
-834.5240830219138
-207.9173570564853
135.07988917230222
34.89793775465667
1192.8641288082724
-3.2772530074387696
-73.3713838501326
462.36439243483665
-353.5272567305964
-6.457328590285345
-633.7267817620638
444.8411874763164
255.12738055870068
-512.0191259516306
0.2979769794509913
-0.042338889756656756
-0.9642271873415467
-3.7790710100435625
77.22787377980517
-32.75950118688635
13.264056054597573
-41.726427959658395
-221.80955465128852
-27.032036054712997
13.495015703404283
1.63498586542483
-122.70632145982026
52.02629923093517
165.79120126493862
35.92407482173094
489.6762351090696
-172.15696416416583
12.657803574785918
-120.40376774095641
-333.8323866945723
-225.40361982769193
-14.474542417233234
-73.31175434150863
-20.40490879053604
-32.24059174546507
-0.2385651407503522
-0.1783813018847482
0.12712615595645327
9.89869018668429
409.1151343516438
225.99522537219025
0.2961259630738317
-8.657919856318106
45.476070999690236
0.17898186670991797
-68.22844531783525
99.65831613862323
3072.2966873220757
483.3862637918821
-117.7840861839861
743.5161612166019
-782.7272950034752
-4534.055123718276
624.9418508368842
-839.6880891739619
600.6725814918545
-68.36406311320965
1113.866861104339
2019.0060399041035
-2349.3578409332686
5411.606179428581
-623.7938269311273
1017.587774144646
-1028.2449888677224
-2531.9351662611666
-5655.090053637643
-1804.29184362043
5953.122534193539
-3538.6842385607656
117.17579397383544
235.1373050968241
-147.31891734861057
-107.0037003009591
27.792945382438724
-366.79719636905423
-55.06730731052499
195.73662576042042
-1383.4579455567516
-3165.4355523885993
649.4079541552416
-888.9810405072307
1126.8551454938354
-1232.0571903127013
7.122408134258121
-260.5130096270311
-383.5105641048987
1356.6455901367844
-81.27759541374854
-579.5756291758173
759.0973233320481
-1463.6980289821524
2171.313038904135
928.8272848887573
1157.1843262728569
-570.1810989506224
80.20223430058616
0.0234610679329325
-9.326827433068056
-30.069299112785668
-40.23692305335621
59.489526203502855
70.20275448495157
-203.86582636247013
13.771718989015307
-42.802135200560194
242.9567326343516
-31.2728269265268
-1296.2366665676404
-260.5051676067263
-69.51708749279813
-596.9265860646939
-184.92724872191357
68.78819887414414
-49.094486122860445
362.65333506851084
33.46361497106202
268.1593541251631
805.9564212285985
-3384.8047179387568
40.568278040355395
713.1271194797567
14.784084628420635
152.18722668077282
74.82910396032581
529.7071679005395
-6.457539353715755
108.83487871649773
-321.2308488146544
-264.81788981450495
-97.03242837135704
767.2418133671435
-62.93787575324611
-52.704298708419856
15.007369462435495
224.68028711127133
-251.95120633645686
-26.360092369188777
19.538212682823676
598.5979576833429
-2317.3812047987167
-346.1375411330055
572.912136952204
-6012.112409824821
-1300.6768666226676
2734.2979188950385
-1249.5387266281955
1155.128153508111
1046.2091344876096
98.46699712368437
138.10301733035234
3030.3457553646604
-1407.683233168746
-223.02882830249067
174.37056561918624
-1159.0967486228467
13.864179755510245
1766.7633942046828
4084.3454769255445
9236.517354731695
-4111.442502982589
376.73499882904173
8453.621209096818
-4682.787826391128
-2743.717703525543
-1203.2009039917968
-875.9903929490418
1769.1456627265638
376.5126856034834
-1903.6551331957355
-592.1615220476829
-16.185305140464116
954.4095917891724
-160.74811872897752
-193.3824555513743
-114.20604674208111
183.89977010067173
-127.2105815853278
-105.01822373958107
-11.722386710535927
-49.06830188263864
-148.97850684166454
-17.243196363248707
2143.52311214991
293.25718198888114
51.65890275869571
-21.85143517213165
-90.66991518719024
101.13807898342999
0.500499008473667
26.94125661035024
-93.6774817259533
41.009342500499095
-38.29802105413377
-15.832682673801315
-71.7470388869338
-14.533566048901212
8.60384529885718
2.351797827508907
-1.1435704577713903
1.4035368172282279
0.39752928854318736
-2.4210940519955746
2.8980860773138093
8.922354048997663
0.5596870215286729
0.6048942216866457
-28.19424158346136
41.89360720298114
2.8195260414751724
0.8115308001226126
-34.60819943081646
-19.583129860645407
-0.4195362268425177
0.3390742140283708
-7.8905604534436575
-2.782489911653329
16.74997014797629
0.2946589914811362
-2.8043669609856354
-7.455887143082682
-0.3115428086239401
-0.0874910415523066
-8.849244111304364
20.480595290616918
-1.8505817463480725
-0.6141045536772104
46.28973007255352
9.983891730201192
6.8553494866771985
-63.884032486477
-0.7205349302964391
19.007320809234542
435.46488790701903
-7.038856402374746
14.786812340520324
5.7697633473819145
27.778468781979946
-51.40520672086406
0.21461157750098978
0.33824516072704236
0.3120668141711014
11.450264863134516
-99.35722911898415
-43.06408663898555
-33.95557312695259
29.54786523387477
0.14210841583774989
156.86733821313962
432.63498239095156
-6.556598149552798
-53.74794328280434
-415.7341806016647
-12.535349340869635
-20.485048628404286
64.44315758919596
220.33711152668792
-11.782011747029099
-49.22230879289695
216.55331536010144
163.99474230349057
174.79694343684443
591.0297280682605
-17.683428171692047
-253.47392544011836
-30.016102896511885
-525.6038639815305
-92.15544713693266
33.120798069685726
-1533.8111888638978
-4.750485609540257
127.25241800172076
-120.31845596188265
458.22760879514595
20.733644411636845
-143.45898629057473
176.3641852463648
-140.56049412213153
25.466948997188343
-97.81228680490382
18.83375929478639
-14.300602223360684
-143.9566905915794
114.52205772123422
2.236969395360525
14.105030075743297
5.611894973501978
-154.5471073863956
-268.632148703878
45.52460314466444
-62.330068384649266
-12.460492463345915
11.666063182769493
-63.545733103789445
-91.3475562773799
-36.8265985044229
-55.394313303819764
165.31900405346806
3.8503648783863507
3.424162539799701
2.4907246953186553
0.09513359701664623
2.9793037744945483
-176.34505706961923
8.690129894546773
103.7407669401906
-518.863277776086
-20.491204031490142
-149.2325819511977
25.926930073516253
263.213131534775
755.3867355222646
26.279355260903714
47.029545246424355
46.35023148221499
46.498793751455175
100.7103946909845
66.41793779647668
-0.5370535710667886
