-10.601327580185512
70.36995357879867
-155.0884243782472
-763.9958905062186
583.9139720143121
-255.21229999207193
1111.0803344483934
-721.4877576707872
42.15066866924919
-826.2643099357318
108.7032842083653
-22.766769280571516
-31.660622940086757
77.78527729722693
-52.62236606672621
72.57976507354377
-25.31687342056268
-660.2889698249927
-654.987196979393
51.1079772263441
895.3545884538227
-279.2484344505505
999.4410859360937
610.2255336559177
36.271050788740254
-200.4237818503471
-241.67192327782092
820.1489994181427
974.210709715717
57.89843603509811
591.7304306492085
-464.0814665869151
-2846.3307895848493
586.2866574603015
541.1100044809808
-133.67213661552745
-85.28943576843416
-2695.0854892801563
-677.5546073652778
-575.1259436685186
-115.03505354688245
-475.12789225604945
986.5784477297111
-65.655582491795
44.806072878572344
369.7407992642617
-234.49846712898074
-169.63653455377099
-1264.125492265238
-380.94461393058776
1326.9964118786875
3931.664916739503
-1844.6754459095064
2816.1237337355637
2738.9983354917485
72.2770021704371
-643.6467110863313
-2354.976864510802
800.9451071081387
-42.995434694091394
72.87881499422836
-67.662557555437
-520.880405819856
319.89577117649185
-989.1111330669793
-157.13000993269338
-1232.9707125882617
439.7241294765192
-0.1689232094110299
2876.8292810173875
-2471.0996725945583
641.8772360606811
2438.6638614264907
-177.81005054024106
61.46565609879986
84.21455342734778
943.2368231377914
-25.023411902964558
-26.24038737556953
-372.3984354158836
-573.3682435960678
-276.2413136378371
486.1096143375851
-143.48827561855248
815.2403387885615
-223.24085089809785
-280.29044851198347
740.7096029689218
-448.4913606404929
-12.878219673106463
36.964383682960566
-325.09253245610955
-6.360180875533929
24.44170626452264
279.80406394076726
-172.4288265941713
38.909383969503104
-183.857966789012
19.30632979636708
13.750175761297237
47.429433172600575
-152.8936440329572
119.17880118350762
-454.21605746102966
361.4386979479309
20.289860172675702
1883.5778345236051
-481.4186786954714
-3130.5352935896185
770.4931144959769
1248.8151662199361
681.9532918108954
-587.7964433062295
-803.2518915571508
-311.77064112834427
365.120644000905
27.34035029296832
108.91704948781602
462.0170933941736
-120.00490884732957
-50.461132753151276
-26.056278485754042
35.337810558381015
91.70740092983598
83.43000906730424
-232.1255303754453
21.12668885150838
-259.21727709166345
900.6957544434715
-57.38215839204489
579.4518235236092
406.4086128869379
557.3704155778207
600.2267389846504
66.37844123660662
-1247.599671457571
1674.1880545944089
-137.75704493108213
-393.62273280099913
-455.36271903855186
-470.55187576961515
-570.1169138407723
-710.6664174477959
-74.78464753646364
-139.49834584418838
20.191785065577047
494.80050191400926
-106.627752827231
130.03335144732222
-744.9252109623617
-1629.9617501900573
202.57240877947044
-682.0156095435814
812.6196790001657
-32.58342702968607
-336.0544852428519
1261.2215143862813
-2170.8848021108106
2920.1471098180587
1207.982536473275
698.8419031130793
94.66912831068962
-669.0730246114591
-243.98959584329407
636.9392713907839
-935.0864231505946
222.90017288267583
-1349.1821822733152
1459.1700711623253
-374.7834249590463
946.644872196452
11.253652133248114
-6036.538166760406
-1932.5009647042555
-512.721596898926
1432.9740341188476
250.569272834738
-1501.983066439036
413.6581248418445
2502.0944970760706
334.8316721885599
2958.720626746266
173.13583503513146
20.669242048822486
863.2974004114536
-404.01950805008147
-1956.581546586792
-2294.8883683632557
4885.216213549067
-4801.450898163249
235.045032188158
2503.684680366989
-3409.2705095587307
2905.4931564657086
-1168.0629290683958
-103.34917088122178
-117.70014344921732
-1696.318452430019
3104.3980343217772
312.7829458221904
247.3136860587672
148.43694284623606
-1257.093589956919
-1367.1636961168429
-59.538566114677
-548.2691446023247
218.1569756997777
873.5975059804224
221.4307148265429
-37.20972827500053
0.3602579011971232
249.12676504960527
-17.114675505925252
-11.540101847918237
3.5067727389737366
-38.4659606323128
148.49700154380943
8.923627512506487
29.031840924250776
35.11363550474063
-1.2563799612434468
-30.167699508949724
-9.519418408059902
3.725120992574191
65.36016444301342
4.248992793236856
38.133727498482806
103.55108005309107
62.905679936978736
-72.48065610871097
25.00616277206918
-139.51785222801897
-25.373084876573134
-172.49675191411
-34.183546474308535
-353.73796731577846
184.2722125197953
46.16072672080558
26.938944807798688
23.99967715471464
-584.1741297345445
32.336113744712634
583.2892294285439
41.95030659785795
459.8385853081613
-386.53691100872055
1013.7135378768725
86.89318868197995
-165.3415308771378
333.5499251475044
-478.310777992113
-161.63933959941184
363.16799622372645
570.6844361471722
1356.9244078411978
-2909.6585453316998
-3617.2176712595638
659.1471980236525
7334.731747129392
-112.1152584513751
2975.432263599705
801.9845517547768
773.3352309930896
-521.0740826034294
-3156.5711239447846
1329.5189841358738
-482.00732388577154
-1216.130764959533
-1170.1428506403656
680.1248113654983
-31.857777534316064
-12.060514493168668
-5.365165482477734
1.1165555846713353
-491.9888034844009
180.7937157836974
-15.148802616638466
-131.14434827752336
306.9267068438396
-68.98391323200383
-92.49682854313835
534.2580834009849
-381.05080934843073
13.910133217290708
-374.1704507598349
411.15809392000483
-71.19449030206941
29.707947976497103
315.23821321805804
-220.09508062791232
-12.387009940857633
35.18297898920519
30.818278718505216
32.340559035530895
-86.4639425797678
-179.00242989444806
53.785523739824676
-68.42637754591938
124.36147861323231
9.877118280732704
-200.05157611398369
-851.6410019777228
631.3259016458219
1626.0907220455817
-244.82406109116076
-52.6727306608962
318.13764969538596
32.33213472282859
1.2087144691663767
9.232018056495418
122.53793997800419
5.650154290676888
0.1190994272487174
-5.683697847014815E-4
0.6259821279822447
9.519792702643098
45.91646219918044
-8.746337256716389
-24.802754804289073
0.0850045202019539
0.16590592033631646
-0.09937543629369625
1.3848997666551168
3.4393870597354006
-20.437844647966855
0.07321527489415415
0.03823440841386556
1143.6609070501809
-4226.568628104451
56.48743733313788
-2.8598440566034844
-15.629698908005698
-15.871284723977803
8.58948190907691
2.2978570803271547
-22.313910537380107
-31.967249877626564
6.363688340250389
172.93504220655544
-60.48835480577992
49.01149376039998
-47.1188223292407
2051.813692003845
122.18033152507086
46.4171341314173
-181.97428758352777
-19.118402929899965
225.57392299758874
-68.33427477671538
-198.03874799022415
-112.2626179274424
-182.8261930078905
195.23466687663142
-146.0315920888512
36.77756848994432
57.82879297618795
262.1928727944652
-6.361710615512137
-28.78606164778502
-0.10145547964353972
132.83438271603814
-1804.6410140159517
-296.3043097158801
-9.774086235052641
-0.01960184104852793
3208.1373053150423
-5112.062049539826
-1004.825743894765
-1282.8130677638958
117.77507571864373
-365.0993998039709
1121.396256531103
-30.240209334501255
230.48254252205035
-2093.5172423418585
-1147.497206014518
202.36703619397136
166.57575441451215
1666.252024839906
-644.5565880313346
350.72036193390085
-17.26293945586651
-1293.1480228315752
436.8985723779837
612.4293625424037
0.020950561660475747
15.489909286129235
75.8592190701606
41.96688720889528
0.13235508065660156
34.25023234436558
-15.056880238260648
-274.5114152674122
88.38230329088799
207.60607841285366
-101.42630673283152
-111.82969831083888
93.7457112985197
13.526875410146335
104.63616298814827
88.2992970528773
-470.4175150990591
714.151725321704
440.83360740860456
664.5332680596723
-561.9049743566728
-265.2655185872683
22.671034062977228
-1.9756818472787336
587.1832612106898
46.111062874127484
199.64507550335242
8480.604148351607
-33.436058533032565
-15.080607475471794
19.463572440943253
67.10872124274393
14.610027543413421
14.533909273124387
67.40087022887937
0.13378840928006638
-0.05196888334397753
33.4422817619571
-1.9524677802275978
20.11488291050622
3.296769268107275
-16.68630002953543
-51.57220035233519
6.639201384154952
12.389533240640864
-55.993789418196805
-1.107388585986935
1.0147058449379
-1.6174344416282578
-2.429958158525144
-0.270966632785131
9.471808264443005
-15.5124039428307
-3.360340610852816
0.02743917214039138
-9.234172466243837
-1.6268514261078688
10.03213263515097
-3.2949724800236426
-16.370353239237605
1.3678313366756358
0.17443613126853388
0.40845457913022426
0.051952871012641504
3.9366784218183084
-131.30677011969678
646.1271434121213
2774.8657571122812
352.323273713537
1786.3861377458782
-558.1694342659292
672.2795650798379
94.56972410473284
-1.7008351964858164
1054.8503462152098
-235.36823383828136
42.364199866885706
-732.157786478009
4175.090297873536
-133.8225444793306
-1461.7176377880753
726.984505918488
-29.8507645975546
39.64856953118049
509.2868019870957
311.6554616425212
29.175686380871934
36.254468874565255
193.57660228431675
-121.8062985112896
46.99674845010488
167.37309289689108
339.9984520471303
-480.33173395058293
539.8530510835575
-22.52186377588136
43.619635206963764
24.549254783408564
-32.38192312794368
-31.383538738179823
-15.327705957524385
-40.29257350118833
74.55847335283268
-34.98374360149472
-13.096645408112124
211.08624373601134
6.411456147031412
38.92382974474494
-23.43215359093481
-5.912540842267319
-48.10722731984407
-1.046706926546981
-56.50047796496433
-31.82825803318498
8.76024874752035
4.115998317511425
-25.138480882018765
-25.48184824185356
-156.2806838854752
32.94588123953982
15.934791545634086
21.753696717075066
3.836536072723806
78.3699007101852
-9.791228910055512
-767.0722121000654
257.83170678786587
7.868898783879566
-117.52145170671926
0.24278782695756587
-433.14735881959024
902.8232223141553
21.880586389047444
294.4809366846028
174.47955980658404
-640.8751416387461
263.6559148782216
1035.3503321090222
476.4238869650924
-52.21492923668017
-3.672139925743779
-552.1614871141402
1.7545588621661905
1998.369347598293
-200.10172242801764
103.35465008577803
143.83815987156575
-1.966776389347724
-367.53733227509923
37.09190983974943
-314.3961513394894
392.3611432028352
310.8444590107516
-1836.2127182006227
239.0260194671311
-0.019907909308861747
0.05749852434289172
0.04818542965521121
0.24673577778289973
0.13415274171817967
-1.7039671967086143
0.44799897378210085
-0.20189505376139658
0.9791824780554015
-0.3246802282234809
-0.7395068228443236
0.09914667439294989
-0.31327011991465364
0.6832301826371017
0.2802921242640819
0.2767235428244232
0.14891442269552435
0.1739679376542938
-0.40497677330720067
0.049028974860484374
0.12892346477878266
-0.01779399474097246
0.4947963197528805
-22.136915036399657
-0.0723530804667007
-0.07926629237682382
-2.668280564087913
0.09216775474937969
-1.3634871734455267
10.971954153847443
37.297408891970434
-1819.3660895561684
-371.1298360010273
-43.882342827786076
-2501.6818409555717
41.99202134659493
-707.2988894108657
685.1873446836508
394.30227890463004
-3347.825485994627
146.69168543263413
-15.406177902534216
-65.64225847717931
104.19052010330047
1334.1673158132849
291.06251152564005
1934.5503254643627
-76.67635081721532
-165.56756277654088
-257.3365638104261
-505.8446262238283
-48.344879598818366
-632.499043278519
-435.17322279444085
1642.7362798646766
113.87150988048275
105.31402284752714
39.97057281714325
469.31594552476867
608.3261658515887
72.83798520989055
-10.735477065169498
-474.4744539650554
-123.38942335949451
97.9556129987787
-291.8259640378439
28.09941857998899
140.06913600838496
44.141870646206215
701.6215708748018
118.98482421490023
-47.51556664637836
-48.031125670253346
-4.151352969836418
-366.935554801231
-488.6659525584555
53.43892943148622
413.3807006795934
334.51161481502874
-129.5643314192469
-487.9735849129411
-390.77959133535467
778.759948210442
-351.83346658020105
-42.32931182004645
220.8747681544579
-16.23817024844817
174.228893735608
-53.14902626304754
-31.370182074922035
1611.7134043756755
-0.22050023601331242
8.974067512229352
2718.4017608770664
-243.6666610597975
-453.93617120462403
105.49619755031742
-216.36072466385392
4647.187180643353
-3036.238961469492
-57.63749961528693
482.8852964849925
-1313.084780700531
-14.50247459483009
-361.7956173133522
2487.6131460261136
622.1918685084529
8.59316599454512
2734.3844578055014
-123.39518417630345
-986.7230675189086
-2032.0416708921541
0.0922144616181645
-16.146095595249964
-51.48279708690859
134.94921262191565
-28.4995969617082
-15.334573258119852
-115.61182126467641
268.1631872029125
547.2365335628202
-36.80578306607135
-25.242819962366735
7.500122979372075
-58.57052887317675
40.330003723955166
425.80082592569323
-519.088278769
606.4968117424047
-356.0626380742702
-20.310459288513815
99.92160274287988
-127.7705446314608
-226.46750656207905
-3.339505913768192
-7.868953436986627
33.76751782656385
-22.605811148753595
-0.24231010946962286
91.18200588241592
0.3863352669389418
6.960570709527872
27.21458490603549
-17.773290884566908
0.018294118777425327
0.6833672539954515
194.9395738461678
0.15885009501934844
-539.129206936312
22.35045649950678
-477.8698504308094
-36.664180128137076
382.7060919013079
-35.19362240812434
-770.9032832771605
-104.30459391241466
70.95543174110468
536.0158244399661
207.6175281341678
-292.42180061323853
175.37186990257138
-65.53577735030026
-103.93770104713712
211.46106256833718
246.07298081214122
-119.41823132844135
-32.97635115054581
-328.05655650347086
-775.2443420144087
11.912420564446581
-263.4274105350992
-61.97667142391657
-19.29783062857316
-62.32824906517401
5.003706610236393
-30.902430997388137
12.854250014198554
-6.6803060942521
-23.484796782658375
90.97976617602154
-28.584144734593465
-875.8084003553689
-268.1846458517005
62.049244427211974
-84.98038742387499
-97.88911201431503
-340.5790890194765
26.508181198674478
3.1859686849371975
83.59726593717583
-974.39787628074
47.750934984562804
148.2782849471477
-647.3440220123819
1580.9382605802657
327.9457690690696
620.586229633529
-536.7225002406328
45.7987385502016
18.300473351527913
14.847666426034108
-28.779925311737365
-7.502626467324696
37.05278452123816
-6.840182238644189
149.90252408239442
-40.98328607686833
-21.832312294431052
170.6345239490156
11.510472364699062
31.773280300747235
-55.34518856304057
-312.9340299938039
34.520672283381536
39.92600780291465
65.95841136208962
282.11847929764537
134.40154131499767
-35.22420836209373
-21.098702046861522
-243.2688460493128
-525.688574006844
15.221483625699769
184.7247309156386
33.982248770584015
-16.69264754287338
6.411047870480325
216.63881535956008
4.350529722064667
-542.7710137717536
-11.278241636589993
37.905189995368
-50.518425382660325
-30.17988995147917
-74.40760787948292
11.893542937519388
-24.386146969886134
-4.061844518178571
237.16668556359534
71.97457243623538
-840.6775812241411
-563.0353540481727
-127.37472051095182
-348.5126289139814
-1228.525010078907
5950.630925151969
-1153.9789233097279
-3808.012606564636
413.4221712264622
-22.712927966775915
5594.019445574794
-283.11740096457874
-328.43924245202703
-3247.455257527905
-6927.108403342506
2774.2708495455977
1567.5551908333566
-26.026836977976313
190.77753549605586
628.2150143478525
-1989.514523304665
-98.13170499396288
1672.5027374652323
5.937061244181401
171.99381843242512
-398.76506015129905
-34.56376153296324
1144.2348241009306
-103.76459920433209
-110.28939106825113
974.5829384477199
-203.1062003045385
1235.9487956017883
-824.2156485353019
122.17997062884574
-440.1105024789522
-846.6050777264164
-838.4947996880624
-15.321870732025996
687.9514279374547
-833.2283698628892
-283.81931694055834
15.572598936792717
1195.154236467513
189.6438679353541
32.33336472559023
-52.98071816786654
309.92226754724186
83.96136075897866
-254.64326251957598
144.8441612402223
0.30309359856963974
-54.647446903813346
212.2661847976084
274.41426018033826
-34.89332057023128
-76.43600532260712
-287.8204864079122
199.53366987047295
78.46753688045655
14.331914978223274
-47.68864292498774
-4.083142366638248
0.13367814538635134
7.219990841888779
42.278035035860825
91.76272971580535
8.373509690689325
10.554422048845927
-206.76364301308274
207.95999874694624
32.79369156419421
-4.501722346676534
-269.99366276506885
113.00551292279224
-6.0444050649370755
-1.0492080344863306
21.241653092634788
-40.61563437987128
-16.54024264507588
-2.3973924094079377
17.223214002934395
-32.08048260260577
-6.2728017336351884
2.489998133822124
29.945176796239217
14.039158732411819
-1.9989189029198096
-1.4485421493584374
-25.21547757711227
109.06014750445932
5.80706830511487
160.77040842436486
4.694032250195944
-6.541592287549925
-138.30557146918443
49.9133448515536
-55.339918710509416
-25.93932760757462
-56.267152217578094
43.60379348051449
-0.9104582693967451
0.11383671434294665
0.10500528418749958
2.8318546429174383
-23.198040992656917
-284.1145053761735
-55.18402339289552
183.28707108118238
0.06196353969063259
-148.51135609060958
546.2192819297109
-19.787816390000692
-654.4417434220769
-126.58250087337609
336.34090762877884
169.71985233743516
7.978481746353363
201.08805610891298
12.010559504834637
-62.1099450868645
-719.1603363917209
42.22377278174645
-81.38766848961089
708.9618984483302
-18.30683593341647
-638.1591721264131
-214.95396495519816
-248.84290303304897
415.4779750382181
132.90990370476163
-837.1784982816989
32.95586025147176
-50.059763637846544
980.3717027221845
424.59532315216154
-7.525641172258907
-164.1612246537004
113.12132781793275
190.1908890453513
-1148.7164615095203
0.5551890488735999
45.228028291676615
-14.023096045025506
-174.59149801087793
196.5003444116476
-39.3049278823049
40.092432978238435
46.58398467051726
-185.99933641037336
-1384.2991650030378
-283.0726339663302
-435.7083605331925
19.842662406312385
-27.863961056853565
-492.24430204826456
-107.50183746904256
2.641243303165396
126.15673573834371
48.74373213028568
72.82673355957701
20.48987444362005
16.87306857470875
145.0764940265093
130.00473432299165
1607.5685765798542
-163.4540893804321
1105.3134643532699
356.0416925078753
77.76491491918641
-580.2637555205694
-500.50034063260614
-59.39680100353294
-709.7455764411507
428.2148227983942
701.7587781469161
-39.21122062489322
127.86260021597101
39.12984543914498
274.6501262458794
-0.8445095356601955
