-4967.806807052321
1200.6782877624112
11081.617920754157
-10017.57963218233
-12175.599344227045
9416.86353946677
-22429.191646971358
5422.215383089274
-4270.89433289251
36900.93325524202
659.3414137956154
-553.5992136839625
2890.073629482313
-5558.798589626111
-7693.042395800747
-6385.285150079658
26857.340178646933
-1259.5255256121443
1626.8334228425917
18567.84617828237
15630.891762451123
8332.118778365533
-26358.960459653325
-20524.84524851891
2146.1355166496933
1411.505480084013
11774.024047922672
-16457.14828064143
15269.25481731853
-6696.405472617298
414.74515051345213
-2206.713833405766
-4710.285374179564
6038.5210575714755
-3377.538231812758
-6520.8128869651355
-1349.5526272606426
1142.768323336394
-1014.1116237424333
1158.2213414032271
-1504.036620624393
10346.356796972195
639.9098960190232
2224.1961978247514
772.6397076258547
20.028780186190986
819.3308401409839
221.14126852269195
3253.0236189167845
-498.9802167630971
-312.9233144249704
-8412.10136159983
-1691.3853435545363
1023.3393525944994
-872.4066723371964
236.76774251443646
246.87936953433396
5211.497201499904
8512.202107672667
-1736.9446098246597
-74.09039532651708
455.9220898180784
-885.9500460251219
997.2835700049494
-1518.7640236022385
112.64201610969779
663.2284811206539
1388.3188505726248
-0.17986026245985862
-29.16833135958239
-1562.8488793689494
302.9475245517261
-4952.492858256472
-438.2888188648903
2092.9258210851776
100.86822710808265
5843.3677619458385
22.563884344300575
134.21062453434376
-866.7140170840852
-1133.5808780556831
-431.009991841799
1076.859596759848
-290.2844414159322
2065.6611399025323
-351.06256024026914
-23.12237962238785
-2264.9190044369657
-2458.2295325457903
-597.2199384984895
2280.287445686144
679.9208730647507
-1926.6384637406688
3245.9158849116766
1419.1988333087882
-3261.399492763482
-2165.428013353064
2006.3685059439383
-544.7698919195477
-1483.4440919234046
3211.322259741753
1358.092366038803
549.8449730472103
-14560.584752705805
7165.328325820509
30270.871332177867
-33291.058677782
-1941.230862204333
81775.43881295127
-14669.688381138354
-46363.33593872111
10777.14888600001
-8163.266710851058
-17274.729941285375
1258.2819355534943
25088.312446244738
-16307.320401383282
658.869231022025
-2535.908101964109
-648.2371852329707
-2685.9752522151143
1442.295479042764
-45.581320482880884
3514.482185374802
-3537.75072090806
-8162.054114785159
10174.074962427821
-9873.35915575437
19013.641793477153
603.8624206921999
34925.354294726676
-41440.92425023977
-18989.838735709774
-22197.445558812655
-19931.96713851312
-21227.015216777552
11550.817163845173
15603.141952145972
84301.95729775041
39867.73315858147
14311.147950311808
-4869.373039766837
-1509.3184708087804
3252.012906305081
-12247.09220681318
2251.725493159998
4439.499050103484
200.17385255252154
-3205.3686372073503
-25346.196618264425
2354.5641666923466
-43850.559547946345
-48261.77868171652
66767.21556351977
29947.845277425793
-3438.8666500243444
-7310.399248997976
5784.205217334369
27558.635547825375
-67716.63279498975
-24235.890135806854
-5692.035430829826
15452.8653352717
605.6627397304047
28209.323983029914
6635.330212504878
-31732.402700593713
12095.770739743435
87216.44315195309
13213.22515976572
1194.9744611843562
128.26844373838654
-161062.88535302994
44725.94836717348
-22312.961984111018
-4076.510892385498
3668.966771865372
3095.394166881135
-4618.640127578226
33977.42073158001
1920.9364664913105
2965.983067366837
-16720.709110790307
1670.8746074543326
4824.320650551479
6802.059342769451
-9661.184193443109
12808.02950540797
38553.32944042952
-23350.25143415937
1090.3911244860037
39994.137092467005
-5411.64351523654
9110.149905773227
-14440.827537778985
194.1618316442416
-3091.6132021581448
401.69677267264717
-15120.645842399786
3553.6720789208925
39446.85888650756
8.832322704212446
-2757.9637985474114
5713.380603652821
-6713.151262560687
8166.375238502375
-8851.106305580746
400.70767310408615
-216.17588108279648
-147.5323423899782
-2517.7604062592877
1220.8986942744134
342.033674135561
-373.84554294871947
-652.1003998827624
1773.9578139163425
462.7141496348781
1787.4883963519683
-1356.6828960985079
-1677.5520220832157
579.1220827794712
-369.6971713734212
-101.2695833737607
55.423925780087814
91.35854620622545
-1025.0804814347491
-185.58417627177093
390.5469401255037
1275.8028744993564
678.654674032214
-113.47563189508048
608.5020880874976
-3542.5283736557285
144.47032185245163
191.88725196897644
10077.903550571184
-40.505111634911614
-3.6485540706923274
-456.7247677385573
371.85737972886955
14755.311102943091
-12372.296345940667
-1080.1681384987044
-2173.1738688334212
-16214.576983875577
-3995.765773681141
-19485.660128488085
1305.588457025363
26375.33633984981
27814.53427995891
-18731.25389047731
-5816.16065246797
-2806.2250729838706
13707.159988955218
25352.752197300255
-75779.4138406363
1544.7769842440723
-2578.6645063364967
88418.18069240567
32726.01909349376
18019.252429188677
-2621.5125652036595
2041.7860453751496
2827.9821442113953
6752.458135528377
-493.7646406627167
72832.18905763594
4183.737897913383
-1219.1161373156892
1008.2664822292008
-1639.043279061239
194.69711620216634
-42.942298762008434
-19362.887158637397
80674.08028142358
-2060.3837073956497
113.97880664730998
7176.154486341301
-24717.501657300247
-654.1611625638616
13235.80661474584
-69378.0615517416
-29608.771947494697
516.6238887023584
-6060.9997208163495
3019.5572493307836
76385.30394750398
-8386.181831295873
1921.4457392168852
-3231.387934493841
1437.6667247876878
317.99476375447665
-272.67828082191136
1968.3546389436826
1093.6594618762304
5022.815398781197
-15.901383161828095
-4.744255492916635
-3196.8837647801834
76.58498553334974
700.4665373985727
11547.80592668716
-3079.0537833829776
4144.078755294083
-1681.0839461711366
-202.75015325717493
-639.8958234001633
112.47507515926344
-93.2327544457186
-15.634570660817369
323.79781186621693
81.72426319797381
0.03775648174957656
0.08999964666584892
-4.418451737586299
-14.006845531146617
-79.11579923068658
523.543447123088
-94.02764715035609
0.11792322121560694
0.054861724131716645
-0.03830561490238694
378.67726937936953
13.481302027331571
30.68375483080463
0.008683568395478037
-0.14171005904835487
10295.495284552864
-18129.05357294278
-126.59690456162026
27.877793479887725
-83.05835630531588
134.39709017760342
-23.724403522962227
-12.456865762387936
-97.18914860163675
-396.5086782314553
-27.38751483583862
-635.641606044701
3561.488296227493
-14.537806897470658
-2221.275600814988
-2593.501902118429
441.72129122876754
199.3635016887381
-96.26643835950848
42.4664319429707
154.2527757185909
-2501.601826576396
893.1645612747864
833.7717615709126
13.045465379784684
1653.246288168542
-486.1869323111727
2760.438421847108
-162.98452951584642
550.0891816414407
62.29209920418818
29.049244438542974
740.1139203556853
-319.7281087376077
4588.079672900633
1161.0966289852392
46.659325233781736
-0.030800416902276882
-12832.135893160334
1928.0744517043634
4762.401493653352
-3985.3265112049244
-58.74491468874917
1427.1119625978504
-102.47676815945292
1400.8506030195015
209.62685644706198
6249.324186125048
-100.21343480195925
11.685936959114132
-169.753788207218
-2682.06119296281
579.2719445606252
871.4563864745165
-31.670548996112533
202.7376215050108
12.52289241891874
467.2353299531406
0.057810479097353026
-81.0996031079376
-1269.0524008698178
-256.97933560639234
-0.34074791956309936
66.64245216057756
-155.463866431539
-468.75649434717093
0.3400313622799344
157.6134467970049
57.1767334468226
-337.729517791125
-233.9116939564729
-11.429244826233022
20.16937340749045
-68.22213906066999
473.390555847162
-307.056299872754
-356.51871259862526
-528.3146476782957
538.2585205448221
108.66326718413862
139.63575306738846
-5.097077349514351
-14.630423767978165
-63.96867695217808
274.75877266539004
-749.3287010411636
-10.672578262945358
3.8949397539310535
-10.873867305034128
-6.004679428570085
32.45165109015913
-16.579245138986334
-54.88399748301666
0.036327644315207235
0.3056690942754188
73.08102589942328
0.7501254395723042
81.03754724722371
-7.646478036995458
13.921671662043632
37.175613749972726
-5.996081988481099
0.09313453905575253
106.07367170936442
1.4839846694805785
5.0685688803904565
-11.211879073013703
8.562897207160566
-0.9816472643835045
2.286777851883989
-78.58046536814714
4.387194374870284
-0.054331371799179004
-16.303982131186395
8.458745021957286
-6.513298173829491
35.45872816573279
-14.980312688571798
0.9555501435161691
0.12592507881851012
-5.96638508925546
0.06238433423927283
11.501380180710733
6665.937566531482
870.6277148614193
1073.504865945941
3447.0298035690644
28804.793786703005
-1325.6575926539342
-1350.0105826911708
600.7435821659861
182.7763012887121
1436.2312597710484
-462.965180903978
-81.98334926077199
-2904.9429788467005
-6746.577456023076
-1217.7391155075536
-874.7356782853313
2325.0288676505083
-152.90928926141893
49.102114658494905
859.5050838825185
450.6094793468922
30.013653693968237
47.60978446290134
-101.22779894787143
-107.32271359200077
93.58588491792808
457.55210250697456
472.2531655516231
-293.3557845246576
478.0455274802517
86.6006058030066
425.28390992050623
26.785195430014003
-309.35545511900915
-252.6880439275416
-271.6290795798523
-567.66094291332
-37.31674069588927
-392.9028873244374
335.701908191662
2606.0852750353533
78.50917772163291
-233.23426233603695
-475.3567026741479
578.6090488466992
-1084.6775869765102
279.37271722840427
-747.8594717481852
-775.5852250736431
-162.54947238515132
-80.66431983656362
210.1248968784714
167.249039756993
-1878.2551602503108
-126.83342148388958
1858.146672705859
-553.3956275705069
-184.2977964580392
107.61507068401396
1291.0172218362052
2486.6424759074034
-224.61256626576676
-34.06830530299853
-468.51123173880563
0.04814064729404916
-53.38754769127749
760.9389082390294
-30.45096131002609
867.7436579385593
278.42515803661325
-1401.8099602278614
-1069.4057699074037
1195.770321240347
-1703.7485269665883
57.584601165011
2.9934525460791708
-315.2662727401509
-72.5684440722936
1244.6352645837298
293.08924895884996
166.55946029964431
-321.84081771593384
516.6122876209063
2189.6443204794814
220.23651964372803
-706.6280144034014
505.1873555451118
-3820.65117648956
537.9146630820402
-1308.85359404085
-0.012771103978733753
0.026283640663382766
-0.040658876854403385
0.2542583548020063
0.014856851637632113
-0.5579334546162719
-0.07221500461623519
0.550387317143575
1.0337994800661385
0.041503101111590085
-1.275524166076532
0.03533733358532139
-0.6984674771557465
0.17945217733360436
1.1394422177448638
0.06830748778374314
0.01575389653840197
0.02346259120892589
-0.15891209105335832
0.05370494694572184
0.0806455460720319
0.08016887655831355
-0.7494117463955214
-30.144669080024038
-0.028411771859711946
0.0036853142544446093
-6.617404572825922
0.04417760635726759
0.0597231942860499
-2.7177341881580865
-20992.701230501225
-19235.7010482099
-45504.84528989337
-3412.6953112749216
-13920.163203556507
8159.052079387178
4030.0484428371656
-3597.0087815575484
67415.77955524507
-36994.77608352578
4707.064010785573
-1067.0618182327514
588.9325047299714
-4117.131037521309
4856.222735390676
-3099.3242663139927
-1969.0912145044522
6517.475485589372
14347.550422045691
826.8427170631107
4139.2210615934555
-4134.388257036149
24069.41652625008
5046.695270075913
-9390.11729454519
-2408.7244295202727
-4044.048680415911
1408.8190505662728
-2761.7810416041148
-19384.06660738364
551.1797123746188
-10121.8472891278
24603.563887719218
1660.1811179616698
-119.72522732741183
2966.180648081354
2066.075657614974
-7195.6341010704655
-444.75475672106796
-1747.7971438094642
29303.592034313762
-8281.723038851318
1818.693078671526
-139.68457621531667
-3335.345954803326
12024.93716149676
-730.2148993327829
-13982.227081076297
-4911.228512868309
383.9649294609744
-12724.34474773328
17132.10937429826
-19887.109490751904
-21575.45743431004
3276.3788242356095
6716.667592088554
5649.62516432749
-16046.051149206165
1016.2047081053738
530.6288014695053
-4753.411921738412
3.292032130341258
159.36832484561342
1587.9418706792817
-1400.940587619374
-847.30981208853
167.0479447279655
34.69490132418561
2387.699421679014
-3056.622536843179
4747.856153584431
-593.6841483555079
67.30850526464566
120.64637504419382
407.6032752770287
363.35363189609103
1139.5949296983392
-48.71458992725092
1789.1007605436655
-167.08474291714182
-1692.3631683477167
42.90279366267529
0.06578825934436996
-36.89056858265239
-5255.564418333145
274.187169445707
47.59387469475092
-138.34446697098417
-13.371598050787098
-318.2951533341709
-43.39555463046347
-37.27097241637661
-29.16281107339239
3.9928232288831356
199.712054370389
-23.30341494457218
937.5858536872812
-471.0264434869973
387.80815205161605
-619.4867084829997
-39.17359066699036
-68.76499260054334
-197.38468752701198
-666.3745152504747
-53.65792970231177
-99.87779570785257
99.80945966159047
-21.719787386124274
0.0940110858732134
95.9247530584344
0.19092577375315814
17.713088975593674
285.887269422573
19.495768243731053
0.2870523079506987
-94.18195003267476
-37.99760656035841
-0.10607935426717036
-414.458283344485
238.75422335526662
19405.47763968614
385.55929665486866
10497.829163738637
-15335.324078080273
681.4637185610786
31992.514663418282
2495.648485543795
80.19640877390133
-7496.388526758471
-931.9596639077183
-3228.449918517431
18265.635019704394
-9075.894599528321
4396.503491794834
-4190.848668557865
-14796.501847834445
14284.301019268049
6971.377054006058
13221.36210301666
-1924.4444257078187
11850.950993759918
-18683.497888187845
-101.1337738157003
-1088.2498870905881
49.714884398532504
-1556.7074825660081
1169.2098664062812
-1068.6551265362284
637.0344932194531
1667.6640544449317
4730.557545733029
4213.283039929359
10310.581365692522
-5759.61215806776
-747.1094858395345
911.9204337587593
-2286.483515452914
-1853.8788946773798
1199.9487785808737
1676.9786509052037
-3551.56968115744
-469.9073007109017
-1748.667714985501
1406.2635307828107
-6673.565529927311
5982.052161144509
-3731.254763954063
2705.71693307489
-399.48887469367924
148.1663453942309
114.5483827148987
-38.465638643085875
-237.26406520559445
246.11168135689076
65.80485678070474
-1686.4260772667674
-25.15894009366434
-99.83072613707463
-569.8002395980113
444.8636224319279
-5454.092264085764
-323.4452851705318
1727.5611059127477
2408.4092462699773
6562.908898858178
-1078.918306292709
28.963005974246357
1026.6753201182028
152.0846754982592
-109.44132847731115
-4124.321242318874
8238.82354151746
168.1885837275082
10.982121013915192
-96.13412449417174
47.608744454424716
-654.7021773399217
-2531.1070053876538
-33.46815687820747
-4644.262540544054
1521.902556180784
800.868454073972
1926.474409173595
3412.2375749514285
-863.6866562706732
69.92753396975505
202.7772299842592
791.429787006978
-750.9624652399209
-47.020899621423574
-13314.209993755967
11104.674000847166
31069.958655605365
-5507.2387015563345
40485.14733151569
-34435.44797831556
4940.286657608965
42692.37647912442
6459.642268397529
24468.695330432598
-30779.155503953825
44930.18107236582
-4341.241114760288
42561.46977870831
54414.53412482572
-57137.61564758363
-9710.269348094685
2653.432843379949
-293.04467848698306
29890.194493427134
-12237.577810167886
2811.264377100664
181819.25414889248
-914.4153703637207
35771.265300464474
-20721.204291044836
1287.1369955804878
2339.2462506799916
181.05635459141197
-7899.369901791257
-802.1911038165904
-6809.360533875986
5318.867905031492
-1415.9787791734266
1615.8387524141244
-90.60106838475664
-2925.1208282850675
3768.5262836419806
206.5442362089406
749.9841443348417
3223.1730036334498
-380.79458801219727
106.49200241671493
175.0642398713483
21.138486886667593
782.2973041972801
-6084.925620199298
225.02767876131688
152.46907688308212
-253.22964559081385
-137.44275243519382
0.22368529805618062
-134.08938740378377
-1079.0110088437202
448.01733961358855
66.98767386679822
42.18928003841648
-153.47416265173328
-41.06700094394752
43.102229745687985
13.417839314528486
15.971329590071981
-134.1550089753177
0.03648250348028767
-9.700876355982471
-3.955581449165509
136.13157318076696
16.827306106899496
4.8443995083432325
90.88880854016577
253.04446845304324
13.470289355570472
6.001444785642445
-1037.5900495947183
8.0669411064465
-1.3536400381477345
6.022792609583103
-50.151122017048806
-121.87542628272033
29.122750245632584
2.7267854762991144
-26.171008931127272
-7.5939868802451
-14.392822819575846
-20.83737023093901
-119.3704939979781
81.81999737761366
0.515891976109456
-2.0755661457647854
690.9863885764041
-38.763555428973774
21.083701874961378
279.92377645131745
-6.9475054053413325
35.01496158371372
-1271.126134470063
47.32114059386004
-27.255447065674822
-17.540120095631874
12.519056770986545
-60.42138142311575
-3.9790158069255837
0.03141991933069394
0.027365021092453864
-34.55528416765462
-267.86672568516406
1035.6855903056646
-117.61781082521662
-547.817831160067
0.04386279146368381
32.85727187391551
888.8358673884006
13.070009215839486
1043.6184901027148
-388.4164746150799
-545.5782985118684
-482.53530292976166
-272.4401065339049
900.4235950959862
-118.13183849373571
-26.47955733878377
300.6719774035213
-183.28080581644417
-661.1765024982624
-250.1575894427898
26.670737030261837
1082.0165934185736
-448.0208451043447
-5795.293043428483
282.8136123475694
-175.45721735054735
1147.1724708335344
188.21087689898965
-567.0242899913329
-76.00326787956823
533.0058022779599
8.70813399466013
-31.74273257547959
-231.12552240232924
-308.0231808500681
697.368406962875
-433.9868366911247
50.9621156213192
284.325776965322
-1146.3232610727136
31.710593240953834
-193.6502410239383
1054.4850377255257
81.45135684628391
225.37745389304914
-2353.254924726395
-612.6953944259346
-1059.1570501508054
181.5946526397163
-97.45719672738781
-110.50939362828971
-138.12005245518668
104.59883347374101
26.126466553262507
-88.04654810753429
11.777293858192769
-15.56038822322039
-25.278258920493844
-139.70657227814573
226.56660356617698
-979.9778664816504
173.27450840793034
187.9899688311976
676.1488704677779
340.6006708041212
1353.7438489672968
384.18240170034534
554.5035461143094
2108.362804281069
-1460.3238787950686
-514.8443968370531
-58.98973779657131
6481.92043625064
141.52221028042615
-790.703954012641
-0.9577386473399524
