3.1575504680376816
2.1289714514718834
-59.58190840932132
-137.06521870478923
21.00654706542809
-27.39635630576247
169.40599949416244
33.12086220259793
-26.50218655614726
-182.30390676129207
145.83680002562576
7.868355367755528
-15.394041230630682
-18.995362201224495
-298.97260812700955
-14.414863441232729
97.07204737536652
-8.246675129684258
40.2386961735523
-20.997619681007883
56.98694276566148
-74.64360564240279
68.80445428758246
68.82266020469443
13.793628390845848
-55.04756952142371
4.382090840842747
308.19600172259845
51.90212254776068
-72.74392490956747
211.92224356138064
-50.5593676751106
317.3922242479353
550.0813363265507
-259.9186754398681
-942.3793148563344
-9.706695377675242
-371.355151414823
-132.27093540677302
285.79873739282175
-76.07193429130922
272.0621610116463
-177.85464307080485
408.13884424417944
54.496627202233014
-112.18166329777031
160.6631277900834
744.2421885447365
27.91160706484853
100.94124306532186
-107.36285960561636
-1080.2538307574125
-100.48627093557317
112.88135988123477
19.105268582291192
170.22076404836778
-731.2439321141378
647.5717088213927
442.33567289581777
-171.74428427323159
-52.3610828593133
-131.84124269038028
-30.26505674053907
82.67435115055497
231.02848578596073
105.32516879247548
447.17520756252406
729.9024136929837
2.9628305342011525
24.876123096682825
-555.5089506392674
-842.601009647365
-1328.7936731993525
32.381484807491404
-50.14920986182351
-25.78494465385287
-114.85739056114477
14.922790000246678
25.03414487305671
-181.43253986520887
-109.12914274312855
307.6337475012122
-6.4796425716663375
-96.81598685719388
-122.38831048751028
4.062442513623836
-68.24715771793764
-96.36661499604996
-263.564158408082
242.46256237755847
0.08524184042323953
-165.63984638459328
-22.884917906950946
-3.251429490720248
15.909083153498699
39.392694043097045
15.533455348489476
112.01684549455038
-56.03231434200918
64.50595615248592
-132.46662158391396
25.438539441740538
149.22966547787442
-184.88827822547708
35.57311889328613
4.745198251329456
-291.44195215397474
-113.06084203354946
395.08282931788807
356.4584102928464
-201.56097655457637
-20.325119341220468
12.58714068791083
141.93746386763476
-268.35584791765393
12.689292809086378
-78.65198127125358
26.589007226033676
93.1957841221765
3.5485303299821496
-3.6926949193400227
-21.77325043039107
3.1714766215408527
-50.55833443783881
175.3003389222543
-148.61571323325236
162.4407687540671
162.79166706873966
-12.749026136353852
-163.1907383249253
360.50237828258423
-349.7534050437666
-374.54594523079476
246.37008978606497
-89.69570449064499
498.94397673948345
-10.919944331457987
103.98205612425704
369.71797749102046
-277.313488430953
250.88295336398545
-257.36086984670936
-43.52836084211583
-180.3275355803043
-75.2575597602574
83.99538172462212
131.5395488838714
168.59146909221863
-70.27389659689729
-56.813616997699405
-52.89271205966922
172.68613460620398
1091.211244153666
-82.57702129569257
-1060.7649971873545
617.0095043116576
99.64397062529494
268.3054759198642
-144.06878125574443
-621.92771847872
-449.2200651883835
-77.3102307283066
144.48999178242923
224.0683163494578
-800.3830508015675
543.7843136409621
290.4234773255731
-340.7810989764925
-477.4975002690539
782.1039059158157
-438.5060557213491
-15.714084292745337
3396.7253582505064
-39.892007646433434
760.1866132626423
-638.7478654053023
-580.0931365173778
-199.64660633169507
-1016.6921874172547
397.46628760747825
-457.9922513950317
-2185.6442540682406
-300.5750460672957
-65.68197858865838
169.46233139077034
-950.3689584343612
1103.2021219831072
191.81157340032016
-885.6168471484498
2508.5186176461225
-702.7475655533597
-377.53795678466014
-1397.4359055325644
1243.1828217874925
440.6323891153915
16.9553662681331
-33.684275793403124
3156.2185102899884
-4468.873229695608
-200.4264346860856
-179.94819228097992
-58.21738913701713
-225.64549010180357
-768.3620548886357
195.03673566575898
207.7735792326512
-6.830769951465378
757.0644417533841
-80.74830610145854
20.25618709914594
-23.688141255584398
17.19345053433404
22.407819317834164
43.94722713432997
19.88931630784198
-66.17395824617508
25.720148859135936
-9.006591043865377
26.038066928980086
0.8645532242561278
-7.202433553775196
-9.704713315799015
4.49343697640996
-0.5741401405558538
25.537890025727716
-3.224112710779275
-3.0457798939949194
-88.48671257823179
60.95680365281052
17.49766743886252
-15.76492760054169
0.9888332053167983
79.19898272822098
-48.03826972475822
8.761755030915019
-2.079262645788182
15.444250179117734
58.51130378629487
-78.72897168068768
49.13803630757534
-75.02966848047647
65.05088482771262
-178.21779875737315
-31.339972244492152
108.36051486418098
-68.60387924930907
-91.04789498216958
18.518003454963207
6.230428987963386
-96.34774132689716
-103.1747640792341
-49.07559908079343
-56.35708989456255
-26.015541313453973
385.4556144815291
-32.94302874767597
345.628211584898
-89.13128707578262
-1146.1889288757948
-494.3879752597532
-1087.706857969645
228.40041691134053
13.924368871069772
68.6923342255756
-72.67500531123373
-205.12125323292864
-61.873900095360256
-56.998171911320405
651.1364068421909
198.24105297294713
-7.020366405059735
9.068738678165175
-10.683059733936268
141.2510476521294
-431.6494158631429
13.149195184522688
-4.57341252899546
66.83984075620903
163.2405530388641
-9.52126523227101
47.644225549672065
-403.827230651462
315.5927526174644
6.8284005534437
14.60033668439203
-77.43019801068304
56.93622426088577
50.7525364874225
66.88222654823018
-119.1665593309051
-3.606924307312172
18.289859188950057
-13.8879458437501
33.588873680938335
-25.282130132006966
-0.6894244274739355
15.048447725007252
-8.182956708200154
27.25923857054604
5.465771349721441
-88.0576479912617
-161.42900478517026
-281.3482484307548
-5.623363216012961
191.0887591004835
56.193756743328464
988.2429720736042
3.7238369552397077
-19.81600214134787
-5.409859900224298
-4.320525146889497
-17.096110227622827
-6.122297105814038
4.70586180993051
0.6099098778729121
-1.3275181513212895
15.27967383557708
-36.10745420809892
-17.65083003529943
0.20077851915725786
0.2996758386201171
-0.1413357868433101
-13.670253306706911
-2.9930326770004165
-0.8513950386156841
0.14655701685245923
0.12197426806127712
2034.3742268654967
-583.918269708542
-29.63754033204963
5.083477817714655
-8.07198073077202
11.441059955741425
-0.6331715009448068
-0.48916364669533113
-12.707811354694115
-2.815806758095531
1.5475434794034102
-15.282268024606022
-17.14569792510677
-1.1755742010353376
7.0758748239968545
75.42004726389473
-1.3282550201355081
-1.9516860637429836
-1.206618042814017
1.1149412696056622
10.693453639172649
-30.638223087098066
-9.951742959552119
22.441460468490202
-42.68222360792245
43.995386649842445
-8.117092140929376
15.358044879928558
-0.6122294052503651
-9.93972268585244
2.387432732810791
0.8358065903711956
9.121734927078036
-37.269976236135655
-5.251150886087558
-120.58544348570248
20.248588172973175
0.674153373883804
-1457.3769003458015
2824.604478819874
50.22689556130637
1202.7781104012865
-109.54334738551518
653.1431210567474
-892.3098745924797
410.9012990543267
4.6800291633098015
-965.9255402183511
1251.6995361213947
48.58691173647002
67.5422751763328
-1179.5743900698074
121.41804402529102
-142.81339487740814
-11.973958537647965
-141.55744587223532
312.28579791340127
-58.062869742865665
-0.027005463660470762
8.617007422168742
140.187737282933
111.76393659914676
0.2645052682089369
1.3141946571223937
3.622587867292631
-21.56637146463853
-1.4792587410219356
-2.20760716459287
-0.6189685607118104
2.0042279941991286
-0.4519011684018351
-1.3254544772252739
5.2058501554427545
0.8313106779219762
-7.326478248692007
17.80445731180066
-0.8658064805083652
-0.5626269235905459
16.01360730821762
-6.039481329118901
-6.016603891562596
-1.870508935639702
-84.09547631478814
-9.950475560030553
-0.6460241169529287
250.04532757508633
3.9967480268446667
1.4598876922843536
-1.3406799365029143
-3.3017235255769983
-0.39015408436527554
-4.351456434859351
-4.221322500496807
0.3362059739729286
0.3260060465481373
0.13203033818608065
0.6127656074324984
-4.4977214687527365
0.38946531236847454
-0.42328701140940134
7.565591029310674
0.387420045894286
0.9630541465106501
-4.023081995502879
0.22989690067011545
0.060386967688259546
0.8740537458704718
-2.163463366480532
0.224363531955929
0.17013969187740982
5.831607688039745
0.2975072374911466
0.20705941163908745
-0.5298423962571588
0.5638772340535155
0.29403213853871796
-2.9586594738658474
0.9219990970210128
0.08539731852933305
0.12223531981588623
0.2435450568304857
0.17295258086402263
-0.8931957855783916
229.91047018249577
-118.62993228943647
356.04753248618766
176.9410628525873
208.8403335350126
193.97065957518646
-142.96927790250135
10.345965931387191
-13.283332251241847
-229.92417435328863
15.053763623222432
5.122209445255935
-329.6411139531672
-516.0650020667556
7.653298307139472
189.40463959175636
262.9670844509802
-24.292081666600968
18.31613187198567
146.33604891592623
-411.85139782005416
2.549715990136441
-13.020818953422536
-7.333518930324678
1.256108228023901
67.51810869355938
-8.19269525504246
89.00667450198307
-119.31664615218014
20.307992455795574
4.158826276124808
-12.516148925744746
-2.7537030077784155
7.596536482185612
3.9595021896029587
3.82066546754224
40.6552606687481
-10.771659850444994
4.6908299284756865
-1.2117268930070086
-154.27379285600335
7.697678260866009
0.3750882282099874
4.535770047163059
-2.569348166060992
39.076266314282556
-2.6896495093947532
15.939314564435499
22.71014718133048
11.013411658477555
2.6966412209391115
30.03508148716888
-18.65390614474434
29.11148434805419
-6.164932848776699
-35.22556083062633
25.600062177745865
11.529573481297831
-4.447938650838932
-14.559044590696853
-57.98417975281003
-266.66705475987493
0.3215268364285162
-139.11024148270755
-9.478616272499444
-17.169912092443322
3.414011229547633
-37.73028950526183
1342.0753735354979
243.51804442689308
-637.9343854839452
-281.92862911690065
-539.4069080415283
-302.0982439722451
26.227048181065612
4.118020848764765
-216.41874040655136
165.64146854559192
714.201996955845
-72.31497181550655
75.16969026070409
-173.45634427394629
-160.3698369754692
469.26993630195835
77.65327291091317
338.83777777302845
176.1570379288122
-627.7786273102115
-120.22339808201635
-324.15303899239746
-0.8650077329286433
0.8571538708647698
10.826417073315957
13.484690129878906
1.167202730700933
10.899056084108066
-5.067335597590593
-4.645981558147951
6.203418795625868
-24.007791691067492
9.819415828215934
0.24232308369348735
7.141366594266641
9.148004704923103
-0.5977559797513167
-4.991214651276058
-0.6098534405245036
3.433422290061801
-0.31519800664351516
0.2530862989214717
7.71301395353148
-9.47220107663682
0.7903249761453583
32.87146002244255
23.116149012336333
-1.5703447603108436
23.149895728587488
0.0886207257760387
0.6888561421602764
12.312842633078239
-17.258229904008807
17.79720269634866
153.72166641515446
-162.76218057037875
-73.75989752219982
99.17932984264208
-193.21447877267815
-48.54400672050588
341.4646877761432
-635.8338105615887
-40.4579004475357
5.3308699768061025
-0.9753557860894697
-50.68496727400356
382.6650072303461
-50.64728363026284
79.07336022593708
-40.308224500833184
79.88665254651362
124.25416986749745
-16.996901695418725
8.650545673558831
-196.43863849751787
188.76674417923618
70.5774974268603
67.31068274903976
47.46640888590508
57.789947639788295
-67.17372526205976
-170.2811575184539
-35.458725233634546
44.555449689695735
175.91317580425584
39.32709233781509
-45.76244240030347
24.180131599751046
111.61131509484686
-91.74491450600395
51.80153257692319
37.764890025852786
49.246103270912904
-26.30785702337858
56.17881116730729
-6.345668309743671
-179.42629874040162
-32.42948326734705
-8.98434084121334
49.12021359548908
-28.602884386033608
65.00089726579243
16.082294684672405
-78.31044628959879
12.280420401356869
-237.7365039801285
-13.98641056239818
130.16668968490177
176.56806864451704
-154.51343521777247
-36.58241988346864
-3.4651320466691193
256.32651745683506
0.07486679570202047
18.51375991846078
-289.6092613834389
706.1405880185786
10.979989603942409
-30.065446544609333
-46.08084755065574
355.0088085293571
-333.9419710079985
463.36803793266694
-103.32731558971172
154.92614833194656
33.25658956634911
-340.98669409397417
-198.85370411221584
92.2867457686259
-11.923437256104389
26.376265380821827
-7.307034124584792
-82.08621093334267
222.66008902908544
-0.7157674984560782
15.216189558227237
26.895829808925683
-3.24556228613418
19.165747680588435
3.435129947186976
2.0617905032523898
-15.467711078082337
823.0878175645033
12.298857103819467
-50.48488827699483
0.6149464999269757
-196.3532979338425
71.1257919258906
-465.23011022950953
-298.3091036213287
561.942644295807
542.4359178539765
3.6993521358910826
-236.06587012509834
136.59953813966513
250.14276130540688
148.204655080663
119.85156312773267
-80.00396345642332
-34.88265306813243
-6.887704427923694
-39.30746053578095
23.074945074788058
11.548578046328323
-214.02032689757553
37.331773096268826
2.026632687180361
156.19647128782876
85.01048798551253
26.617526374799006
278.406863414096
-94.39975402683453
-125.80706745060708
-13.853104252678035
146.88580731038383
-132.89172229577417
-760.3305212747434
369.2827669493788
230.5374498037859
187.5879589661686
112.98066338639934
-159.4944470622363
-112.4242291280224
372.79152953528614
-135.4296275245615
18.308794991814718
166.32107162784723
-283.7703646780417
-251.73178844565507
203.21595875232336
-130.22949396677177
37.959256975572146
-113.4490933816287
7.378677078969431
-7.7944007657681915
46.676180902196556
-22.92500673354131
-7.749878955420711
-8.27590009172405
-20.705176612589014
-1.062276197159959
32.54239226981413
100.1024923817228
137.1255779074749
29.03010032337133
14.201000662516014
-6.542264791233513
-57.62448845457546
-88.27164775901426
-93.22211129714832
2.220023565225661
62.05554960248458
-144.8766931844607
-16.073955601066704
30.13183470992447
-159.8619604071729
-143.33428128846177
123.70270531350562
348.02273510851074
203.4772548436144
-32.18952397147687
1.7744706983168161
6.05204886290076
4.751842552076045
-13.357507549549881
21.101235713542973
-1.448378405151188
-80.16346969624645
-3.189411311658794
8.402889540828053
31.375666948004348
32.78690098421031
-111.09122914109221
22.456006753089202
35.61864195484428
32.4992599881131
95.9970088683353
-8.175825401169542
-51.238958735971465
17.507798208439166
-0.26412208302981893
-3.516607138124423
-18.98543662405699
-51.753910875971755
-17.947877660966398
-4.093296673383952
-2.8266775638314368
-4.692938487758152
31.31118027696297
6.8350646662880425
0.4806857222368406
-87.43958574476949
-4.834845708237378
1.8882441446072855
-66.06935947263054
18.65010929526609
5.7624170505575085
-0.6152201031715988
-1.2415761763553195
1.5448759741140308
-10.396139075304847
-2.665561649602452
-103.46219250884882
-126.09029219567704
-964.5987214521343
221.1626976076501
-413.1510231992577
195.2287144339408
104.94612316206933
-826.4408534963466
673.2737857339325
-44.102221396872345
302.3168937811543
-596.0154119903917
-397.46353527523615
430.4709943058979
-447.719860888507
306.71391062622564
249.40061244509238
229.66527750913355
15.75454986835234
141.54323309899974
-393.7789698387408
4.4624936731842775
-4.168191275208876
44.79037104136661
129.28171371532864
-76.16184138457056
-42.68092309657543
617.7616894715602
55.86674202688027
83.10654790288876
9.836297482287232
-18.922723912376398
-6.775063214398529
457.53749841525234
7.952766190175121
-12.04412558253267
-74.72842018258967
-361.20416965162144
9.906085857864301
-10.369653703949181
505.3849695940724
12.293834913490178
-6.709478610985934
-253.89455236595663
-9.889875955332537
350.3935318686748
-646.6315598202215
-133.3031190873179
209.0294050528597
-7.275855198047964
-33.19247040195582
0.30404589451256064
-6.155303984655762
216.88803007592378
97.64033593178995
-30.421821661061703
0.586794002596714
6.097196474665593
48.26882242844189
-10.036987073796125
-0.3063676509744613
1.6102679900620618
6.026516571421824
0.3355614442759783
1.5643188166792177
-0.6819586236438688
-5.775749679323711
0.09513612731430146
0.966065397988738
33.700473013415994
-36.48112559643756
-0.6590852920581097
0.25586938783787216
8.920448413167126
-1.1561517914283137
-0.5242810857830884
0.04764197194238846
-1.6199076863749782
4.82796925141323
1.639072395606796
0.13672491004753326
-0.8730226885308473
12.264691365981001
-0.4526069475570604
0.37186645869852464
5.108864434570269
-6.000104412201439
-0.8711263978000358
-0.7404659734393536
-8.293367764565268
-18.956372506743705
-0.7326182747180571
-170.6750034066935
0.17537075998894852
21.682323000490513
276.566075182711
-5.7502880537125876
0.7222616019882001
5.271999814341494
3.29830014788189
-19.385202840918694
0.31488719973666596
0.26095579489184123
0.2744235712408331
-6.87758891827023
-47.3857361127884
19.290500579130892
-1.419636316387903
-6.687494525126082
0.13673591429828183
13.358331777496277
89.04501714268713
29.345606852494893
-47.852476213036994
33.481687417653
536.3793555851048
-4.543413698861837
16.82225097044545
-89.27245592513191
-3.3904135011545895
64.64195345495602
91.90069362720449
14.113127479727128
-16.60435587054718
-122.41779739630118
-22.350775030380586
-8.679149847645748
-22.94319872920572
27.18655399153217
68.87551664849045
-8.234684610669557
178.73440223835684
-27.583063655624382
-58.62210496256263
-157.853312968335
-79.19711997928738
-4.526189461897764
25.68129308762303
-46.94276372190987
80.84055613264508
602.3573632263005
28.830807964189503
-25.33933911693933
25.817172669787453
77.80637895601635
60.121567084520315
-0.7422912651924083
-94.90399097937843
15.164237192985599
69.54485056599391
-12.474784168090581
3.4001929700554867
12.516987153510614
-6.770536571873392
2.5234974104435013
29.54983520383064
-30.088689167910246
3.772960500699549
12.009769930951926
-130.99166649117055
-3.726544982171017
-2.4636915559031096
0.974888126014649
-10.744043920414846
3.1199814089744753
-293.79287341715343
15.307361035951601
-138.79444986626254
171.20806232663898
-7.218878928807791
77.2734638535885
96.46676439277019
17.23787671634895
341.4979063411127
-119.60510651753273
57.840395829038144
31.31441573500751
49.138076822739045
-51.672027931182015
6.709599183373512
-0.6092065397579404
