9507.583603095569
-13096.308968892421
22110.040023726833
-134606.91192084475
27501.239593309758
17378.69601973962
-46196.85105503439
-2275.3910393184156
15428.58807321578
85331.95324235862
213125.4985307436
-1389.6192298124404
-19211.655813116693
6072.071478238111
-107054.74961594662
81101.34884622296
-33767.17185807004
-133747.67985794088
-128868.65862004827
-37847.56748814089
-5392.24768351761
41365.82771676551
67820.80219981106
15952.25485894003
-32747.890076306725
-4845.504133937262
10768.922876542081
-920.505741888224
6447.757086719797
-29390.864097731068
43171.653934598144
-6122.472730064547
10527.423423261896
-3027.727225220753
3582.755835686075
-4843.320924027919
-251.5664585910331
4089.991702839555
4075.586314016452
-867.8488346074179
-899.5088801857571
3037.798810676364
-10596.730436473452
-3620.8369463807776
236.05187413988287
-1908.7051498929893
3669.8425959716724
-5156.01282168338
-6773.871321225595
2903.0395961693475
-2473.9883372165996
-5237.528551390531
6099.106851756887
-2429.010779419159
1675.4304920103095
1117.0230013441128
1405.3945222638274
1321.5813557238037
-3557.7657798925816
-4798.076927278185
371.262537441787
179.16854584488033
2522.2450088917344
-625.9353606985616
1892.380026371229
-869.8623680808541
2129.5094449120543
-3374.455412121867
-5.414133951904041
-761.6125539685125
2043.5562837228415
-1948.6776473740476
5635.891327764577
852.0993490883397
391.2032195186959
-74.49965715762796
338.43528969515717
-148.80482119977344
2.5803450113168287
1414.1048418789703
4193.258661862317
-1723.0889393266746
-5909.785104513658
610.457410998027
-813.7543390318992
2791.4827394414315
679.0418914182288
1487.2415600826662
-1022.3153397126545
-23.1429778934215
-16889.071407983785
8786.352840680762
-562.0620610403005
-8228.087615058948
6646.0712413566025
3157.5091696463805
-1264.3871934741449
27358.353927183394
-26936.006997177938
-3410.290666214276
-14392.60018299413
28234.151416219203
-2124.485408070039
15098.111375294398
-8707.433641177859
-27666.619564818055
56260.85284148721
8144.54123362666
-102832.63539059482
-1111.3440536740354
18501.429448473424
631.1061363651435
23063.040620048614
4677.292264128027
-26882.11300052234
43193.04775916453
37426.97581302272
5335.447769640591
-20565.25540779121
2348.2157324494406
1745.7043278761396
-1186.437406411866
-178.8989902686553
-1281.7581210275887
6626.235949805794
-18319.95607542851
8321.737814171416
31634.63429026931
-43181.20352989091
10446.36471014986
66161.82241849559
-165327.81054373496
-39819.66951256643
-438416.66032188345
-2930.388722134882
258197.86473511782
-60716.778133462045
1033.9843670543491
-121939.5598061605
-127378.0052918792
23543.12394667393
-42236.434162132886
469114.7163105474
-27100.380141622427
18898.530171229555
-3411.1366792205517
14183.2866335705
17279.370778802666
2036.273809615684
61584.95272502117
257575.08064008676
227532.22055397645
766268.4499310905
284705.333653245
-362676.8802000503
104086.91675012979
-15486.846822332263
-80256.23705336769
137096.63076820972
201318.48311890927
-12597.489867628776
11934.267235275785
-10604.751215570988
-72365.02656760959
-65983.54126600323
-100672.52440446112
192851.96662670968
-49435.434202036835
-74133.8649411962
-24055.555634503136
-17405.060454274328
-2972.126402160638
1006108.3519763586
-530957.4742424513
70431.32021775433
-136146.47471972514
-18067.232334009626
-30415.401551330357
-542.4805209273479
-31307.4744064608
4521.078841022377
-16710.24348523797
-55581.362332449375
4611.080414643849
28324.492902963782
2201.7806188865648
35107.34313446934
-2444.5294707263038
-160233.1421077567
144603.19430747465
-25915.121597652582
39375.12728166983
63380.44967926189
11832.022178615382
83640.5496386553
554.0560628242812
-3490.2208258264186
10011.279293305475
-10305.010090722475
-28807.303474218388
10243.222932671513
-2563.727349235852
11795.289215695611
-10540.27004999258
27439.970597427073
-29858.370626016473
-35997.191923900806
-18253.3580479992
-4254.0571876990125
-85.01264335682737
3471.835857314544
889.8907392181757
12.16518088638501
190.07549992073442
181.263208918334
-1694.782243483806
3930.5798241273365
-4261.99414048851
-2700.4029489617837
4230.8906392337885
-188.40090512651162
851.5507578854656
918.3238681716844
-44.42655788418992
-1484.2555266422826
-1189.0423505455453
-1183.6362315799506
47.31383375413474
-3496.9095837048335
-1196.674425242253
5233.538823709565
2599.2096723135223
-2027.7161170936433
205.74972307786157
-867.8109463023931
6349.924185170325
-34634.05788039453
-873.1533769893557
2145.082412273556
1996.1884254189354
39401.80430201147
-12522.532793378909
-5790.270095774355
5084.577255201281
52413.48250962971
12602.126418849652
52852.81091474338
-5545.5878286135085
73871.24211391246
407111.359094143
192958.10749301728
3527.017779743478
5298.940649434633
33915.27199731745
94854.60484929872
-147630.24226717488
-114020.22798936971
-5522.815817844912
563553.4700769926
815756.12071087
210464.56273426802
-203470.4012392127
6584.327278237158
-4154.849626607972
18175.321062267747
103375.67739611393
301387.3395697908
11938.676868230103
-21983.156480582296
21273.474121268762
3062.0009074474433
-862.3779329103899
1839.5682122665544
-4754.414576083447
-158562.24177615964
-1280.3969544207507
-347.65321655406115
-31584.986721186026
36583.957128206996
7059.032937321915
24242.34817357086
104825.60167133655
-4359.752251821454
-1438.2069618688233
18767.182808155278
-19904.76807510646
9660.383745382404
-5047.929246640203
-35773.62071126629
69209.85042499773
513.3133450260805
-3834.5346655627027
3678.351134336652
3248.4024774931668
194.7768892537206
-9053.072132928504
-4282.433219823766
327.5631459923065
6783.8169147274575
231.39009010049514
-6253.25445758753
6316.769304018648
3452.95283868281
-2720.5730492208754
5072.092692367249
1377.1811013205718
-29714.836127698894
540.5944586570761
-387.87783473916835
-36.27944249930041
-885.9791158090086
-43.69114837433041
3.5500894506065768
2.0768563622746563
7.759762758586078
40.51615637337854
580.6786221934102
-1181.6206735853125
-181.89701692352781
3.9694720818684424
8.065693260188967
-4.534429690445826
-1146.0223717022943
-20.7001267497424
-26.976011046340904
3.819846075862871
2.051419674756771
-23915.524494844547
14020.527459036284
-208.0157361904139
-49.0612611325309
588.6533171687953
-488.1323953709222
-38.96365619927456
51.93750054357521
259.2007593642587
-131.20961439215674
-4.139207728204802
451.324053307537
-13890.27575182717
-12.092966907503747
3317.594965153827
-5190.060569447748
1808.1558622916887
-714.6507301077532
130.62917683862642
-4.670304664736302
-77.28179244527108
1669.4615336609559
-3555.1063663583814
-1014.704319560238
3034.978407369708
-3337.3018508392015
-1070.021457465399
-3102.241804564862
-99.76985262707531
335.8495680104346
990.0059078800155
931.6652815649987
-795.021927990286
2634.077254244877
5001.41412199906
-791.6344671106697
666.4416849248558
-3.0520774231241115
7385.459929108517
-18849.469565270614
-7647.102225130466
6276.48639572908
19.327499541145094
-1626.1569531979515
481.5846950659253
-1899.035452933588
71.14714436936907
-3398.178809615228
10043.273105409666
3302.3876109079615
-789.4209453877282
4390.623577943795
-1305.6030985277637
-1795.4930591525524
-25.316673699351913
5422.276423074545
692.3157307537379
-1352.648584557305
2.02753474144867
-454.6934604804355
-1505.8764151911003
-124.81682174764723
4.616528982697023
29.6644362815251
401.141625467631
-1344.9836467437103
34.114797757422274
-125.72862770643829
238.86313449192372
1531.4975709434423
-13.825171524712177
-22.157694732297212
-181.71237545412518
3.346715045711745
-95.86773569383378
1161.6274519600968
-635.3555361061134
-611.7276368625141
1055.8277676904186
194.90877869469537
-118.8481470899989
18.166682152127226
-180.63054074901703
-13.700819695110047
-555.3819321080314
4067.3896040932595
144.79474018989904
-1.8775797723385923
8.556455706074386
-85.15959037227488
37.16079654862658
28.496145309724323
19.418883264293022
6.768436485746677
6.862012439860368
-310.4186350095264
13.99540935583942
84.96591471097601
6.54835352337308
-15.758120599057188
140.97294284829167
-4.738399746604765
-8.723092051212594
-43.301276377428046
5.85751746233746
7.785885038455496
6.0228253552519595
-27.270597831620922
0.5604020894670352
6.446100161591513
173.9664537946541
5.268585787388512
4.1756312353299485
2.0753195955952983
17.102242074048394
6.029401073184178
-75.94973388150956
65.41274479157929
2.9071008729764087
2.4190235699245193
-1.9714670608944718
3.5055096263126817
-5.657271818541905
12120.207723010459
-1283.6595513742443
5120.161296982446
-12311.638252888073
5457.381824520576
467.36061330186084
619.4825464944282
395.9518209957762
-965.9014290398972
-7278.714923000707
1142.5704061162749
1063.0799319643577
4278.53279717531
13022.24904296695
-942.7542069021607
-1629.6253767185535
381.4314375603128
-188.01774938985236
-69.25625208448909
456.36297853279007
-3404.0212154934593
-15.214972389256179
270.27649577561
65.61617827537039
184.78238331691207
102.7173375151447
-296.5190972894504
733.3813294977433
-154.4731025680134
-329.6958553513291
-1415.2804170966986
1656.2210686435456
2131.279971432249
-2721.915842814143
1003.4812605260634
-1019.4620382933041
339.7377540363884
4779.869298533063
-6859.87610624564
-478.8656223201507
369.4748078841417
121.8135914387214
3540.0886486557906
318.02435392306666
-1016.5655032126932
2793.852833680004
-288.9573844052654
-2294.8644425627467
2262.556304317535
309.2697186444762
500.0932994222043
-1330.400457042949
-2503.331326219107
-3459.1436495178436
38.84235640211689
-7483.624984063564
7800.794000933432
806.1781775619517
6448.265657460935
-4889.627996773155
-7257.550989686877
-2415.281494896257
78.0706008997669
-302.5729041253197
2.526736520993612
1648.29455069252
-2406.3095571944536
-254.12158462793107
-483.313810165351
877.1921803233114
-781.8886037411213
608.0703851753902
435.1258019968707
-3322.2753566954348
-1002.7836383786515
0.4708909114254583
3274.104191317348
-980.4571494776936
1927.298759568865
1252.1328052152799
64.18412675970151
-767.0738972485078
-463.74786400508754
3333.679828415746
-43.78875476255027
-485.7794209410061
699.6828021903602
-4267.047025315743
2464.3821080325215
-2178.061284634677
3.8276708053148756
5.6051965494313825
4.876998619371232
17.432206148508513
5.310571007122895
-13.479151169143453
16.55228007088779
9.079795469915389
10.513068847798179
-39.702651360681095
-8.896037895968133
7.106082664236068
2.5987720934175087
-8.935398341388915
0.26607171931292445
0.6545227547809382
2.943923239999317
15.283155115202117
-21.610016019414594
-1.4666036578821924
15.52468347210001
3.4572728847946803
7.17471007882666
43.15635123947288
5.147608759114718
-3.475600888646366
-7.0475596996876675
3.6456053331765355
-5.878648577373235
10.633971895381212
-28888.117501230317
-383.1147515360994
235027.69344686027
-31723.11020263335
154939.97804719798
-5893.472084942512
-16423.206692936998
-104374.43663094056
67714.94836114571
-209284.9437494743
12633.255251585782
-11472.356135963644
8349.765153402977
-1957.3138418258404
153055.79947231992
115967.44061849308
159258.44622430322
-10815.422079441889
-8670.491935998843
-82821.69975132452
-35940.16848390575
54994.00600386983
-33841.52656888941
35119.807773618304
220269.20584711648
-10492.885227136749
21453.208272752257
16112.778888821922
-62430.88341932886
16431.050923039566
7989.687102336576
-6609.630351099639
31044.10584994889
39080.157905207656
-42133.29189156354
4030.369914699631
21408.83695081282
6391.452290571744
46715.70802093879
-44954.66525910737
9265.768854938622
-4919.5291738933165
-6729.95052708154
2399.591057627356
-28335.019205336594
-156895.7320779087
6610.674871784809
63246.53995025224
16696.805339706556
-26559.869348236807
103521.43143333138
-113563.19695663262
118762.4313715151
-37309.73486282689
28395.949593486508
-16035.547551413934
16720.37526738921
-16679.38848161299
19972.922273844906
-459.7835068781579
132.96929176822
5.19774944061094
-69.41634529916517
-6686.7799826517685
4591.016215832315
3659.823784754451
-496.30126696884474
-956.3467698382071
-3800.6748557060982
-2279.854938995028
4287.634633500683
-8022.676951754726
-95.95757811668172
3.215753849386132
-1769.595723125606
1715.4684773731626
-1639.3054224936282
7.797354085968516
683.5153861143257
1025.6568751705252
-548.8334469092271
4747.399009466108
4.922440456426968
-96.97201905596374
15045.879327655286
384.0956427428859
264.9742049154978
-144.92837211729153
-169.85361533287212
2146.569113215955
-1667.2967641567864
103.18157420089038
-163.99101789908943
-9.918532885598726
-642.9375092530881
283.4773620687637
176.8654465641219
1131.1623442020316
-1054.5859392606487
721.5536183888279
-6.100857595833509
266.15254544457065
62.12924216201671
-974.9076033556239
194.6930101562856
245.6136793423045
-76.43250474705825
161.88774047999843
5.358370608623003
-451.1508943424981
1.639241668553645
-44.78600629432778
-200.82670624514705
8.798314043707295
4.561975242356226
389.55898818665264
-394.5468819766035
-8.391162279596667
713.5385437275403
-638.888429862134
-54508.86991678698
-794.4658623448956
14460.350474883924
21008.836743662352
-49264.57483907447
-14147.202286268159
-15316.89702015537
12234.79927648373
13995.467373454898
82037.9971487316
-15113.147562204864
-53065.256254167056
24188.622470415008
-5029.017626812134
10341.137183585519
2718.50845831299
638.0007341057529
77528.90586632055
47772.76020958405
3460.1951175453223
-56481.25437936559
46402.09591607085
-462.6582604582686
-617.9293633164295
1272.8887147942712
-276.9547390137984
512.9734706663425
4477.627481135799
-988.3175654017434
-2888.1217789490847
23643.63037658388
62391.84133749638
-2475.06534015127
4114.005713027172
-4004.988881822245
-3772.2725406158293
11021.254550952666
2468.899157971158
-1584.8141249145156
-7513.574569725036
41830.428180534735
2984.4405018898383
5532.840836654381
-11428.199409140107
-60859.49683218641
-22659.884835036886
3671.6271026462177
-78.61750277244393
-485.9489058956221
-70.81888409529654
-398.9395166344664
-500.06151876287197
317.7038096866411
-154.47318727935877
301.40354563402764
-1492.7700414398785
-85.54847436733199
-622.0225409012204
439.5937056492601
-403.2962162890938
9719.324046647711
1096.5454763511973
-2100.7585494982904
-9804.447426634835
21248.959584447923
4035.3066188199737
-2439.5394702972735
-113.50043539014187
206.16111144688418
1052.8609913449388
1191.4108034002377
-36249.42811936906
-2387.860848668785
-21754.125895952657
60.68498914691955
225.06864021494607
2232.120490846375
11062.309620165584
72.30556132492369
-701.1785057874956
-2770.0366670631793
430.0946905294142
-3223.8859544075885
-1119.0094014580238
-221.3143840579015
-219.8434618726535
57.04828573122646
800.1957400330559
312.5817360255217
-79.36536853884012
-17112.302483490424
-2892.6775665074424
22655.673158479203
-1449.288645634918
-6027.689887681417
-6048.081018562798
39060.98976553515
-67790.97703258094
11066.599849472941
810.4425308053945
30723.265027707577
57371.39379544759
-61762.767003515226
69341.49853612483
-17884.92006435173
31389.87265657101
-77028.46452867272
-2387.566579151024
5641.799655157096
48522.06084961611
-11876.749961927266
-3645.738605632043
74369.74225098755
-5745.552483249921
46197.609967524855
-9054.51470364654
7211.749209278523
25824.423157057954
-2097.4078100721786
-19479.197617048583
9928.916922472847
1184.8344635492322
1879.9839395931622
283.90349599155195
-639.0231972673516
-1852.5064428686146
-3769.9958242973194
-9985.459550984235
35.409098588506176
1686.3919913489517
5318.220356105168
281.8636017409169
247.3721289556807
2932.9774930971785
-563.1182660559606
3258.10216714084
-7742.571471300743
414.5301183438823
-655.0746760186771
494.0404539261731
-639.6942887523377
8.160810194869775
-116.60456075472734
2933.553543673453
-878.5605219342766
419.904609085132
82.65697231059438
515.8387155025429
-722.3024889160861
168.71246526223564
2.8675032596407775
38.19417125239259
81.42122701746743
6.755450933065274
-13.330144994411322
19.11842879655931
-138.59213918331017
-21.332023731271534
21.22293367790769
886.9092138143269
-1033.8461462894693
-33.22669556748564
1.0889024237620255
1916.3544007829396
-35.35766847817358
1.3365307404427982
4.445337512985801
-2.064225865423436
-100.8775056248671
-38.32382013949933
4.717212302159214
-29.29705196305294
96.51082270287061
-3.9278819401360723
36.36983879012321
-73.24726523384064
-137.55822933916505
-2.8256030267394654
-4.8735472039411025
-875.5535672536236
-41.90534366939094
43.122157031770236
23.20601024505376
-1.4648847909684686
125.61472301352161
-1614.4688026676517
-104.27725140815585
37.145163980078514
81.27428225137399
115.41600766671394
-299.4710114718648
9.169517388124333
5.74736560836704
5.302197341443265
23.12043231064683
1379.047253905305
-180.952343081399
12.438708007140022
16.778987365202596
2.2801136900814285
-240.13620292070672
603.0988372310502
-30.86169785224369
-5940.526259090394
1426.306498490361
2432.7395956251835
1856.2280869294627
-483.2270486150226
-873.6565699763585
123.39880888319223
-273.7246417705826
855.3565970704138
1364.4427347054868
-223.26371525516987
-2173.897646816984
190.19737532354333
-1349.8618705824426
1458.993045961379
-3954.0803700844986
-1175.7640190290936
138.78489510865748
-1379.2894221367944
352.5754382624533
91.6803425096866
1442.8427375040062
1845.3141926879055
127.36750326607
-751.5941434936803
-1031.5483423507183
-224.69074900298244
762.7179137540062
498.92250071814715
18.818959342343774
420.4228138581078
-1923.9256314941206
639.4904457482891
-239.7981513454941
2214.951888462068
497.1913001812886
-1475.8561746551975
5612.934165683362
540.5881473189705
6.322228615609968
69.5877630454089
-32.36610526829767
-896.968670609815
-518.2375102670046
0.6869574471149309
437.00495609489855
-236.35147195906717
459.53752382450165
-58.23733167522598
23.474290418912542
43.6464508887188
-247.4853582638462
-2578.148862227656
530.9528352957957
135.81022190309412
1548.2588347640647
58.7107165691933
-1193.0686663062636
-519.5961719416406
1427.8937584316802
5545.959770912436
2577.254905707582
-1103.7473239137626
173.2532713719385
278.9291394131542
-424.24478084092215
111.026214742697
6.867406426776177
