-8575.689900994385
5134.671259650215
4195.101486607609
-10236.861791962343
-9947.084857135365
-5038.40907891942
16996.18843427328
-16589.59793414824
5703.869455095877
9559.58994345564
-15438.287110704103
-2280.639882364085
323.3983932862681
-3195.151458536093
-626.019479590155
15695.926451523004
10130.368589677679
2099.0777206033113
9346.359330708945
-1173.06227588693
3168.567682415
-6113.978320312607
-6164.638231186968
2414.9310651777596
-4463.313042578909
-26.546906201032414
-13431.510396926818
23873.19735970084
-6071.550028975237
15347.971313565162
-61923.47547956277
7301.067746713444
-560.4985666761071
1981.6555221995943
657.1018451154558
-10163.75175120735
-1163.6331104728663
5980.715804586493
78.27581343336637
1795.5939164629826
-197.1673261495946
6236.1861196446125
7802.20083406847
12076.799010075512
597.0807456047283
-1095.990958464137
-809.5831660751511
12048.546083869074
8550.342078511589
2534.9029240229925
-1099.2211386531167
11798.234256711477
350.0739870513975
-17562.52474537658
-12590.212070673151
-2223.843929746903
-7014.761238342623
4559.031988188624
497.5389867386376
11527.178960799925
44.04092939494326
-424.21526710751186
-1588.065881708644
2886.214656297857
8819.17318046607
243.095145362714
2984.530851303809
-7906.283151984048
0.043810095000825534
-26634.512291000934
-21517.401660374988
-5113.814232525487
17386.4201495672
3504.2506381871726
4597.113520844855
-6734.691574300487
2786.8580202896987
93.99871736739509
-2408.357152455909
2409.4489764490886
881.743773035155
936.0275223605258
-2323.618132384535
1267.1422085212007
3753.6080373590203
78.14550984659735
-3773.4492794665525
414.3819742596029
2722.300269257323
7159.605061778332
-5203.4024808714485
-6263.340661051946
563.8318585225403
-952.151807653843
-6396.21078050307
6221.210642000915
8058.015616573076
-7430.565359883999
-2707.079088667149
4522.893830397624
-5087.396762376384
-6683.371492163096
9557.634282243589
-1637.3930544975003
-5020.36986322453
12331.69837419301
10888.265687396952
-3707.377772091671
-6071.719814043842
4507.6350210759765
14518.882855345153
-5106.244834839297
-6952.527442369025
16454.54747882364
13704.95908686005
-19629.204726497563
-36068.17616705828
-873.8417599135904
11485.472966822419
980.5956541709107
-545.4379754818729
793.8710104892031
51.09467837955283
-482.0430349228786
-3272.0929694378606
-5710.40838510927
3170.265798117987
-21221.574571878125
9651.787157203262
19507.206352639794
37682.5382190143
28582.415518917613
-41377.90159319168
105629.85287264272
34453.72489157193
-145568.75228571377
129747.77912876614
16500.84191826871
62169.72286178003
-101695.55838747688
-19469.978006449714
-60661.156482973165
-36393.69664471203
-3861.638525861048
-9891.715893850087
7881.920453067177
15992.597995938346
422.8281222218199
-1277.8243869020391
-28520.050494903488
-52992.256537246205
-44049.69056744754
-98720.12408142172
72247.59827239903
-468559.2843916105
1853.8962218523332
24715.15814788155
26014.080985538887
-26634.74770933872
-438960.90319570526
87244.07037579735
-4687.093048271611
-80860.5255834312
-59971.386150455335
25847.06570179318
55024.516339461836
-167786.49835722276
-4720.400976819394
-4100.313370126486
63548.85635815988
14499.858225063626
10213.417789775629
-144136.05192250718
1140053.9434523915
-3202.0445533908373
167573.5570221287
-15366.303769446276
50207.89657227839
-29693.146803926415
384504.6642061225
-3937.9020882693326
73225.66069501864
-65575.96246013566
-5126.772812653055
72951.50811775714
87564.94818229439
-33780.33156242024
37529.30353748792
52584.99001627337
-168527.36464640006
25155.216659500264
845421.8256459062
238536.83408625884
-35810.80395610249
-54965.81760846658
2480.4171780209094
6783.3404361972725
-58456.25120141045
84445.77309712039
16796.905816571398
258743.21748869342
-223.9693542264313
12794.751624186767
-19297.6135921004
61017.45253506256
-5435.89044636733
-70201.56330272993
-101990.3095159684
3693.5009527958055
141.11379749694913
2150.8442694230316
-4744.844520287124
517.09194763319
-2130.4160618798333
-61.84786497916156
-1528.1948941525047
1051.0142313355138
-186.4236888232948
1536.752471517814
-72.93220512628433
351.65693845456786
-97.27548530791226
-131.26630490772362
-37.79280431050323
-33.289971347598275
-393.53111707639357
214.18524641693966
-1144.580514195214
1052.9235223570424
-1781.601861246824
1657.0197877678838
-377.5499547160718
1402.0863266067993
-38.206445555422036
100.63358196128682
4252.220817350788
8351.385744439905
326.3090855183249
-812.4386520281314
543.7906063459434
8238.085542937864
-8957.57210821289
152.62504087775503
3521.8418353480147
-6018.5068900593005
-37194.52592823697
-36256.03220607336
1792.7971761015556
-17871.31177391062
77389.43603645945
43066.75771682036
76355.99277587114
13266.765775534644
22790.916501390173
40403.09952573568
-29832.71085576893
-36812.80556827434
-21678.924749158556
322031.97861211875
-41962.5892523083
50200.52468604961
-49282.336437641934
526.8034085293904
-32215.20331958632
-92206.05392873261
80952.62685156059
-47761.139381361216
6056.283939967198
43072.19467928115
9309.12080652658
260.5044450410999
365.91992466407737
-1627.320085139116
9981.692305271534
-88936.89038086271
-8717.024585867848
-113.75436148533396
16112.832995252325
14303.119272654378
7766.828756156626
-13424.699542712895
98755.93204711116
61580.66930625658
-328.1647122265393
604.3902146778254
-1678.332751319253
-14207.319571550854
10375.578188235771
2192.7336249638975
-16949.72658573522
2078.6738032297894
-3786.3235846977414
1477.981948719698
-1956.7210612631438
229.00934230393986
-3692.5954386337744
-3349.956044919384
2722.126954487365
973.5273756195687
-379.7524748093036
-608.7334763226079
-21834.190459644375
8961.738007648639
29713.520456684768
-10109.924976051929
-49.47873183327806
117576.90669395529
-600.9869835830189
-84.261934278883
77.30418470161048
1526.17680535408
47.77229262666974
0.011103781860288129
-0.08017224389413438
2.6909857044545666
11.597406508892691
-318.5861311880203
1204.913316064628
-277.1370774411296
-0.07472636030746219
-0.12466684727222267
-0.0034556222842882347
-319.44557261943
-20.30395359301771
16.477055659338266
-0.019387465555419443
-0.06780572154090209
88790.2437769187
16058.7200452313
1350.3072572200547
1491.3518209901529
-1544.968805908865
-2134.6619421613245
-1450.1676717632074
2661.2022742776076
-3287.264343468314
-2146.1685854437374
-2494.8198677335413
-5869.054208852869
-2247.720051504466
-160.24788751160597
19955.644825077703
13743.339227053737
8731.590735916929
-2803.005217128742
-1760.3047034676479
-285.69947189168175
3580.616023549633
2600.119661580944
-1823.4664271208119
1554.3252156512976
4051.5916245240037
-4226.9751244576455
-2110.2840965788937
-18411.373318464455
-34.368830090468606
-881.0166153630076
4424.409562322858
1331.147083207997
-1014.3083749021991
-246.2747254278468
2872.6797971424157
-799.2497478994392
452.8478142524378
-0.10520005222684238
38109.79925989863
-25081.131055809514
6263.061757574211
34254.65776877589
831.0375018245599
37376.79673039117
-25997.389299043745
-1990.2777334767359
-2419.793743605488
-11822.155198782602
16174.129077635142
2446.699550878602
235.13669993379045
-30874.34252055469
742.1274460921762
-3049.293149717758
-217.63942695338653
-3389.7581805578006
1195.4475508391195
-5294.163260262425
-0.08142595473825011
-427.3005052461495
10729.43759437738
-170.7886316026842
-0.06018645392028906
-65.09456965100273
947.9275578248132
-2952.349096961055
-54.75283117493294
348.4214025785838
1248.6339185415418
758.2538146544514
-795.480412878753
-0.45721816416691513
852.9627298798113
-424.20088190978913
2330.746328584594
-142.1435291120416
1235.2816095165958
-1434.7945290568034
-1157.9843906376298
-261.6209381049614
896.6298627301427
-591.233126565471
-1178.4157505856185
-700.8860102007325
280.7597320895869
-23836.125385989344
677.481669128098
311.3368167946765
-15.365806749524369
-205.86317914788893
-626.1837488780429
-108.44139698481716
-3.683794550440923
33.36518322910105
-12.0795910617635
-514.2086809367131
51.87529387729051
163.11344524140594
-63.20642041096141
-104.06094022503123
-131.13021301411345
16.81367462920083
79.12746270370215
133.35750619359754
12.024593652619444
-33.42556686274696
28.299998312075704
-32.52275257338824
-102.51810466069277
43.85502671703663
-44.348573537168406
42.3480061802925
-113.63536611050856
153.68285515854666
-75.75918569574276
-15.715165535220335
-4.333734564433392
-42.12523917125419
-15.469512862845344
17.268817407856528
-27.80360174585345
-24.30225378428304
142.48077328015347
-13505.743810931712
1753.2693010762316
10230.966903653822
-50879.05857783377
-19696.141169889095
-10800.983987054087
-14059.571437968258
-5761.085627980378
-2490.6115492107338
-2979.818758286193
2122.416779928765
113.31281889824025
6892.42117247253
67262.34537833063
-575.9929202183419
8641.225824537569
3267.394767452397
23.037212428003176
-640.3761571989763
-957.3254899742742
10831.686177606241
179.34791408752875
370.23561108123425
-361.9309910398356
25.368038826059376
-46.887628193268746
113.9652182882734
-2914.753811484009
-557.5050649060302
1594.8488945667189
217.42054632387038
-3036.7314773141984
-629.8365949128791
2296.016265393515
1856.426788584803
-974.0195170988584
631.1456802304039
-1527.1792049479088
-461.38502812439106
644.2931166112912
-2363.9351869614675
601.6085795227004
659.6431654469284
1301.7306154978528
-1276.1263565058994
-2203.431790359619
-231.6864574079896
157.02252833889696
867.7658257650647
-513.5406379857624
-41.26360506968613
1936.1861567799263
449.4748800471318
3943.393889363204
-1422.5908035179284
-7447.507259339785
6247.743785610032
1450.6407681719909
232.89084621374772
-1255.5380260699158
30117.076169440228
3811.4975760143907
-51.01601335029005
4061.910885397648
-0.13168639443999036
-1343.8860340280476
4007.970290032789
48.22408252125024
-212.34665493536366
11500.55857412095
-2927.0689024318503
-3875.8146771164925
-2293.328371963041
1164.593520365633
593.8676855076843
-32.53121246492931
-1713.8708254047983
-413.63574371504217
-135.32559932174337
5038.470312643884
139.37012855458153
-988.0088498449561
-1865.3895719582035
-1593.1339625755074
885.2588589663089
4191.134147781622
463.58781675398296
6709.123293784663
-2027.9659493608533
672.1455618951992
0.19418694313759166
-0.0707571181195382
-0.0022001569674434864
-0.2039086210357654
-0.09638688376164535
0.5306901331919989
-0.21783795690821647
0.3076558528181327
-0.328137466865868
0.1400513191016884
-0.03147720029497223
-0.15874872913027846
0.2221202461041321
-0.04426062287674946
-0.65759733884819
-0.0590219309920756
-0.11283779188141899
-0.16862675605074398
0.3312632188881088
-0.08500037272683711
-0.17285050757386108
-0.09989233700562794
-0.1927689940900214
-309.4409914063623
0.010411610062116857
0.06926536858126701
-11.557665760350153
-0.08984178683762797
1.1837335831761864
-10.525745822380664
-28762.46944880318
6412.6712189889195
34026.229030543815
8320.574982465496
-144023.44911504074
4416.839017976831
11740.337937899429
31681.88663855912
-84489.67405417911
74302.33241102405
-10131.66333453308
2024.7227055915062
4368.405067820215
14344.32053427199
-202.5795305128047
-29961.76897308348
-43844.83610461697
-2910.789340810737
-20798.23456215341
4417.6048089632595
-18093.679519791505
-7578.328060340219
-22706.28363727078
-21304.73462030884
-42201.724586748176
63479.01566143186
473.5005170690827
2700.1310140048035
12180.994695338053
46949.078456627474
2207.4369312302047
-14046.370755604688
10321.94732576446
4350.847383064562
-2483.0000684754586
-2118.637082485024
4839.853511797623
-8450.083869839687
-5477.422389810557
491.0453388625959
581.3585930934935
108.66364838728009
3493.0017168673885
74.14128464439119
13991.550615356253
16025.54921002102
9344.928749077264
-10165.798136905021
-3497.6651914658228
-10520.670622273254
-8538.235378036248
28129.617880203685
-43099.58777639302
-12008.98429990879
27052.030088982094
10814.184014463926
7756.586952506341
7514.217021779054
-20845.09023999993
1058.9586860918253
15914.322749652407
-1.3221149205037483
562.4616471046637
-3630.2752464172777
-2722.350337368689
872.0007085094427
-384.31549774689745
-2651.7133555460423
5273.263333137784
-6808.5395005898645
6094.22741415439
8172.188557946088
-9616.166093506648
-127.05621940978467
-1526.5239344489491
-1659.408349664168
921.7840334634403
94.1898280114564
-4971.111522798513
8035.1228734700535
1848.9490324062342
-27168.20860603711
-0.13604343917088355
-4.09677669556424
-17774.73344199488
1030.1324962711114
501.06899752195494
-515.4542179751562
-622.1664604359877
1974.2148432940976
6793.282242993048
104.33064151835639
136.95089707484146
-2.563515596874005
-721.5106478454769
334.349038441997
3022.1881022439766
10157.911563778394
-7436.643052595177
-3292.9606848113867
-97.39169779718843
-467.2761967723841
-86.0484190967765
948.4944179021728
-612.5792876019048
237.8116222966823
75.10424422022518
-176.72619494849351
0.21130871085487796
1113.1625677057507
-0.13512707458683776
43.009079004126306
552.2584476230055
-198.27989339631569
0.3512240283598097
-79.94799084351875
-280.67403480565173
-0.2275564600571651
1387.3146104736663
5.912068502142434
32986.106359181096
532.5499020035219
-39847.22545683112
-29009.090766723006
267962.01229228947
72414.29150188225
-39628.144593443525
-14519.507632101278
38605.23185614599
31049.255350411713
-3964.818800431615
-4289.95408824316
-733.2125111033189
-5356.450476822
-11589.184615182172
18760.775094055512
21796.856117514835
-3602.5136744269826
-63606.91451491752
8142.182193167237
-55451.16919796127
57590.17042027966
-618.0622287276354
1298.737704344897
-40.16439273731428
-2721.3140669393106
878.9603990813956
-2863.1348794473597
-206.52976092142947
3374.3895288723975
9046.49383422022
37795.72115849745
-15831.061951529979
-3576.4750529712337
3620.3840296646413
-2186.42618543125
3036.911938379582
-2259.0799874619956
2697.58719824177
-11633.273264210067
68947.81102102237
-12829.580561805644
3828.601392450553
-14111.869805553804
34141.62042193838
-13588.09755969882
6717.991417090736
3837.9298255746753
1721.184917502881
75.80763724382876
94.85938548337208
-132.1506444594758
165.5592760800067
-538.4206863303544
42.868716494147
16.408127515076266
-3658.880167135598
4372.39670014952
6624.248610652306
5551.723583070877
-1014.8293181837229
846.5304422451617
-3385.1451776439844
1729.0168300307748
-5683.314512026939
-506.8778251421732
25714.54899497736
-2477.4071486205867
89.63571553508848
274.59604235859007
4674.586003843096
-1475.3309161737375
-6434.516232793298
-2860.4359793105077
1742.3145325075545
-1977.0193345343343
-6203.832390215266
443.2874267463276
230.59960088253186
2385.919891659341
-6534.471553851689
480.47168228219925
3955.361209629303
13359.13719854661
386.73479024195075
190.52761231696854
137.79872208263387
3141.4352970772557
-10030.98054504973
111.27109789315263
2134.777253560837
2870.31596533763
68585.9616626701
2548.113654653931
7212.2078338385
25123.028551977306
-284.69227369896805
-37143.75845074461
13227.15610011139
28896.33058741041
-49149.54578162049
-14464.541278662358
20173.959355928135
-38297.49355689022
-11601.931496477708
18883.74573564389
-7382.277782355652
-654.9735449416909
-108.6163132672407
14393.074946510767
48189.358186298785
-2818.7398167075953
-155710.61823008757
672.437994525162
-1900.7328306787626
-120655.77550301552
5913.267540317119
-31981.707368178926
26691.846702059618
79742.08395174936
3975.15866799516
15954.06616437877
4753.667908328883
-1989.5279635096256
-1329.200473978147
-680.9589962787253
-1093.9724505265517
-7015.811932504937
-412.1596276429188
-997.5827228387105
-13681.15444386703
698.1727656963641
419.5205078852068
7290.430419712329
-640.7505908193034
-3995.152615551764
1805.7281575216737
-241.29138256571002
1352.9149556926263
-409.86589529192554
-301.48543310185875
-0.40638832636087757
-128.1508404924995
5801.680416637788
1830.5105672403784
-577.1457288418939
-141.09828157321783
-993.4282874579889
980.9481926778572
129.89389756087783
64.42080680578027
-15.621111004134288
-266.6534146785598
-3.182685690790566
358.33728623977066
-181.94900800551252
627.1758039420258
90.88490086998746
-48.315829032235875
-709.8862195940836
742.236986966307
-269.5705375691958
15.897578524531486
-735.3129643935109
-158.68283825888855
82.7418459257755
24.731607743272438
-106.03185983728027
-133.38843439000937
-200.9802504612223
-71.59130647386557
-287.46384177073554
474.21807174256537
231.10885884272173
60.775993795926766
162.3748056752055
-127.66227803713595
22.435394148594664
-26.476777827271388
2050.798120619469
64.10841518903568
-184.1987805572657
1391.3973103792707
-42.64691871832107
-1.9768068340362963
687.0606642360686
-97.80518515736122
107.3135851842336
81.14354527382903
-190.4877197406923
337.7840740265588
0.7587374198530112
-0.12325544662342074
-0.0946327794938742
-4.664710979297862
-1349.803021896647
-1230.3721049536202
-127.40794370683716
251.27264355035578
-0.02999865615487641
-2481.862272991298
1573.428363993381
149.7828667739674
-8663.884655315529
1551.1800554294975
5012.588880986999
373.4096982268441
52.97575045451709
-1666.5462754576968
54.54851989093611
7838.681191920732
-2346.0668660343126
-506.14288323948426
-100.27425833875837
-368.80067980506203
265.06572612861237
-1420.346855117664
2460.0179982857317
-8245.977362388276
625.8972536607697
-196.41184823240624
-6401.627399096134
30.47390883257946
-697.4588441796143
13645.576100973934
-14130.899130096306
152.65237310583308
-372.3036835699595
-3232.6846704691793
636.7536818532287
-3079.656653928042
177.8120796596541
-189.0461018937085
497.1041331323594
3343.2250846930892
-949.7800177648448
-256.6038547887138
1612.446046709343
968.1285671442106
2942.30681512828
17405.04818719229
-21344.394569085594
-1292.1923228490773
4631.063050143978
-793.7663199273989
-1637.9490219121358
-496.0200741957741
3.1436277894701345
-1384.9626651082783
3905.931333459176
105.93957381282407
54.42058193304562
23.950935181136746
1281.2165834371704
113.70459221647522
3954.6344131394903
767.344495587226
-226.71038914634892
7737.046051877296
856.7698478839513
7333.808473524754
-5885.008608035298
-1077.0721203492994
-4783.0452815845065
13431.502734981952
-21035.64917500742
-9408.316838823286
-7461.424995059284
-1832.1855674531105
906.9551607132497
-1.1628315938213476
