5954.349462117447
13526.41098223401
-8020.8000034276465
64852.31496201759
-3422.5745523847977
-31291.16223156955
-29901.804141173558
46372.21756112589
-9074.840025953987
-12092.249150078182
-45891.73613842497
-637.4792749794859
2063.928196140343
-416.0591976805863
42863.73838957144
-27344.31207739223
-19174.64017466563
41801.966302923014
24972.284479132974
-4395.462725750783
-58893.08984000541
-20163.945110624434
15085.20698859648
16381.76352618622
-34237.14751680273
31157.821441475702
9900.65035150712
-16856.615418818226
-28765.664630344243
-3646.301241527964
218.5552385026496
-2263.059603178084
11902.045065519223
-2244.0923325501535
3051.1701518804093
5813.110987994814
817.1424092970933
-3764.304879006711
-1654.08163364877
1503.0523760436752
3242.5748335660137
-9371.641640755686
-2652.3626724557716
-8929.041109102616
-308.47978595836946
18.770660576089405
687.9669961622293
-1501.2766703004434
-9712.195888037244
-265.05275300172144
-1464.6467147433125
2424.4921273017444
-4762.342819475371
3395.263811160348
8591.304268963844
1230.5423921049965
22.673524443075078
-5158.063557752638
-799.1105475684723
-711.8879675082749
-122.50781486830186
276.97933408306415
-480.5107604513204
808.1209072661258
-2263.0270853719185
330.27051557807715
-11596.74063289369
-146.92997440247257
-0.6935464064561989
2160.782229929064
12359.030812941746
252.25583130148837
8164.928500473325
-59.30143161343637
5929.646360327381
1264.7008773092152
-13048.462424647989
-7.799426234905785
334.06391064294047
2362.857655823897
-2014.8460071772306
5005.297703419726
4795.046265267605
1416.3994038581925
-4239.53498062725
-1040.5760912341846
1078.418843626135
-766.7579025181067
-3.367926439811922
-3703.3965456667456
10181.896180919684
11411.172876449775
1551.2440362779942
1203.3738694460076
-1478.255346372242
1034.2336063933456
-3667.615670549545
10741.633368838024
6507.932972216035
-2264.4725447668866
-3246.3089456386556
1437.5929509390533
-3833.7122244643933
-1866.398047737889
6294.744156310318
-20729.662554755596
-7271.618678592764
-5932.130531037702
12536.949325170981
25977.744657609757
-25948.781581837324
1391.8647472765226
10231.59832733532
2017.658085809902
-31146.73353857089
-15883.691677979285
31040.401091346983
-809.677399610454
-12174.365894811794
-315.3153223199069
834.5419916231388
-1653.9069724251262
-164.73107661949993
-1410.563229993923
12986.067460809523
8846.267504845822
5362.486011513183
-22608.675197605866
6806.852882758486
-59967.627126756175
-39434.895740412445
-6708.495903184163
169067.03879033923
618682.2284079317
1826.7567637411673
711274.4928996356
-420352.68612598866
-51810.27073607952
-51947.17161041844
-124978.84693019767
-48376.40264956488
138345.12853978478
57548.993842248485
15718.468275128882
-3080.753772122461
-5749.945037404942
-12302.392915769777
1761.3072777317589
-10284.972802981742
-13902.422788127911
66504.29169233836
562326.9455155263
531284.8158900342
506621.12078805367
-142113.6118673749
-83983.09308033311
68023.94235911978
-83768.60016714522
-2796.414435851708
-710517.980559567
-134744.7681819072
-12813.605127307792
24300.83888265187
101020.20809892411
24893.351963544646
79973.68255318551
-75240.68929607273
54661.247928068675
-11757.883236760028
79427.48516982628
-19907.81810440954
13058.67008579264
422140.0755433979
840307.638684895
45405.19588283731
114254.91181628346
-21150.59881839567
77963.0269127887
-31371.933017967614
986956.6423907663
56409.13025218328
-14414.156374299304
-31223.881460707973
-529.0647014028716
-1295.9231767612166
31616.8811586858
-18760.886724941483
-14075.068580108722
102950.90964598219
-52739.41860085578
6982.013261985704
525076.3220303893
35253.68211383504
-39438.13096494079
-52692.866335665676
1026.4297742685937
3936.565600527799
8767.568490643225
24568.59884518399
4637.521435562403
6893.549279134837
38.754967803580584
-4805.01563952876
-498.22664518794585
-20247.648652653203
10512.322457746972
-8323.880547948966
25839.262218976084
-835.1372647015835
14.44118646697534
-73.35466637278493
3508.0120815720293
-905.1218598197155
6925.260759155552
422.8431819726248
-1439.961921702691
-1630.0440297630323
4253.672670512765
-743.6731551814627
-3360.5200908405777
909.3732197904862
197.48993843889363
303.2452703393767
270.27923857184607
-1156.0234963788585
-864.7380155760942
-595.9132005257601
-3127.312425671714
1056.5151089510653
3368.7160117435537
-3441.8578776660283
1399.9584008350707
692.3336021838825
1920.5366082041137
321.750784528204
-17013.466326446793
-47823.335912765964
-279.56556351631946
-342.7393071229542
1267.818838748713
-21383.8129782355
31408.888087146144
-52572.38478612182
-27630.5001096848
15039.328351086951
57666.34415190398
37912.88751272359
-5320.014881918419
39936.68401768227
444685.1189779524
-8989.400049310312
-39311.37107080195
-61067.20168255652
-37377.64968239194
-144524.16669852685
83332.69492813112
-110813.79535079302
4578.41240508599
222990.46968982054
22894.556649677044
7972.809286537784
140947.17894009544
-1510.7004411538617
34521.70350109442
-139539.4333046299
-3036.318587942262
-93764.54829795926
-25582.70870067755
3661.593362995542
-12251.130042184392
-930.706368862896
-809.7245486144301
754.0242248689931
-31047.178295789072
-289475.7749602688
21321.88495344029
-259.1886913653208
-15843.06944876458
-19822.802421506625
3173.909347822994
-19235.478734213102
429000.06034438516
783445.999025188
-709.5485884871119
-9880.852325896556
16962.006165513838
-377368.3693262697
15308.878786382009
-23802.27306847122
54757.72492004055
2226.9157206154296
2312.828295749442
-291.5757868996127
675.9575426299599
2919.6150940619837
26573.053306410744
766.9522654709816
-1409.910018837886
-8799.82999161854
77.51082481661233
200.0069628369837
-2351.4977138462905
-7154.445451145969
8539.378463753239
-5100.811978951204
62.89497937679181
5658.45335506654
-19.20173590730635
56.383387873428745
74.40281143038315
-257.89887656638285
-13.827830648537429
0.8681967253987639
2.2895535804391836
0.7067889636482331
-4.002514730703882
106.19744486191605
10.302376990130291
-25.24226231497508
2.40966194235304
4.309958531686486
0.1813293101438797
131.6922728570153
25.610741097309596
70.50047202967404
0.6463189302496856
2.61398397464337
36327.252642253945
-29617.658025525077
6.093523185248949
-1278.9951032493498
-12758.103579586072
-16555.95097459373
1243.0690270017665
-835.6729780565759
3279.287068614237
5091.773165255805
3659.3436767812746
-17793.286785363212
8489.938051005796
167.03575460712406
-47559.128799275386
-41205.62061023567
17009.28867345287
-496.23560104890225
-622.0864500115988
-783.9984655540309
-5460.993276398448
26307.262817752904
5078.261770871894
5859.687268503828
11605.63499696903
-18037.398106709996
-3094.040449502285
11248.086131028254
219.95371805068288
1347.281720646081
7902.979147676463
1580.3065111221133
-3162.645407972996
-4707.620717377105
-1983.4255220324123
-202.92777927727997
-229.3906745023198
3.0773122415875
20669.0299225269
5159.803426992751
7917.362184023404
18237.71402787086
1700.7953536169857
-10491.389792336238
-1515.947732202173
-6319.201020533751
324.5732494173775
-28645.39235756156
3193.8251281831253
1314.537256933155
-4.1005380659273065
12037.400297994016
-2115.7747574490877
-1129.6251127993792
53.531888958296896
1293.2916583469546
5864.472179794634
-396.83262367387795
2.8479732978526546
273.72176380508967
-604.2762961617079
597.2691556914151
4.252135920317755
-28.05407980735554
-73.84092374298896
3340.3943120155427
-56.14422918725237
277.74517541919136
-486.6276054568795
204.49786756749097
901.1932969138124
8.235538677544644
-541.8473067207344
209.8823349346821
-7451.413843984373
5479.133273331949
-1277.4771818396027
1202.4458155172076
-558.4205381675401
74.9582976528231
398.9040016275588
-111.76823389605204
111.39686880688195
-107.44518960093912
-20.976167106535677
-1637.3857479889512
-324.11643175827805
88.28497265204612
18.229860964590028
153.99593335298886
167.65487319610116
-140.01969729122393
64.00608993098061
-44.10522093675615
24.701180290141746
4.642120653198133
-38.14960820034845
-133.07205416888686
34.25758723650029
-219.23850182330114
-128.0364541593977
34.262105700838795
339.7943834722394
58.054432773771346
130.14954539594444
-38.029567442796555
-6.31083397892802
-7.963742225176486
9.436118375162481
23.289300906359376
90.90042086717735
-11.35627306034729
30.610103896643697
-35.54007682106719
5.213624403786984
-15.04004576511358
-58.14695939600696
-47.06075010903066
0.7612708664020817
-5.2582733827228765
-0.15136433829969412
28.293414198270128
-18.544778013453143
1874.1516070684456
-4733.064145153273
-28056.80064297429
4812.595354008557
68621.56714141495
-702.3498397803417
5686.004164086278
-88.56348693197323
-640.1624484768715
-3517.5852399817254
671.6281312712917
-15.353752239737839
-4831.560171952118
-24378.013010110964
551.0959856582393
2640.2867509692214
-3865.8920633914413
-309.68659094088133
-535.7547645097735
-2496.594437236054
-2156.5979562169955
-26.335552228403767
291.43998588527245
-206.15853627392437
482.9697574418493
-535.6265897481936
22.504669887574817
-696.411396635325
975.5630701760574
-924.3047397642545
-321.25841679499314
2083.3742649570336
919.0824636509552
-2158.146731585452
-1218.9085433561604
356.25522844538415
2127.032313183477
4578.528599876839
-3513.2004774897023
-445.84386343096907
-6570.342137645641
-1230.5180725895107
2737.3851474960547
-548.8754698392424
-790.9010438275888
7138.447826569874
107.3389311632903
-1053.2355379030569
339.2196296743277
1015.6339072422791
-65.42702046285478
-737.3013832003724
-656.7597582892004
-5064.156886984106
1048.4270827223968
4515.974266508018
-3509.460631125956
-1077.9156554590709
2216.478297910742
-291.50578168369486
-8434.0015309559
-6983.158749049848
19.524729895502766
843.4424614265415
2.6221416542470832
-579.8400802281868
1018.8874254739534
71.93391984581758
-1314.2127801314473
-2114.333506505867
242.46938206476923
3199.6316811021384
2007.8955828567891
-538.1893776030608
-371.8203047163738
11.239446706571668
-89.70384991905095
-421.63353252245855
40.71040263475595
721.9963232460316
19.521579013041457
-2964.521699632747
716.1534718779412
-6126.786802515546
-1254.4670541747194
9406.887110411426
-599.9432136551696
21199.564932979723
-6220.85880227508
5916.859563592416
-5.67215710537958
3.0847700987584123
3.22131328261299
6.525143854881066
2.971557163671256
-8.214301964852199
9.093070429797228
6.022716618244138
5.884570417881188
-17.17540881633062
-6.659985586596565
4.976575748355846
2.978588274666544
-4.899816208277648
1.269689697980688
2.2418039881115233
2.1518353532599055
7.73077362483711
-10.607647336991356
2.1391199552651337
6.642046037619191
1.566091099859234
3.4136957087213995
-15.628182993471535
3.418128354021617
-0.3163893473648298
-13.560501134566607
2.968386970085502
-1.0195527843450927
4.037240305516685
-56379.02939438528
-5859.945126534478
-190635.5831025699
-15120.611664583541
44995.20294302743
-18167.032421263277
8883.740158396144
83447.44333398393
226591.5623687608
-67332.96140760634
-9672.888127762064
9668.10789589131
1195.8340430291928
4954.531474954218
90720.88698589717
227139.35211946256
42464.2917834285
8391.815637139402
-20314.959282495427
43124.025764564
96259.91883115281
-50555.55236516441
90735.51044802002
-14576.144562939824
-62717.33794421069
80913.37031213647
-7455.767594234311
-37412.87785050987
67416.61688259536
128468.02367279107
-29334.50334674359
48678.12670685192
-80883.52809910441
-7632.0748530697565
48568.41607429914
-33673.94029352307
-59237.95974402721
38679.972665692294
27231.20382827891
32108.19355854185
-17016.744288939964
3176.4376832303838
-11594.85492620848
-1229.815424072507
17953.68504650982
25790.584770648653
10279.236917668364
-7482.613886295029
-18491.24131543079
60313.97114498904
53921.547815263984
-86123.02008561684
94294.68251781989
11037.573026647493
-99015.54399873945
-67782.16558702332
-98424.84373464626
-7043.246489342118
34439.62252396517
1461.1160461979305
-9604.464730953803
2.553222339275979
-288.84826288361955
18694.17189508387
10592.098216709948
-908.0917357195207
317.9719554282062
2414.1038187433983
-4417.444537753855
3881.364837947509
5211.194346091518
5672.480041450716
-4070.249344755572
-97.17633811988486
-10429.172528634816
-1883.2061934179048
-588.3097691935354
-71.5822081502419
2994.7650580726095
1120.4131203875206
2369.4787213603754
5523.212222094853
4.428716814487138
90.7058139558962
18920.578247913032
-275.760595989575
-1015.7714152414126
497.6336247661025
25.637969337000257
1235.793402766861
1453.4245497665408
29.462896875342675
49.95827249632542
2.8262945826567507
-1114.9908367509852
-49.30732025281811
-3123.091378164981
-310.40974406884663
-671.733159361991
3692.483866597173
52.981810796839476
-81.1180963567449
115.89462959457126
3177.854821161867
-232.53799227927618
209.04634164673595
-114.82907978360704
64.5596875636131
4.73591837852032
-524.7699122060434
1.9106142329160247
-12.07645222272989
780.3307009607169
119.65183202767689
5.259940096407269
37.5781257431969
307.19853483055846
-5.010524072058073
362.8976920176386
-177.9299964741194
20594.278200801193
2230.793461563353
2456.626196308561
-25731.598324524664
9943.001817337343
-178050.09090217375
19749.347040211847
3853.0639632701927
-7927.962912038872
20321.75335149253
-8554.701650713441
23955.641430507578
-7599.678544336374
436.5581112419731
-3927.648947925582
14707.961397916826
-26972.53895983561
88490.46524262031
18322.408342230636
-10913.67816047638
83034.4851160215
-92450.65590540068
1376.7597293050676
1750.5913164415972
1361.3291766595196
-1000.854634901354
-269.21878372026424
975.815808467251
-314.67117302077014
-3046.6269901876217
-11347.11828876959
-30054.923949472246
16081.513605516555
1440.0896105687402
-12867.49521587629
8802.12465616932
-6850.381980722001
3559.1375080858834
6336.49565728129
16574.559509345574
55568.446224182284
-13675.425507997943
-12990.426855836515
25268.207292126866
-25195.785110815446
1979.2202402859248
-7214.172482289699
-5345.541270579302
-141.99235488723312
14.917091150979395
232.0780932414138
-322.6625025868282
229.82777055468745
-547.3219645903097
-280.04763344807685
2585.855415624302
3419.20578395649
5290.390682036001
-12794.935888825754
-5312.904754348695
515.7758170632629
-2365.3526632855132
-1313.1646199347244
8396.286582310171
-9034.720839416483
-513.5651282015839
-17989.24310085533
10935.023752878895
185.89453350023234
-3433.238060626247
-13261.633235015212
-91922.74306431359
13238.475938022002
46957.61228642489
-4671.615937119953
-1315.0550761241566
3216.390243551281
-2932.9013466187444
367.3026581422225
22843.11138500771
4687.902839867894
-2511.7431492906094
-6090.733510224238
-11220.316432392248
-1000.0647880720036
-210.7822983236577
-458.7379919889866
-1006.9233176878505
845.8974655932161
638.2731813046634
-38223.65451596927
10363.917114485861
1095.7943341757093
-7671.2427788023015
-19256.844795385623
56930.84315219282
44107.35786526028
-7106.988154132787
66919.80371306256
50467.354192945895
-38270.5640382478
18034.295389297
21725.457230062508
-81221.8832907165
25715.06761550935
2780.004750669316
42201.18763496259
1391.4198903248953
-5819.618285674138
-12520.753835285956
-23374.1604694892
1510.5142741773136
204848.49399286092
1812.5991173473071
-3938.726950176414
170635.82115615133
-9667.42516367915
8847.965891872444
-19405.24000656213
-39050.82035240418
1792.6458467570287
-14374.971971836683
-622.7300896841474
5623.574083170485
1165.7202566578787
2952.4701709400533
-245.95571224092734
8642.579751273784
-462.71206354846134
275.24139268539176
-4631.933984839348
-672.9939098367305
237.0272036903257
1647.7314323928738
365.72293906928707
-9299.907899776734
34959.50344005161
698.0461432057073
-798.5311502663237
-197.24384881098268
229.86377240863553
5.796333850451074
-115.58926508237376
-4112.950269890959
-356.34093447077555
-604.3460796871933
345.3592021894721
-20.078944570962506
266.78271933514367
-238.67692674852762
-105.70590075675013
135.5105707894301
93.60940532254418
7.291093807850569
-289.71496668029874
186.03673422251583
-187.35210998124128
40.445637631727244
-10.910438916016643
-929.5867949290322
613.1121062032146
299.5068761796445
25.99836898416507
-442.1215467263175
-7.937842493962643
-128.09171226029562
-18.02206087934091
-142.21020771437512
374.5947408252822
130.667057409179
13.159457151012104
76.12838205056667
-206.17608289947785
-18.049024930903826
-214.4773186813304
-278.67196288027435
361.8849444097148
-95.9549356607185
-69.90018820548379
-434.5745484562954
83.45610752337711
251.9024846327515
539.400860993137
1.8882189442424857
162.3091932900655
-1308.2218535131528
28.157070341356086
-150.84597986211065
-22.18959955356082
196.06735269289138
-489.0402353003821
0.01254558594367257
4.309900660903582
3.318897053226142
-211.42418092605
5811.394807953513
-239.27420330609525
-325.3923267446349
1256.3107929659673
1.0042405287931704
-826.1578332870914
-8104.217293625545
-94.84854363867598
5630.186547448278
1485.86822865472
-7288.503804351516
-1114.7712548996253
-40.9498176724915
-5260.0774130801465
95.09820642892916
-11095.782987408462
2811.6715044303287
323.3590867336373
-659.1161727212702
1441.5311009084933
-85.96938932519394
-337.9452947107273
1083.609746593095
-5174.06800891294
1628.5842228499114
784.6685582171275
-4888.983698960246
-115.00151555162957
987.329184795875
-5863.487466431384
-2182.9878429909572
-9.348896146940277
-866.0643742228307
1427.6017447963698
1599.4550612212813
9741.242819658346
17.19416601858481
-82.62421368492434
-188.52421770988954
-5083.383094267891
313.4358367088768
110.50296978236135
-2907.802021943954
-152.30227171596948
-1180.3584640456502
-6979.613450436248
5095.29198145559
1198.0905334758688
230.3056015970035
-1378.3743077662728
806.5041038857385
353.3217727767945
81.50591296964066
-883.6158544468403
-910.5375385781842
-33.10035826336143
31.29761895471241
-48.21470546285088
-19.708767972042494
-169.41020352525481
-15764.624964925111
-1049.4143347856095
5943.61496536104
900.4095397578498
-524.1991074630713
-24354.655325913576
1435.2960488666363
15253.102567168811
16992.974557247573
21031.064265309713
14702.253897953451
2804.9629722102604
17656.063468034234
-1110.2617346353027
-3210.7987599002754
4.666722791786485
