727.3205463730008
-101.02057727736168
-706.5051469487719
-197.39293858838982
227.82526260373817
1048.160767378427
-1463.990308802042
996.1883184365246
1200.757934666873
-810.0711064923131
2750.6890314965963
550.3671654259538
-300.3529042941378
-928.103930751088
-3097.244964905065
-1544.0511753671512
-2322.942252484922
1415.2700110644953
1436.1590280280952
753.4134326167665
-4285.912765123857
2693.1613915369926
-1664.541906829324
294.22502898764327
-685.6566126660354
-583.4783024312713
2261.829709422718
589.3617548587429
-1445.159243464236
1818.414956122167
-6482.80155862926
3826.835818068805
20699.45644986923
-11175.389198553776
1625.835170466735
11734.760671634658
1308.1518452581693
3341.370538886955
-1939.8358147910426
5642.527127460353
-549.4574738752063
3283.280820495571
-7809.243524690687
-14608.136937395515
831.9577979095292
-1322.2190914018863
-1706.5409097588129
-2834.0809637655298
-5759.9078317908825
-209.60496731412644
1479.075646433727
-25635.506900126165
-9977.736955816774
-4960.993333816846
9242.23659774591
-854.575954977431
-1340.4585426176218
8649.58949895626
-6905.794174366895
-952.9434355616987
-357.2076807110942
658.6407206131347
-5899.424811698241
2003.9079698915978
-13292.00310585776
702.8164505432253
-17768.310646065136
-7083.9033268122175
0.17058640318686824
17172.403961764987
11168.969600865474
3704.035887020442
18165.600510312885
1229.434602801132
6562.600051649901
10197.92566266333
-603.5221214521148
100.63160618717832
-1461.595151947149
6815.3964732324075
4309.260126089725
7291.13807632088
806.7864315505899
-701.1498361650973
-6464.253174008302
1535.458633456104
-12041.821243278551
2676.401664013859
2401.863976351921
3084.1003652631725
-510.8623199308991
1872.0134312465673
313.06963478887167
99.33097830648927
353.3049905124189
-242.2226979106018
-289.9631396779275
-144.91148696150205
466.01598937959403
-1373.5774103917167
431.92732290821493
143.38173499420301
-1067.1085960187686
2427.9451872343875
30.025167205288977
-2241.852743944616
5171.514246417082
133.9565109608572
-7737.811361331752
-3113.2065322975504
539.4556300946114
3757.5894721000236
693.1922601843914
-3708.8856046433043
999.1634324426582
2078.958413772474
6094.281725383444
301.49494452628187
-1547.7290403478391
-336.53007688740365
67.59706987363774
-345.6028196837179
215.0439877667331
315.22140268868776
-1075.7564028779557
146.25872439306005
627.5714041309704
-1013.8949663848776
-2550.694045192077
4403.542517573761
1609.3624864020173
-3664.760747879413
-5108.439722256755
6454.05419274517
-8.579474407230961
5217.817049030206
5679.80836973088
692.7190821539729
838.9161830963245
-8436.950712070076
-1317.876796564098
-5357.417447144005
9349.173682514813
2279.7515182356988
3164.0912137249384
-1359.933863277788
-5308.132126211625
-1373.3149841542556
1050.9389382901497
5127.298965989443
465.7558770002978
-2324.108102133496
2217.3900573051696
-5175.626614908919
-31168.5798494404
-2632.5778061742003
1389.144686870577
4270.68988348831
-2754.6207630155814
-12941.944689374213
5110.509155558095
-1639.8351684134657
659.1114367531837
-6073.416177263082
-4258.496578177276
11799.462938018016
-6651.2134846923445
-4641.065876128667
-912.2328585980364
4323.0288600997255
1672.5700447661768
-50.535861518673194
55362.167775293376
-3692.7528701878873
-5040.286223599341
-2917.237181624549
2895.2494570618314
-14850.798109500523
-6741.406518491501
10199.63102757215
80.3852068799325
-8910.026522384718
-13385.422304899354
643.4354814124655
-12363.84407778652
236.2851168798159
1995.223620323009
26248.81686844482
-13496.465838012098
12134.829465185388
2809.878371680556
24048.32065272726
8076.52006695041
-9600.934120283617
2130.8291934644667
333.891226215758
-565.1578007097754
264.9233717172419
-11480.114893556402
5547.434147625388
7476.59490507619
-687.3890349678935
1304.8167371628438
-2919.263993125095
-8864.674703764971
-3577.0866666572856
6617.045690540772
-16056.094976150243
4966.056809242786
-182.90516532345694
-477.0949439656926
1220.1008447953552
1.8241515161600887
-307.24271141078435
-161.56424836819477
419.36888491721277
-23.058473928679916
120.17123195752569
-57.751242576976416
-88.58268428961044
-57.631982499357164
-80.14277912673793
26.314665814007494
-50.21484487660089
108.14671226009973
116.57256334950421
113.83494841388023
653.4888839575559
492.54961917732845
100.48162377002095
-386.44349339069163
-732.8178591635135
-675.5344497378376
-185.56139031918843
54.56708279200001
-515.2174557188629
2832.190363798963
90.58965100456916
113.89771336118226
-97.08757191228533
-158.50161026199945
-2240.999723602246
6057.7241641393875
1352.9536237065781
1454.376409939298
-2991.721613006349
-1940.4684507239265
-176.32674018474913
-2293.126873810661
3335.975927695132
-5534.572390741848
9969.290574876268
-1577.0321523669425
-4347.474151816002
-12396.767124601474
22750.342301365738
28247.69515120287
2306.8736859438113
-74449.78944313929
-15357.860515009566
-1866.848256972732
211.2837235120749
-2738.715455728597
3894.1915692441908
17262.221036777195
-10535.595207716065
-7772.059448748982
732.0450071043559
9794.860788027438
31.675201332931433
98.76067801346427
38.380828791087524
103.25410847333639
-3194.1547226439197
-15889.872494479818
660.5693263492697
-92.10493345607868
-1971.7026008727075
8534.729370072562
144.5086626604873
-1297.2031854827205
-1950.5257870756052
8317.328369249115
206.07516318706456
-3382.333964462649
3402.4329634950004
6560.150129418645
-499.16884555597915
-440.40014753551264
1669.084018978657
-254.82240166323538
-9.206004517278185
76.99939011157167
-196.50337772018048
-2.1795021230530933
516.1883294393105
66.00708083641257
-92.52110847515367
94.51068120133748
-8.829839603370145
-384.2145113527033
8852.339441706841
-196.90276626403474
-2520.6798402393065
457.2202366479777
-678.9981267452986
4683.338931411503
-929.8043895023142
542.6643132404622
-13.353938900822449
846.4270792109749
50.67013553435367
-0.14247536209231101
-0.3029128326291449
5.375720447765785
-17.97822472231134
116.34984820732768
3126.0213442969825
-211.30178745263774
-0.361211992450407
-0.5755544626447263
-0.022501825948313983
-77.54530171089553
27.624762141357714
-2.6055802125641305
-0.0868711562268788
-0.2821055792431711
31899.94569196573
-15770.97592807024
429.1678036918263
222.67566533728015
-116.16771350160926
-5410.775092614629
-341.20804464231526
-663.5590261449189
2769.2417227611118
2154.04352884886
-2917.978542537368
-8605.759015236765
6682.99947853339
146.47922870752635
-9409.990211374401
19477.22867554061
-4264.679827539444
-774.4698316192301
1661.547617875626
600.0016900439724
-957.3702985367712
4909.002004336139
-1164.6261227197679
1324.08003180462
10960.885279532857
-8911.180538218672
2001.4214702190886
12569.651950743842
-30.556048695293867
983.4140096427235
-3159.5907824511905
388.71589042309773
-1190.7284081432
-2064.177628699132
-44513.63983536804
-475.15983328446225
-152.44284231554295
-0.4250377208363628
-3011.0275705207305
11055.210744888664
-5435.856656979101
12011.435039407672
-795.8503378194258
399.48939232696245
5327.046353997391
-2977.8302748449473
567.917728708463
-48805.108854521866
-16018.22244646718
373.49141962804845
852.969954892133
24091.646133749546
-4892.917801921965
-3334.1276885472207
121.00094401180068
-3669.2071997019348
18296.291736235544
5084.574049320365
-0.4226539132179942
250.44829421804275
17705.207664898175
-322.9470474717199
-0.2659492347509279
-41.316833528136435
21.196059404016147
-549.1628930655713
-78.8689969422479
-2.2401476175966533
-523.3690495021738
-784.786557333872
-1414.246129321831
22.463121555938685
-486.9024850914857
543.0751180995039
204.9385581518066
83.6962156078639
130.3861077821253
180.03008099140536
289.0208709944991
722.8406877117335
-165.66126643475118
292.1227294389397
-274.9696033371084
29.104537700996715
740.4432117695766
30796.7263930098
-467.1076015791792
162.05239967847962
-106.64027737939828
284.0398824271522
685.0198519535371
58.76042777377208
-3.5148311538952477
28.265596702229978
-2.4675783218343486
-524.478542607283
104.08497538326864
286.7798491204688
-67.1628238413993
-179.0992317257174
-153.98278944641814
-22.788489451951623
-246.79777691593156
-73.26667950942088
231.08826675533197
-347.7127947971067
41.925084877774886
-66.54407688840847
-56.97433582895558
36.27979408937015
97.56215272564904
-23.46452590192391
-47.65739023679535
-41.988741238757406
-17.873416486228162
98.09805078461507
-134.76265057001163
243.94504430894912
-9.9818658510337
23.347721889519278
-11.660168981669145
18.10692668779972
42.11379911897711
5301.256384838376
3349.995475678455
-11181.788346564455
7632.077926074699
-15756.382679990573
-173.66474043048385
2864.232618170148
-1228.0941290678697
-2252.399767918799
924.0053333116552
-327.6665841645677
-296.2717312970895
-3528.3262437049834
3736.166558271259
3389.9804571415734
-3445.712989578684
4460.684704126821
-752.2102985539645
246.24400417409404
-1102.8237164527368
3029.7302375137583
11.846483349014635
-11.137862536215147
486.1104522633395
-80.5035079174548
906.6582772673371
-668.1660342473889
-951.7407268474647
-1487.7694984954837
726.177278931124
-25.422347655348194
113.61543089466295
55.75158413383214
-119.59821503161976
-52.57974116400913
12.023276377530621
-206.7411897610295
121.8797416565721
-76.38240630644889
-22.467675287405186
684.0030235282117
-13.354904978355536
-142.1868264407649
-28.992826535729957
46.54330170856553
-454.56616533952996
10.298401458831282
52.14887972606967
-88.3181465646265
-21.397738117566377
-7.321078851484056
-39.02160775758291
48.08515285087778
81.96118031535349
83.04353399647113
147.6093858883938
-131.12266590882695
-30.773461417549527
74.65007561565493
-75.48365013259713
5437.92657705663
-18491.123269385287
37.91639692342362
-5196.139645619031
-0.3768159642065705
-973.2130798677795
5203.55390302827
-91.74369329198599
11651.304506178189
-5045.661525515693
-7084.788948628692
-1151.458329833699
13048.970166048544
-4908.278135872959
-688.4759683214472
-7.6991678063068925
-2624.303696229185
-269.1119051017506
5557.447390697234
1749.849098912208
554.7736132627356
-2750.8706780356742
-4463.4077752248595
-2581.1064307747324
4019.2779172330297
1846.9874297222054
2878.301244513503
14498.824175853864
3953.761110749871
-575.1624503449285
0.792352327427733
-0.40473670747184837
-0.4046379566859788
-0.8797424755697154
-0.398624108931284
1.3337039540216724
-1.2331976252987542
-0.47904175293715845
-0.8852634707226799
2.2144475392232588
0.8005959913762892
-0.6638585737547434
-0.34936184589080194
0.5002581972261697
-0.0981196984675782
-0.31038817294139615
-0.29445268734152436
-1.0098635053775287
1.4155052208790095
-0.3036024472173478
-0.891336353613341
-0.22726536778488396
-0.7256203767425895
-378.723590814158
-0.44997844124230724
0.0346552314871175
23.897152695984673
-0.39602273755692813
-0.2712907541927657
-16.891425637011242
204.5253457050446
-826.0084338220992
-13336.443244656424
3050.20547390177
4613.296788494041
2359.964909858241
1599.5732178054227
-1568.3333824266465
15757.72432392052
-2060.8615162827473
89.14979525559644
-284.46837010268223
-261.15106149659437
379.2710458392132
5389.503775329301
9059.605406801968
-358.4389991057267
-943.2598900819481
2304.887661498365
1738.2732694037759
884.3468878048485
-517.2180294297364
-6870.31121279496
3007.0189901304984
2883.3685324196736
2052.3771964871275
-221.05559192440762
1600.9967197235765
-3178.6964198250125
3451.7536077715768
-584.2807284422197
1913.238699455346
-5282.656612927443
-350.7499081026382
1212.775277100824
-1076.1326429639407
-2777.0989784774147
1751.7139935895875
2463.7453553946066
416.0896823684366
-1269.0052240097361
-113.33833761891965
-678.6220990884889
-7.776846658405656
1141.3226184579776
-1849.4097140659726
520.6997738672324
2889.2908522369585
338.1144443418406
711.3650758555598
3334.2252426726895
-8372.198402859312
8916.282320124574
976.9398159058939
-6191.9922255571055
-975.3316326382409
-2050.3983357374036
1737.368383386646
-470.7873960767267
-95.47861294187292
30357.105716788672
-5.538047395363647
476.38921995465
30769.385276545065
-22401.598109181876
1256.0786988587452
-259.855659796338
-2279.7984532885052
66009.35146886451
-7835.193031594158
10371.485173804902
-2305.2756756612634
1322.773158317814
282.95755418722825
5255.438117241642
-14478.522301210627
-1436.5853881131084
203.27911182766792
5819.313056140824
13473.869127959355
6060.05638628014
17809.415917951796
-0.6114184979843715
132.5651117255813
-5227.584846082515
-33.897316897992404
3098.6851354059722
93.6942133527876
237.08020701241963
-976.5053257672255
-319.14392996603567
9.99342365415807
-38.873389502401956
-2.5660544293042906
-4960.662350805526
-292.2019645729241
4437.92805358509
-1613.5467072938573
5880.682139767112
306.3242914998155
-19.109808668184154
641.2011892067809
357.5659226189387
-5407.778626905485
336.25352102772763
-262.6455893809293
123.9738884683276
-9.184606463229976
-0.6986077483135075
-179.87632874915965
-0.3107107579487144
13.559679546518476
42.53219672980767
12.160554130529817
0.0656302659253758
-215.05197092335612
890.3672022093685
0.7346177313751909
-3424.6062395667013
290.5113694440474
1236.9139064450612
684.1708173278938
-4404.667229168879
1437.8750383184388
-14321.213175699682
-3234.9318383344885
-2947.7897292130538
11731.31248986941
181.29573937644454
1565.538463800424
-73.78899654392698
-1627.7930511860147
2893.548389321397
758.4076654771994
-3254.227991009477
3912.7536081100693
2803.6835007242175
3764.45015475427
7627.752928738962
907.9079651359214
-3964.5661229469665
-1266.4988896366353
-174.6429644016116
-581.162809296795
291.50827903091283
-657.3536307538529
396.96054007196045
-878.77731030259
105.18974507160321
994.6278659204881
-737.9848604984389
-5945.902422950156
368.54066662795043
-295.09469777270976
422.0101395551043
1216.1314061008125
3071.636707935693
-2740.0974822094818
-455.66550316210134
-455.9790789685521
3420.901444059194
-500.0641057287213
-411.9843647643999
-646.717600574863
8804.419763889613
-2683.648369741774
-3612.9538339000765
994.1330350626956
-75.87299135791287
9.98785017400972
423.3856676004647
-193.40004382883606
28.441854597469515
-821.1371475541121
-4.926720815388959
1367.7773190488058
-802.9980357287558
-5.196680977654887
-650.296756718594
68.99510523686864
-976.6042717405647
-48.4535309265173
2550.233106990855
-492.1756776235676
6826.847536403595
-508.3661037394831
-3468.697878223945
822.3433735802196
203.68286850528824
311.6301807407661
-304.35244107090443
-5927.358872409017
95.26614617084202
2354.2313667943386
-2149.4788614143813
1099.7992756320027
1212.9211437721005
111.03978203395155
30.631782205125738
-570.8035777847631
1457.8247823275526
-124.46819868369155
-907.4235707110056
-3878.103828491688
10.878402918972109
-133.84561684512946
123.70741360227645
698.7251271744574
-1033.0860675220993
-1268.906081793945
-1704.804325561998
265.4239445728012
-9629.033170297225
-4670.141396888843
13937.049034899192
-10841.707706892175
-15526.757530030773
498.4023973226163
15202.565745073172
17351.001981944537
2969.3511525979015
28493.936780652275
2068.9329895060782
10582.574104718127
15401.535226908385
-6714.418784532379
-9547.994402866063
2497.0259275890267
-901.4429179144691
-7076.2042721448315
-22459.885766096544
686.5126962291577
4393.603840976788
-526.6323967378457
-5779.095295959378
-2113.85584043936
-462.2695894474129
6760.968219115134
-133.91817174578858
449.3914581348348
4027.8229702558933
-7785.777489462396
-3624.513312110513
-12527.555776598761
2387.2918008642114
-1605.8305390502019
1365.0510454035839
8943.06387224659
-1034.416849414203
3094.2444796759864
-570.048937586456
-367.86248160413
192.66799833871883
-6890.7322917768415
160.21764569681116
-6741.64660491492
-15008.984692336076
511.0771195173331
-379.9902534363578
-1102.851942973174
495.10514317908115
-0.948357309305329
244.67497207870926
-11522.005330029653
-10.4840629610862
-251.37046227086762
20.160078512577744
903.6134008119916
788.9585989970805
-140.99674094054774
151.67343395969795
-237.97662272772564
-357.46121354188404
0.1499311004098046
834.4685893444207
-124.26932358970298
260.01006277197826
122.49539219371306
-11.179269576461945
1644.0469431007666
-2167.990196505158
-546.6886168822659
6.998599742519355
2661.989647317202
704.3169177972843
57.19681561559015
38.591395722248244
336.44759765300466
-783.3203250507081
-485.21553312730794
-37.545229677658476
-90.5956644060114
208.43005787826186
68.68076273796453
527.5994670045911
702.3252165057476
-1085.0183831253678
-24.18507329861658
-13.31374876794673
-1345.516677915986
-278.94089993337906
74.71358698589304
527.6748324223142
30.467017426157096
219.93056046479074
-9945.678929559454
-226.28829901880417
318.97924424485717
150.48837207164968
163.03172412533192
-330.19962034755724
-1.6579479076206538
-0.5711801014488281
-0.4423859863322043
14.848901446056598
-2724.3248201093147
-2641.424338939013
1588.7955311947005
1535.893592874302
-0.12940258277674546
5052.392739348853
5601.171015572254
-103.62323126022848
9563.788016251732
-1134.6872287807164
-5704.359272851813
-1205.5948083713479
-419.8447745401851
-5694.201694823915
-94.91296987111677
23035.63815209066
20966.7882839468
-1085.773770780785
1294.8952096006446
11850.189300777456
310.0866415867763
11977.33905634633
2474.706606201694
104846.10858758798
331.57359541095315
1427.5341246241812
42111.27197773007
551.7200358561925
-33.73252196031078
-34715.88005845763
38990.23730285202
52.38370826820838
890.4230227560807
-697.0669854817082
4310.568384060277
63360.8738329014
1085.864026763488
-82.12244486856433
327.79585505263094
7819.295820110586
-2169.362045825464
-398.28946219495975
-748.0512179257656
142.1662222728563
3555.120036940207
31669.55339580225
16685.894695920684
727.9446260801215
-1676.4142637564273
878.16242162461
-2440.9711835109706
1747.6000586413684
-65.01879221365161
2687.8624892548646
16045.287801005208
-174.28733452912655
59.8481777916321
93.77872014639091
-773.1269826280675
441.9996902213826
43345.037852942245
738.0499815067451
4766.747150572478
72619.86021166608
-1526.330442397541
-4871.187526931702
-4674.155050225082
-3684.365091263245
-22148.095865158117
11886.389322890767
506.1086383656779
8532.801419115205
5340.822370326962
4088.1589639385306
-4901.748364186772
-1.7555827315366137
