-1893.555722217875
-316.5524322021474
-115.09898088784176
1913.8431045644052
-1374.2616329564744
13324.11736760901
6082.331613222727
-9199.29114572725
4109.195060440705
-1868.074850223243
8230.258945517624
-427.72976903870386
569.0523806039077
2021.8017297449555
-11065.258812741447
-12428.238507616808
-2694.581541110417
-27341.66147655842
6587.015323168507
-4122.793808893633
27641.261097584946
12825.968345876625
-13911.875045074219
-2.724387507037113
666.2183130784921
-4966.717695078648
25206.84956576833
-6650.2916145876925
17322.302690603752
-8466.735408344497
1634.6977475988656
473.8110637533079
-2904.083324356009
2548.1111440206632
898.8243986006617
-519.0061429051311
944.8713009656284
1668.5030543330927
934.0984798464095
-91.30352480858599
-563.1639355754656
732.6814923655543
-2080.945702138231
285.5955479427981
-16.60882030656952
-201.40503850614024
230.11144383784185
-1506.6253054503006
1027.9977030183557
235.72808467005206
-505.00559426413906
-966.7252949613148
-2663.9741413366137
-855.1674187240642
2039.511777836668
-28.853636080621463
1410.6900571212948
630.2718155307317
510.88683205392334
3446.3807210797054
0.4175154217327658
79.92110491170686
-533.8290994564198
-375.17148228329137
2506.994948243458
-14.510995123752203
-3540.1439142616846
972.1147372478837
0.07340596623007532
2174.9278951136093
1783.925768241278
805.0373132227498
-3889.043784641969
-285.90795558482205
-73.55346386831889
-464.14659747186244
1423.2040737429397
5.865942393845903
80.38273485369218
427.4897058394762
-62.59478240744528
411.16714530989253
1003.31426712249
49.05409024439766
127.66252782880211
-402.42097945255887
571.8819663532664
323.33394557511286
-979.9824534160981
-539.2792026047733
-6307.234723019194
8314.786610334046
378.78528482657003
285.2754800835245
11439.846849801475
-5796.449349501016
-588.4524930734125
-5850.419851366618
-1451.4659779334586
-10150.304451992719
350.3057522593874
1763.1076365486194
-958.5782172016097
6662.215699757302
10490.298205494566
-22181.860455222297
-1415.7047376855712
-9392.593889059208
6720.501874419915
-7543.656895855898
-31259.25227367646
15645.68234688551
13724.88279301747
-11912.031534016698
16243.510263218735
16370.53593133617
6801.809155900994
1303.2166953310675
1256.555962123395
-4184.90898619156
596.3840036882697
-342.95853974566785
9.51559123172892
-1430.1257973160634
-9965.783906010134
-2176.9534816841874
786.2403441514523
7457.025181571884
5882.369360398721
-8707.84928302988
19521.944011423406
-13961.308082165811
682.9133882371339
40358.16034595661
4561.965185845571
45245.79922125155
-26126.040859046443
-1724.879405525037
567.1388849678051
-28523.099523857214
-4754.386849761144
9864.573654001437
27318.87002327922
-286.91439514923013
-276.2952510257719
2164.5719685251747
1271.664495247026
394.3885660278216
-593.9288211273745
-2498.4508643678123
9735.19762372967
-74651.53340375953
3247.859633495653
17750.25716557725
-35009.411222103074
9380.038077736328
10414.762618139985
-19521.4785361362
24344.516331479357
30113.8019815816
-358.3446203151459
-195.53451985931207
-1922.6143392661797
162.3976095112767
10658.595167496265
-16402.398476522325
12936.345809399
-949.8944841152614
-8558.645192078042
3003.1841406823182
-972.7681435806873
-1353.3548218791743
2239.3566946624765
-32111.901098552018
5334.041477598083
-20737.38003673094
-1237.3233818419294
-10328.239398248015
-2921.4818217330576
3272.699250207481
-2789.570793459905
4152.8921991958905
-4469.197760941351
-669.3898162247776
10346.11311865617
1373.5569205785634
2621.0437193681005
-833.8710347339784
-3318.388477536631
-3397.0271674684695
-4955.571417766511
-4916.110165594751
14162.498502510123
1052.720600449205
1484.8732821631675
429.353990182795
1141.3644610082645
-4417.749059218233
8823.94336764765
839.9205411457455
7205.459731673964
-46.216089748329786
604.2392156838437
-1799.6764220450352
1298.32646034622
-861.4766439352503
-3361.1830537491273
-8442.198589433361
113.74171969012731
-1.8125705861690755
299.0393061726984
512.9856630040541
-155.33684260856887
-128.20551033430118
-66.34336679137394
269.55494512146674
-40.89188150317599
2.9427955427674792
107.94779885304422
-132.36863420688212
89.24545396385612
18.04728955571065
-23.25743176006555
29.958481252363093
-21.86627450018776
71.15182434932154
-67.75543721588824
-313.4147041094801
-435.3426689947247
101.1668099636914
36.725968805863225
522.2150673609157
-9.560630491925988
70.94868678783354
16.851038445815924
-1072.8509218646907
-1373.2102959834415
-2.965063726725879
145.67240374994248
-216.97611516516676
867.1879761952973
596.5533717230043
-4738.433394810232
-601.7845523223118
648.1130053382269
-2802.457808328381
-13249.725495028066
371.97371901507137
-3097.564781520476
6242.401496232922
-8724.115715480806
-28186.150359515683
11646.721269253878
11675.573267791582
10264.162985525121
-1100.9219198513595
-9986.652502435347
884.7339260387686
19842.922948592957
-55008.013667127256
-2279.712229788746
19445.2655040268
-2104.046155922184
-4685.5086115870245
11159.342223731148
558.3021342157032
-24699.744904891904
1286.5422118013503
2917.866134943091
1107.0615933392005
196.42711795632152
-207.97870813417967
-25.922114588708713
-9297.346107736157
-28669.66825479951
4762.593059181023
-42.979860913769635
-1632.4845255984244
-1519.971824919126
560.6747716890972
-2258.4452702624194
25831.05128119859
66496.91085674826
-286.73030720317183
-9215.146303081006
15045.63533864859
-13779.422709802324
-240.2370270969354
42.96384935119118
1866.8934536612542
467.97892984908816
-64.9286086669534
291.61571664449275
-1093.393681036832
157.965522624578
2746.587494783551
-58.55730957746015
-198.02557886553163
93.26549100335697
-40.27076094430786
-62.93360831235705
-1271.5221793267394
191.58151058145788
-593.6056556368404
291.984575804442
-63.25050524871986
-4046.958738771178
49.50666850635675
-38.040915914603495
1.8840363007227103
14.535670279001515
-2.9382246469657947
-0.09954751636392438
-0.2706312927574005
-0.1006948191310601
2.8503121012208403
22.64873432469676
435.80821482751713
38.5595278715275
-0.2809940508313654
-0.5066046560177444
-0.0216943619506574
21.443158214382045
-0.4956194097205125
3.53030946864108
-0.0758797707556429
-0.3108031745318317
-4855.949349840716
44.8315028004165
-55.6181001070886
815.5649423944614
2909.828534471801
5807.106186182384
920.2098793838117
-3282.245028656639
7065.6020835940135
42.15104351644746
-1101.1500625825936
3361.253297505345
9385.41919689074
123.15388584911905
1314.7446620325336
4180.084897063438
-12416.168063607774
-1752.6437889210508
1909.0336978240857
19.524685701338957
-1299.1914566094465
-357.37005554280796
6288.419689682591
-1815.612595162349
7569.688965712349
-4796.494233584347
-2681.651236071706
-4382.614405200702
168.0918104722611
-3255.056255886848
5579.624826064507
496.73132575134656
-155.3747858348263
-638.6464624070734
2493.278506632888
106.46100511239968
-5.19972834839343
-0.3616728306305572
5078.549846915059
-5478.801770868588
523.4711322076206
-1020.7414741552232
-11.961239165064473
-2981.5182113179853
1935.869820912009
-421.5839143262424
289.5418246482453
5180.178102321275
-1900.3968450450925
116.3779297223735
51.025220547560515
1900.635460106633
-1407.5573621315204
-481.72217704491374
-7.511049972972247
-1583.5961241429598
821.4350185431249
-1491.9979609133648
-0.33612253135871895
3.8276070557433366
511.7969242352436
313.87084816952154
-0.5150526986789837
67.74260072108216
259.45980948106336
-2.384468795543626
59.942464088379
571.8589273900245
-201.17401876475333
892.2827693436894
-45.889918750409414
3.7020023178248365
-497.17310546500323
-12.782095112676144
-424.3606986138545
519.5906108093255
-1222.200763880792
359.14506388909456
-286.39458288476095
362.77310711773856
150.14302826816916
339.56816139197593
87.62995128188037
-338.22388891300665
-353.8722383246202
944.704433407711
172.79747205675642
-5.6837727054677
-12.068774775224501
-76.94215416307979
-7.9535793710143174
56.64054155707175
0.02641387442690894
-15.936568791266506
13.877658597736744
39.00189086429066
19.167781130560588
-59.972275664327825
-72.52040832983609
-173.22448816729678
-143.15654819764245
-75.62521395059208
116.04742982856598
73.4774773504301
0.292260798332458
-6.412083442486127
-4.548863352716269
-4.742504535897634
18.764529698859718
-0.31291465022224924
48.612615081539644
-26.7316549025516
10.452570128670756
-20.04323273490612
14.032163972621337
22.264126694347166
0.2875135396509148
-12.205539179208849
-9.643898214165496
-0.5985103995801349
16.01590374400256
-4.919623589174325
-23.186655607656654
-668.3535761595792
3813.0715413730973
-1673.0779064390845
-213.1496720691646
-2996.973501261605
-179.79986356582017
-175.12525636051214
130.8602546138829
-55.709178039961444
649.4341217765747
-96.13502587915207
-15.145219981527587
1084.5389145714826
-1583.9576722385086
-205.8552309260184
-499.668783006999
-409.9902341793397
-112.23520564957066
81.42378566612605
82.34512180797847
-229.31600508790387
7.067635279559608
-27.912148136975457
51.28224886225814
-54.672548895499155
340.5907909948855
-217.4400360421356
440.81482056411477
-164.5117499448358
166.81242827778993
82.44670347968642
-616.4909769468637
-130.63107771939858
376.0757327211209
87.94692762985667
-145.38125207319297
176.6178846921571
-181.0791898987873
202.815986384295
240.02081004608715
-1725.1425359648676
271.4438656421027
229.6534087435539
318.8047523866154
166.21579627488336
1382.4148675597346
43.89500549237467
-201.36920919933132
97.84288842945173
118.1852467332506
-9.481679865592291
-60.24483960291711
293.94692204692825
-714.0803291546846
-425.8728871564695
647.707619666794
-356.66799627211736
-5.7984524655283005
-549.6458555950882
412.53366645777425
-12837.40917462571
550.9863944102729
1.8210108498697886
-182.00476998885512
-0.29168000459374804
95.13819819414194
-27.83258498477558
22.49522716308442
162.32745861087648
-1069.9538346694674
217.82120308794495
162.53637226008235
-185.49983442727904
573.7715891569677
3.1774310087628774
-2.789007737443619
-251.8338043023478
-54.38670953918514
-78.41993579669396
346.3974362268977
27.684218232587277
-19.422634383777854
-96.48239421519058
-163.73217622437193
-529.7721828698659
123.02496820839862
-118.00283929547244
1742.0805876342458
454.2017099046893
255.65239788655379
0.6655313895224311
-0.3640622578922374
-0.3843149174114305
-0.7696417268674891
-0.34728166297573426
0.9539783097680341
-1.0702812457059474
-0.6996791773622932
-0.6945231557897452
2.0367943702592455
0.7638099447399428
-0.5848545318321822
-0.3554818628954377
0.5875452710075652
-0.1825359853517115
-0.2596812263117732
-0.2486761766402102
-0.9117820847403538
1.2456329125053875
-0.2509131856705816
-0.7907645497434608
-0.1813561507265394
-0.311141281596701
22.029297348900176
-0.41963267718483455
0.031583596060158654
0.7262233099315173
-0.34896615493364724
-0.008149284683542058
-5.400570736266488
-1148.1453081531088
-11799.598025467205
18103.860388017813
14689.43385346509
-16129.146829951149
-10659.4184423264
-6870.299145840779
-5339.869644459198
-28919.299995071753
25604.77128243383
-1389.9518542657277
-167.81428047451055
168.92513528392192
-679.1624980442134
7409.7309880889825
535.0732938798085
49217.24070160629
-6553.692951636012
-6125.732545483084
-4221.848724348627
1859.763378829252
1472.5555386863248
2117.8834624918813
-1085.0512449279959
10291.34356158608
-4503.184390727575
-4930.582967013033
1873.7067657706389
-4143.208844013496
15003.826913046561
-2660.811021436157
2517.3731764916406
-9975.720063222263
-4337.634812398066
5708.947780344986
1359.2510475007246
-7652.954559349907
3049.2639417016235
-2335.7743092426736
-414.173617801577
-6411.880155877045
3364.8634878243233
-919.364381481396
-290.5722473972517
7156.041773040841
12297.03158433334
1544.8945744367536
1138.4655976088698
-471.40174882814256
529.1274632118989
-3459.202990082333
1221.7445483624963
-3826.587233307743
9259.847778075822
-14516.991639858774
1237.84857139652
-5051.560045933868
67.28603058341803
-2258.2419972036273
-156.15275162913517
1050.136184339933
-0.15494976726625678
-51.531521403124984
-3016.1673003422493
-989.9914338110844
-335.8315845404496
249.01711420455143
53.758995357324416
-4252.964635434388
933.3484866827525
-598.8227207657089
-847.3364644716243
-572.6213236616912
36.14426860381903
134.15385801778936
1201.7719883808645
183.26355821542703
-0.49836726827079714
-569.4290678759672
297.0142777688756
-634.3209841003069
-492.07834469213714
-0.5172600329557718
-5.380781111342792
-1230.3246761064356
126.11485663159036
1268.600367249508
360.54911535766354
65.05703951514108
1117.0743827417577
103.19801017753781
0.10258081418625214
5.03657540765083
0.6922467205625706
116.29538651765355
24.477385491783735
-21.3861315729989
-419.86876151851413
-393.33320107855775
-331.97353512412695
1.3050061879350474
62.13701505782574
-69.25870431468812
708.3026844618763
8.868877857067575
-31.127106880856044
6.307530250448478
13.605404151683054
-0.6090828343714368
-112.13967247493305
-0.22385721801651876
-2.32561071119071
86.82761386947581
15.654802867868032
-0.5710091386605823
-21.11334518384058
8.077790805015542
0.6482243957656276
-237.03918002628734
25.506287060456273
-1780.3806879105912
-817.861428519049
-1359.6847289923485
2056.817542805986
-1898.2752408190568
5465.909857612435
-2320.658281911836
4937.1468488970095
3335.3492716392007
10008.27394400596
-2339.9764578206336
5951.937904637913
-2903.7173171676914
-613.2868672622525
-2434.1648222278477
-1118.7251566594546
-423.4973095885665
5657.387620186327
-3014.9570654422682
909.9729413241416
-2509.869194108017
7702.867090041407
-171.4259446441015
-528.1421252010683
162.6078900052138
-452.44497207680126
-39.99387736776417
634.0590155080974
97.87585488396432
590.8741034866204
2443.18091583498
8230.138886708726
-626.685958384323
461.92189159462595
-180.59587913569413
-474.9611053912009
484.2620467401643
2985.0701880541837
-47.76804196374459
3433.83921138098
2718.8758061749268
-1847.534233880354
140.9876106051265
-2701.6859716819117
-13804.907975810627
2783.4400685047976
2145.6851711065165
-197.20920392983535
-64.42751785487455
38.17687989744443
-209.15179111367172
-147.40850134412912
39.287888425059236
-118.00697834082203
256.8179711012322
294.8384667576025
129.79435891667458
101.6758135412352
-1849.6847166031037
-528.0457277229218
10990.928314553776
1896.6568943271993
4168.005132089353
1349.059923697951
16247.295913845845
739.59706667385
21705.228945554718
-2389.167647185218
-46.47080818132497
-292.2444785723034
-3175.1375168225964
49638.738431661804
8879.048294486865
-2615.2404074419856
-2847.3363701816843
-22.779481784304224
-8249.316971373251
1204.785337309756
-107.99204182097449
7586.786603720551
-4621.934418259814
-1977.1132515354388
11162.48791281878
35232.661148537794
822.6911948318979
374.37857795817166
391.3131556130799
370.7741776861834
319.1848767612346
512.1446438348919
63255.8858956492
-2757.785532740581
-4946.830817533266
-5199.596740013872
6203.803526552795
-27460.679781229952
23887.013440798168
20031.76266947039
3391.278494261075
46576.995827088795
5081.873598912694
-51485.4380696389
-13962.992733623745
8756.580673736711
-1852.767938079858
9155.371040259366
46503.2737453216
2822.9289812694747
15577.678133704143
65519.53974339744
5997.162208033125
60.625333155317634
1875.2484662573586
436.1505181988198
10356.756470609078
6265.594779942452
-127.27669354545745
2850.2629094072954
-22961.31801219454
-6715.480077576487
4070.565659574222
-1049.1267928824007
1186.4843042293019
-1894.076883573543
349.31228239605133
141.23136864568355
503.34580265811616
-479.70751208585546
477.6574625736356
607.8887361908336
-572.9675636433883
11.204333231485931
-459.013882359089
-233.24567209939136
-190.74466608588023
534.4235351028392
-2199.4955316242526
-57.40875716448048
162.17508106672244
115.68891770752593
-57.131066431087056
-0.5476564278724871
-13.326746782762818
692.564806772417
-399.44434872730346
-427.7235941829756
-31.86223077101945
58.50880307876609
323.28180344426585
-15.7795379444101
337.7116764831221
-168.14137452264347
-192.64822487834826
4.039147870386096
-162.99033299140405
-103.89850376522843
-90.98870727874558
2.16921060314652
13.908463304874113
-370.4667057053702
495.11129351171604
-33.820732981975446
-5.293538606711046
-907.4719957466048
-69.50420006988328
130.21086222294005
-13.604898742949693
95.80634543087639
-50.68898738276154
43.83407471828654
0.21040209256266784
158.25001771336358
-17.748094017558966
-4.2745551058971145
-143.4851858958427
-114.69827516761981
165.21516869250257
9.283532770154254
54.17174752906212
1182.9253623397512
54.34469860109107
0.4087812917032526
292.9237108340527
1.3905064093236508
48.56003832362108
-3252.9769396417046
-29.04504428854395
-69.06525350743807
17.387732887468992
-21.22376569635704
-38.52257608448555
-0.6009476976857007
-0.5070657000610808
-0.39059595604251857
-1.8465799806950751
3015.9990226226273
623.3173452491246
-293.2339607096917
-210.746338886696
-0.11714759923527168
-673.9517760693234
1088.5186149034753
-14.866124577642298
183.44211241245682
-30.58771830279232
-920.7287412418731
-106.88389629106813
-10.044294870839884
2570.6538184251067
8.897588617025358
-387.34002617299774
2391.760343141776
-96.36930025537131
-215.8578097659612
1135.706529346243
34.79601924396354
2174.3320546581285
87.08692196047674
1282.0822860881326
204.38238322299756
167.88561338955157
-655.4863755924567
-5.66118038623348
196.82287204046773
-2299.4192904143633
-1190.692507842493
7.340848860441156
-496.4120852260226
133.9439576244688
-18.41197091410273
2729.4398747247083
146.81635914470604
-2.1553871242167126
27.50777385107608
-775.616436026842
-48.5317561155714
-9.874921887438065
30.778891911475547
-148.52203676480613
-160.67916980493487
-9237.554862176987
3499.4978226007956
484.646251340107
953.9614401941474
-358.0182010317839
-121.53864769352415
72.0022396584181
-6.678751017670014
-149.05330309623278
-462.1506144255709
-8.395219084135267
-40.402949982965154
36.77024851762527
291.501338739852
-72.69422648523815
1738.2832105608036
-129.65348904808096
401.7096459442787
-5476.285524000514
-264.59213489436866
-5210.949481508044
-879.14866807606
1076.225631931953
432.5857334909072
4134.126096786984
1938.0715203452123
535.0598519336685
177.19223071046454
780.116183701059
-1872.4266503499905
-1.6663924218155626
