-1361.6160081550984
129.4799409851647
1550.7982583674036
-4123.608782633079
-148.85472700639426
-1825.8636271036132
-3805.087709877961
403.71466019914254
-523.5699701679841
4219.310978635684
243.0585460951808
559.4277752928423
64.47996997607702
-416.37223826072966
4355.951539619908
4083.1688856954675
1894.9803542421241
1995.0102776804981
-3240.6533673781714
761.6816465839798
-5741.025455825501
-377.59716403048577
4211.87895113201
-994.9781939221693
-1999.5452011963598
3133.130835857917
483.55011496975806
504.7240190319407
1742.489712814339
-2680.3747954829705
3261.9021560831416
9632.654758507779
-7569.845774133773
22340.863371738495
-1486.2989619868258
-9313.11908473309
-1403.5408115101272
12084.8376050347
4686.418784421385
-2427.342215808986
-961.4719238233247
18987.32465859274
13905.968090843582
33646.55594829697
789.5893246178425
385.30492418423825
6075.306164213094
636.7249084304774
6771.947662241552
-160.56656650182052
-12874.226919038852
826.1476607171836
-3027.2224720850777
-15670.326731979774
-5330.990078615973
2417.1022271394886
25489.071342712945
11380.832262114704
15999.322090199805
18359.10278827821
266.9815483537456
431.2584589909019
-893.0822835010729
2479.165011603702
-1554.2389441529515
503.4900109392423
2590.324938731186
-7661.4579631539755
-0.07405749563927162
-2067.964525303325
-3170.749519896504
-117.90709676014148
33653.49842304868
-2888.59455999173
880.2291868084529
3946.098963137898
-1214.9744992526844
-20.007838831645433
1705.3163177422796
-375.00087876600793
1663.915771267793
4238.291780882449
-4535.452478943582
1547.2099609711406
-2000.4506643083762
1243.52431730626
-2598.2307535776945
-41.25830590626883
12876.50527494461
692.9322784545539
1910.7167517825987
667.2869708826181
695.4787266366707
-730.5050603745602
745.8859651170152
285.68078156734305
545.7981416101743
-171.7582462078058
128.4001384118794
314.47003486676965
588.2168514916552
-1006.042302884327
-2048.688570992082
2705.5454636752443
-555.8539762554731
-3683.6875567426932
-1575.4280058373834
-1948.6344497572893
-4722.444291297651
3.5143501798114958
2148.292446630318
-4829.083351019325
2908.2231006916254
-46.4212211094571
-2540.4435360542125
-1639.7762755909405
7376.401444016331
-530.2145889066823
-678.0285627582202
-135.20396056093955
483.3778272022671
-750.879442587228
329.1774319046286
-919.1055999661818
-431.84260418550065
2049.229981867874
260.0243381167232
-1959.0440085300443
3617.5303138336217
-4922.109193997011
-3779.749443551389
197.39663441214384
13.122014921656929
2640.775517929424
-1895.5645411298242
-1630.8772600056536
7312.031136856525
1306.1118722775354
-4330.454338812854
-1665.8965179870086
2834.4495065234414
-4217.417718810765
2241.8992465682254
539.9225133494309
116.49387512377298
-809.1169191528232
-1207.5963855767939
-123.0038106546846
100.6749351627974
1915.1523461003037
-3222.457796263501
-1015.0618878158173
-6250.264807992818
-1184.189212425851
1846.2717937751102
2566.7719503644757
-1969.1959705669424
3624.6938413071844
44.07124953374815
7792.2336276102105
-4173.4128849889385
-930.104651196284
1711.1937195423536
2383.9850148788487
-2845.407787576816
1269.9228689272165
32.214273745899355
-2154.8600210727172
-1862.8464728225742
1295.8501942076764
55.80130814849263
183.38442828065195
11588.055254706438
-16427.697783018397
-748.5542410609725
-4081.684349843132
-940.8932174843825
-2161.134989573694
-6728.577306593434
-1562.0065627129777
7657.403867011509
1772.6818048950952
-8642.011681483948
-984.4187308038582
11634.619245522232
2763.1120670894784
3055.304967916807
7502.37429045746
10751.588079312036
-23574.629736741266
5996.693291800085
26547.544365564063
2748.4703307898503
11124.170263791852
-11769.023831100534
320.36146211791015
1480.8874234969178
-1149.8398270502205
2986.684141963926
6757.287408876539
4700.765252605885
-841.6261925369547
84.54014256784099
3104.980865820055
-2443.8756747905054
1483.7739435501906
-287.45419840219574
-14421.50304529799
1251.9980384201306
-50.719569748664874
32.64460670575995
-273.96600982974127
-2.8763033624383434
1057.5550506179964
-108.51399347586106
515.977266475777
-586.0973121244092
151.51392061567685
-424.40743667919475
-239.02987486329897
-206.62863781737497
-49.12232979386495
-34.515639962765455
-40.03119788431619
-54.89666006315816
405.3849778496112
9.983451031299243
422.9611894558938
169.52866713943
496.3905449595465
-270.37686071271384
-218.24864913046966
-382.09988550167145
397.6331396656735
129.9288205303783
856.6488810602327
-934.5720611209716
-1.235583758276228
50.579236540428546
-388.231873840263
-786.5346310899573
-2254.038668554949
-5026.962776620021
2208.9499666149513
885.4142693117399
3380.735002298289
-5740.636307920727
-398.12829040101195
-2106.0269628389515
3814.0222559912704
-3696.846778258489
-1549.918389736759
1967.5246699845409
464.44593265846567
9436.201869211458
3125.7950397462164
3471.0656727224055
1586.4859287978145
-30807.020067223057
-4867.936132408258
-3397.6175333689794
8556.416930140285
892.9655560839468
3063.790551753085
7055.3010469473975
-1788.661228660107
-1514.2889612621234
-4759.485451720589
71.78218810221186
1850.5747894452638
73.18579061265808
54.23324195353879
-166.6790712067605
962.0428850833473
-16340.281702389682
484.63964557811454
41.17803910642277
1991.8126619489778
816.4977388750065
32.65102173173833
1062.3253316012572
20343.300357812666
12425.754905184589
-134.1014645044606
907.7189594999718
230.8178433977799
-17629.54926200013
332.10236535541827
319.00430404773437
-2119.3220393961906
-111.27093177996507
78.68387615116198
-63.88433241286129
46.56647713748737
-104.99207973140797
-335.07198289055214
109.47763064420286
-46.74019443776485
68.31511663869532
21.08698989921647
-410.01537524509416
13843.50098736711
267.5123669316727
1510.2882651754019
-1300.9840155553445
488.24330236419075
-932.6829896822169
-259.01082672176517
558.8179018900847
215.36629626135044
-448.2432193108879
-54.42990684033517
0.13286624480657738
0.31146549971883125
-2.0460252718339644
17.69088659956258
-241.0596349777479
-5158.262240294208
-123.01699232314245
0.2871376440743313
0.5776633143390016
0.022382266683600258
265.6189694242297
0.30345057139530707
-44.253113090957704
0.08818010064446048
0.41243333618684
12237.561632320549
-15575.405499084849
777.0204299657147
245.40714329938564
-233.1252577357471
3652.6194818215836
-46.615867764637926
569.2579376966273
-910.9776630992855
-2063.002537472447
409.74085035661193
-1429.2570735775707
493.30367543531963
-52.60205220482662
-4280.915457897203
-8849.338980786451
-4848.560199893013
-1720.8785068295795
-3209.0311801469784
443.8773146752432
112.19976983426349
-5864.042522274653
3200.595080509851
-501.9020534859208
-4590.492045150324
2636.950144906264
427.76508403945996
7181.399620788671
-48.53295193619717
3002.427421072162
868.2151244216931
784.0181799126383
584.0117410185993
-315.23996304992323
-16182.44639458764
-1866.6355973800817
-9.760194869148535
0.40774528668787824
-18685.164833165873
-8372.30572092292
-5049.400290376256
7764.847501045113
1046.2059069262452
-2252.993538049256
-83.03451475647866
-2932.9515992657584
680.0217769778396
-33907.02610509876
5328.61874769817
25.26032738829466
318.6200689469545
6965.5676471118395
1185.0451171817328
-6810.256077617589
219.54692987585773
-3456.5923365794943
-2274.899786877036
1489.3672720294235
0.3586490495343394
339.1791947795745
13055.34017830968
-1380.3084239444997
0.7406019352642438
119.12370199609789
-367.17817906649645
-2366.4743746929057
2.422843671981291
722.384084383758
-328.1023880038985
700.1201460630732
710.6323577645585
-66.17351360637251
311.91959274838524
-212.4318932244271
4089.1494140976733
-3636.0868108440322
1597.5874204376298
-693.3801494089596
-185.3552824397528
206.08625001055057
-396.00448432655725
-138.5312215771456
1052.6905058863126
223.04106727491913
-862.7212817989331
25079.29012681963
424.9975825794409
130.16560720541108
147.61010925813986
407.5657143386632
550.6810830087459
28.487983266495903
-21.181530178147316
-24.90881064599719
2.0623413072823915
101.30391893075925
-9.312807309322286
104.91581990038088
-135.87377748566743
166.71092285062565
-93.78846275622608
-4.406441135217554
-182.92415577629725
287.96495641370774
-68.4503754599598
-11.64384420570368
-0.5220248970283994
21.640321161435114
-16.930335727263728
30.971025795484564
-365.83566144071773
-21.93447018693755
-23.668219088317038
-40.0600131212637
-2.9906394943735752
22.553985804116177
196.3982109150185
-18.637948270433913
-12.382680886745984
11.473556944487191
8.061749980184324
7.788912504518565
-7.3531771276141935
16555.30310021224
10405.260832305219
2921.3837465638753
1314.4425373238555
12035.101204430403
1012.988328108869
-388.02863778199315
-955.4999082375978
1535.8215874368148
4907.589329350711
-380.05297067268555
-233.75552133427874
-4961.862616996871
18217.13846950765
1240.299878106027
-3694.5213137865417
10953.954337123581
1614.8601427259234
-68.6761005444443
-1601.5769372124055
-4604.2181160330765
-31.0450971509879
79.62660847008195
-578.3657817570836
-671.6097634884087
-426.16932401470063
-107.96306225229584
-1943.1983343847307
705.2751014070999
-1692.9396420577123
-15.62037556751467
118.28660646996971
33.70989562203037
-91.65440504794148
-77.26238083227294
57.04078229354877
85.0523911738764
10.296006690121642
83.06405214164052
-28.233718768857745
-238.19641328162672
17.12301458372167
-42.42406188719225
-47.5998848832872
94.49994870131552
370.1963934509244
7.106312253308389
-52.32573365195981
4.328790967364808
36.284803395539065
12.782617587423909
-112.27881467594385
-50.37335960148984
-193.47997081775824
32.319554205086305
321.03583708772186
-259.02432868821455
-58.63905744879677
-63.32733169184541
43.13396530398444
3058.016529653291
-33121.50916558749
25.46488158812177
7598.6509672298425
0.14222466152413682
-2074.7699185410156
1693.8741211676995
-109.0547319788134
15180.897642200445
-5158.35114664549
-5826.334815498727
3414.4889131389955
11455.519824731102
-9997.973593761264
-1359.2288480679242
-22.13970079579405
-236.15020179767112
819.9214344082864
8386.059382673655
596.288515780372
171.45888434024042
219.06568537813186
-3152.023472999226
-2248.474068973452
660.9424183945697
140.07264646084718
581.8730633746978
-1332.9550499520128
-5829.943508459755
1749.1557046928983
-0.7202675146402291
0.39616797223502415
0.45842240460003775
0.7573053255055783
0.41062893032243264
-1.6058431981827115
1.3748632339930646
-1.0755322941015752
0.7627949213018872
-2.188283377695991
0.718856916990057
0.6581693352482589
0.6836290337602485
-0.5228001382087741
0.08184950937700138
0.3720979103034394
0.3108608862538188
0.9842117379583633
-1.3933722927022527
0.28279852846890896
0.8044672781576159
0.18496146567287672
-0.704554270681814
11.454721511455027
0.42703367783383117
-0.03265050666681768
4.524624299935664
0.3884145943729258
3.250861139074167
60.681940352510985
2220.4689727568452
1921.6506034968138
-1617.364941288131
2120.469243895404
5779.076237627526
-719.9088596498453
-2831.8113437097663
-2219.9923047184875
-1925.239680285382
-3374.4776810251064
-364.5451255429356
127.19730376465537
-108.47576479584977
-184.64888295233666
843.2076144402538
3738.428252851447
2653.388084027054
-1575.932413150334
2144.7760854319245
-136.02750155006484
-1499.1438852388308
1401.7968330836493
-2933.4631099821754
2825.465485576975
878.3400240829334
-1109.7654577675085
-681.4177444477584
287.62817171873485
-424.6392467124171
-853.7331687272043
349.84318235960984
-187.04012324473035
2350.9662733681753
1292.815978834644
-35.22864110670486
77.97548633027534
2523.753617671957
-308.8543738815123
-645.9583958863357
289.77151052774593
1484.348098123519
53.02089854586574
262.18189098100953
-27.517885513841797
-799.6440402230318
-2228.8785092793282
-77.25912071695912
-637.9556062265956
-80.52517609409088
-321.72333750469886
-940.9490734033278
4777.620871198844
-5496.580964181354
-2597.5196619098792
1308.771643560805
1902.451164056148
306.5522329294497
-351.9059059277205
-538.5256714554785
-3.8420811295212207
-2454.8813477534495
-1.9821789907624716
568.5607900358464
12328.417323722111
11692.927997164954
1303.3750607315924
-672.3204094472567
605.6783076674084
36065.912870959975
-6254.669085019926
40063.07546454908
6110.60290701021
10254.65375594929
-412.99883542905576
-3906.559097329497
-13567.38944006036
1941.7667256875086
69.02120155660732
2673.2450840184288
2260.490904227882
2259.0313383870375
19236.302143502908
0.5338665641966038
70.04833597754534
1848.896759733089
-63.71601441673831
-685.3451596593578
111.33374974698789
-129.6698872552597
3746.298715804157
-1006.4686228681454
-61.52826720505065
80.03882429287978
5.112577827580774
1340.058357477314
-642.4779946612821
-2185.7404708636523
-181.06475297008737
-1869.6542178617187
2368.663442114759
51.450620949034914
437.59394100841814
-99.47617275282381
1464.0438112185761
43.466570697218096
-139.07199674898973
-12.90221185908017
21.607910501226065
0.5669773755818845
-135.78910514604237
0.31455129880193333
-3.4287959512766206
285.7702837553675
26.93978702971233
0.2870974896927708
-69.44803532555957
65.70579226118686
-0.6483926478061544
-1218.1816380314447
-36.070071117813846
3505.6095085157517
37.91631292439243
2687.8774766919823
-737.3852503479106
-9579.000880716561
1471.9134245998025
2137.3732061054757
-3213.1261364191437
-6051.0235775715855
803.4210460589553
44.44579343950959
-5545.56568885341
-4486.20151777664
1463.8918502898396
8634.501494713802
-2844.758458595178
906.4568562272385
-248.91638549708696
17414.178689734214
-411.47594572376636
10244.676644248304
-15691.062669770452
-93.85072764308859
-474.65269360511564
270.36347151637494
-135.3708383411129
99.32886617443198
-59.43719670340515
-179.7750966183453
35.0960754377895
-718.0032217786435
-1072.882845844096
3040.6200258256863
524.1804218426676
-689.516996974271
1034.3782045504995
5286.562496093186
3342.425444871952
-154.93142621987016
4722.887232331358
1008.3888812628694
-473.98212252936116
-1946.6108055161512
-4790.389915021319
-6797.713702754528
3076.277502582427
-292.70337787638425
-1542.0271777095952
-251.752355631787
22.29115884661454
-183.9571403930407
-141.41519913554018
60.14599006919268
-170.41036435741253
212.96835387926018
-3417.879627006619
958.4562948557171
457.302466389918
96.90942560648855
930.9276380462768
184.89808787243808
-408.6034665389003
740.6193384909899
-1050.530676073073
-1608.2603971381236
-42.40649404900389
2140.3203701105
628.7453103768358
-85.12318397264464
605.6686371746009
316.9189660519716
-108.50492928540203
-921.7628279006519
603.5534946800236
-1248.1636593305557
508.5551150022885
107.47109557068764
988.1798314739306
-129.42337756949405
5053.021376307521
-2806.7641768192775
3.502869695420812
177.53175142117192
863.8140794858982
-240.6685815699684
175.09129268890302
-154.31043594602667
-1172.2107021061843
2581.5156899466315
240.7575265038614
-642.9092772932275
-2017.8742899243791
-8116.065458222734
2230.497713322555
3582.5776955884803
-15543.251318408811
-1890.8747210748447
14508.025285718304
-8877.340085236036
-5310.349506337009
-6810.956324516683
-6121.312962624857
-16642.03423190369
27084.80314246168
18452.83270534073
-16233.676180917722
4410.416195385646
4847.463300142306
1406.2162164328104
4675.1465323130205
-11459.929029160527
77.63980017573122
6262.360827400745
878.0586321879
-11023.580344370133
11928.150154950747
-1859.5972499891238
7105.3458398059065
8070.125956181461
-7218.708191985186
310.8266024028877
-3872.39020977248
-5147.173669341777
-2077.666076404817
1752.764456094313
-1941.361744031389
1578.885510475603
3230.5154335733773
-798.0093428516843
-1933.5420833574087
4071.2251827091
-431.7426856584419
-390.6328161428973
-5493.703600434954
1038.4478885284436
1166.9774333609116
-13497.028547976966
963.0753943133292
-1828.2959505907656
-115.85791194230926
634.0355214261235
0.45583420676107755
119.56744632497116
-6089.69732291347
-1561.5140582902425
1472.392675670428
-14.927098341235935
750.3373934224326
-1123.1796726491643
-36.23218017777364
-102.57100973210383
195.17568445262674
-19.062011693132852
-0.16647657334770202
20.059505350098416
102.17027718039277
55.76446155765045
55.06768705074365
-47.35133559955037
1379.4472916111563
-951.1536397001485
121.11108077938299
10.168539627089595
1410.2046988545724
76.50008848764647
-105.46660841182421
-2.05223074397865
85.043799750601
-214.58384001827258
108.77128773085951
9.444622627691146
-233.68144442438424
-35.11589407716621
66.51005407646483
-88.3709429084468
117.8926501920154
231.07016515984634
-30.892623444301513
106.7026384480894
-2174.227626345965
-518.507851743614
-265.49958881474083
-556.5416138254982
4.835361924300321
150.497919810269
-2272.8895921013686
103.49649526372916
-110.01489728587482
-106.08750064361004
-105.88565574898907
210.7662212824771
1.8182849052374896
0.5791212576678384
0.44004119796030816
467.87473651876707
-3997.159400972322
393.46149984908874
323.2659384906602
-128.2752779482073
0.1460176129427632
88.12466898467032
3082.0110371990572
-99.4917580923897
-2136.428896133385
279.7554708970108
2118.518804660642
490.7996280197496
-515.105858070387
2682.0421777396696
158.81103674751813
4766.183824213282
-6952.696105550698
435.1077150741443
2308.4002345555823
-148.63838160367277
-355.4152845675516
-1900.0010416645098
2022.9872586741794
-19009.904673126173
683.5135863390201
-75.03994701097673
-5238.4835434552715
-150.1015843909963
-732.5408789046998
21452.65731831589
15763.3438478962
97.80867625318618
774.8934014747517
634.16524373742
1969.2430794794484
-30784.892337857873
-33.81744800262197
-276.9313483649387
22.920270519064978
-5695.202332237291
613.6927452028604
8.105704413078982
83.12066600695456
113.45365882809972
-1199.1036405165748
-1665.2005829518591
279.4385799312955
894.6004895230524
382.6307987636565
-806.3861503739436
-550.275748657614
1014.7987067695149
-230.12119158555868
-150.49391297323842
6539.018242207509
398.65664925685996
-25.191398717389927
-52.172067308808074
149.67683965161558
-535.4934157522563
5618.546976604517
593.4805286060766
-272.54384668133036
11468.027858777768
-342.9178505893811
5946.204447026918
-3278.716092391552
1000.9832276912571
-9378.347715585382
-5214.275443956703
1102.9888855341546
3943.7429114316956
-6840.783344408327
816.9953042928413
381.74972351996166
-0.24198753262521563
