-626.2134203111414
48.133888195586614
330.8278827977014
415.32454640033063
-346.5027359332327
1287.6160182338742
-2208.993463257636
1420.2103601682145
439.87932745449245
1561.8966380960153
-981.6060371945717
8.628779660117058
-50.69557590154226
-572.9284308421916
2482.271141419216
-1657.9196353263349
740.0652113533991
1446.788107457948
819.4472995059343
1187.711029036983
-1220.1957938057867
1961.0267721569035
-3952.0260765250864
642.8774611292687
-185.48392379971483
1323.5071442882704
1225.4242019145468
-3588.10591717215
-627.8723189080408
-218.256758439358
-3482.687950291468
-365.3517605247799
-11302.235981251948
6387.0661216028675
3022.236196867456
-10196.691367058289
1231.963848891599
5602.934049928032
3526.3367012208946
-4045.1438549685336
-2744.5163376480104
-1877.2273872839949
238.75477331040477
12953.098439394087
511.5222847957096
827.1554307757244
1092.3869356611085
1715.1967830060669
3659.5507615743086
-141.01448148249705
-2518.73671523037
8331.314109040493
-3334.0926169688355
-3596.7733797807646
1093.1477905592546
-466.1652365782658
802.0384031162455
-1863.3477294910033
1977.1321891131292
939.6526525797402
-271.5692274979219
922.9836841910162
-1130.4139689742672
-3599.794734914306
11508.28420350752
230.27205202501426
7746.668083635491
698.4898023024189
0.245927847903035
-4926.964036031861
6889.571790957296
-1828.5705241367484
4610.884836678115
1907.3322221846843
-7725.851234822407
-2328.1266940447413
16148.118276151872
115.54887093413699
-842.2392236601041
-2237.8849960250154
-577.8581284959175
6644.991357579649
-3905.409774907683
693.1379492989495
16257.34114985201
-2389.220962762856
4613.877821338536
-4585.564823720625
-2028.2718359201313
1148.9390273291428
445.13393563533185
384.41754602926136
24.702498323253856
155.86778470840684
231.49814083113804
-199.36457495630214
124.24133996411848
332.5907435208411
521.6445758630432
-355.76061081403185
-23.307751348959044
-370.86609023826867
458.4743664599587
-2498.059292344131
184.50603936204078
1037.0341319324239
-2193.0439676480887
609.5207642948977
808.1597967327589
-131.99237755717698
1324.572103787302
-3148.8742510302886
1628.3648061309486
786.8845693090927
-1803.698811360707
421.87860064730586
1552.4297647457654
-299.9047975762991
19.64370831093134
-219.14571726918473
113.35879916412935
197.63553804812688
-131.94775094809475
-413.55694446220764
-1675.111380927594
742.3948266783522
-908.9413087442379
274.4647104949808
2184.101433310627
1502.3611209182832
-68.87878805304823
-402.73702022086974
1523.2248971666252
-3343.9272850139255
1393.912850753509
2098.663637809546
-3478.5334317554316
250.61682092297178
-331.5721088350888
-1520.6438269687253
392.35157557820304
1268.93557505571
566.1810976336559
-1955.2540724914932
-1466.2418098053843
1230.0472508878477
2495.773414819915
999.70810607939
-812.4845706110245
-4388.645514928673
6456.719376094044
1915.7315070422203
-5263.1648975922735
1251.6830602901216
-4319.984053235012
1020.1004814644009
1556.4889342700476
-13483.162158077508
20100.00270985758
-5773.260062361017
1278.85744331692
-261.26779840406795
-1258.4907239067957
-2464.233179838379
13776.157888820293
-5161.710622602237
4264.116221358629
-4384.562947997251
-1297.170893444458
1780.0284363946869
-1091.197714374026
1002.3990844016664
3984.343592614315
5730.106945569244
2626.0828991422745
-11027.088121547162
-1848.0550236418012
-7199.670557729841
537.0115217471132
17348.474067255487
34740.96428119736
-1484.175201323967
-23388.9722785902
-355.7085437415793
3354.7767778873754
-10837.402356712097
5214.673918627484
6682.8800857841425
-13151.163027779634
26017.458945783434
-4712.503030018631
-12287.2549548208
20307.505825199758
-13963.941846289932
8594.849509106974
-345.4128644366276
1148.6047851968226
2111.7026356107394
27451.04660562256
220.16663821966486
-13015.931932822894
1705.6136218277707
-4233.947781927735
-4159.945101143483
-1332.478402711012
-1131.5205960524443
-7571.047407971206
-7189.962709462682
-105.65221475717112
239.36411234890207
72.15859595608953
-1683.0086501418568
-194.75721450127438
-395.56056134211855
1.481713616874895
-66.28687270280564
57.86369488012394
-311.42428267792855
300.55673094217394
307.8849173245478
153.54949294076175
62.11021162357547
3.0852039628365096
24.380725492782318
-14.48485229458297
-106.39035912218458
-121.30636567173627
-790.6396237613238
-286.1633223503667
-250.5089709651646
458.1864755163929
580.2765175587381
623.4945288477577
-82.33811973941181
112.40272977300489
2764.0303305177204
-1084.035953325895
9.705364405824275
-86.27749423567477
-23.354919385044553
-227.41811227994907
1007.0470706477798
1176.275559138606
-484.84500018701254
-50.80315642310037
-767.8245032951419
-1336.8330272141018
276.6344829164848
284.57054080565416
-451.7780658241951
-79.2240439466859
-4726.39690040732
1297.37004963378
2250.6192447909684
3498.500635284558
1903.6712564179222
-1072.094754817056
-31.46944026791877
-73.47767896784545
6726.500969059333
2251.6261366634308
-6633.03672073504
3372.784874236929
-4668.012531046833
-344.8562954674397
-1312.6798209718397
4154.399990086305
-4712.652918238112
840.5651430505409
2289.0739251338823
11.57200982746838
-36.99566382690426
-26.041217462246365
-145.21010984334237
3242.021717455983
-649.8731873901775
74.32563714967822
302.8433424816246
-1050.275161843986
119.02287508826022
-119.91479044211411
-559.7663727985598
-7562.473251504116
-181.80081986887922
1206.1892514548501
-699.0394088296144
-360.2660124845274
-123.55783392561916
-174.42464115339644
-56.24356853251712
156.50529348469982
-33.35527562457719
30.000767731580126
17.359708925152948
-24.200457137971984
-58.14357276121517
-26.74352562606704
-3.465601754161477
125.65782045650515
-3.882528266836556
-381.654785499341
-18288.465812938648
-406.3726639297533
7356.260228637986
-436.6295985850643
215.1958029182547
10662.18335216503
38.17311954488737
124.51558979203112
-332.86040214299095
281.95758833572233
24.5451708537192
-0.3131418648035043
-0.692396657820192
-2.131117340388941
4.606141878725392
-139.99201721890094
4939.192822550683
28.279208235209794
-0.7754403167931248
-1.4201233522430095
-0.05848596285985942
702.2687713584568
-22.73501443233089
-15.405710677065658
-0.21377494864152213
-0.9048655507341393
-11741.553000630416
13206.055451599423
-206.44940551302804
180.1582602093646
-950.0983701814749
1418.4147041442664
-17.099808974507273
897.8870804735817
-1023.2053287386996
-4311.618377519297
-3244.2168196176267
-239.1294631027419
-3404.5201288683024
83.63130883358684
4853.242465300124
4180.594911070073
-71.93710916277537
-489.33303419722694
-363.4642686084556
-87.9190583786028
2288.9969068720397
-2630.712643323514
2606.7027392535974
-614.8364285888451
-1830.309419564748
5877.9692545173375
353.04284310847294
-46.04828276238907
290.29699351689106
-1594.3627123587469
730.3520986407555
114.66487898762907
141.36309413575103
1350.7273618184543
-4352.811300969104
136.4877765875896
12.136878835450197
-1.0172877799461337
-44333.73763707135
-3398.67254923339
1227.0564520979724
-2429.521056117908
-1008.3453917937886
1446.9618502597928
-1970.0685590520056
3322.3654621575897
-1336.8652860727814
-22454.732074845688
18337.927969913915
-605.8690610415839
175.64916686766637
-895.3728304475178
5210.381488436867
2112.300693803044
-99.68557479543935
7404.782735062649
-1037.0864980476465
-7610.755992878038
-0.9151335828313079
-142.14650312203133
-9609.18626835151
-308.073827994197
-1.501956934621107
-134.92689869931098
44.95345338367836
142.82907959118393
60.60969275662541
-111.3046519529072
-851.8363416194114
690.9012954678277
722.6121233167304
-2.8923969339871585
1382.2417173042627
-372.6899334600736
-1114.6703280507004
792.0309789843113
-444.488093316322
-154.3088279872991
946.1240159331466
-935.5502140171702
-348.89345534333705
-357.8495763545615
-341.10581629724476
-544.0581977428957
-51.831951340481154
-16560.12541882133
-168.523862823826
-93.0631602913267
31.505746855437437
-1209.189605634346
1029.2936555939075
68.97274396539234
-46.566760495322775
-34.66800872673066
15.067171282267958
85.40607594385379
-93.7618370196946
154.79006531708856
-266.43323413686494
647.7465334568897
-475.94136697921607
-115.8286087865314
85.41634707391435
443.13890853659797
-242.72702078027447
238.24418900163116
27.6771770829417
3.8945086715444917
6.518154548329912
4.171553746799395
1.2173432125250967
59.98972481868319
78.41622945999801
-360.65239946339034
50.76874851834501
-143.91596898860192
125.22446626711701
-240.88875056741
13.997295113526604
-13.840598062202425
-12.185109045635851
-0.6167490284195536
-84.80534478495048
1613.4813193119517
18211.76962048175
50389.82415564068
-23957.845483226083
-11747.392211239112
-4500.7339861617875
-1184.6733348437292
-1903.3499700824068
624.7416502164798
6770.410581062767
-80.07510503359802
515.7207590593163
2797.957269422056
42037.16148508572
-2157.9742267766705
2560.079143982248
107.42841173169155
2638.107867789326
483.5916755525851
-1847.585971057611
4446.568460476962
68.6773138653974
-505.1861614314078
378.0600513849178
-806.4222625675054
282.53867298721076
-185.44950006139644
-526.2117209636563
-168.5453559832618
158.05985350367476
-37.06076476990914
121.30977764421608
26.89429902397649
-104.29100462884396
1.5564494859168423
-14.76908983042623
-227.7839998428675
110.33713145945897
-75.32261967249438
-2.4988674479193214
915.433291978287
7.712310008390731
-139.69467192219565
-17.419114506706702
41.219095299795015
-455.6231172376879
4.9989387464276165
-2.8319725629899586
-93.10479395757581
-58.91975700548103
-3.6047591052040815
-107.97417114311025
22.947423404089587
56.96320890663686
91.20473589480476
65.65874229644018
-53.937280805000896
-40.180022262672914
65.19299708096668
-98.71622606364103
-2299.3723343515817
14475.96115506386
-25.358267138801146
1165.2245920757784
-1.1225460178138111
269.24987375501775
-3998.954112811587
-235.5312640723052
-3644.9151954410277
1486.0001730473534
2381.0902425417307
-382.0812801724472
-2189.7477463866226
4011.005425416206
516.7389687227401
17.669244669724662
1794.3720194565913
1206.8079202671147
-10994.546009535701
-1927.6946683095955
-131.03282984507268
3037.5478976073537
1342.4386008881752
2506.150140173855
-2580.890551500051
-3450.953446212168
-2378.406017481608
-23290.33999976576
11064.917828239546
-2248.3699393254437
1.858777364383282
-1.0054257598086624
-0.9957928299278505
-2.1164923398448705
-0.9865875576308193
2.857997914862886
-2.995018932974874
-1.7991944303704266
-1.8995611348791326
5.437497937103451
2.2413799190573322
-1.646270320879429
-0.8364598416204602
1.4912094646208809
-0.513292756814669
-0.7652031558590447
-0.7442961402327388
-2.516934490023312
3.5153317351606006
-0.7045503401902471
-2.1320659488704243
-0.5325088546055208
-1.7332103576498463
-216.85952852820895
-1.0031107791022096
0.1512032922789408
-12.204912313099037
-0.9803605126852274
2.2044956171139436
-13.910468099845131
-1217.499943037824
-664.7024841498694
4422.115867965134
-3646.820739117815
-2120.0488372801065
-679.6187841011659
-1202.5896538688808
810.473028367957
-5409.116391245909
1664.620432178436
-296.0608838120082
11.199076016476626
200.75287405700607
-1263.6808538240487
-2859.5114758662835
-2759.2755539648856
2596.283744757005
787.0479402944643
-1356.9270111670828
494.26948678428823
-573.9128216129815
791.0404520326856
5462.849071159473
816.4548927723682
722.1602501670827
-2667.2241739484357
596.967927566798
-198.1496776718701
-313.99211126071015
-288.73972147869534
113.92752906353792
-535.9383973463177
200.21669956950936
-354.18432721559225
571.9818925721805
871.7863019671014
-707.5910444375575
-73.6020877319491
-1753.5277724773741
1098.3115644590455
2336.916651255246
-1101.084051372156
-164.65288021444354
-17.88005898598816
242.18812627733575
2553.5452763146304
340.8684821957035
-1109.7973964456744
-446.8662158760103
629.6816922574681
-1724.3644170254247
128.12550592053012
-200.17030207017817
-2051.543115697519
2577.5201640118544
738.0394059354038
-1226.5648952687325
-150.0617310268389
694.0865142277976
-24.677225181611515
-15287.539612240089
1.1055139332949326
-78.23574630284284
-18819.352776334665
-2826.6672908175833
-1312.2330197899716
65.03116979480703
-3056.9440966676657
18146.809371338666
-1839.9203226386835
-9098.320067988212
395.80542493042446
-6339.334592617721
-198.0099141123015
8111.107489741693
1140.2296211358735
-471.33564215106765
33.27601505236282
4765.382272508736
-2903.2875322895798
270.5710030083703
3493.050092381583
-1.45361663711519
82.89809367771012
-719.0897234673783
614.5459992185963
-1237.3277683768413
15.409505883829581
-227.33768744228783
477.57920054795215
224.9452547299869
51.37960139659347
36.315711720714596
-16.156606384190344
2219.687240386195
619.2418788025414
2053.004408353445
3446.6535530062442
-8137.4806105188545
-1701.3783483353425
37.85319678556788
-187.67787307575284
-371.44836684362207
2096.752533887085
-78.17489385754469
156.6272658250469
-13.040991157413533
-29.027817651364153
-1.201727773198578
100.63650150431755
-0.7365364316053248
5.102898127128725
24.708050275339467
16.29799239122861
-1.8445212210248845
-61.40576383320708
-185.033560867827
1.273860270874101
668.183368026945
-104.12838145350544
-3330.3423201330793
30.595316202943348
-517.6489829943731
-96.48519304711292
11662.194664629775
2674.1016434717203
-6466.299222943765
3229.5952836528386
814.2145748339626
-1160.2845493443251
-277.15381021092486
-1992.502123833324
-1234.7085774074378
-821.1490736637624
299.5286744432615
5540.050878881971
-3042.762177991942
-477.55677216524805
2039.8175849905017
329.0283447015888
430.4246418820034
3402.9415677966867
77.82110055628337
-994.8977294179922
-157.64511779932255
549.7624870195118
-63.016897255758124
-33.777240999079986
-52.53281974011858
85.31580086133158
-13.87261253975416
13194.028348185851
6.238160909045802
-245.59930076965603
97.639133448024
-6.110623061144301
-281.2198321764543
7671.511184189783
157.83030868698074
2021.1621794077998
-2938.3013549915067
-218.72318108964146
314.4784898406448
-574.5220644924917
-16581.122447894337
484.45821844828095
1214.2090006160763
2066.5074073652927
10.453481613932082
-40.186291140583606
-115.6992193383451
84.02753454987426
4.829030810153206
330.1361984008575
-38.3940179573562
-2039.432864283524
-1637.4960210934225
233.26554939248638
506.80471350516086
1798.7221294196654
1057.31533521955
-130.6798054053765
-1670.3688555260098
-82.4002469662935
-1250.6628294449317
626.5693833448147
-2070.6221229716452
-766.9927966977732
-215.20909938820108
-111.48325293808094
403.05371002377916
-901.272177426033
-493.0877010721584
-115.71370463064275
3072.8393107935926
-355.45996348479537
228.4526658098484
276.31276783465813
-99.29830665329226
-4742.788127019068
-197.4392556496197
-138.62200437141445
396.37192828466294
1075.835796828098
-1019.7665969408727
40.29494578015078
-293.48866231943964
185.4348065696898
797.8172020377542
631.5399751724462
-816.9602591910268
-67.96131700660017
2417.2840078573586
1275.4745286299562
14756.807990334577
-1189.2367168773164
-10408.035933862955
7418.099853893158
-7913.406258728919
1162.1309210411623
16884.95946150461
-12134.514540423057
7966.734166095445
-14050.225268170829
-27331.513455066102
4854.714898039806
11321.161581632965
542.4033130790974
656.0469734856526
4766.847777027594
8838.493022946115
-235.158356664924
-5985.152284985287
-272.1924611701904
7469.828548165357
-3666.346148994852
674.5712497195044
-669.9990889179221
-224.47501833970037
-1942.8985479401217
-642.301443849869
4737.782058262929
2480.73333264968
-15258.458778314998
-1654.6933130974596
-1971.0187550489898
6128.14322202358
1278.3588235945022
1801.9704206550543
-1237.1783650262257
1024.8351678965205
5.81516528018907
-674.0725623374223
2353.233075555021
8.44243475239866
-386.2488530364984
3342.6418910385855
-1121.4327364196533
1758.0647978289064
640.5598586986159
-829.1213264515146
-1.8073773502175106
-289.39087904466345
5511.8376492344905
1837.0500444697905
-5.626145855824913
-203.43963524297186
-842.6510711053756
-731.1691184612362
79.51845373637096
494.7533010879226
13.356488371457706
-39.18919187068371
4.385135916604442
-900.9073902886689
-97.885641551835
321.38317926176694
-123.77608512452686
71.19606977615454
-4059.2881288587323
3643.3213918073916
363.97347211250593
-31.751551189713428
-3172.18321384273
-1786.9599141042959
281.472159868358
-100.0840128923678
423.89791050694265
-248.15866095664106
1125.6937785305136
89.27367616632458
213.742907556035
333.38761983728887
-165.65049775766528
-1133.3252418704128
-1024.2326294671393
1606.0325131977831
-25.330949622126298
31.98470477754178
1987.4787921606273
-167.20749053584422
-78.18759932327782
2154.1430054828365
-41.57930245114967
12.562207250115092
22697.65828035106
39.29376987239936
-25.145042231191958
-28.09693897692326
-24.271374541020485
201.34851416986382
2.2481183204844575
-1.4200942893373014
-1.0913427524963926
58.910938301623496
773.3792196076841
4688.57457539257
-699.9115755272703
-3287.8515913274423
-0.3370390557158024
-4345.0077500563275
4876.262669759672
71.17022938350857
-8546.294733599421
-432.6672752385874
3948.990519928137
-751.3543174135685
1415.968369264745
20587.594549812235
-323.9406195823009
5859.5109676342645
13383.330093060631
-431.5895485236889
-1360.5000266779466
8346.012245944732
126.79737251530705
12083.500623982842
507.3289098614009
72877.72035125946
-1459.207269484249
-762.8431083621942
7487.372111414445
-195.43239117474909
-316.67619658592696
-9833.064782153055
-33.9427573476465
108.42339860864007
-81.83554604759728
-1326.956567533236
-1119.020720712879
-5875.870960074268
695.3103175434967
61.717346113709006
65.17353283268861
5799.080438140646
-668.6501710484192
10.819092274006882
-969.4613453925759
185.09214309390947
752.4043900137913
-14532.069324276685
7749.244847007569
1015.4799559124776
-726.1138195260864
-938.4140678329912
-4369.251362625607
368.41147610264414
-80.35431898015935
975.3548133184343
5618.716862913341
59.19180203947582
355.3499720209432
24.988505139490332
572.2539990685706
874.8942217009336
25856.803348300316
-1841.7300288345807
24810.66407440242
76275.5764261861
-1011.0222364686576
-25415.700268031906
-5545.855159238653
9860.878058111717
16716.31314103569
23138.018724689944
25659.274295362928
23165.233504843225
32287.908484623174
-255.62255490780927
-4510.585849719725
-2.8663702005712066
