583.6852518072917
-47.87968490586271
-1279.6326255850734
4814.152002460566
-448.3460169160428
1118.4773969772302
2719.0802754551883
-4257.385547911527
484.5135598313829
-2688.5704096819895
-371.7902412224596
-183.34479838834585
360.03149101450606
51.47098035797141
1936.7022531783155
-2108.434979402245
-198.87229046543413
-9183.312758245513
2655.013941565127
523.7089568899135
11356.77319782004
-991.8678034414118
113.23066066934298
-1449.4302470550967
693.7188934500377
-2494.005223728061
6661.460220028796
-4910.933589560145
18525.373088414064
-293.26930852218965
14502.275776060374
1879.0782852774175
304.8743128276792
1000.8114963301391
206.49507034120077
-628.0846115786663
-768.0678410763016
-828.8105208452431
424.3521753551828
-318.9981580597786
609.5056992193041
-2850.576084041723
1887.613458249922
-979.576008521008
86.00601188402038
23.209071206174762
-74.84385812151018
316.3433482388895
-1009.4653059829103
-280.3236523512175
214.35018358973863
-836.1031097343093
1250.980129747452
807.8227400694723
673.3755732633072
25.43652381888265
125.5383169151189
1047.260738239755
-620.3209195799014
1378.9851223171538
2.5898485836226763
44.676419749497846
-162.89603297263866
-686.1287568113657
163.85717375597167
-22.862008842905194
-652.0112761413023
735.16975843844
0.05994783381449865
1114.5740094119308
1096.6648597920268
167.52045035179313
3.555790756363014
225.30096735699937
879.1294085773039
-196.22928449452797
468.64975840913803
-11.189715061959125
-122.74839590156019
36.42435310783409
226.46595661592283
-1377.451482392131
887.3694102530783
24.074995436300785
-287.7925993482408
-279.9288335509857
244.56996091919183
-443.1357244338992
-336.5725457685468
-48.16157272127421
-3028.8563289214767
2563.442571926535
-210.79916957266443
492.76019778675624
357.33447639854404
-841.0402574977198
-684.9308292389178
-1.44207382349349
-96.8560385228822
-2322.6562964503064
1555.2443196352988
612.3343912830369
2483.0027903987284
-3995.2013012421526
1217.9691438398381
7005.327487949182
-12377.117909103063
-418.6630447898051
24837.81954857389
-8205.994381251363
-12327.287640518878
945.2196982291813
321.2468552723787
-2138.268407865351
10448.059434519808
4062.0415661047386
-11848.018362388293
613.0810002478224
-2224.861159830731
69.29073385318918
84.50972023618014
-6.925581248409306
-69.01379487919755
83.60779026988254
4687.084596309782
88.97501371582052
-312.14622418377195
90.86045330285151
-325.74171818164245
-1501.8067801833602
4301.414274843012
-4653.1858199819435
1926.9665935417952
3556.5797837946748
-1784.0974044839952
-1044.2150362889363
3997.797976801383
-404.0036347927729
-1184.9170672766415
-414.4578247514867
-153.46394802650497
-1755.5484178076147
-4250.743549820194
-690.00197382367
-1095.516460171092
525.535710442142
1290.0999761830071
469.3314613838724
-513.143195495159
-1857.0555547654358
-524.862103632245
-12094.282284888295
4750.65361596818
5187.40492232434
-1044.449995013886
-299.2995421494641
1535.969299081472
2126.1592861475397
-2774.6491363603504
12766.51272099361
-5666.2928739400195
207.24797482476788
3536.698508583292
3021.9449147993123
412.17023050063517
1430.956518844419
8888.61619807479
-660.0600019219614
-5850.9141054240845
-3137.952300853327
-2179.827467754068
133.09914468528336
11465.329924636408
-22773.535861168275
588.8458280513158
-1015.1814600414675
-63.17519275541085
-9077.638423588804
1611.2074737631692
-576.6120847663158
1367.7316125915925
3210.4275679085054
-7782.4855748803975
242.8291800785589
-2247.0209035666817
-2772.4963831243977
-3837.615709235721
4717.161021759456
1675.626913167382
289.16133285134634
5302.853179869177
26194.88432081649
-709.2788852732186
-252.9636413348801
-106.2324957245092
55.041699446670165
-193.71477321388133
-4183.034455248239
5147.756708687029
580.611502750148
5649.253704769403
26.164931728198646
66.73048495415391
1173.290479210257
19.82721151556734
-117.7262731176922
3052.986653061689
-5582.158359359127
220.1222937141368
13.968344515537147
154.31700485478126
-63.19910692642824
3.105785385133548
213.42367343657915
36.30773394573373
-114.85798610068302
-149.89536648498506
20.29050804391705
-8.586839299332265
-48.14314460522071
-4.41035676387655
-20.858140149642747
11.533138715755362
3.530138074249203
-4.9896369648540695
3.8977232638831456
20.750158845441618
-72.65069830944282
-114.68085118053557
-115.97190786228326
130.77239738618962
118.37874634277681
169.8522971816793
72.17143728866469
16.73665764878101
540.3932478120897
-323.6893059919234
-44.979465391378774
-19.010399877723803
-6.526476483780737
-196.1373229876275
1023.6724010624118
745.8901829176783
-1039.5491853708643
-124.899891094423
-1072.5658162232637
-6536.527492494023
209.78547340890003
902.8294652490212
4037.9335357875657
-218.11914501193442
-6931.185333602071
-2395.138604783694
2303.1818271902707
9190.43497667899
-6758.480452260458
8034.704470013591
474.0524171912085
-16730.302156364076
-3538.312767939097
-10578.219250940918
12051.303400379307
255.5037080599197
-717.5657979251087
9184.745519272246
-4818.187671893703
9560.733619983888
-2469.847640444294
2242.0488458496134
-366.39376005401954
168.7649510900301
4.997555812349636
-62.83294848001725
-2259.198182653678
-12314.800982349228
1245.9184897744258
6.765974035284781
1206.0334880283638
3212.457271538433
-44.02996007915324
3600.845819520832
4867.390501181173
16302.541048164976
51.12615033272258
116.04044765818647
-592.8171999913906
-11681.62561696079
-2247.988807858725
156.08085331374104
-1057.5111645923268
171.2620009457216
-151.26986649156177
-100.72593548530256
-321.2921926598259
-83.82168048732953
854.4569736822464
92.14891043575672
486.0884600641945
-589.329878215336
-139.99235121971532
-171.52810079039293
7116.354279873032
-477.5435521543905
-643.7899931313689
338.8800920100073
-50.60493975555866
-2231.6342335770246
31.005878357259693
7.695988315538432
-21.73459979305198
-90.4378537099381
2.381931720817954
-0.07377941056473297
-0.18325652488350297
0.5895434148060715
1.2587008797533825
-67.30380128045341
2.4313536978783485
-38.76251310502333
-0.19397457838022758
-0.3480914513673626
-0.014427486442276571
140.0288064228099
0.23523719886788375
-9.75691598118651
-0.052386877057091046
-0.2128143456755382
1580.5956170856246
-4869.5800780721
71.0652479766549
-269.35468942957607
-18.785153853847937
998.0873936613832
1373.1608702162023
-1390.1098849850935
261.7549616267614
4388.886686960563
550.163444161674
1472.223828615856
1464.622983708232
32.30014151510262
-59.26130599533381
2204.038355727515
-4440.318235310839
867.6329430942818
-126.04225706682956
-864.0683946011733
-1586.4743145640348
-3028.645435801325
-1869.0983972063304
-5655.2931312712035
5075.987592659001
35.43234875814489
-726.9714463709785
7284.966325006563
110.09401478171792
93.23479148426918
-3056.1326000836384
-102.30644207777378
665.3732238849036
305.8332050366323
-2355.4252644131593
-71.18511193324917
0.5656749948207367
-0.2506692728924664
792.8254918674025
-1987.005670910274
-918.0427439811087
-2909.8068239001577
-307.6447013023731
-64.86205512960161
2308.313539669746
700.731767137107
-29.065014112755996
2362.9307079221544
-2298.7924530340088
85.52305469087044
40.70971930263179
2427.9384115100443
-561.120728892459
263.99072002718714
14.09718932027883
481.13580506687094
310.74768579289906
435.66044791834423
-0.232769131772811
28.177825638454692
-959.3075155443394
92.54933651760611
-0.33217018288630745
-24.798680606608954
13.907030432366158
499.8308125372487
-49.35372951548764
-380.0472599864849
140.87038150527738
552.2621785539457
67.70523413045574
3.735110506811551
-71.99755238477132
-41.55794684565734
70.21862222154289
-46.46276639729698
-2103.347574170349
328.4478285221246
792.5066194527127
19.254324424813465
470.4808568134752
-265.38537500554975
-80.47340680022721
-181.32187014364348
-456.0228257440519
-1252.4151019817896
293.4148677562186
74.22881586420851
-7.444078636422014
-42.30554905856014
182.62970065298367
30.154434586683127
7.02666251925448
-32.706337116483
12.995108404813884
36.11681275366624
-53.97773528471917
109.95360789372054
-80.8370182357898
110.52614187900299
-38.387422428878224
120.40846696486474
9.172450979391202
-166.02065866467456
-8.935440461933219
24.636902691492406
-3.317655649170761
8.089267764134629
-5.592592942738946
-17.19976821271558
-52.73542661518201
24.658681081455462
6.511732482429581
-11.237407529558029
47.14512553353676
-4.956522189357436
13.748058069167021
16.61610468393366
10.356059514507443
-4.298435862501655
-23.983048956848656
-0.7298795703974201
11.888680027745254
-5122.525369553298
4061.8273646794764
-1797.7420764821138
611.7531601511845
4037.6431225881925
-293.6751345909725
379.7486307667251
6.428576197194495
19.536110932170885
693.4490334006646
-18.603342905448685
87.48430609361415
600.9170223109434
-1400.6980496959743
25.977902391475762
-356.53363218391115
-249.51042398440146
-163.0890852362408
-34.80646472729027
163.5655181851767
-256.96392122276796
-3.5364581895703666
17.513929471477496
4.88381033477197
54.39093505889057
132.30429620886653
-73.33714725283615
150.44965376455056
-38.5560705188861
0.4003637210035664
7961.688423607788
16110.090318257453
5656.1061140353895
-13347.682401692646
-1288.2384793889041
516.8395532213773
3520.364124942358
8289.402244981125
-2986.5128268079484
-1652.668628676633
21404.80865215215
7168.245953515104
-13098.70849714264
-2331.2916447785747
8256.87185905179
8551.126736909044
38.625363851279936
-9917.055878749738
-2578.858607508269
-2983.149083906873
1056.6488437312632
-15521.025251415978
-2685.4149479546377
-1465.9138510033283
6298.507490666028
4863.0157558316205
-5042.468496319539
-2903.8187334359304
4389.184320052704
-10436.71659072232
35173.82746680289
866.157219258274
1.419170539185866
-91.8846185768667
-0.19950030146888642
55.93312557599765
-189.5114893222
9.757357381535911
94.42472260091169
13.624989867113486
-38.700248069021576
193.02254683151887
-876.0251990808472
246.73854897603604
108.57497654547761
0.036599198806927635
-144.18409003755568
71.04885307504894
616.1196867095565
-96.70068303669113
16.571489259320703
119.34916450058708
277.4981935314682
132.42562316624608
-68.25601499067986
-293.65877416163636
53.951615853032024
-2238.975973845825
-423.25831526512394
-120.77277724769934
0.4602623436550318
-0.2464226010876681
-0.2589280608333224
-0.5183952104054755
-0.24162682422709358
0.7472218555227466
-0.7513590339804588
-0.29405834791268953
-0.4862553370689623
1.364332586704244
0.40047252749889656
-0.4011777595060943
-0.25870814521492724
0.3545451499478213
-0.07134594138622652
-0.18828315404401852
-0.17745819241650387
-0.6166880421207956
0.8541619326279213
-0.1754526034143228
-0.5311197628687453
-0.1240243857909882
-0.2467876267755577
-37.45039541598161
-0.27550981890979076
0.024342493297230025
-2.532747280051838
-0.2389772611184018
-0.19410967837253662
-7.266508308122977
1790.5775934332053
-3222.967032185958
1901.8488680040243
2362.632670098955
-3351.8186461764303
-1982.1949681011565
-1941.0601593133028
-1312.0986072459796
-2293.462677869987
5239.260315654629
53.20393757997315
152.72132992150017
-116.15935714554504
86.11065118708788
218.5165040022772
-3724.4396714329687
6998.721551907403
34.3436721854206
-1824.206370029016
509.04324506506134
3021.7182467459093
899.363497294494
379.15595043175574
-2013.8825565955644
-553.2738718185986
-1655.4112620421492
-644.3203782769904
-561.4775840402837
502.41480986830265
582.2223489439016
-164.42079872830288
-182.1723472004814
-35.4964500384589
-823.7605832416724
290.3648827121143
133.81715769673195
-541.7518083117317
-738.8318041820362
6.537639057107268
-334.2267339244048
-2816.8735814776132
1225.564750875629
944.9141641477213
-219.44657619694706
2071.110068491422
3193.776870740552
-424.8873295049663
-652.7718910462391
-80.44638665596842
-1247.2302608506873
-3.4418003766121754
7366.71662918044
-9000.396359028777
2457.40142901848
-2455.584315296147
-198.17138045597974
1374.858916548919
-926.6406370151541
-588.7161840196877
70.88091023993233
-1737.0395573959893
-0.39919624604273457
-43.176426047841865
-5.8070128832825105
1.5873649805367058
214.9227861610905
16.39104396951829
-415.31947798635366
4235.962124223434
-1603.42664431612
334.14944765052223
-432.7631601530391
-787.0085203687515
25.90589498991528
257.4360857955342
1009.7726185857041
-158.14589293658366
-8.37496356807579
1100.273402493177
-2889.932313614672
-280.4184281862549
47.29198512391202
-0.3542139592601367
-0.3604835416271471
-18144.15058540045
-395.049595950824
120.75653966554337
289.04363160189416
38.66302103811727
-1144.1391968751211
-647.8049617102201
14.988883875208098
10.05369401858264
-1.1336295178010214
-123.10835852682739
66.17865962508708
-65.2869321077492
564.0778447537964
-141.75949680867544
-206.5703419562457
4.49921391287547
21.52756367224435
-44.07195706935284
302.24357498882847
-1.3339938103811708
12.207852383558045
-5.327201589817654
-6.589502767563971
-0.3789304934592467
-7.527039924631066
-0.16675715268271665
2.0486762122166353
37.303769379405175
5.271761612425486
-0.4836451970000004
3.2175566142810905
74.56758947128878
0.41147833833127473
-69.0225669113485
-35.41878885122734
-1961.1622332716202
7.107334219207072
5622.3545091609985
581.8755428269087
-17521.54037118515
778.2154946570297
3459.3796157278316
-99.41944159171436
-2570.3763037473987
2742.0485972268652
474.24476420728865
1400.2168009963784
146.42970559410668
61.09792302689826
-1411.753821383612
-6968.902465985431
3739.1256536174374
2015.878794285542
1350.557165361812
-156.91118619304333
1144.0316847472147
514.6103640168745
30.17491814792139
377.2205603929781
20.794379945245304
44.04641691421883
-52.9757433172525
210.55683910112654
-65.72292443569175
-374.0516825676369
19.97415963588227
68.00785313312196
-1287.886968585543
976.3879502102466
-20.692766430316176
-757.6774740374442
605.5314013957953
-2811.113931553327
69.9840523017306
-1808.2264803840205
-460.62009219144875
738.3371206708471
155.81817658698432
-1346.564891571559
5240.10022976218
994.752471911719
-541.4585103165906
-261.09537219433753
-0.22223356446883202
-9.278984558262001
-58.54066240728197
11.354442359791307
-5.078964012601758
180.18523289711885
14.410341453173976
62.16971082557014
270.94873541123843
-770.4719143208707
584.0913846127422
-112.77542076244583
1423.282941645156
122.86855599873527
723.3370374777086
814.6940981853512
-698.4202044039736
-162.10169669233264
-5930.068138916544
-1506.9646355083858
193.7237023369335
-88.62297841871806
446.73266286767085
-5730.608593680437
187.59204285887068
1364.6557510734256
2568.119904935092
-987.0130003893548
1550.103826811786
626.5135276123721
55.284135350475445
-6088.694309857193
2051.3505217124825
259.3691043067365
1428.4620315860334
-4765.091775497314
584.2941848163699
-170.16287003687236
-495.44158626758025
-2190.9800780901865
4887.905374705062
206.48145310322099
-2150.49212157548
-1291.8757042428938
582.4490233710796
-936.0426842677629
-636.970051066175
2298.0475215897372
-14177.873116063385
6779.889185001806
-10092.398902809
6564.858734177065
53121.13436748023
-5408.288448028076
-17091.855098560125
4168.454752266749
-10985.755321789791
-3655.6147063138255
1391.9330055777689
-246.15024549444706
-1054.8084913085252
9096.31121249819
-4031.3679782482454
-135.47406736948045
12074.112746353101
131.03822248743552
-9685.240723677458
3048.2908839964402
101.02077600343418
7456.543911976438
-7130.384310217192
-5704.688284815304
681.1317555867595
-1837.6723526313303
-2602.696756851914
1149.7975016833134
397.8779381704253
135.5950284928747
-1184.3037004612092
-1439.0712714860374
112.75908098822849
848.3833638419688
-218.66883953607064
-196.51957522388625
-76.06994784330031
75.55575955124704
-19.277159572461656
3176.387903294832
-3375.3716986124505
62.72706665862773
101.46520895301214
57.41701770913493
-45.9309378105777
-0.37695441269026875
-27.072393173665496
614.0696792841042
-209.6810600524852
-4.308772962410788
-16.95753517840014
-7.46237720840158
-57.733785566476996
-1.4177235284359935
-91.01669334015261
60.45036421437187
-120.17457682287302
1.9123501441807365
-75.61001079525138
140.89895894530463
105.26938233740582
-17.883317254083035
-13.981656945817143
-128.57930678768136
-13.599915595152545
206.93300700200876
-6.518430993918905
273.95991568856397
-38.93410761241743
-173.83683897890327
-5.541461410752455
124.94439453660776
-93.46788652332185
-11.53521497240227
13.464107011129483
-26.89909868037222
18.302049589280962
3.0645672782275275
88.02487610639825
-20.686106254042688
127.06626356930292
-5.834681559007699
-15.969643351808646
-205.6306793995466
-48.33090751898881
6.069177037922668
80.0542917802975
-5.7224623272901045
4.44698689268522
991.1804458447007
20.551252881510198
18.77641234118336
2.685422333194468
-15.009207845044248
-22.728753753091762
-0.057048286615475556
-0.347964186089965
-0.26774069673058554
-18.612968982620142
313.1751282727249
-278.453219122557
-14.798823481438136
96.13107537181529
-0.08119438471962717
-251.09534912869745
1726.8792449071748
-9.123345475812616
-1575.4576722888662
46.082386269630945
1302.8325649713715
493.3516896553332
-56.01341781090976
367.6292219279753
26.02135812906654
720.4500332633431
255.17119871041132
99.94732020186268
-90.3011685753233
116.10966359405795
-8.047719227386061
135.97185475970477
-79.50850210627067
821.4264078102653
-176.91076005751898
57.613249201862814
-474.29923394459064
-19.40119837005572
45.69905421185951
-833.281683679037
9290.219338821817
-3.1836419261985607
-69.41131136902831
-2.2159527805877106
44.81120535076341
-935.5553706209233
133.5499893629797
-0.3517629373661382
10.372764710920617
292.1271975029333
-28.37873958800544
6.906882612282104
6.624750977812183
-85.15582530875113
83.68732264655678
-3135.004089145838
1158.2924475268655
1011.6555767343239
2089.190878860666
-637.831483626737
496.2704091710909
-83.22373482508323
11.358635749698315
205.17535515552206
-434.6402250783038
170.67642696389396
-111.47894323973529
13.147330958187977
-537.0600550629681
-639.707088102868
-3014.7023269529736
-245.18415188364364
44.77931628035226
-2019.7186801680637
-128.3800028139855
-1988.461545799035
1947.4287712682044
2017.927218024677
-2946.96301232017
1021.3891278652949
600.3454211520351
721.1842005913031
3508.044252263338
991.3743048737999
-2350.49973139635
-1.457540748071496
