5335.10193383354
609.8414793383499
19848.83484466447
14487.880920136957
-34107.378550375426
6554.5819327145755
-29807.24857777934
51347.00073156949
53089.70896285488
55287.18172743367
4563.437082906503
-4120.954631346785
1597.4319954778225
21494.964015098147
-142811.09145368126
-15327.206199551556
16389.07241869105
-24302.22066581819
3562.7559006627644
-71525.86235510188
132898.21857211986
11477.71605547299
-37291.14612616427
-12589.179929435597
16973.859713597194
-29018.553627463392
-98797.40093980482
80828.64242235712
26074.287548929336
46466.2484996585
4614.4383195482515
-527.3804286345171
-6826.703033500493
122.61947923246422
1207.2249064232442
67.58966590212292
473.4385701006841
-198.65010748779088
998.8101325853778
-2912.3062934470477
-225.54118925968098
10695.397575918503
-7305.167560923564
3564.8970033799906
1239.0899274896522
193.19339840243188
217.6023520344598
-1072.2310934134994
1266.6785448822998
1533.0829725636152
-81.79578016684195
8031.09684575139
3070.0613850943264
716.6851112868662
-6417.450674575857
45.22688087899398
-2407.6225463947067
1867.697471238121
-1723.3796295619845
-2889.202770783838
-212.28109661690317
370.0166103704928
-948.8373013735878
-1012.3440735020833
-1411.2881398403035
377.04842358645874
2252.0990994917765
-430.4253643334383
0.810929546859486
-4673.446560241731
-6196.996438386534
-373.6321944256708
2423.1655004501895
-269.22414614531596
1650.8895076224164
387.9406117193193
3254.2185363696813
61.95366595484755
83.27614002487154
-704.3394828166411
-279.2680252417073
-896.229967054424
-297.9683615209699
1145.022694212368
361.3608908615931
-44.16239252085793
1414.5668786128574
166.25171356676375
247.9729219969375
229.61424411296565
5493.142373284386
-17309.234793738575
4406.316413776113
-938.1746182104133
-8553.54141069734
11377.674796122765
-4132.335474872968
-15977.180523341207
12819.242300763119
1260.0523197876537
-17245.407440365947
-5614.990069386143
11149.716535166819
-65715.78303905627
9139.507368701916
22839.27342017183
8621.585416771406
28204.360298556487
-3567.9318972187793
-3419.2516463406632
-7802.436716093466
25951.02986954829
315.35355524665323
-28529.850561329775
18925.708443602784
40361.91353703265
-39733.43994037151
-7423.071703202656
26478.119905444608
-3943.0355330826887
688.9318932684088
494.5814706902368
245.64514982136654
-643.9129764216767
99553.81864898346
14287.226162192019
-12140.820230948108
40310.87401401595
-110243.03899589082
23258.496646529224
124519.42612535182
250109.44520219567
-10710.869759267203
417733.93633289065
-33708.031912474275
325093.5512516936
-394087.1557489788
-5029.862912562715
-23611.580186001458
140133.4580349462
87776.25533947638
219311.72596674014
57155.584144514774
10082.390778816833
-8985.232175157249
-6153.0071448718045
-398.74548669679564
-4866.333205950121
2796.935443759461
34909.332457314034
82714.27411568674
327171.1334087125
-124076.20583274068
488858.9715447409
-639.7393162911528
-97907.70575863
-4976.834529328735
-65208.713821075035
148188.65869385787
-217133.60366735043
-66339.52126295594
6226.9754327973105
37091.18184904905
150786.62391273887
29598.31905284235
-23312.553691119516
40296.75540726545
21286.900871379254
100239.8147026227
16158.527763813729
-30129.981704131216
9044.45041939912
-30818.12274368513
22544.337310665524
34693.71096922982
-234869.30438313118
-14180.056917709964
28012.520842014517
5932.850648610173
173630.15237812768
-3955.47470992342
24062.177217902085
5519.841298473332
899.4459248900276
27264.69139839478
-18914.354297257265
-13715.03422194379
-10306.166674557842
16151.520660486323
61200.69912841595
1793.6037752513275
-118671.10881629003
-138197.08114792235
51608.9177195282
-26134.607275013477
-670.8040475528294
-4491.769911477541
-1125.836381621903
-33116.506058227664
3392.6851590429615
-1718.6541955734222
1108.2853758788222
-839.3227098221814
-2308.4591185806935
-2156.477719714416
32797.779738664336
45705.87593348704
-26416.611121306265
504.6130144555979
398.930828743816
2172.064760247329
-477.02480976055926
581.5146158185646
4220.786040336794
411.9118124525161
277.61630739157266
-2651.2898468548337
-121.62532151461048
610.4806361056426
-1064.3704824579936
-796.0329932139023
-1334.5130534284854
-90.82008033910387
-132.06686175567083
2.3045393909063914
596.4351446442507
568.5912606232795
-974.1458526464586
1929.7560503946904
-178.85743430068737
1807.6201535647185
-796.7353430512676
1300.4330134930249
1288.470613667555
337.3894296656662
-11148.063896162277
17768.751938539015
326.52062008429476
-1596.7788391482145
-442.1881266119884
21866.675390346718
-9790.075827662826
12423.750448388304
8788.049189626587
71.58585113832774
-63327.14010092254
-108525.45413608299
5694.778520696537
27021.46599360548
268979.4964497311
275690.96937941207
-330907.3294957982
91320.75985554588
22155.065593720963
264224.06328176183
-263324.10965465516
205527.03127951696
-8680.664442833002
257563.46575405254
297834.8891312035
-91981.21493745295
59502.085393020374
-17018.717868841577
-6418.57567473436
-110562.22989558177
-8870.035072408495
73446.98040902092
107195.02022829128
-4154.580389219246
1317.429195004212
-2002.5703579820565
-1032.9612681540411
1780.0771707787555
-12515.366868029405
403594.0187585069
16749.38966733026
738.2214251705161
-19813.89110701228
-135454.63997671581
-8176.0017912354615
-5881.572884965771
-294415.9167176269
-636576.9742029599
2398.1793114381794
-4694.07809961908
-4754.029743724188
283817.29416254634
-20214.95813560306
13250.52450275343
-1424.6701391238562
10613.329802153223
3122.1955157223692
-2962.009187189855
7752.322750113419
-2497.4636692744057
11631.980785753422
3635.929533726122
-1207.6798048838398
1998.9514479717664
616.7138216298482
320.6427423247729
-4030.992572807899
-2873.5896385800374
1634.6078862213901
2497.4309327457845
-457.146948280915
3075.2876785190942
27.309374453477925
-20.13940529856695
-239.21475806518458
183.56904206457807
-76.81601300815245
-0.9958741354844843
-2.6271923338095653
0.9313795093494471
10.374103353741615
1.5733733195582662
2504.791252119473
-381.76766193001356
-2.741920755185371
-4.86846746967881
-0.20568853128988862
-171.09370610694702
-8.93576498284839
-23.659303962065042
-0.7297438581886849
-2.912822121050342
-6214.959723034163
7775.5870789480505
-97.77003868525878
-2351.459849391016
-4253.6211706768845
10406.46710380189
2065.8148459258105
-2621.211582292594
-2315.5084685920074
3039.519928696425
-1383.789306502033
21199.782528054562
592.3671229667985
-109.04097004765553
1626.4200170106228
788.6983812230274
9343.890642420902
3243.8724628132495
1817.5217004709364
-921.342473424196
-372.35624742298603
6871.3646372825715
-4085.544474197711
459.74892754073926
-2441.8156841934397
-9520.707767138761
-702.1395782716797
-39947.556434443104
-163.95224489590703
682.0725943914958
1829.892175319981
-1254.095550062459
-664.3881905827031
-581.0952753551906
2129.9206718131722
-126.73727586634209
123.0353622261839
-3.4638898462861234
-11195.644343917022
2904.6151296213457
-535.0931664513387
-28956.255210884974
-71.21650560691803
8415.604626511513
2333.5081060520056
5074.949696353066
309.6991487626095
9391.577045880163
1059.4201010596546
-1881.8188525121789
62.41897191324635
-9999.865623215597
-89.07472560265691
-338.63089439759557
-22.879142659724753
203.34215070868447
1393.2020736693987
40.66132940414718
-3.259954149762964
55.9606324016419
-287.4446931259251
-154.47873622064014
-4.616629619898904
55.15349124253771
-390.08774140510815
7.7147408379590425
39.44120719237352
-892.546239655116
359.2243310425803
232.40484430452204
-282.6401918881691
-1.3082189628649983
-254.33310311844332
-72.92899946327495
1917.0907212823586
-2533.5447821366993
-3148.16382686455
-1292.386631493035
2776.330096481825
80.85391251189823
244.08822649906554
575.6331639094271
284.79027112586067
287.72798224204365
123.60824012901647
-10233.505944607006
144.73534428108016
-61.75726343922762
-8.013978138450515
-115.33787218898479
-64.6347055662088
41.17547913817831
16.486655382848767
10.378201388741985
-4.976699548617401
-13.18741046382117
17.56401142001782
-4.949770899291043
-27.613853403163557
158.45476837029472
-4.444707999299356
28.893042490512755
-55.055283087006664
-60.40597357765396
15.063813577506231
-35.52815829553938
-6.391532674606921
6.69914339885759
0.12577471823283992
-11.99504613631278
128.25545654772105
-18.34315919627612
8.330867799423974
30.475963042126505
-19.416293182921034
6.750154783804895
-56.85538528912315
46.18746391781325
-23.230497977938153
-8.350596486505829
-10.780437169280857
12.02133744207288
9.265758859848367
14972.353011435078
-4086.6706376382585
7208.642559451455
-2565.8145717549223
17164.102149433507
-2766.3796522818097
-2097.997530431842
3290.621081415557
170.6120254582908
-5944.6369861081475
55.43232346836303
279.3747729871489
2313.407318650105
14920.033188287365
-384.19531184647934
1486.9637392498425
3140.7322985305077
-249.05589717178012
-2.3569481116971915
-4063.26709590273
79.49811841412283
43.50104044318403
-44.305001258651814
24.412916042815304
36.05735104621495
-411.8936582867246
531.1351921871542
-195.48198787594245
512.7710152852043
21.763430525461377
-790.3474127833645
5815.656461829385
1031.438195994383
-3946.8263651966836
-2034.5776968400644
1482.1536761936222
-1337.7042997822412
1642.3034415242626
869.9525109844379
-1323.761738716
10973.295522444332
-522.0592384434987
-2796.6477883069547
-2578.341472718977
2121.1536233057154
-1014.1635536043092
146.3492910855484
-905.743049257658
-1705.0609162273058
-316.28343683071637
244.9755639596471
-3492.625106897126
-1678.5691027300868
-2379.8141928670193
3205.5552400338174
6845.9577978154875
-6090.421158703033
-1869.0939007686657
622.2594322139378
-417.2734442128149
-3012.0006686456227
10355.891965855924
-5.463123505192306
-643.5317919532193
-2.7591152780205364
205.50484418009617
-3781.953178436692
-117.1846649443844
-76.96619433002016
-3484.2365305797944
1712.937205355789
-714.8187838247527
-2655.4573375983946
-3608.845961817542
-409.1380374500741
7.610242303384887
1673.7351986611118
876.8269943337259
-2867.013973775396
-2378.26711654629
-238.21287202825815
607.0439620270217
807.7898603583039
-945.6626297361499
264.3225285122829
527.5189601325065
-453.7877520086805
-1645.631829615959
-2515.3692304631472
705.2231740878838
6.382088321362083
-3.4895282445896307
-3.694504866572336
-7.3472839934786744
-3.3565323797896633
9.208838931655576
-10.30818588935032
-6.5809561609929705
-6.658571672534054
19.56095949734882
7.185706783371342
-5.612206746176451
-3.5657708742451466
5.6716118907659085
-1.338780695424346
-2.555115513707257
-2.4107289024937417
-8.745947203243066
11.963761714885758
-2.4055657422244594
-7.474195792569632
-1.7540643614368119
-3.052276358752264
10.372364864522849
-3.892509932150765
0.3282314120978693
5.293031802768417
-3.349349044485472
-0.949131537039035
-8.987254717200939
119947.19658205967
-11710.859586901304
-39730.56404860718
75307.29009107665
1025040.261231997
36480.325456945066
-175550.91042653559
281436.07027831895
706155.0688487911
-245211.82588153557
3457.6236426421474
-461.21465717527315
7181.098160902079
55231.429580931675
230058.51103786041
266520.7402153157
392796.4609917534
11702.35832670636
-136165.4938804898
60866.477219683584
-18140.169835074284
-17909.5579305381
-198485.1388495466
25670.036986836043
254306.81735267493
332811.5718100415
12473.143193230291
-8063.499981856542
36677.2314054149
106943.53648526403
3885.1626675195407
-20631.593996068146
8113.857722776198
-19220.918237485705
7557.802812408241
41980.7465174546
-4985.3831495257455
4985.8785214102745
-74835.48612844516
-24349.964805566102
-20484.901042926187
10944.658132087981
-1305.8949627765526
1084.7572145790084
-52323.07536638059
38295.19641621071
-18893.67265546518
-6852.495587588976
-12217.407413487594
50441.425180938895
-15914.587859176212
-32979.18310988287
62230.03137898317
36718.45239242279
234238.11078802816
-55595.80263796074
-36618.35629400543
-11804.593185832939
61734.55065665962
-1191.0779402171243
-3727.326130615154
-5.17609636344639
-257.78703995552473
-3169.0227984916905
-1713.5066846050327
-2117.538404936905
104.24566083202971
569.6706429984386
449.9787382257608
-5159.8065072288255
-5806.983099692924
-365.71880490351657
5498.3185760909255
18.932364377600347
2424.82091393199
2720.2918493989646
650.0479435169193
-10.254532797095074
10617.079792192179
-3901.9738292242655
-3870.5744111442477
500.5477187636497
-4.99818004546881
71.56478216511984
-4839.815643299037
190.64047747173663
182.0262491300474
-56.82700396137176
92.94301882356666
-2856.969471804866
1413.4934966729531
-7.178575643897966
161.45375220535158
-1.3203802128795719
-514.8555918192222
-296.31410977426697
1215.9226607077078
1589.8156829887027
1361.522479832171
-117.635622796106
3.2162646674407402
391.32920613289144
173.42867112216524
-2171.54373830712
-248.26094688528207
-81.85619778901096
59.76049635432691
-84.92255476414303
-5.4431286392536355
459.7726807528826
-2.0923120628171756
13.539427199801356
-30.700262323557716
-94.93457605261823
-6.1350693800498775
-179.26562306394166
268.32611881339506
5.759518717912374
-1031.3557577839053
-28.02927558031887
-36636.010891495986
-757.7906994258134
4099.087908065292
4297.876633907171
89020.30992755391
31356.993109036735
-6159.543974629535
-8738.036196588468
-8087.315516248878
10315.269883741501
5042.383231180637
935.7158694288809
17764.375579081996
5285.487365028191
-4929.270894424283
-29500.14630914918
24472.54737035185
-42925.293685494195
78091.74088111702
4318.740429225241
-54779.27802205866
19506.572642558254
-1259.5332141938911
-3278.5321999182356
-593.6240378417846
171.49614177867244
-114.85347230431044
-1002.3260394744323
631.4126409021607
3563.5330666096966
6635.248694561362
32600.2461694194
1682.9903701462636
-2452.7956362020705
9262.31775254717
-6469.442510374768
-5163.761356371589
8942.4792012161
-1900.905362734396
47026.8269454211
98244.56291612831
-3026.6771611761415
1606.5156583817736
1628.057081863
-104341.31443052161
16988.36619040337
5023.119017050651
2019.5241796283067
116.35740555276925
-25.687964134503492
259.39476745764136
19.672114013712942
-283.8459923797954
539.566228054558
-246.83582948312096
-187.5460582969265
510.7068264848556
3766.0619908082617
-3828.526441457438
-1727.8257445923139
23892.536133571353
-5144.07518654999
793.6904520796065
-4219.575144227513
-13121.077891168336
893.8668924244204
-18178.54058160081
-5173.76329126908
61.8768561036691
1487.6255936430002
7616.051347544362
103890.00206724733
-5226.857569117688
-49579.91761107199
-6140.3109919335475
3479.7854947934616
1123.061667049332
-4570.847013923943
104.87605592848789
8533.95552456763
10200.462649435869
-1946.0381819423424
-7767.69211838785
14772.560100128376
-1291.5715737603089
-783.3213792423508
136.9870807547233
544.9771700238529
72.77076471320257
-93.13902896423257
1693.61939490179
4043.2450644195865
-8696.957845361438
-11468.111886141809
-623.0962568735888
-30921.48252132945
66484.45178907186
18160.926883053566
-47091.52671395587
-60819.84126569721
26237.383311153662
-86197.35369901916
-12310.130483052815
34908.88638420461
-49762.425583429584
33702.57964514979
-669.1902245168042
1806.09114867387
3376.0747805658043
87331.37558859179
59361.244209539094
-6626.777949467109
47010.773986817214
1473.016649317054
-26903.191619816156
5172.250525510678
-3043.929475496882
-11473.72586413865
-54161.06136539965
-37063.27728030146
-9233.264566117898
-244.1883059115176
5598.072629517724
-3721.049396496838
931.8769536213132
-1903.8340613503553
1938.9999532302816
-4493.165792795459
31.40016615019993
1594.04449581599
5151.450903847405
289.9789064350942
-223.25584449221645
1154.4221118630785
-675.583699401555
1305.0019257273202
7761.565588013617
-187.2688426429338
-316.08453021110927
253.350296628157
-243.55149889237967
-6.239438422110308
32.05723084191657
2984.12154003822
-383.65921000976795
247.28728571164072
234.04231820641624
293.5079556939977
-349.3470176928497
-160.7085264549525
-120.76944897919287
28.877349064647614
-170.49106553901086
-2.048362828039046
-105.94721924620336
90.50187862757683
-136.9118525280581
-58.95333544426893
-64.06562462499764
237.13280918995935
-120.25104188163975
-63.06260061162673
-6.3568452277553416
-266.27778524860963
112.94547710042357
97.99934026730023
-9.199531271331967
-67.39006891792853
129.43738849750312
-149.16039675654488
-10.102661721350119
-59.097845200644926
68.53839664882851
134.27395269929784
168.0755672796063
-269.71500938260976
126.90919377878673
10.617763088457053
10.719004970547504
928.5839099496854
-5.17496289620997
-132.7506079915979
347.22242086696843
-15.476863454625672
68.51942235172282
2699.9800748406306
35.72694672955024
77.090077431486
-21.848167776488243
-25.16914427502974
54.641967053034755
-3.5216989893412554
-4.867329736436902
-3.7502679196093816
109.33655296611263
-1181.4784537655983
-286.2023333194263
-11.67478203823914
-61.94777073810681
-1.127476713995178
-722.7242232439309
-1073.6128633392887
0.10130347352353478
2492.3444913197263
238.03233593736257
1299.2827114518489
1474.1717142652053
-572.1121686425315
-1213.371778440786
98.56818129002532
-2734.6107152789
922.3174832540767
-239.87274766977538
-873.3155690468358
1179.3883730164332
54.79965143728229
2700.4366721234937
-389.08546401584977
15330.774620256252
55.391854736842376
-78.52818191489199
3558.4703867243556
-71.09172052928783
-369.5710594935448
-2449.1474858626543
1557.2929058012064
57.58378023857184
1159.9013399719668
-365.39941111456255
146.28915523513405
3604.2882365717383
1242.4058025491763
19.53727545223167
-120.24338495627725
2584.0020211419846
-790.3865457176537
-142.99008932975775
-1652.7393913888502
105.74781619582043
1963.314888684604
511.2195660098449
3309.272176010656
-360.0520851409309
252.14782448925808
-335.7265498961141
834.1777202294752
-107.69303527069043
-23.499800318335225
-264.92499338162446
-3015.030171072198
100.52845350088037
-27.50766810245372
-21.256777625799135
92.16900157943815
-16.720921341580418
-9778.651323161892
-527.9408792910257
-338.9759898349039
-6169.792934208589
606.2412374716134
5529.697371254191
1313.6538677725769
2385.4740476373977
10495.239808276565
-10877.642025611704
-1193.7894093619068
-731.4305008270126
7307.210485553251
-4437.504622830639
-1319.1004226440655
-7.401334211126204
