1379.124066422049
-1154.2762994636653
-1395.823594541816
-819.8586610245233
2443.9176995969206
-3692.316285179272
313.9532621583457
-1077.7959720749927
-1086.6010829630768
-1591.744051069669
3420.3151046545577
-1369.8872994711273
-433.0879236570557
1032.0883950155956
-106.89248011035016
3383.524922703377
-312.68676452327105
-3273.926291023742
-3541.329954998807
-655.4102370904693
3809.9959137122723
-4241.469617349451
6248.996998073729
3206.775009143112
-247.61791161728306
1571.362915681872
2047.0332507692267
-1009.304297882453
-2548.637071518922
-3490.9094950631943
1215.128925434919
-19.115726645852924
-13511.637640303834
1958.4470894415877
-2731.071946618514
7772.782605831543
3433.8395747224768
880.3982604101478
2176.4198164595864
-1104.1962438110372
-2625.8312384938386
-1897.0628359193781
1017.1802008444498
-6008.716853299107
-1108.2285749325763
23.28398120861359
2882.6298004651308
-15550.18567763818
6431.610120019674
1706.6073780476606
-2361.6022605846206
8569.091935705132
-9828.239086490878
4293.856313194449
4377.865462134092
1451.498357842632
12206.673741103708
-15948.732683767668
18947.116246132813
657.5909917078633
197.4981826827168
-755.7586788960455
1494.3122677899748
3146.9010634318056
5345.584494662859
-152.88626925155026
8240.900024642571
4308.255189588382
3.2817577808747505
24850.74866086389
33552.50627582291
-1433.9314941041812
-12527.249125059014
-243.963078594558
5102.435215362772
-6139.721426803514
-1574.8619033158425
-189.52988969184204
1107.3211825061007
-6720.273608943245
1171.7838885986912
-1221.4571433707365
-1882.3836729310615
-7300.08693371727
1214.5116699007353
1960.2657092810116
1405.0632214713514
1309.021025850872
-727.8427310214524
1175.057691952548
-1854.372580921958
-1317.8812316051299
-395.81427631544864
1107.9689800547703
-629.5112283404405
-885.5866950694775
-748.3912629567343
-1720.79282111731
-833.9432580417309
478.25276001333657
-505.1127036151033
1876.4632834120441
2586.7065355799373
-2118.8298864902586
1369.125620710831
-6124.265196858973
-973.6036075610809
129.4998138587374
8954.555936857449
-303.3907084455639
-3506.102288396658
9138.174359476361
-4549.559997774031
19.72053302272618
5693.453252393891
-253.7770851989269
-8171.851754684421
-75.94344252759558
2523.9952629519953
-291.31301036689945
-78.51183363466066
331.77209896901223
-291.3746245095601
573.1018246674881
-17595.481644670923
-342.7653617751647
-1578.3969999789063
-3028.6670431056605
15433.682414320705
-10548.488653870152
-7526.2397538557325
7056.873784088096
1761.3273002010312
1596.4001610629284
8974.008654804704
23859.234468037866
-22029.68325284839
-1018.8935139938227
-4323.72754504456
-11013.78713039469
-3255.1743786007232
21391.92149871205
4715.34414444007
-1888.3134895896185
267.84086487695265
2246.236098070541
-461.404189662283
1771.452792443793
-1768.5938433089298
8325.682454089514
-4372.242007034254
-22423.403778403466
43036.6867299697
10984.150414498592
-14173.02895713048
-6014.904968592182
17125.897913816516
-129595.51205415708
105186.73022975585
24423.19472399779
-8284.110533787145
2491.05022851155
71.51463539738981
4472.844547694789
73297.34124194647
-65290.62550016115
77260.54156376839
4720.60583190843
-22345.764851614684
10152.996388362504
-8847.115677043314
-3288.030253702842
-79278.63318573406
16466.080297411034
25356.407356670807
-50514.38929560867
3500.321673830505
9852.834011353121
7874.843894001341
-18385.017655287465
-2573.898061191092
11733.830017457432
82523.32893070104
-1706.0061071328653
37769.975282748215
42879.49997851418
-41913.40142723661
-70273.8452777368
42570.7147054523
-72331.57348916239
9012.513841871854
-22214.897837008917
4916.668288231971
-4530.2263123670655
2437.768802394653
646.1230342105441
3247.737106798294
-34386.830252842155
23465.610436560928
-12317.625047784211
261657.23923390583
-1082.5297295512933
10826.14609418806
-1505.4144514605036
71859.94638775461
-10873.173734219543
-54448.94336790184
-45687.61072705841
934.9573461121698
-279.6677479800727
284.7310906211179
-128.13623326292037
-16.226593472753912
-1443.994320721056
213.56022863985862
627.0619587915053
779.566578942794
-299.713302490876
-80.9154785467136
488.5286418996177
275.2285615089234
95.68726283935845
58.52232701858296
40.70439792881963
357.36208788391104
-322.5723636999727
1.4391663600105147
-80.92747039017455
-547.9774469700155
-7.191909534090011
-641.8376830266217
574.9674423858246
398.3831717304671
-849.8128643508476
-638.1972700500835
3043.1840832470716
-2400.1172034031606
-216.00544856455733
35.89078943619437
-13.564983189241723
-1338.954735447133
3289.1568892316977
236.27573259924
-2189.419355298246
-1372.1587739776428
-6565.228794558745
-3722.5434464618
-243.87569045805222
5969.7714696283965
-25355.94806087897
-1729.920341843334
10055.906373071917
-3545.624418013336
12285.617414628325
-34546.72162344463
1414.0924817697642
50983.10102548293
1345.1056921251063
55077.77050442648
-18358.7137927037
-35791.68760265099
2409.768084182044
-379.4703353888756
2844.904031595399
22070.10901151698
-4352.273766560292
3433.0641657793626
-2786.954704246957
-16191.128054656889
-4856.970602664386
-205.90276564589422
-91.41580654616858
-126.27944753672924
3220.07715125252
49521.29516629828
1219.6374116260458
-10.48604411714173
-2060.044095365825
-16427.74211314914
-1443.057648466707
368.63390263341705
-29449.661994685015
-15741.106125630537
454.7266225379407
-869.6698489396902
-661.8551750475148
13495.381644401688
1421.2621874990384
1805.47403093861
-551.2415427935897
462.0715078070497
459.1276325372109
-15.941561628344315
-135.02687166762493
-274.23703850228674
-2866.5923240614966
27.008599001873208
-130.2640727497345
153.67199650509383
26.233920823875764
1179.013664609371
43564.03314719192
138.9862553693422
31770.856860180495
-1078.2640277596208
-503.1645217395797
161288.77404234433
1086.2303114353974
-540.5677296001552
-30.510507484439533
597.3809890143426
-16.808942135493936
6.03671187703489
-0.673565781382218
10.199631824422127
-2.0977656301637637
-388.7473996249843
23276.138551442953
396.73271830887586
1.457351939068468
2.5692753956922125
-1.407123189125293
1325.9018332845876
-7.605419741156805
37.986632453110445
3.8191955374789726
1.9541622709259419
181584.84263342107
-29925.96390725672
640.1854844630728
4094.1317069749666
690.4508217844804
-625.8023898281222
729.2125075912475
-2745.607952251102
3126.2814822011615
779.5897463302354
-279.08288039083754
-466.631439444518
4380.266681972409
11.495058936932699
-1468.271147486772
-7611.763956673808
-1925.907399152867
1376.748583458356
3502.7734262331346
576.3971833640879
-2545.6388490455415
1215.1969943813788
1457.0176013089983
-4227.869793100781
1829.738923455826
-2084.5826996413753
-1026.8794594557735
-1492.0010012533855
46.56883457301585
-2022.1006908075094
1227.50471654234
-557.0888821394858
2861.089059415929
550.3099048633936
-24912.206537655293
972.3052927591484
-58.8456296400095
0.06974027908426028
16236.455642526082
18711.295867215715
2358.630167119939
9597.415164042472
1022.5434070907548
-1206.6677395127285
14105.183579759661
-3412.9826448667363
-683.8380366312973
35613.06235127693
-17336.717626827405
-2748.261215145159
-428.8036777278168
5160.493725192953
381.7188888640782
1849.7341199548737
107.30943986091347
-641.4009600393422
-3174.851449235305
-679.4517246370359
-0.3959419141537717
257.5394965450891
-3167.169454081527
-1283.4169465137045
-0.7785229874560631
27.69836365225662
-92.3863724944942
-1884.3693085135899
47.16062826603698
340.00236702604064
-682.1366398285567
-2090.2982654048737
-570.0097712265593
32.433310522501436
153.32283373320277
110.56362455157729
3871.5597426873796
-3149.047825909226
1909.6670598705282
1143.6019551804789
-804.7121552182821
-398.60784088101474
-1030.964546739692
51.0875910651049
-2362.986429536424
986.0661450563927
649.8671899334041
-2834.4428870716906
105.37222631945589
-247.8967130109623
-12.982408295825111
-503.664451052762
1.871233835687883
180.45456085970767
98.59476966789092
-19.70423166342213
7.314113598019099
437.7625896063585
-26.181592455889145
-272.255735536904
199.50241254089394
-124.40124756657202
535.2239683732005
-96.04892098974783
-105.11019184473382
17.38372400603678
-110.05731835946847
74.22325618187116
-27.34113016701509
69.34431340784475
7.696549296123669
-24.719518143846535
104.64076203834165
-28.63589615835849
32.52361421177661
3.8419883518760503
29.47415057942294
54.275473996995075
-50.55680230854855
13.098873100365363
8.307448344349973
-8.468309233065407
22.473152543957674
-6.55646475511736
-10.305140650673149
-3.1042189281916945
-3145.7381532396516
-277.91740980382264
79166.09072671483
5074.919044263158
12328.961648573684
14820.047374847982
5015.474191590056
7356.148764055809
-1670.214597668959
-1078.0470625204691
-87.92548241549508
-6582.299746385289
-93751.93943686617
795.959764689086
-6648.327565639873
-3939.7228795367496
828.8020204672196
-97.52090532863362
13904.158623359763
-9501.65663326026
-303.4682570534968
335.3946297644735
65.8471964841988
16.126501403516492
268.2589038110844
-1450.7237031721743
4270.519975374588
-276.33371901310414
-476.63962229938284
-118.17809804203841
-9.04963638617846
-1.3393665603284934
56.67492589060195
-38.81356570748562
8.245728689083055
-114.91890895796746
-40.284581727021845
252.43444653361271
-32.519054258935896
613.0807920975514
159.54224764661103
-198.47218837966096
74.54193770610648
228.57582876542017
331.2836258255949
-18.928301342976486
-150.5442906751476
89.00338657509045
-35.19840152330619
29.746064792782235
-393.1623269722171
-105.86958749480041
-623.9135861665447
-142.44774373997382
240.99419804368492
-96.03657006652449
-18.59970800647029
-112.7259529455642
166.16674045629563
403.4746313284426
6070.835221882775
24.27789758584833
-3635.202752319705
0.19242198425426926
471.14691426240597
3636.979097937337
120.55922423547011
-5320.625669596877
-3131.772133126643
-283.61447756221094
5289.054814400596
15510.253160824144
2154.955160466958
722.633968169302
-9.749952875221945
-1244.6026363128174
-879.4682284235292
-3125.583324382151
-289.5072345060827
-2.9570284883151405
896.9719053407819
1895.1580804646594
-1254.0201051052363
-1350.9976315907732
-1040.2740510179947
70.94905538487716
-1990.6055042673377
-6993.504635516417
1225.705834293898
0.7107950414773659
-0.2614436339933504
1.4121744319342107
-1.6906286598666895
-0.691525045714149
-1.4547519588448896
-0.8105547264803324
-1.745620276549918
0.5445197052448281
4.277119814717521
-0.08917632315466179
-0.4330148073921822
-1.1190897765453334
2.8941542022521833
-0.2660413623180407
-0.6454391863487621
-0.41346502871687385
-0.9684009919412363
1.2807264267501102
-0.22041984795072717
0.04048216854731988
-0.1877315080846244
-1.0560330477041375
-63.26890973494889
-0.7850357660085433
0.45402083167111035
26.51458102827059
-0.2610093517905881
3.7031251127596674
-11.637797113654251
336.7410110306126
-20435.72199174057
-7175.203502615987
-6158.522868497859
16471.781081289664
-327.75728892350185
-337.20995548271907
536.1055329305623
23049.231599495604
-19466.264772273706
2565.5477067918773
-517.4969702633781
394.8521513612501
-2215.3654518464596
7147.103954515745
-6865.169887628227
3488.747144469336
-29.97834811331543
489.7848399712243
-4309.509040405103
5597.2782944171495
1519.2495030060124
6692.032158278811
-436.83602281765513
10306.343174823964
-12369.620958422134
1947.3447398193478
-1005.6446359975712
944.7030213557434
491.1281358633972
757.9033270758326
956.5107850774094
1976.40839964979
650.9637177624337
1351.9524265601995
1180.10268747765
-691.450296656822
1999.6172029459553
480.757755644547
-3047.1562514947345
-2056.7324548460133
709.0900731293444
-1858.8205210175117
62.3832104115483
2505.282141418552
6057.34084758559
31.1888200917371
-7775.9471602312915
-1101.0901940122094
2553.7269477633813
-3138.197914782667
-6184.86390507416
6085.36716857021
3411.8270895472324
-910.7487558420007
-421.50155445555004
-4565.81521315632
-6010.477381883551
4714.256162005449
198.57761599967117
-29448.536650131213
5.169920932145949
-660.486363924763
-26767.581334419116
7940.163104249023
-2388.035574597233
1010.6002364108671
-1577.7244588388044
-7971.428775663732
1098.1644745637832
-9318.176802810603
-6435.151702094517
16306.002289275557
19.966529972021043
-1745.3170617351448
-37311.80249991664
860.1913650859204
-73.16232509676148
-7707.716716041636
7901.33011780049
-842.7816864772565
45284.094911850494
-1.5070053508872652
34.6433450770316
7891.820720030751
-133.29235615359173
-22.420536082001927
260.7271139208319
51.176939427089835
-1034.9313228984663
-6853.542813547453
6.806710598744372
-405.93773315623974
10.92825020971004
816.7926842245746
546.8099464351193
-2484.495128138209
-9733.256942328439
2864.4348067737906
3798.5794506530865
-103.868164506101
-287.5409202774604
230.0929439078199
878.8210001764617
334.27760247255696
21.854565657918695
-8.378674624149918
103.23596973418107
-0.4141789301024504
-474.52864414423374
-1.5240335742910818
-25.18080166888897
-701.6452845240404
85.52035349635456
-0.08223624978766682
391.94474831829837
-1214.4576803365112
0.9928113540018091
1512.1977100193342
124.35221353981088
2717.377792232857
946.6154883017141
5165.475804259252
-1558.3491785859007
-22987.985770785723
19154.661633618813
7361.874267175499
-6256.801544701432
-867.3045080364402
1239.6256926576013
301.40604075639357
-4057.5859970592046
7670.634558395464
-907.4830411612909
-3736.890602708461
-2832.4088160405086
6699.113910773362
-3749.1609265485217
10546.533798331291
-492.27503649405
-14422.318947878659
12131.461663682316
232.60613284395768
-300.90802390173565
387.8692210825999
315.7825760923786
197.35090490293965
-298.2992858988631
197.15109354357963
-871.2440163082662
1144.6275661368436
3038.8952435339356
-3731.35781550517
666.9193039781746
1837.3067754264944
1043.230332735433
-1287.3433482363064
-3177.242991585278
-785.1612266237942
-2204.664663876406
19348.03676072091
3405.2994422669476
-257.8766466563508
11423.811874182242
-17875.86286055962
-163.20287621182982
-2277.140883869863
463.1651676076806
-397.2229409019439
-20.030448112167406
67.4602955550156
-7.617081128121214
291.410354473919
-675.0314017219033
-171.23399801022353
537.0809850486822
1049.1931886856555
130.9542477084523
-621.5078858798125
-888.4094734158708
-639.9463474105935
-235.93292256216012
-869.686290105853
-1519.0116604240882
-1422.4745772790275
-58.557874389139194
835.937874477562
1474.387784472453
-38.109889711141236
298.45449450201386
-946.598219521741
90.20919694061162
1505.3523134302397
-1548.6766170353626
1200.6317983495785
-257.4275108248905
-403.44798699791056
-1883.290663268051
-32.762146465393144
-475.9529505964546
1258.5756122053394
486.32417219869285
-195.63812264850367
-1757.1817180860362
-403.8141516658323
-327.6207643081478
214.66761093673256
-295.7494483501903
889.4397471766221
-255.99048095008084
-4321.373580983343
-743.0704887438475
10948.77073189039
-3345.9669025763205
24210.88114677862
-7074.707572322181
7358.2761843569415
-6847.230461091445
-4077.898650348206
-2292.834211996862
2428.950193555671
-2456.944806268224
8710.281315570786
-3674.274115911743
-7070.488149353404
11990.114497593551
13893.476187839937
3943.8673836962616
686.7580517247889
1740.7687919500752
-15665.267237511785
1444.7328809434684
-10048.709605560674
-1298.9473557678618
3823.671373390448
13986.175455730667
593.5223003133347
-4283.6535278597885
-5601.855536907585
-3807.797682635086
4918.879273612319
-1224.5738565120039
2019.6796062463018
12768.567288174034
-4065.0961172907946
2161.170717618123
-4808.469450924175
474.51263646740813
604.7292821166856
-357.12626000396256
15509.135371511373
1114.6570642953516
-210.243661656984
-4250.873775362003
-488.50077384514475
-7561.621355163347
28795.348498845993
-1153.9943944206373
-42.46033004595936
-492.79479273603187
408.94721025461575
-0.7499880431261544
-78.27608447731399
-4816.8982376265
3309.530384054998
-401.3558726060849
189.71150888230704
211.6694568119053
551.006374927056
-17.30177244678047
208.21543604927322
-59.8610271900442
261.5330335943827
-1.1427361130610085
-333.27600338611654
-52.68659879882671
-234.95028890504594
-8.208600117328276
-3.1900372703199564
294.01704631544294
3.5442241016710194
211.24870931402893
-37.8651570676173
-1051.189952247003
127.80618851539504
0.039810690232988326
-12.282658782251117
-297.04289985083034
356.52014462004905
-2.463114465442273
10.819929161918676
228.4192906038695
-314.06472722956573
-81.58169729110179
-276.1943868799096
-3.1169386321063706
-29.18442729002841
17.853722848707946
105.72360159302656
304.7007257718843
855.924477907913
69.68050368808987
1008.3536299105349
86.16255286874132
-493.6450093485684
-209.3075050421618
152.298588804231
-26.48838030497738
-156.4524766130317
402.4497387984864
118.20219069151787
2.859044602046669
0.23706648422932425
2.1649715323908376
191.14208997658582
1526.2807671431115
724.9465766343284
-228.1215448161999
477.1352351564355
-0.16264014882420308
-274.70771343419267
-2362.8789915535176
31.544993269299646
2245.821448193085
-743.126395373688
3905.2306521689784
352.93986463432867
339.7406358926307
-5726.995728352181
-236.87704605508677
-12483.818233949965
515.2260225836976
-0.9133916462997888
-736.5728868119767
-2380.544430510979
-273.105076636205
1411.661820367854
3066.1855563423683
15476.09178647653
790.9562287986195
-351.72309780823076
8488.767646554828
-6.154225287065709
-946.0746944460438
1254.9212633478485
-5745.1791718799805
125.05571505285062
31.974519759963982
2397.201670453623
5026.190262567457
-4387.310350183384
-1674.1687944483058
-40.73725032659362
-248.14297510982914
1726.1510424559906
-215.25481972472704
61.88563373376355
1522.6624630429787
-211.85212510706782
196.6898688635687
5964.013185430374
-3804.912929804968
160.28588843563773
142.27587886845626
-500.8526656598063
209.02319006160897
-1349.4011150588315
-108.89901018789688
-185.16019520174387
-5746.397964686253
-89.41235173944095
104.91460469089478
-4.610364721094542
266.5254506401474
-109.73719758407654
-12672.500163332686
-582.9326525706232
2905.712789001927
4606.220317351296
544.6699196216846
-10243.552265908807
2874.407632438398
9329.805859449603
15025.143132784022
-8646.227761532304
5737.3193046120605
-2388.3766993514296
2951.825726215905
132.55358869259288
1644.695426394883
-1.562098232540855
