395.4758722336478
-85.3103712497511
10.444259146758334
1418.3824194344843
-11.723173787673774
-544.2593879283169
1878.2495424285748
-1597.9894963403076
274.4711158564006
-383.4091957220764
-3261.4279925423557
-235.5324598145902
89.17937259962346
-1808.038781586192
-2543.370420858476
482.0832076552685
460.85045988819104
-702.470206577597
-1348.9405608202746
2674.9777659062743
4143.13302899642
-1677.864376492354
1778.4723972374522
-280.976159978647
1970.954214903856
988.4260104204177
153.29344605406234
-206.3774294372372
-650.0946677208427
367.07439952079386
6093.964386730451
3157.589734076704
1473.5394759243916
-229.7917386629551
-147.19332993513513
-176.07140743454914
609.9235931624631
189.25413578334675
-611.6696524769445
622.0823100423078
118.45807745543839
-5280.521249951561
6832.971608144529
-443.90199344817074
-102.5877080037682
122.99989455643289
514.4831328521905
499.184330768912
-773.5013407093307
-887.807065401062
-533.6566647001857
-1278.096783443846
-3566.1744518014375
-495.5412141558544
2466.726576182051
276.1446110263495
-457.12162826652764
775.8221138685278
3969.7711532872017
9826.304559594124
28.81471079370529
-32.65299624758143
-78.14101928143124
441.2790979955424
1200.830604436941
15.811473878439461
26.496646626692947
-440.5862193886677
-0.006632861953727518
1000.1657403696938
805.6998257535251
279.5166574328587
-829.0318316116355
-118.37430580865018
375.04147554875794
-932.6260040927118
-1234.806570930245
6.315494319734379
54.55604865304469
193.74546000583842
67.60390031094418
278.2324899588709
-219.07446472820888
151.63641758129233
-473.0086315628928
189.7858830843741
-191.6946687382846
-13.300486829518025
-78.34526649003031
-141.23077749096743
-1362.8934653318347
-590.6019821820857
-376.2423456120231
222.55110380071716
-973.0492030692343
319.6652127672997
-300.2659402999955
315.0514623206925
-63.45321213720021
491.0801931663957
-391.9023390491534
305.5084297325598
2846.7203914864704
-3106.375342696179
-276.97014994584026
2023.1936430490248
-64.37779469807154
952.0994812937976
2564.5133389049856
2355.8766316841284
-1983.4090586128066
3339.408582464636
-3304.179829227299
1127.9294465393905
761.8762734408749
-585.1592721681716
-4286.871639360054
260.9907688255767
215.2468427326755
229.00343262589547
-247.69825088086048
364.6451654721944
-189.8537370352652
705.432060619194
-1083.1988916287073
-646.3530791238431
-697.0896530614074
-83.05035784627248
-489.1446947367338
1501.1273523454795
991.3505896138379
-2103.218832149528
-1446.10916847242
-4431.669831666212
478.7632410673635
1688.5387769091642
-1912.987841659866
185.9859586514194
-463.7340418367464
662.9157871695481
-783.9996706508093
135.29342330073817
1487.2034455581775
-648.982524293995
-90.69764001941974
-444.13838867139503
936.924796694898
257.21124992808075
175.83505482444565
1789.9841735101518
870.0981266768914
105.35094691723505
6012.025148788467
568.1886738913471
679.6343571760871
294.1294992429921
-15.621603435696857
566.5754665038193
-4406.315695402613
-290.0688809949587
3617.3935689847845
27.55233952430282
-1479.9471192273616
-1566.2501355792003
-795.3195973462248
1152.6362744635774
913.6903092869283
1014.0389729164476
-5927.032926907763
501.0850973754903
-910.3002728858521
157.51615048424475
2928.705483022852
4535.273471870093
1329.155170660603
3527.9073695538927
-285.81913376043894
-1851.2852303779746
1173.625872845378
-6135.260725165854
-3514.6448514353046
-1636.8765430204487
2248.554995272623
647.8094369360958
-12359.54051042112
-4621.124550622566
-1640.7320464208046
-385.7487908689147
-9994.819235154107
14880.852801737097
1058.4437100359444
-3885.4925191845
-6511.692292327069
-860.0840386850588
4297.352587757566
-29.971986906292628
-943.9485454003226
-445.8284969094645
4366.3346126307315
512.51260819517
-1199.159523982946
-77.4669267825617
80.40029372420823
-916.4850246445679
-818.4587045209316
-546.634631091347
2646.4383118161218
1857.6840780469947
269.31866093844883
11.99316668474888
18.227789791395146
45.75635689965647
43.912816170448934
-66.81010237393912
22.529901258224253
-305.3864877167255
39.565786467118855
-143.33816494804347
24.69776777836088
109.10767561910781
115.02626163128278
27.14416044176855
-28.89273487119147
45.62930854057598
-47.01576282326625
-133.6020308160089
2.4949825316989416
61.32705981930675
-119.26430737150156
-95.77181430837805
164.10448373676107
-70.89466760233827
4.284928365903996
38.34895015496344
-0.4974268194419329
53.78489154060723
-483.8235671075999
-23.109170640712687
76.48544710226878
102.0997978120284
57.67538379492121
768.6804777640671
1770.503923659337
-442.55174077886386
-273.15566446957945
-1552.7806488994163
4389.451702361261
111.62078455005945
176.84950419697478
378.9015697515271
-673.8926768508118
3459.42523930633
413.34575998927164
-2240.726099617323
-9417.179118674363
117.63007901381563
-5735.306538015231
-130.31747376249234
12699.410851217863
-1674.431602508568
-1882.1707149690994
-709.6500214531812
-11.970434101479437
-1843.7623233579636
8630.111215528357
480.5125466911542
-5536.984583086885
1082.65475701192
768.7138193026144
-240.9715159855614
-34.57763000176412
9.728841334903354
40.48094383057461
1150.757597178094
5939.969589926521
429.0057356355986
4.194925984017216
-1278.0196040442745
-1040.1041663358847
-120.58727758109553
-96.75283660664559
-6925.243442762645
-1576.476235946592
72.12762087198345
999.3763276285547
-1721.4336863547423
-1064.1696582973084
202.85889133262577
-117.62155683776153
1041.7621289312583
-85.53452850811763
-43.76195353950851
30.49887379811836
-82.4244165663801
63.853670443614355
-332.7035300712336
-87.77547683711938
52.37268509723901
-44.67599642973334
-16.33211193418842
-50.80512742343182
-2444.5914841268595
-31.627333135186245
279.65876758257275
24.694518476204788
-106.19472674320289
981.5046135501456
-54.57288951662315
-18.423454301715424
-13.645030045827918
3.5167689163793994
-5.921956128544462
0.01096738197450615
0.02336200443877442
0.15145504168336585
-2.936055124137152
20.147900885729065
181.37514756641696
47.66313275914103
0.026430160525201293
0.053769356980589406
0.0020713567708797666
178.7140115063445
3.1201472113378186
25.43770197298774
0.008183963512350359
0.0398388407702913
-170.0532091383664
2370.275056735432
-105.16981720801199
-439.94398221378924
854.800412952638
-159.45039477008055
321.59955017020934
-289.68383395092076
-84.18428054056996
842.8441943812364
265.13230884228153
3552.275147878252
-439.1427183340247
1.0231743054018996
3589.5992511478057
-4963.945888000491
830.3921803133909
567.1259726094795
-801.9258565861369
-360.7934109541143
454.8419784111331
2243.846299015374
-2555.0405300270213
878.3042516097572
434.57463696670646
183.96009004408836
-754.827989971286
-6162.548424890754
116.58235335924785
-59.25080671966265
-108.9692070790134
-2.291923366155136
-345.48996994422816
326.02104416174905
991.4678606387121
163.19947943160227
-31.50872054744202
0.039728617856559546
7856.168202507648
-2419.3697276381686
345.86102376114576
226.62875759800355
131.50726638156382
1671.4647707274078
571.8868359690666
-70.94662053620371
-84.38022973401664
-982.4958125905858
-1104.5299955937742
248.99793522011026
-61.26640559241046
2543.372584449622
-220.57542408396534
14.850155500072075
-22.418316388297033
348.2297183813766
484.96748028565924
-49.88497482220774
0.030527761558602068
4.521637386982512
87.41091115989414
-37.41203554687458
0.07902808180022461
-32.662178824892194
105.22166343351529
808.391950795357
-47.938241866198645
32.65425203149015
-107.1272407146346
-115.94890248971423
51.9054791091623
8.200796953267846
63.01987267297437
-58.988457593455735
-2843.9322360772635
3423.6246064896322
-285.1854437309174
441.5491850652843
-351.45356873019676
54.79608180741953
261.81076136904596
-126.42369223207939
44.78611454076387
-76.52899633569714
4.021269283589426
-2639.2325332387513
-254.61470339706798
108.31377314801952
-15.850179046160726
25.73979221207446
208.4311369676144
-4.529531078796171
11.17277944391196
67.9594939346366
39.828429373195185
360.2276641324693
-3.495277752334939
386.03190764519456
313.3051933033883
1670.5054581184042
531.9998300195296
112.7270246012233
-1041.7535663575768
-261.85025577936506
27.259243550895786
1.5138043959210532
-36.182720582166105
36.73111112700775
20.818765729912137
-13.408023568036915
16.770348715829506
81.55320612744364
-98.17388548035144
181.1796360717748
-63.25195216769414
12.235895355172795
13.7675623924032
28.073564727694542
66.65938683933379
-24.313564172686576
44.12575303533545
-36.77311985409237
113.86876585592378
18913.540330226508
2358.003799842378
-2310.2960148760644
-4008.831468629884
-58.90631524978998
-353.48723585071184
117.10613886393665
12.305042037913667
-237.73992464455193
-850.6981815356686
2.633036821410366
39.75534309560284
353.5174785591634
-654.19740308141
147.27358450940466
5.976587734324512
-85.40892169967974
-126.33339467681967
27.260401340542145
-199.2565488753679
-103.78603585817113
10.847538238484754
31.17416284999485
-19.729184565131828
-13.101341377970522
148.56283454549586
-131.711784684162
94.73857013430138
-27.102894197874985
95.77867065865259
16.0201420761866
-114.21022438505582
-30.724297453338327
93.4653523300337
58.57500949160092
-22.61198342032444
-35.98123634076587
-83.40175846491763
20.4631087975317
7.6657589551007455
7.399730016943695
-7.032528161059396
-5.406027118860151
44.66874203595708
-77.19096641843191
-280.00609634266283
-11.842870233491892
117.92918297753596
41.0693463400224
-18.154529950300887
-5.984015972271901
125.71001506397131
16.89679829492
246.31478825585447
-49.80066501191724
-294.1960754042125
219.33299485923484
60.18436183842142
-2.3382687143056526
-30.105442684865555
-5022.599381469791
-1370.40254853505
-9.29198707254987
21.54271714012046
0.04808752871191493
-40.55906403000814
-23.26211309585626
21.815628669686433
-676.0468566679084
1177.4513496361653
-63.867780657693615
-339.2428619579547
-1142.965390203804
155.05207499758643
-42.607183482898506
0.7656110204134602
13.993115018143094
-44.882545068372394
2656.6410896251464
-30.511020548499523
10.772646877723194
16.806978720491827
343.60549123804475
-4.508099881333138
84.51976720620229
92.53410205162473
135.76094861846275
315.7072884014275
-1153.003082629124
-274.5985097964627
-0.0720812123071062
0.03667257959631388
0.034355406711391596
0.07887695267611997
0.03823861528091565
-0.14400059750059194
0.11630398333662853
0.021282219616401355
0.07911604613904981
-0.1857027404804613
-0.06337629462348472
0.06269876006476834
0.023584489497072023
-0.032508993771553356
0.025216345317816653
0.03009415017384413
0.03103372114181282
0.09136400776060505
-0.13342010177128305
0.028244975954843453
0.0802324322925715
0.01940556715525524
0.08842620380338541
7.1555317843099315
0.034330404380410275
-0.007498859912341496
-0.11742030626645177
0.03716584084937707
-0.1381924649996471
-3.4589951031724726
-249.10339830477815
383.5647964268224
878.0024336305122
713.0954236752993
6016.773819011938
174.93614635446374
515.7001662516237
123.62723622804035
2320.199149082926
-3605.919232202379
429.75207037528565
-60.40424903088104
144.28064674321692
1000.9181449904021
474.19574378239486
2490.7722203079534
1460.9699150842132
538.2927528788373
-772.8539377458943
1903.1321757346082
148.7630911137607
-1054.9643300902355
-2890.7596446304606
-387.8697178058616
2701.806582534008
1177.3949826566557
133.81891578991048
107.78159372397162
-442.2416191381001
361.007696283402
95.14279828379007
-49.36008957003493
-161.88206554374494
-233.30515078424003
-639.2418798569252
346.68823073600305
-112.60761337967664
27.068818122350283
-961.0258010664069
-868.4409538127007
-1581.2447360699077
1263.6372250666336
-115.75369820724293
72.93527898679284
399.5163717972373
-497.0556055106325
-129.47255703768715
339.9090359537627
297.2834399329154
-425.7139620059645
1100.368391048022
-649.574028370655
769.3896762345759
1644.1151186120687
729.5117577560445
-666.0822528412107
410.49849999174484
62.60443105927462
177.88866577611822
36.832047748972094
-187.9946016031733
-0.29646575107016443
-13.708354307112183
-755.1134694522842
-135.66703449809975
-158.74884771398746
109.57542942031436
-303.63524826204167
-176.28138988641157
-2755.550818957942
1678.1073940546103
1616.0654715387625
-1695.149972643209
52.01249224422992
-448.1971967901477
6036.609903721802
-38.505126011299126
-22.313884626535806
2234.5309197835695
-425.7181937644968
-575.8326318899905
-5787.667852955488
0.053292568615098214
-13.332343433443183
355.55551151797306
-60.86287124394057
765.8379433612076
-21.311517723299772
-54.65304388670634
-505.1501417784097
-195.36790622343713
-7.489507874070534
-0.9236252672474675
1.0542783529185558
-100.00783175922457
-2.9932405893380007
-96.2760902540833
856.6435800705699
-488.83099900704093
88.48442162407838
-0.19883985821798802
1.7887358929206798
39.518858131478794
-60.93834177671508
0.18173815976450244
1.797907232520763
3.5582784551019153
-2.8197632596963476
0.035479677096283004
0.7422153977571215
0.03452924193896806
1.1164189315851742
-13.79797920386486
-1.3126631048974962
0.055868609740709924
-5.540085138718564
23.0848747593731
-0.039661828184570556
-21.72378833849429
4.1565604442058595
-757.7522500761435
-179.300736089663
1985.5787165633546
1670.421099797128
-12185.52030176192
183.1697967029703
-1389.060995493107
-35.45193551998
263.8768450883019
494.06760173290775
-350.68222483079086
-286.9617531144133
811.5211093361081
-537.7354410240415
-4204.886467579509
3729.2706299894076
-1252.0508205062852
-1936.9265469359002
-8282.683625555219
359.2511190967073
-5314.80622436191
8000.797662050024
137.6485060620355
1404.5972029504267
139.59203251772314
-97.63949542750845
-244.40195906375604
321.1856649999951
-166.2785542841749
-775.7582006032786
641.4707678908503
-184.6125930976893
-969.3939399547746
423.7799565574283
-133.0912375006521
-458.33818535237447
-433.57751239704356
-753.3109030984946
60.28475917977213
-690.8611445144011
-2206.9271976539426
517.0180868946577
564.1755126721907
-1087.8210521725478
3857.3951191566725
-703.8906998635703
-1080.6185243665905
146.66552240551317
95.77902964801002
5.26241974343814
43.89897260354493
20.07313550470226
-31.41307861348649
4.373155669869484
-44.31072407760859
1442.9094906705964
-62.27967792433237
-414.9600417885891
36.68887653422203
765.4900902434999
-248.4608287659025
213.15651594461747
-42.478606604626556
977.3122652797999
-1622.1487556946743
-113.65453392095752
1566.0460445587294
-258.902696326631
-5.517807441880337
-207.40580278422755
-143.9481071541603
-454.2576619298935
380.7786933146189
-325.3202160381727
662.5184543432584
-250.43452024498012
-690.5691405750647
-530.166808314269
34.12406248515958
-1812.9168837023842
631.6250476605067
344.56332395727543
129.89926268406217
739.4816004438748
-6.916867952742837
-97.61459019110514
0.2718820694808461
246.31399501437804
-899.207628825922
-276.6146131843922
898.0800273244248
932.9161207179757
3423.2035197461064
1178.8564631736579
-2539.7066556303557
4795.573008607617
5378.085859241507
-12039.826916756265
7845.006589112422
-1475.8370024815713
-3365.240016007435
-3007.9318046268445
-4186.116931544313
-2951.8420268297164
2291.4208748841716
3353.2175576781674
3356.2187741741345
150.16113144977524
-1452.4486884301782
-1727.1239413397025
-1295.539444989556
-52.80301241433869
2933.65955069942
-85.08067959110576
1575.3253294545373
-2827.895658575312
462.60275615449194
1708.227229141967
2423.870277470544
2315.8500586250966
1014.1876581855308
-1020.170092110955
-783.1822943337786
2987.934590341734
969.1286542400118
68.56685981063598
-630.9433983365268
-729.0597057019644
204.91881667860773
503.0721979460704
-1032.1952487421688
-20.22155994597142
-12.445714782440769
-339.5985033792437
-112.67496278516838
246.6627792179681
4936.718548950652
32.94239571023871
-19.936107872770513
-45.41367233360007
26.64180825089065
0.07182298581571939
-21.692724079959625
170.18713703553274
154.55782700306077
-187.33997149912858
18.08622663896334
17.042445152895063
182.90216265419159
-19.78800674847186
365.85453955411856
-150.43194442141146
-78.19259346371335
1.1184171663209688
216.8177565094063
-28.445768330439847
-21.602238805428723
27.839106987762385
12.380838387469549
-104.12976460450011
122.98074184350469
-176.23978772956622
51.116048977716
-162.69045208779485
44.47282083136365
63.85459861326688
-20.31267478288705
93.89829925503602
511.9576052560962
201.1032572224809
-53.02625375955618
142.93822736211322
-35.79329121347296
217.37590245080227
288.3921365733439
2.2391870269376106
125.06170691392643
133.06158486767237
109.82789653332284
-122.4591538317816
-191.6533517480635
-6.430388206504408
279.8715842258364
3.9709340618440563
-10.369536683540705
741.0389546817486
-67.60885825546335
-45.88795038238518
5.235902384732995
-101.75060590811256
133.04423577141606
-0.26072476098091807
0.05390332413942231
0.041054015809279976
-1.5875746731070421
-172.41525299833756
-103.88366312853826
-64.4593450553699
187.69432989540218
0.013663381594324283
-313.7199512205
38.98765884504518
3.9648997366971495
125.6059789871178
-9.149585871722891
-234.83441606877423
32.5570123450928
21.27001802170853
-169.12231247418288
68.48593985614231
1.7842225620626517
-56.86252925639341
55.99298306357464
-83.68999241408554
-8.895656210960222
58.690072743152136
-904.6256111416446
9.348935742582839
-849.3302578585658
-202.7114902118495
193.20446539644993
-1592.3392581461462
62.7917108093669
49.73700780324104
-1552.254637792436
7859.472642456505
-29.95331143514096
-243.3167615962775
39.206880493696325
111.55056849298178
2495.788318117861
-108.38691203938707
-24.01951658014147
44.04862747639044
-377.75218605247835
32.71254504000253
-8.30797016065645
173.40290344776335
-35.031919525927194
218.1992681384792
-830.7447484744658
360.5430072009551
323.8993886333606
301.27801734279507
-437.85295098646134
109.30251003229581
47.21629874490835
-27.352259047414464
-135.16812747898672
410.19275883472636
-51.25424078764128
-38.870734616742986
17.606563938253064
2.5716881319235485
-51.77004982103126
554.6872044556388
-81.60470935336508
38.23665111409963
811.5328002175181
1.6354992428851254
-3628.961101522939
-794.4732490977938
1242.3879001406817
261.2273229580236
6748.352629481746
-3538.8124790539955
318.08842681670654
259.84807325483405
358.59250331075276
-946.7657756829942
-0.9294105224277482
