237.18282135461894
85.04017615373908
-199.14773856914616
-2038.6041800013666
133.60131559953032
241.35735361304893
458.01525958003265
1002.9851454464642
-1294.7105290312788
931.3763076146204
145.73065381120819
-554.7200438183766
-41.0150222744941
-332.1376400875438
-568.644543160328
881.39882237148
1874.3227635936355
-188.46895963144516
-1497.8778095274392
978.6114002767522
2668.664362809001
-854.8234058451204
1217.7959716196021
522.4967136709058
1332.9469114757037
642.2385082325927
-1176.0214408451986
822.9633022416825
472.1473102457724
1602.4624425334032
225.74135610378025
10.743921768389754
-26.649885213663598
5.018643442531784
-11.716626746403588
-7.320825746195027
8.039187159511183
-17.0146568247603
9.282836834184344
-5.654928725649997
4.685779156911393
-97.89949357548538
0.4993463318987302
-3.2890511288619972
-6.505145154416016
-2.4315184338330096
4.498970951591019
19.550866946447286
18.396432193586268
2.5795835838353667
7.117952405156413
74.46594372648256
41.669392785178474
-10.19517825463388
-7.739320213066692
-3.995820544326544
9.893784850839788
-61.543202641100585
-6.3865444322722436
-87.10400064254566
-2.1812435357278255
2.2400278344258004
8.64383229618747
-2.58016271176842
2.43784080451778
0.7130785552303781
5.791985397808689
-8.054569447899965
-0.008093025202137177
-1.4892214800011951
-20.104815696666847
12.512643364999995
-14.025004637482306
-6.60874580214527
14.245929992387495
0.9207555569619084
-28.43452313616394
1.1435764522218128
0.4087738304331341
0.06285349180987118
4.352742729011979
6.040286682293211
5.908567898040442
6.889329491623478
-22.125984120706043
4.483523178152273
-5.263191156137253
2.2322351427351483
5.548791711709247
-5.729108828032312
-454.12862366381927
555.3549553903147
-281.89439577896104
-46.114728825208545
808.3422612448541
-518.5357112868093
-30.076834818790783
544.6481156426927
65.13759447495114
-756.9734227960905
203.19912523777572
78.85733482689511
206.5751026980363
411.2606138496357
113.72775400732708
-690.2956068745987
-1380.1500001263032
704.3923125703609
1574.423156593465
93.94753685189924
-616.0281089166497
-404.7539323788506
81.572496469157
-694.0007981139598
-429.8875906690224
-596.1684791939196
2002.6369893006615
376.20887023994385
-985.5168722275497
78.24839849895794
-59.054972166253194
59.8822847793005
-1.2882803418665012
50.528469964502236
76.16821504011003
-11.297107768504448
-114.19697543240584
74.05079473336559
-133.03649395136182
78.64467568916038
247.98442337199205
-905.4136130559037
-192.53422862549158
-8.979687664416897
311.16310592330206
699.4891128462795
-776.7851119094565
-97.91213402215298
327.3104395333893
-185.6289108671984
-334.9503047178516
652.8146059159732
89.5863977415712
-132.4351663894921
64.55282295942442
-34.18069833854632
49.1913813249525
129.50148766741236
-16.954654100495816
1.9885757164535247
-336.07259239851874
1033.2260511466166
-3177.6657104038136
-2285.5485455140483
2425.529363091364
-888.7399150351004
355.6681153421964
-437.2103549770413
-295.9007138740835
-775.3277488595812
329.8458435213591
-168.91437946997104
-399.7701852387679
412.60657418023203
91.56402642763909
-29.684084370496546
197.04789880321323
659.0428296216282
1303.387928337249
-139.7097777662938
317.32064425579796
49.60298178453974
892.0751768167634
-812.0689980326871
-483.270571150745
489.3592403180275
25.716371425096863
60.77556571446315
76.15729176780803
150.88383582498977
-34.498032957256946
29.597125211951067
-218.37301745898046
9.31218989863544
117.92335524507065
-107.28761764707501
-27.278467169415283
-143.38509258173934
-374.48663510396625
899.1160939246741
-160.39270517745592
-552.5309868411873
-161.04375601466006
256.79109686489625
-27.269560673983595
-10.70082485750509
25.80665170414809
2.773094769631292
317.2293327173941
-70.93086672288892
4.911686497912503
-14.165373648461582
27.109374017822876
-172.7026473324304
-26.970069623161173
74.38635458109675
109.83648580745495
-79.28089499011026
22.092902478232954
0.24376687838942634
-67.81227244528091
19.091938405305054
-3.553973737789736
-66.4181669792669
2.369701708155309
26.53022200679818
-42.67614185087222
-16.87708382315149
-26.484651098685283
-0.7091762197187829
11.278011882609961
-24.601689961705322
4.761169175489451
-4.286739337197153
-8.752849632240757
-20.773844048003465
15.580990294307298
67.51306125302789
89.87492764679996
61.624076336128475
-67.54960029147753
-80.59121140233351
-25.056698670482433
23.170712136191938
16.24986219605541
52.12004208692547
149.41190917356295
-13.154627863801544
5.743035844508079
-11.369504306866194
896.4024881957749
243.38123918357766
-259.8373079309842
-534.0229997313126
-587.1863285474162
700.9103426609735
-118.88494289184024
-19.726177410639977
619.0011592199626
-919.2890802337969
-148.4225831189139
-237.2670628766226
-432.546692384947
93.54398952132787
780.9849226418542
-1262.9805751612578
252.0706603627238
33.59984703700706
-543.6333884570756
2234.5163091224344
-26.678404684716245
256.5307319109058
-44.39039105631709
-41.3563974089905
41.55667661152252
11.930065982153637
-288.6141651413557
178.82947056144178
-132.07563906653496
26.03531890371608
51.22082870493922
-2.239499462187888
3.8514386607166395
-531.8466982562165
134.07733058909963
63.5007127542231
10.592505072249201
341.15410578607094
-865.8959469446569
-61.27770262203181
1185.3279109333598
2994.521018524057
-433.7155601224719
-97.39579839159117
483.17276217769165
-213.19949481810391
-1451.996348876423
-361.41884218119185
85.74580633837218
-338.69026842306005
-141.0905931360426
10.917222562393276
24.038587246646937
-43.27308413157909
-28.158319857431508
173.10209124788412
4.833081320825834
-2.0467469834760608
12.89316729941198
-4.670590175371733
-10.370999807614982
-193.43649896017882
-19.62112288983747
33.35540461008515
-9.870820597867807
-6.554101384862578
-52.53419122578416
-0.9864098450626143
1.2048561493185164
-1.8237652496891752
0.12668505046146414
0.18675906813007856
0.004363566935010567
0.03321246063316835
0.008341401461205655
-0.04383722227201655
0.6746040240980444
-4.3125383742204875
1.7797537523604463
0.04418630347468502
0.06601477686416113
-0.01817663376455012
-3.3678279665232376
0.11620229927031317
-0.5013173739161967
0.04504825663103207
0.03307901603017291
-148.17333208023513
248.97416500544196
3.304543919803323
-0.7900302050434942
0.4174723016570855
3.631380705224009
0.2455078913997962
0.11368122250264692
-4.2875333976439425
3.411047616872118
-0.10730729830648236
-8.643354458362776
25.005004183292666
0.02195646373918767
-4.287940809725005
4.099312095224715
-54.95279841298971
-3.010186246636206
1.4208610976286609
0.12609716367978988
-2.58080065025507
-15.182947519656777
-43.75534214742775
7.017152925612882
-22.25531896895241
20.300936973718365
8.24004490991976
27.755272983012222
-2.0047711683226415
-3.3499923580077264
-8.848512728718266
0.3064504327402192
13.8995425472353
-16.100190632729102
40.38087305306151
2.9410554320099633
-0.947968907560303
0.0015859633814159012
-87.75774336711528
-0.12260898811998697
40.613001534426964
-14.282592680397048
9.08307071925297
-15.262075984888392
40.76764144271127
-30.479588450602034
2.0704073415956628
59.29899814835266
-45.52716758360011
6.918740425089367
-0.2692899638574829
-27.572492914322275
9.6759352980393
-1.0754613655817493
-0.466003056154048
-4.6972703709170185
-9.91501529063846
12.254188188465378
0.037150996812386504
1.5533977515537876
-7.6614301397002444
-0.6173799258446094
0.05753687398121054
0.8548887854038397
-0.23327769208343713
3.5051485629712347
0.5521484413005848
3.7554218618560826
-2.3149059099695077
3.9912249423082224
-0.9100302097206939
0.11188602226796444
-0.795069195178097
0.9465011109670477
-7.744100774719938
4.812981519168181
-0.6590987310384715
3.3654136778535877
-3.3253905342589802
-0.14046034488065806
2.21944456637851
0.07021274538577016
-0.04537780439090922
-0.3498301037983023
-5.993354656564443
7.0005388166741565
0.7588669439163466
0.14935509262459876
0.06926258457209901
0.16377893092326304
-0.5446633150026992
0.5248547406222336
-0.2807067452527265
0.07156318618367527
0.06985097344105487
1.4317586731450709
0.03025114126609223
-0.1743898237097909
0.0396920084771142
0.05484034095251025
-0.3034553627411597
0.04725362128026319
0.1542723746499159
-0.053263916739876446
0.05737681019220424
-0.07108840027578742
0.12716234787404881
0.081433612329836
-0.01418304558221483
-0.16297268137323387
-0.0341901099228069
0.030280344282658224
0.03926102578371826
0.22332285637322052
-0.19665530123369285
0.010283773057152681
0.11244158227440955
-0.3647596674035383
0.041247088998368965
0.037065183505783396
-0.024824025202784556
0.04810677851258628
-0.005075103006217961
-2.9824777086645264
3.7446672639855767
-7.199363863521541
-49.840604982022164
57.926679902142226
-10.554323517109252
6.329779086779358
0.8074655031293243
-2.5325814615464735
-2.1548740274750706
2.7544354906350237
1.289303165465632
51.64778097311621
-13.838401953548004
7.631314826726115
6.8567032452220396
-20.761969989136347
-1.3907823758499143
0.4496565349188407
3.0779959149475724
-5.388409854101696
0.06084505474402731
-0.5811407271249591
0.17618082515228106
-0.24946990813586045
-0.9532189343060556
-4.690918630456097
6.062263339111016
2.5218298507085684
0.5828513270505591
-0.09344634149413873
-4.941221097465079
-0.7381172652696893
3.844634275223729
3.144561512345956
-0.3096124364680387
-9.39833854475739
1.9885931745242946
-2.5075887061178466
0.7123798600065356
9.49464043654494
1.8082006148628957
2.3903037679878953
3.026107654388626
1.6771077831625167
-7.2553128788411545
-1.003832897576421
4.46700480656111
0.3397771696743725
-0.13470006980662086
1.4449359339455647
-2.1169627028034013
1.4909057382587734
4.2036483711212815
1.9320303505167393
-3.6284993448192577
-1.623184561112979
0.14379849535858277
-0.6852908041251422
-6.855942715194983
17.94443133168615
-10.31856732254763
0.1884524402450659
0.060568446777148774
0.031764058712828704
-1.4731875060600133
-4.163119194654024
-0.2088185452236243
19.79001843949077
-14.565576042402652
-6.635088897982346
1.056969275199747
-5.12204078718006
3.8134108474643043
-3.3650493302672877
-0.09387655855755032
2.8545360706323923
2.5116994498408753
3.723662810166755
-4.823169584171148
0.0016365185336515247
4.525264609729446
7.652171873044404
3.8644251497164293
-2.3195863678932316
-11.910741574131746
-4.729838255404219
-11.651273061176537
15.746714756339209
-4.6516632574018955
0.015942267825146964
0.04883419578444316
0.04760692841330435
0.09259385003612321
0.04076594150393229
-0.08660478274668434
0.11513488616233791
0.07640534793094081
0.07263102291770675
-0.2339858218296362
-0.08330751188660036
0.06423776398631018
0.039040173645467274
-0.06241088179303728
0.017842157958040658
0.02643219122519984
0.025246454373583995
0.1021446272681965
-0.13665451034818166
-0.005802874897926119
0.08884215527135246
0.024218113093173607
0.02241449816148672
-0.4253148541534842
0.039655672766371435
-0.01479382695635799
0.33754429593684065
0.039568413778582216
0.033958068250540964
0.22759648242849345
287.54529984192715
17.271565535602292
-88.34411028545867
476.3819899718106
-132.21682157102998
-49.57921169468213
859.0873359177813
69.27250791506428
-1303.7467759338056
849.7569611724322
-26.468569056794276
70.81863589939258
23.135237125666322
-262.5948191068651
-1338.0230523159012
38.42828440638778
-241.41319573165364
-85.42024634130945
-160.86337449273472
54.41639659332486
71.26744807345091
-178.4591308695959
275.628206453307
-148.41141713024314
3109.9407363004116
-35.884390541530486
-318.0410209889661
43.06189028964648
17.2005779664189
-34.631513624378385
-150.0335017949368
277.1137041524325
-485.3460208144552
-1073.9019181857752
140.7560034391523
220.49191925415298
-12.521103323329838
45.3528337379323
96.50667363196528
-1267.1439746725341
-88.19238739983025
309.6916166644489
53.403822551403174
-46.51866665231165
48.08748211553578
1631.428202450715
10.688196879301122
-534.1198220515615
440.1744396218404
-358.8936552957246
-749.1929124027806
566.6078881859241
-726.3627947276902
2526.160673247338
-47.80627134365291
427.27822190804187
-19.900832704557924
183.31633604887367
56.07870384292769
-14.709350665673846
-15.07361020622547
0.024878248281718238
-1.2338354920845804
-11.994058350400513
-23.350131887309757
0.5071163527818447
-1.038023284185316
14.362786957063584
64.55771921977423
-23.25448893450675
-8.163450657344752
8.724017771468905
-28.871191863745736
-0.025347879104409395
10.860463568934055
-1.9923000051162312
11.212723675542087
-0.3108245648180104
1.2898433004562198
11.254631105517296
6.6561430759725635
-4.060735455804142
0.04104725176197613
0.6701462339268788
752.5220794617942
1.9719784552302002
1.6362875347591206
11.491191263017038
-1.9163270963993357
-31.32198877584905
0.8712748782336747
0.03269131163260178
-0.4088525797574999
-0.03866328047610617
-3.780330546411747
-0.18780633812176986
-0.4143809285598245
6.461025835685921
10.051780568240492
1.1125024226480602
0.1088047482118801
1.8562613889094735
-10.697478342506006
-3.1413029168164823
1.8818032179060602
-0.8479048804770457
-0.3820605324501484
-0.8163007438806149
0.06284430235930123
3.37150017044072
0.012485699899403525
0.17685535729155244
4.737074489759592
1.492388171201458
0.06612159221627976
1.049802748146537
2.6475933671130623
-0.05717333655830554
-7.1312074875424365
-0.5038411149291792
188.8563405549336
12.946852778148369
319.02752545298665
111.5212767186939
-215.7134754100311
-439.14873373150556
-128.54570979033258
36.37154258157582
116.24325337867474
1366.8589615156236
-157.5218441732346
-259.61479495521314
163.19733453488976
-105.28415464161594
117.45298442582812
17.49264828756247
115.24053423543042
2250.738853383065
-110.59134459363781
345.6108403725962
-915.4490000117306
677.7130626608524
-33.346547629052885
-22.962190006960956
21.198289367966204
-21.11495099989685
17.42798560130729
-14.579215435611971
2.8340891440022595
16.49143464874813
-59.17956332657458
333.8138771699398
-0.5790548986216818
7.5688064843146865
-50.977568471792225
109.0500950195584
62.486750062176796
-47.16380323868493
21.6660609374921
-33.78175143676938
-82.47519471741315
11.165472169368897
-76.27066250297838
27.801577019653045
-187.26169474164607
-115.29208197819624
-9.852018961391556
-4.357401353119441
2.34776799826498
1.6690738039810542
12.712771154096568
-3.750537764107443
-10.862012105534825
0.23879821744387786
-3.0868239197349743
-18.817151119899354
-1.2410723837948874
-9.572835651875911
78.08557907478433
6.7588859271538615
11.872000728288446
75.8160573023212
-17.723108642787903
5.820214980290627
203.72273698537666
-17.027343649442198
81.52843363276139
109.60232430236779
-2.2843275786051818
-25.263207864128226
-68.31307833455078
-446.04225937993886
12.020046351410977
-268.9328968569576
-2.8357120158006333
10.607939584639615
-18.12562166402059
42.57848785582704
-0.1788098589691482
-79.85486283848539
23.00059994865561
44.3960694496609
318.42759884227104
-116.17463180624914
37.205974055398194
20.36367142851045
-5.854271618867804
-69.75538506659542
14.184862958610534
1.532701284358092
-244.12567803045073
-81.3299462128681
-79.93346514814866
268.35776487756004
61.82550014837577
-234.30579514446097
53.66481694130365
-128.78198095645058
-20.664356254578422
-250.9997539879655
-308.90392272985014
489.50173120779573
231.01214120327435
121.47654733934016
0.04361603540680339
309.02368469099116
-178.75772986509168
-16.825312408558975
30.658815902427555
-11.249338124161149
-360.2185826901406
26.08129736737529
-276.45915530855757
-15.683043483929826
822.3714984185101
-289.0575308957601
65.67721848647122
-119.81543383458975
-10.105892533989511
187.69342281673983
54.17261294884847
-26.28391628041631
-36.96228001894122
43.28173526310848
-0.4978876328014776
7.779043447453496
-3.0109434564077926
-26.229716250265714
-2.306143845431582
1.5939617820251375
-22.082046459311133
0.9702886436388635
0.4740058015405853
-19.942221101834924
-1.3819402362133948
110.00068980062986
39.7171142710182
-2.668781652228741
1.6779530150280706
-0.6358722339561877
-3.142945606189363
0.07099029602103239
-0.8633766807652686
16.971583166187468
1.6941775860287558
2.66128693724188
2.501698164031109
2.7734726604314806
-1.7349051352531037
-1.0925432634441916
-0.02559014036881161
0.10315231008335769
-0.1458869550108423
0.07155916775340809
-0.042678408764547655
0.15310408512379048
0.915517271156063
-0.07262841891550915
-0.02711947828488536
-0.34530999914763927
2.0975491394985406
-0.08795225715831351
-0.014138703396465998
-2.265358964557279
0.471170935864971
-0.035984968606827435
0.07924990381299211
-0.05563362446480525
0.3005710403337092
-0.6943016478916458
0.035840515885053506
0.03843840288890057
0.44721941592057585
0.10607632799955187
-0.13155574806505077
-0.26836294865478744
-0.204385398223596
-0.042226719596820464
-0.002251084823507708
0.5952725198894083
-0.4792844844771886
-0.3685754809842738
2.378380616271684
0.02616848527465568
0.23143039670315044
10.198612492379189
-0.20258689952160838
0.12852848913191103
0.12887360256912864
-0.1453771130327149
0.6656784187353102
0.06054642481845195
0.06611486623388316
0.0635513264618109
0.040847142731149234
-5.650268840211931
-5.35005612372637
2.076499625266125
5.684161404351224
0.03540355155450608
0.8792991185430662
11.188814978571832
-0.13616564899547962
12.973504457114668
-7.632234088626393
-11.68206703425733
0.6533429029383104
-2.5930367637828495
5.1728818123462865
-0.14435958324285336
-4.643570071074607
4.167020978505675
7.246197185322212
-7.799494237422624
0.7715371874143441
-0.07734709212098764
-30.212628277280807
0.029169595928843706
19.96644736586638
-4.46000298074543
-0.7842985331217107
15.274175643572041
0.7004113804288508
3.625351129374814
-0.5888692829548073
-23.51154027750374
-0.4532439556203801
-3.6013828558707535
-10.21012858415517
-1.654598563290422
0.44418711205615435
-2.112526662934677
1.000512651325512
2.2973693534563235
9.376720345468588
-1.5911359259729054
-0.1404042214916736
21.28888983924108
0.5964495835560907
-4.126776806869393
18.24148325983554
-1.973743428696428
2.69289448258267
1.1289275595727029
-0.11838843406671411
0.9723985885257522
-2.6806931042421662
0.5111153004083936
-1.237193395447747
0.7422234689665695
-1.677059820048531
0.30577807893386505
-0.1656204914949688
0.1570362393247479
0.43230617588851133
-11.261722844995713
1.022648084580667
-0.2251100169582771
-2.731540841340322
0.6398041448747841
-11.594781767822653
7.528042558179363
-0.06746949339556596
-39.63774851252767
-10.450577326851068
24.094370611772415
1.1131747584971368
0.5205378753753
10.06597675388081
-1.4440900243385948
-0.9251543525208408
