0.6958227800958945
0.4145903226809789
-0.06160597705029947
-0.09586412505926054
0.169944085317376
-0.10855089417456998
-1.3225288298082554
-2.2223782570085797
3.0894497582879508
2.897797719758526
-0.7453875971500801
-0.30486228288413225
-0.04050355696212923
-1.2757039895628501
1.3783648742365284
-0.6229064784466632
-0.257898734446037
0.794333095870355
-0.7110330462707849
1.8616563076740045
-5.408246187311826
-0.08265520987268721
1.0177169921752338
0.6330523138448398
-1.8892108036406159
1.5631704260692154
3.2413944732925084
-1.8843614250473562
1.7913851203519868
-2.0153196489842196
-0.8459580492479802
3.274193924859115
-3.7128707165957895
-11.442866206816786
10.79343710164585
-4.500362629606587
4.896234131615762
-20.058843044168384
-2.8947262846008837
-7.34585680758048
4.850113685534662
-4.3338189981433235
3.4547526397657484
4.459748403227748
-0.6444900831715936
3.132046028514314
4.764166327228273
10.967365076655762
-8.550834210004776
-1.0935303733154236
4.880921805930546
1.482728301741259
-14.554512448043317
23.377171149650355
-0.11662715290054468
-0.986217237116485
-3.707938445652826
7.980368404637185
2.5994629175860697
-0.9264751826237942
0.277952538502706
1.0774988679557627
0.46791813474376404
-2.349530672128298
-10.375833150677808
0.007689896617039956
10.138719751772454
-2.9664736157974723
-0.0020396815633139777
-2.3036445385765636
-1.8448152128047717
-1.4064328954252068
4.327694753422474
2.729382789268355
2.091427569695889
-1.2583732744637912
-4.470904606115302
-0.07392168068355806
-0.3426921850866515
4.948694566296525
6.163861696269212
-1.0699688366711333
3.025890918932885
1.694990786967987
1.119775334367934
-2.3815802591838624
-1.8130087341045606
6.955702396536293
-10.814256975882397
-1.6432726828224253
0.5529088750490443
-0.19272013587498027
0.8863812388595447
0.21462675328727893
-1.9814027080694647
0.4925900918813683
-0.1152942989713635
0.09204965240325241
0.6801451459714305
1.6237954485783264
0.809395551660929
-0.5866930064772442
-0.6629745458866111
-0.9147962266686095
0.25613182478953284
-0.604355874608599
18.281199421984194
-1.868131252917972
-19.334197586554932
2.5921545712793335
9.56239655373556
-0.5072414635081385
-1.651286503922894
-0.6244685128243616
5.517182318140268
-1.3450106400867767
-9.816211020623166
-0.8649094160235853
0.4228621132416781
0.16621140581944369
-0.2573833703894265
0.08217298849712366
0.05170839640951068
0.010809559048825907
2.7647140557594634
-1.1283805890135374
1.2191020530305825
-2.728390251995308
2.2563214262685225
-1.0230132607789697
-2.020091659640087
0.3144908304874071
0.5747629246141231
0.2519608808605915
-1.3098189494213928
3.7688953072625315
-0.8581568167388346
-0.421815281058829
0.9235786762184409
-0.17621509382705816
0.6995206612015313
-0.29523900118841717
-0.038933284658522485
-1.1788312450725968
-4.920597045814734
1.9981779243691082
5.372276080335211
0.5874136207385422
-0.9833725711161124
-2.1199420593662914
2.620357491131355
-2.19464565423216
-1.5676231794604227
2.5084489697071133
-14.908211051241812
-0.05381683815157718
-1.9947057703012332
-0.2826793163585635
-3.1636616070259387
8.605701666477902
-0.9511906246728282
2.038978076728818
1.8360682109295963
2.2645122802688378
9.12061797659362
-7.103097821947508
11.71685665879656
-2.6329930988898287
-3.5629312866147482
-3.90198961806801
1.4964839432551555
-1.1413563378016092
-14.041540829924397
14.390655008075422
-2.5758550729074705
3.216570253995391
1.953609869422666
-14.301582871332384
1.5515677888613388
3.9665060750084495
-1.9630152452483827
5.310185352270741
-7.5098648211765795
-2.801408909511661
12.465455106696314
7.294988494018113
8.672470435224453
-9.25436429978912
-14.672471657637244
5.120390474604336
2.094875648717779
2.9857662851941913
10.005496505674184
-3.9744438871006627
6.304750571186933
0.3924620847018932
3.106968221312816
-4.78693295139835
9.739963930227988
-0.5533313489042072
7.669316944203879
-0.6445101562281037
3.551097991210759
-4.213239176080264
-0.8894510389132674
-5.450301261186928
-9.689208643190984
-16.18409292677271
-4.178556611875141
0.17101668747739654
0.0840186105071915
-1.188754722805275
-0.22392715832656318
-1.1179008618969375
0.004108688923007828
0.0862098077822646
0.8685275512368495
-0.28033523951556966
0.1105565629185842
0.5750935184098193
-0.03166731949983284
-0.055342077404280175
-0.07894867951135452
0.04862833269428949
0.2849219635957771
-0.08300258998259774
0.18071796526954093
0.8492097206611509
0.4604934946174423
-0.3242897712168021
-0.03284593506156405
-0.8772509484528881
0.13943323766879664
-0.907718531937311
-0.1775834702975957
1.7391648869584952
-1.266063694300337
0.21315881810584203
-0.020506741954260995
0.010341114243895035
0.10769643425311191
-0.07590696205902411
-5.792036743121756
-0.20323398197142933
0.04316510902006536
3.65025526609111
3.8961308402554033
0.41620656912318377
0.5744526879930215
3.55507374654764
-0.4658912086999774
-0.6028370276894783
0.14202570188452956
-1.5539825620112302
1.9584532969744353
2.451045591993428
6.283445190899472
-2.459746544365516
-6.832057995799281
3.176081413538378
-1.608523267778113
-6.333263791104731
0.9217762977941257
-2.149893025307657
6.268741711080474
7.492196691020066
1.9495904355983746
0.294326001636707
0.968708567970853
0.870523983244812
0.003470946364274978
0.0235004277728058
0.04046298036095196
-0.20631651284075245
0.8795365740690768
-0.2328950680198808
0.04699614880034892
0.43392622909752765
-0.7444820710893353
-0.019701226231336237
1.5733216230878488
-0.8200784418575248
0.7828096090741513
0.11346695122713106
-2.2185407527648158
3.0985067331100824
-0.9257202367980126
-0.6289894844940778
-0.3381865195010944
0.02118814203316753
0.012021395861963274
0.0870085372646961
-0.09014190329009004
0.028968028509651193
0.2768479150592911
0.5245919216319596
0.013257712749144876
-0.05408584841365999
-0.39727911625325724
0.019869606645467948
0.5295203307888342
-4.352796597951247
0.03128947525025153
3.379699223302219
-4.8866162061128335
0.19942616643774827
-2.8067859581825596
-1.0208914229735464
0.5555265862060244
0.2977687836910936
0.8642382392769367
-0.08066508340309687
9.685429373629437E-4
0.007766677650848187
0.01113852311278829
-0.010535774664375724
-0.7150477367672178
-0.498049298682318
0.06340970220973807
0.010507544158409586
0.015657868026028945
-0.0043136736018531555
0.04899707416570771
0.04829333768517341
0.31984740118043803
0.010683175676459296
0.007822967678916005
-0.9448619756813783
-3.9164635320528824
1.0393979964062134
-0.08805581766720555
-0.34727054203568963
-0.7022624790366521
-0.18054655416114668
-0.3851344599763696
0.3827437209767006
-5.069120515160199
-0.5422129903127972
3.57694626743514
-1.1734729556372272
3.7640644586349428
1.488095542153309
-0.2471707597254218
-1.6292547882579231
1.1883856535787407
13.511950363565054
1.1575730571874336
4.278606929743883
-0.23790871255476106
-0.5527517283763264
-6.170347273991713
-4.420448606972245
5.303612524475912
-3.6273701673344605
-1.6699788936226276
7.886093587532907
13.280453699097219
-5.619718734382889
0.9225984814907271
2.222990551631022
-1.0061932612106916
1.320051548045651
-0.2986334241687549
-0.013057750278407781
3.881588417425816E-4
-4.524013199464092
-1.1619914931114088
22.242572778676458
1.7484730559565311
1.7407451914520242
-4.356770288037877
0.30323245095632306
-3.1386488632976817
-2.5225135251761337
5.31797278935445
11.484532925259144
0.41355523266075417
0.09519506900993847
-35.83504892524519
0.6516600714579656
-2.3862981010794426
-0.22222034548942568
-1.9085902607558325
4.390896230949597
-4.536791848915408
0.00880058169886611
-0.13486115258554784
10.525083038103817
0.7467191227598496
0.013552517230278258
-0.8483914557256758
1.798564551594221
1.1266842983984604
1.7126481161138445
-0.9385146367851382
-4.725498037835786
-5.886832817053022
-0.8143885461647832
-0.12970826307261688
0.005431625883921196
-0.6104290117238682
9.375190169709128
-9.084170785371969
-2.2160922775477387
14.721821184924401
-7.647206023064509
-4.947541848244752
0.4019056033994489
1.1908803036463764
0.13842970930233883
0.011252148485261279
5.678792349156216
-2.3917410369340453
-1.7112756544521606
-2.0817967753938316
0.1245666721565764
13.776236632709198
-1.001139357799321
0.21029868258061526
-0.018595783167727264
0.10887763488843145
-0.09751733210645244
9.802419730697055
4.616618845616152
39.071003184110616
6.852833703317136
35.25173299784733
-4.212388404911154
9.24396712230612
18.218416377949875
16.022387760188007
0.32081374892509934
-2.032879924403769
4.416429165951074
-0.002562441304192276
-1.32636627559398
1.8490368065756302
11.421893124412858
5.479630280951125
-0.09867670807309326
-3.2307315149105094
2.8139170652727468
2.040665630026639
-9.387600794282852
5.642127465724044
7.543143987498672
0.2370636646711958
0.8229839271445196
0.03176130546074844
0.21289503184790526
-3.267111026459858
-17.6875786889815
21.611805639694396
7.2822813037764895
3.334416163957941
3.771334642630332
-1.6475989904101407
-0.24494085906525084
2.051334586914269
-2.029195407114725
0.714222870321158
-0.08157828075698292
0.6981460947086465
-1.2979474992297493
1.3644919526838069
1.965970965578694
2.3720196024374607
6.250720922032938
0.43461165586278333
-5.534070026946971
1.6615169593890744
-0.5138035415157229
-0.7613424460879424
0.16969037891308641
-1.8844891198406257
0.49727842414423123
0.08691207916458475
-3.3982013778971805
-0.7789112812490911
-2.0250323311925045
0.021829370263406415
-0.03577238777245403
0.08000839664174901
0.06445198657705799
0.056732096906456767
0.014000822461830377
-0.11094338309547784
0.014916392349961088
-0.06590013442989663
0.03292819460062676
0.06429989467731793
-0.019006435065086057
0.022322357415893446
-0.08704115536917785
0.11947219510832965
-0.08853088486135015
0.016537086411836075
0.12181904511879259
0.02589186611781207
0.028507234911923023
0.06496481197705603
-0.06845671487429253
-0.06399434901622934
0.05170284111520327
-0.05127766010788326
-0.04809664184301079
0.0034433743365193713
0.052201350669060745
-0.014145831096540457
-0.15020138005899547
-0.8267785605546641
-1.704619271191764
-0.030315648853376082
2.376799689768032
0.00879732912282912
-0.5167135608767397
0.9885596029718696
0.08038612450144124
-0.693617277769422
-0.8480419990489717
-0.32772992856732674
0.34204202642572773
-1.1988045986452527
-5.975814454530714
0.3834341296452577
0.015798360257303776
1.0200020618218932
-0.9431326965282416
2.249666402223854
3.3014639376542307
-0.19642651355437593
0.03738896864023012
1.3600614308950496
0.7659429225844211
1.090932283476853
-0.19630205724922462
-0.15858094758393493
-3.1721425547946707
-0.7173715630599455
-1.1013356082503187
0.0038286348951855494
0.011554836932681087
0.010941993074702052
0.022176382555566584
0.009703918826156507
-0.020741215269598753
0.02698393031046867
0.019850590125014732
0.017240576491185322
-0.05453091241941556
-0.022038895365745607
0.015294541276127399
0.007864178298219341
-0.014046753499316411
0.004884096513027925
0.006207495370685998
0.006146548991516674
0.024127206506290695
-0.03256380625354925
-0.0013942189578412057
0.02109579238783297
0.005837580594350663
0.011314127374472707
-0.6765025929084916
0.008998214010733677
-0.0038028441287782716
-0.03608021732585391
0.009412001465943547
-0.0079256096351612
0.076788691548335
-2.404061239694283
-0.10385411237111634
0.7163188929482752
0.27114066638538087
0.861553519466321
0.08950630963988779
-0.9461934462687457
1.7466130757062832
1.0186744360376108
-2.92124402773611
0.20106657770606418
-0.0849945924261577
-0.07140590728821428
0.664723532853497
-0.6834152816453354
-1.306329786742234
0.5682351138969651
-0.9160522133014992
-1.0309682763966752
0.3042517136605195
-0.8586503611205883
0.3424715712390596
0.6356677005007089
0.6864674193405222
4.460860772575816
-0.8279552310476245
0.03526549066000671
-0.486985251601768
0.4325573592590861
-0.4599991882705506
-0.11492579649827109
-0.4104922302848134
-0.17330253386588335
-0.5885268421168041
0.15017228804740082
-0.3095063756836689
0.9676555623907138
0.18946500804531288
-0.7284247050802121
0.7133032693606681
-1.2692632523424776
-0.4661292672811084
0.375525200056663
0.030515666961394457
-1.508065332875964
-1.310643424345041
-0.036085882684608946
0.9757025484097915
0.31171716500278995
0.4372324338403228
0.7340750354540485
-0.574900409817766
0.2501026309250119
1.906019355073978
0.10516810224284841
-0.01622213698403771
-0.6836759094976762
-0.17892412175128142
0.6465092641607175
0.08223134965540332
0.585663734347632
0.006342694666496204
0.08746396160228743
-10.593014708865088
-2.5140695826112847
-5.061425718184644
0.30624039332430597
2.238365745577183
12.629948009477921
-7.385419445540632
-2.7257498220809273
6.891321710119563
-0.02893882938776621
-0.601055914094804
-1.452638908862846
5.390412653851874
4.811547339611242
0.06186307819744249
4.438780498458503
-5.933058886838959
-1.639849673450226
0.40595719271639363
0.009763912302043628
0.11798963553847967
-0.7876538907602774
-1.2635134773086565
-1.1277090106289929
-1.0521675801421715
3.536293610012917
-0.70882762481314
1.565156284460836
-0.10152800182798102
0.04012897767185994
0.03433287365513467
-1.6017078096700554
0.1573062605948023
-0.4670983183666371
-3.154451789564695
1.0045979430649328
0.7611536496119385
0.10902103707263386
-0.9544655499398769
-0.4296513100522573
0.3094044657192478
0.05137260707393339
0.4979234627566496
-0.30543180803028813
-0.024606181578545473
0.013418509157653597
3.813231626994713E-4
0.0032441688912148727
0.020983815278599518
1.0225630048234327
-0.052241249317468534
0.015643024717258782
0.29781905951977805
1.5168410354059176
-0.011997223161189856
-0.010006881180776727
-0.5298493083668795
-0.4123297655242501
-0.02368306103468681
-0.497172626297915
-0.8653061584530041
0.6252797366469325
-1.4385995757011394
1.5201045227086905
-1.6889551825414106
-0.5620470687414024
1.8576166342774008
0.10006615367884028
0.20239693021106528
-2.324543775717334
0.0013728871633892036
1.12419951687702
-0.4830775573934137
3.762534850501534
1.0998824601021246
-11.524931340879238
-0.35222913198397415
2.9015992553641885
-1.4196005970795407
0.1095277357544649
0.0495329023350784
0.022617041601997425
-0.005835805678785528
0.15582089316981973
-0.294489542584259
0.06282352014669645
-0.0013582151628362164
-0.2195440648326403
-4.528144806191327
-4.836033088740783
1.862390059526593
0.4894473119412833
-0.9358692499597907
-4.99892146068755
-3.171353914478285
0.0938039649159778
-0.018937246323826804
0.8106724649994266
0.17295864948063547
0.4544472967989513
7.366805634637302
6.827526807062524
0.2691209297123342
-2.8722990163956847
1.9526000605317522
0.4575199559363967
0.052710212370481076
-0.34335662711839565
0.013691711490910365
0.07707589051170372
-0.03740923635299467
0.1758513070870691
5.87700030625455
-3.9504862894659984
-0.8344586905685433
1.0129724850596122
2.7179815023641636
-0.9686298411842352
-1.1367033273033644
5.129212500237565
-2.2539133704080605
0.23773057147578802
1.1993105992246702
3.2988340458851924
1.6970321441085865
-2.191123797768968
0.3703905706967153
1.2748368183335377
0.9115910721202244
-0.2262989771438005
-0.8467741474617596
-0.539502661788417
-0.6036312768228921
-1.8520253407949365
-0.6470998571797016
0.10148519879509112
-2.738188304285521
1.4030286809327503
-0.007675910574870964
0.15792746177903447
-1.2716627077864926
-1.1571269041218413
-0.28522128953144227
0.8036815217604644
2.8736186151319747
-1.599412393149708
-1.2883643104791513
-0.5295561999567678
0.42084604943549486
0.5883848856616554
-7.137302562039831
12.822448211822769
-0.9223296535411082
-15.203903793800599
7.251041151850076
-10.15097197708816
6.606504318332335
20.2690322273939
2.7406838981510213
3.444965879245035
3.859048283443705
-11.742498526896556
-12.678821311030958
-1.2422110240463864
2.418448664703155
-0.8479306223093697
1.584202173486407
5.4047473557404295
-0.2841017972687428
-5.381203837525367
0.3682069105804078
-1.4978413263128265
0.7960107060150693
0.30369985242108777
0.3812324757552258
-1.1407782185372222
2.330508524828444
-11.648784390569238
9.737710740552933
13.125672467779818
-14.915017614380115
-6.670459575622684
2.131388327312716
8.09610056343999
6.3291500247396755
-0.4358384576358361
-1.680630016416238
-1.8086667045466693
-2.1141172032318365
1.9460986062773664
1.2245023116005278
13.500604328504076
-16.624152895447352
2.4883305358853023
2.6710617242137253
-2.148497465267815
0.3940956684005877
2.4792488478992643
0.017510784854015318
-0.26599354144310683
-5.536327879848599
-4.077252805757033
-1.4070212476839543
-1.5439812901686973
0.32050869390179043
0.9386024279362865
0.49187888655905637
18.344562448437358
11.89071048261949
8.621434898554455
1.987231696328202
-1.6087527365260859
6.110927686414003
26.27345343847906
-16.177883035306397
-3.9348080780179244
15.540533043183625
-17.34962911188299
4.215661592449559
2.8618462410498475
32.745361069461076
1.3518531642268654
1.5615912305577495
-4.996539512533171
-4.7904016332187975
57.362939394043124
7.275147152503669
6.647444170695715
9.92803984869986
-7.253049555169765
6.458534129890827
55.90470124111078
1.577745266236016
4.60461174796495
28.933367413994088
13.430787561677056
-18.115405220129173
30.666255492211192
5.009772038928843
2.2032035270345345
0.24514839729497
-2.3472482955183076
21.01507383389678
3.0060299368312062
0.4653408218712857
-2.26804312886907
9.327720662101449
-5.836454277346158
0.04940941398224041
0.015679725178513786
0.015072085482340597
-0.46753836937267074
0.25934939030449733
0.18371390829746673
0.7256874389187566
0.30060284572418405
0.008400461463584497
-0.7665845355597148
-0.7944671678558726
0.08528284924289908
2.644702658206646
-0.48650629948217894
-0.20804968777794394
1.1295533628700594
-1.6825487397281624
1.4568213507684888
-1.1060253248588898
-0.4438011273261129
-5.334552251775549
0.48039508835488826
-3.33540143870261
-4.9801584973975235
-0.1767718086713314
1.8806439369110886
2.3762066007042875
-4.853316756677662
-0.5524016099233245
1.4528437134871255
4.888977825686151
-0.054000180107053146
0.8763482751241353
-2.6959299589276835
2.4061322439180075
0.06052112524887017
0.3929922184359984
2.3911755101869487
-0.9240480241605408
3.9942654047345916
-0.7118938378449128
0.3153154405644099
-0.39947703162026177
-1.443864506404537
0.9271996744399824
-0.39853429858741785
0.004018229865146138
-0.9169215674183118
-1.5003041276165825
0.06472496871669894
0.9090972723097821
15.927658392098344
-0.22537198835045122
-0.12989857893229348
23.60499540489716
2.4627004529285967
-0.7274158084003788
0.7164566586261945
-3.7197742413914554
1.8460230235476238
2.3573901411226603
4.780036740855195
0.7744769440926531
-4.799877519688489
13.75358941065062
14.965085026354137
-41.785176828358914
19.052068874888537
6.078006783167904
1.7855534753453925
-1.85085123731525
-15.138602137593642
-4.64694697996778
3.9709185097503217
1.1792169663180603
0.34492966463202157
-1.3170513609349916
-1.0167857497292234
-17.649272053807405
-0.982249408147085
