-290.14278652434257
76.67278274777514
-127.99172008701001
66.2551303343995
124.38390430333541
171.9901966647377
-41.5847273806658
73.95434767096053
-185.02510029685095
-271.6272534899593
271.8454020078
-135.90377110648203
178.95029310963443
345.3768098805762
-114.38027439526174
229.28725255262802
-256.32163495095244
315.0004822896786
-626.966541857287
-163.16912608579705
214.14074818885777
-24.45357212084059
649.2997149287887
363.660783240034
-55.08310768829597
-77.7793555051585
-203.40413493736293
292.60581640403524
21.21066892176527
208.06496230321122
-60.31065539827662
32.43390052986868
63.63491389479405
3.51579398605628
-19.9537816501694
58.93549982425573
-15.276018288801783
43.651402708837686
4.686094575779471
-7.0149368598000965
4.616015768958221
-54.03001368371926
54.058896933306976
-18.860225958356956
-6.907828885159402
6.573285274504289
5.101230208996405
-65.9350720685028
0.8948270889155376
-14.449152778716197
-14.242466873000579
9.275964470037076
6.035836147971187
-42.938027141233356
16.134672481714073
6.531284359543459
5.0537537123503755
-19.19920288952605
-12.768659960632332
-68.51903511295662
3.0650765621867735
-2.7243957718800864
-3.050638460367168
-9.996539666981693
-0.4549035558221913
-5.737327377733517
-31.275672335016854
2.6360307388421873
-0.0077680515532010585
-7.111043140893918
24.700744246714795
19.794536875643452
-38.90137104226696
-2.074823027147533
-8.621564014955867
-1.9078568177415158
33.60379005222285
-1.191251401515914
-0.6158822440836159
12.901534980433874
11.071582184153728
-11.717816165158451
17.01362712712014
-0.6426128301292509
-2.446697870458963
-6.533350414639311
6.972689096782281
-21.310643616706383
7.57386728780525
-1.1254908987273742
99.67776237481917
-38.102471252786316
18.763848333219585
-84.71913134921878
134.0560808312069
-22.046548433342966
-129.79749574863877
-77.2074948847969
-107.46416340407788
149.57447703940213
19.92894603557552
155.92376862531154
-178.32330470009506
173.61150372650363
-21.287401824832482
164.51214892339652
196.45082882389454
-213.54401131263182
-151.65143577084214
33.283428231284624
139.16067031467273
-98.10933154615914
-11.194281627519887
203.72836653703752
21.920503466840835
-35.960961689189574
-336.79864692236816
-50.94769346209335
26.143383925043864
-29.654720333074614
-7.810173945613312
25.73156713312368
0.6384996171062193
-46.59414457466039
112.3031979585788
-20.80710027565203
44.88646599298541
-12.723205498498796
9.941409340379009
-63.43840504721994
-163.2338223433909
133.80075154356902
1252.7161827638758
183.93774363986057
-169.76452533108392
121.4495748624604
-155.01438252987782
-225.32806977064953
-115.19709592122973
138.09074845862767
336.27751630202505
-517.1056408937895
157.38053225673136
-86.21440443806672
-505.41621920768523
160.86141969750102
862.6676085222083
185.85133142543768
-385.6610212417792
-540.4150789104018
-221.91007250643867
-976.2846646386382
1174.6698480048772
1758.199631223079
-2024.2859853067018
1999.797869408759
122.0012509861688
123.70596626017944
-1057.4662591051385
2576.1285912069143
1077.394856021382
11.59140260108914
-154.93769348432335
-686.3030737026194
-120.86215527888415
-446.5720114228574
-876.2698449392649
-118.10589359351214
-1198.1088846185608
677.0629210882141
529.2385898116938
-362.473809640149
-1770.8522272491257
1920.8535383204542
-356.7654172823384
23.048813187510294
414.0183753321639
222.41998626449177
13.327278987296411
385.81970014984876
40.850044928227206
-77.21635351113915
79.9604927365425
-61.686855746738644
421.1680074410795
194.24622685332184
116.66437872670954
-181.09194458240225
-193.01245462249088
-170.08492861010689
-255.68706066704857
-100.78204493215787
520.3987159614285
-237.1568294133596
524.9884308311728
26.61483327916286
118.24129081756648
-53.98281464619485
79.15473238763832
99.64882568907237
98.76747473909745
-24.039512686290276
84.34788289709842
205.65444501266273
-84.73256485486844
-118.13312031280203
-222.61047083790692
-760.4654808134077
-5.636444730488283
1.8700967032839089
124.44508525244926
372.49580116139737
27.57324153072287
-51.76193244405149
6.406606746323231
-30.027691715931788
59.38219407498794
195.30471020279
-45.04335989568225
-180.17571161199834
-53.00589308326645
-57.99261046452535
20.567509340233624
-5.349646860558037
87.16271787321116
-6.056316320764109
33.23105282741028
299.51928564243394
378.9966533792831
104.65097040589511
-70.00076279122602
-399.9725455932386
-64.3882415003803
-108.19471368206618
16.093254972712355
-319.9681068927815
1802.510788413602
33.094702773721274
-76.28203129131262
35.31988833704113
1870.039014606872
-620.9257466277902
-759.6735608343857
913.033991626304
1733.50835161261
-59.54834455378503
201.72818076687415
32.627471903602434
-308.8234432607328
430.780493190292
46.627147914366645
-164.49250265359905
585.4162073968765
1.0519874087458778
700.8288445096068
526.8241957938686
-1007.085856189244
-154.3234056452489
79.64105584141734
-1039.4942438036223
-389.9135497389432
53.93045102279149
-72.17805315007779
0.994865979618704
38.24483893208489
391.30398161003075
-271.47005029621766
5.0923153046988405
212.45211775551581
-201.37534350683913
-17.8149697924661
12.828619715564466
-27.485341233202693
7.430547008679701
-911.3756193107705
60.65307215802675
5.865665383454406
-876.6805999908298
351.26749095414164
62.64566333422183
-82.58451571680204
118.82443617866474
374.606997431161
-3.1924779543609945
38.317252199849015
-54.33656387503209
393.56195215789546
96.28166394319479
-102.89992702067293
491.4322030145173
-30.791896606227795
-21.74880159513971
-21.285653487138934
19.081104783025534
24.282390763658942
-41.18359412005625
13.521098760601594
0.10869411707212105
-11.685949235447545
2.982962518088544
37.88901365180659
15.25322336978741
101.87669961748044
-103.25252044889095
18.290377125115864
3.1364861680131475
-9.194591792157377
-2.9557786125764434
0.6224241683602907
0.002162733021838416
1.222881228117282
-0.14073344928950052
0.003967045229342503
0.028768054792067007
0.00751505707719728
-0.16968027788591322
4.343781450159096
3.0927276424359262
2.243687604498064
0.03895750623266116
0.057724168803529735
-0.01590284434451117
-5.361629205454774
0.3050382944279316
0.046629964531903365
0.039377427217322104
0.02839477831447604
111.22926851574915
-111.35238509035577
-4.262308163676149
1.1138510811869682
0.5486897484816646
-1.7756465984150434
-0.3232770617351692
0.16272742088672104
-0.2424823234703385
-2.427411053248276
-0.09107021220652618
0.6559567382135705
-3.151727836013949
0.03696938408879591
27.94897344517719
11.00238080306774
-17.865438760596874
1.4225831915564155
0.24534014840878415
0.07731042328841087
3.3026239356718965
2.838556215997577
-1.2256400144646504
-1.3726601351307333
6.4117960017228475
-4.725274573548567
-2.6798196448132177
-7.056979989218358
-0.5333884655865512
-2.1835287100552283
-0.04316248439126343
0.09319689580264907
-0.9891355658526676
-59.02303313473353
35.44208856200009
3.911702546638324
-3.2929833492491225
0.0013889974601692117
-69.29377045092527
73.54399745637174
4.812208729529879
85.26016469316197
17.63864849058533
12.633436529757054
-25.739976821639182
-26.22375808835953
5.258465106544973
74.14748282961423
-35.065389347214456
-8.70836140659899
0.20972586263796716
7.776859934519779
-1.2047003566010597
2.13761628053094
0.07239689329196052
-1.488904743817362
-4.582648192953
4.53125300782224
0.032825579614392635
1.098428554860845
2.6466122879921112
-7.477899008507219
0.04752030433160042
-0.5492720633036907
0.1057797817345348
-3.8002200755634905
-0.09635964341224092
0.9773024832121161
0.3009216512087042
-4.326851685276576
0.6222477493446753
0.259810216848479
-0.30502706713727473
-0.2736491778328414
1.3233003502516312
3.0234737499104565
0.04631671061783556
2.6085144305913914
-0.0695798919952178
-0.4568370575832479
-1.197955051968888
0.17371084405095566
4.010438026813411
0.46394631754258014
1.1075068295969588
4.939844989648929
-0.07135433701106089
-0.0022184818008947043
0.16740554322424006
0.12585426776008818
0.12312670875215091
0.444096523660056
-0.08937106442481263
0.06256552763589572
0.06115944534465936
-0.6098008176107901
0.058686790154581815
0.03700319723489387
0.005998514630436932
-0.021978755159171297
0.21293484265754797
0.045216588192909316
-0.05626794032652082
0.007430169352378942
0.052697898394286735
0.03557528514688419
-0.0024201421733882154
0.13159440032694064
0.04116371085466272
-0.019981760941638723
0.268817833189922
0.02004339870527394
0.03438434745385438
-0.028506191393553575
0.06463833852073538
0.06215559175506813
-0.1854663127555645
-0.07825170016290592
0.03842617137678284
0.03224901776433675
-0.02275267840441793
0.04212257314039121
-0.017343865642162774
3.2321881131401944
48.038374311910985
21.1919068988174
36.826301921749454
30.617049949698618
29.316752411535465
-11.015780334721638
22.387048569040374
-3.5792864734852192
1.0420647115705681
-2.77731591653038
-2.7906910385687334
-21.687524606306834
-90.30365944267021
6.0032347275429085
-12.822108369319603
-6.305462782669025
-4.544947056103452
-1.9646622734621817
1.6017192402355251
-19.88832172686022
-0.20110919483545214
0.8722341324835439
-0.8016973379606901
1.33657055023669
-0.498034834548562
-2.6995508138370856
11.096787127517795
5.867102315596062
-1.0763155197755059
0.019575138436355038
3.020462656229647
-1.7138480832055383
-0.9206659394570088
2.1305588824445145
-1.2953780417844565
3.371417589965977
0.3015803943389577
-0.3034724169633813
-0.9411267887606264
-3.94452909293672
0.3827814995383233
1.7207829565303367
-1.331934952079611
0.08692502588346952
0.29352917744889706
-0.48880242315673145
-1.0872820103736986
0.08859205157283456
-0.5754318427435045
0.4353890737685855
2.135314213798407
-3.274001069101607
0.6945967021492111
4.472118069582768
-6.639323654667151
2.835092708772756
-0.5392908000312552
2.5642072280306447
-1.537831943964262
12.156746376414182
3.497308970513326
0.43206703706826
11.661824567570294
0.030443927624082025
-1.4966142183691251
1.3466361191271314
3.351749526159747
-51.15630110413591
31.299251010138867
10.965001698032692
3.5505538172860813
-14.745459933632345
-8.105135755398539
3.9728927090789554
-0.1389113480453023
7.002170100375466
-3.3935090992035013
-4.595990493939825
20.22703887944393
-6.519631326502264
-31.625444474538238
2.6858394928124487
17.246615565474514
3.127647401516241
74.63560363164046
-8.569932709306915
-45.365393242489915
-12.318010125657946
10.854406444404251
0.014085113883853237
0.0426418036069026
0.04106633559662236
0.08127068647247576
0.03575304617053069
-0.07647057483903444
0.10024779235856097
0.06964401153814041
0.06346273879827966
-0.20307984189098652
-0.07738968036198643
0.056235980954798065
0.03216283272859073
-0.05290425081961007
0.01428800517470559
0.02319653255260134
0.02235362641370044
0.0891098765005063
-0.11973353945351448
-0.005160514279653526
0.07746975145695946
0.02137511910200397
0.03227225731524372
0.49132469484686997
0.03348629639178669
-0.01340270388534728
0.05127117506479077
0.034636284958139224
0.003849249064442621
-0.29402136495728864
320.4526863403021
8.678161065706197
-17.95761678463199
-226.8021433744132
34.849231391380684
17.187488491978424
-367.6434744788096
-507.6741241964814
-453.8128582593495
63.4948899611563
-33.814209040041185
-54.26486764732813
216.98819123962863
-136.52871652636668
346.30626403011206
175.79097902713622
-232.93723869067426
1.8994328023024505
541.7924186730662
-95.96380372932688
-41.877726673866135
47.0022324081069
-252.7101566518407
346.2373860994684
-842.8775575879779
131.05841505082935
303.1966710184899
0.4858962847719168
104.49460328411247
-97.74423776994973
-28.364772335359714
-35.88990459132663
162.57368614669207
408.82960040794995
69.25603321606202
94.2184838096652
94.10275717650775
10.901569266892572
-237.5147492017832
267.57883350687246
-810.4293767744789
745.4311011288471
-26.58437374006254
36.01247231487481
240.2700765185402
-175.25286021443617
-223.01773745415088
91.06043849876875
-307.9751038649726
64.91205499932823
359.52598543724423
-285.5638857159268
334.18485601657875
-460.60265977093525
52.22138821593754
-118.8028513583011
-34.59747087307932
-203.88958218383854
-183.4629904293951
-15.33509681648663
-9.794944282454663
0.052836436568995435
-1.0158161734369897
-0.9046019302988355
-17.13020582942094
-9.455722469761088
4.2714898483102175
5.339899447423108
-36.16313215881153
-14.074381676717609
-30.911707037310148
-8.383706226037598
16.4074371594974
-0.18047023083587854
4.590976747564359
33.54368717845232
-4.909404559151844
-0.09402624998262875
-20.393527387472766
-6.679747641732823
7.587104687754959
-13.336992983326846
0.036017177201652734
-0.35512533732286755
-73.36829801146256
1.4229574426006135
2.179161017445394
0.3447544694621161
-1.0717292991362255
-9.162689875876035
7.7634366642486
0.3285009529422264
4.50341825344741
0.07336396011176563
-4.536842421211254
1.6661859651096833
8.592476375678016
-20.383914400489154
21.868937482281076
-5.833830119362785
0.9307967249699344
-6.464894729641451
20.413124715234407
-1.3300083886843177
14.68365235221374
1.392208631595224
0.5545399474712399
-6.153941247489135
0.05252880314406713
-19.62297605915001
0.011403451277053021
1.8355717269605123
-24.45346170228106
22.979474371849616
0.0421779315499647
-3.2287777561916333
-0.7815591432385389
-0.04681164816257551
16.55054600706193
-4.253227038563872
324.1569067585466
51.0453731576784
-1.5552813429534587
93.10285788026341
-30.612999912489247
-190.26921707234177
3.406377401077595
19.16702025019038
66.40597165656683
-167.84952274192892
-21.252709929566286
165.28727149698548
-74.24739882561377
112.16297309217926
196.16895217683617
-55.51956061554715
-51.27044687474294
-152.66020058672726
-188.94629603256203
-170.4364364420021
145.98550704391286
-67.51375924044183
23.058738683225044
-17.03751697953822
-7.9764367769136975
59.80356380211503
-4.536522462558537
-13.696270990436586
-12.444981218268337
-58.4552286778691
-66.19297516847453
-172.43545818432625
-10.531972721351552
-7.527306889366189
22.77905466730346
18.98928155133726
-16.886322881654078
-11.933691347382663
-9.798870742847438
97.605685687083
-422.0301384742546
-9.010029595220182
-26.181678841313254
89.47664865112264
505.9638368992218
-116.8196377193436
-111.41995818938936
14.06819632358015
13.144669490189937
3.220972696551789
-2.6992655957466907
-0.7973371022176218
-3.227338582624913
5.4769803373276424
6.807632038378908
28.7396475769898
-0.4298565554804434
-1.5277363287572292
11.32661167836022
-1.2120029866105801
-19.913534375301953
-9.612675948098273
18.0858546634207
-29.702338505590973
27.212167183654806
1.4373644653737476
13.46812441093237
-31.07879885329509
1.7151524037412542
24.885365797982235
12.625696826391492
6.478111901674222
8.5986868913323
147.40050812388174
0.46395589131785236
1.7428005319476625
3.7432813799465245
23.01878500852141
0.4221617501616403
-19.18130886940723
-13.071400993646595
-6.425823820110935
8.12522403632707
-11.309288232522745
3.361374396425979
-1.4726676922673583
-0.20831516104412498
5.428082607394117
-13.105150425351843
-0.2276694061945496
98.6446366810571
-17.09686456581217
104.15990488867585
-23.598655082715652
91.41517455090582
-154.23464951727098
75.90499716680135
-67.61529641121271
28.974368736783518
-83.5424506513433
31.450611854849676
-115.37302653368216
-202.26099807348336
153.8171453634821
-43.114459056029034
81.18296974636459
159.4963579130676
-10.575067757524094
7.495349697655512
-81.69829407288512
51.062042497708475
210.0538255983306
-605.3508757775828
45.955860963334295
196.13566870624047
-259.3838745004871
-172.9260338709588
-13.275763392802467
-58.7955694480615
98.4381938038515
-3.5934738049714516
-16.088910240460304
-29.93677787460724
-34.397741654803134
20.390876202711258
-3.2582003772185564
-7.2880559706054315
11.092819680285734
2.951535291567521
-4.577690892990657
-38.89873213750341
2.678217454562934
-0.25460487722065495
2.2483104848824946
0.723267627409284
-33.25375563706925
59.520224131201466
4.450131862694351
0.38351689455850674
2.3203342367684936
3.2097812613320817
0.06645670630204976
-0.30514068631045405
30.027224314676552
-16.34814254443595
1.3686485320533344
-0.7000934194192283
0.05800580560773515
-3.361026996513788
-0.3056571074362965
0.1905457324156087
-0.13250070099240283
0.12818540966410638
0.06256200847548453
0.2657810132772298
-0.1735489249980842
0.19289336972223065
0.03046950777781801
0.14803784952231905
-0.9938491227362461
1.7837682276531324
-0.07277840889996695
-0.040774722093132626
-3.6271958847946437
0.13197212558304516
-0.05556526331944729
0.04696134480683092
0.017933725592819687
-0.19588467817193975
0.42714975044508824
0.038224455142132414
-0.2614026526021461
-0.6917306383698166
-0.0406987716962088
-0.005704555283542867
0.7354039462003302
-0.47215337443600724
-0.052233775341561824
0.028137031644153817
1.713345369879886
0.07732069358152435
-0.17964117017455355
1.7678477430262503
-0.029674092872005932
-0.3323681667516901
-1.950042690807403
0.10249419446618024
0.7891217622230706
-0.13554276566351028
-0.11725739543482654
0.8434171204125498
0.04914353328013767
0.057800807345341404
0.05555752173205656
0.777867439604884
-0.6023220104862868
-10.368369570557816
-2.2907781201010873
8.87319792604529
0.0309514901129623
-0.3424660031483546
22.477289449347058
-0.539817857778801
-23.129791701107035
-2.6210791230081845
2.400359103297825
2.287901933336756
2.274272971279344
16.91656495729172
-1.1055093465880603
-0.19375538814953377
-4.49209052581284
3.5947213273666003
2.302295534105352
10.200877014255328
0.2162479582247802
7.4872545368869465
1.6714979257698626
-30.216793400858492
-6.083761139275833
0.883774511279215
3.977356801140277
0.6340328586413692
4.458197787940851
-10.052939633730055
12.717941242180855
-1.7169837493207805
-2.561605634676468
1.2897199401809893
4.449362970911598
16.191244309104487
1.8779875538265325
-0.5567472181989576
-3.7164871569243743
-17.010611358284926
3.282115468619643
1.3083780176165303
5.846416910879405
2.102378820738248
-6.936230784614921
-30.58031324348345
-1.09373924968014
-4.419414734955535
0.09369917598023957
-0.17237449215876469
-0.9496447659529554
0.47790043261680626
0.6029838502398844
-0.6777347167036516
0.5324767622801266
0.044333162573776286
-0.08399033908380814
0.31848825429746697
1.1882531651647557
1.1961405564267114
2.6230284846763023
0.1262230239568299
2.120916493384932
-3.812366352755068
-0.4092983106704739
-12.146083281410704
0.8216946091112596
2.748391545094194
-4.873831368078099
6.679832787217115
2.7393828949171612
2.186327640620086
3.251213184988278
-0.08431929450151739
-0.2888032562809957
-0.9345647146514029
