-0.7475502859667038
1.2898598067238571
-0.020319933131689744
1.151046559911016
0.7440510922020627
-0.7861245497562217
-1.2408704704718931
1.1943647241656175
-0.41503635909963615
-1.1819047498637163
-2.2538986180383866
1.2115307631203902
0.46078201414870285
-1.149542218506181
-0.8815142726355254
-2.309431169190647
0.9105320398877446
0.8231753780167259
0.34666555276294475
1.3158271867203823
0.7786843267809501
0.35369546716554773
-0.32194280004486225
-0.28847537767286086
0.9368840804973805
0.7582439030466578
0.8350398166749127
0.7234580395222913
-1.0124195476494995
-0.675029955466375
2.1866477489829617
-0.1700778809064097
-30.13809090097125
-2.8120789501867636
-2.033620367110152
-24.134437823673675
-0.5421448490343496
35.36879913565913
3.231725348623894
0.466721264285466
0.44276184551875397
-0.46682842085097215
1.6359004017549958
26.752778249549888
25.18861786807335
-1.8559223969371654
-0.53053050480324
-16.511811468489004
9.67002823646661
1.9088232561424907
-9.466784145643421
6.18446578744399
-0.44410092481174807
-11.624251594877403
0.41666367394946774
-5.546684545637485
-11.819002057046662
-8.11414422986433
7.476461979591583
-0.3940163733481679
7.872997693680821
5.435690959575751
-36.67023742776813
107.88503364297965
1.8071620372184443
1.7692887046114139
-4.067343827381794
-24.526776612206767
-0.31594036681384596
5.1744327807467965
-22.206310057947217
43.68711209947005
17.511471309574553
-58.70420301552503
-3.661652053966133
-0.1097958683388826
-2.9823267474924684
-3.087173898233937
6.20655278946988
1.0058027472218607
-52.76593334299646
13.042802538812797
12.394269923216239
6.06032135746507
10.35089724134456
-7.278998995652249
-5.250777380965206
-4.86370746839924
-4.828130949283408
-11.539427359764927
0.08163601618169426
-0.9727618210002061
0.3714586017995453
0.12253685458708945
-2.833562150813059
2.0643073174006554
0.29668333449251727
1.686561587495384
-0.09854298011374887
1.4721408430001244
-0.7945322238036601
-0.13975661404365772
3.7028537882328085
-4.548515272803809
-0.5693238367138541
1.8588092793652813
-0.506724133045765
-1.1984715607025433
2.290035450128607
1.8878784483642341
-3.8173147784887407
-0.4301709398141175
0.3908317677917207
1.0279107572919655
-1.3420309394949375
-1.2951317548036483
0.809003945820565
-0.4231444052874486
-0.01185704098872903
0.7498710968759145
-0.003159254154857563
-0.1980218366409672
0.21283994889342273
-0.13529928661755533
0.6797230216918702
0.3638921159118393
0.02726451894832842
0.22350269043196216
-0.8690541013103367
-0.8226363149645332
0.7893371197569052
0.844711050771695
0.5897592056896372
0.8854825865445787
-1.3659622142561696
1.5926635735781005
-1.873967293813616
0.03712422316031443
0.43579762023415647
1.5616759080918319
2.721781564822641
-2.0809890516867595
-1.5396239922983952
-0.28912887808448345
-0.460999180041064
0.782010957104497
0.6062701512311451
0.5780427726403358
-0.41728742726964724
-1.7227896086352872
0.5402661217908876
-1.0846723627883452
-7.614205844633604
-0.09413377224589121
3.9272053914738274
-3.1926146526557235
-2.5341178222864946
-1.4157796870932289
-5.574765930266931
-4.203580272590438
0.9442334946302564
-1.4462246311050568
0.5484076475284314
1.242355612284699
1.7711371479098814
-0.2113883030158618
2.606325788054322
4.679335080620047
0.9624115364745108
2.2345813613258265
0.8191229678591873
-0.46024223285417426
-7.012624631079977
4.292912745325897
-0.8950367112204957
2.604230562369957
-0.05628605741850537
-4.749166593509098
-5.66345906495363
1.3066739239767151
-7.478674062508929
-1.5381701941977657
-5.061165817219456
6.442452471623845
-12.151748975478359
-10.457356987983776
-2.7695723727218153
8.217043654807707
10.600374538195249
-12.787699449978676
1.4178340257302855
3.708286900986002
-11.23546170061511
9.188444331816415
5.788968970307288
-0.7205310095169938
-8.580294969489618
1.8999548223031404
17.41246046524698
-0.7551359677387318
4.59454670520864
2.299347407416476
-3.2747445672240145
6.689457752399776
-18.344007498910887
0.9553576238359306
4.704368918248471
1.2356988451556663
14.920175197982275
-17.547354983695637
0.19499740331938734
0.13496292154304487
0.06274944338915867
0.37074886162102744
-0.17826548777179427
0.4182169979576981
-1.2583908343354426
0.4631732354427209
0.5725515084175896
-0.48201279441072387
0.14188745058513336
0.07576360145839059
0.023602620408546757
0.05534070845113791
0.16214133064119554
-0.014613040179439391
0.5255376266411854
-0.3080702072694265
-0.02152125998097682
-0.7579111342006776
-0.2852623945913418
0.06518515327135986
0.09654077709329276
0.37816613628157464
0.09406348747091153
-0.6640096064879235
0.5973373255276965
-0.4394138253033356
1.0502899624404183
-0.7124865352870868
0.42273871175226324
-0.012014098415427958
1.1653438275906898
-0.379863555799288
-0.6531488323136803
-1.6848595202700496
0.3011429464956327
0.847079284245309
0.13155310412948035
5.067411759602569
0.7946574131107477
0.7314586736761072
2.8576072163751767
-0.4657125563724278
-1.270796121249527
-3.241823140191697
-1.194822768727151
2.3107985917679157
2.2369882277108606
2.437844072180352
1.2100852357757645
1.256847928113362
0.28736450634579885
-1.8902076625982374
-0.12587095984992905
4.6642332902036365
-0.07710096411456861
-0.8467688615868185
-3.2886694215178185
1.557367597281156
0.31407870577324504
0.23292905946746592
-0.06334117364224748
1.4230208321287008
-2.188307248747123
0.38857292407102384
0.3067607275481939
0.0976597116303564
1.0839185519122534
-0.020594243433620527
1.4937665583619144
0.43235479286140954
1.5894552105721245
-0.22712397218416275
1.6733218331148363
-1.3854732131111018
-2.1466075753729146
0.09674333551540293
-0.4402076607175227
0.8525915052697501
0.3192898179880902
0.4254940281206953
-0.8070468167320076
0.582398301679008
-0.022168814718000765
-0.18624654830120496
0.4097204888807994
-0.08001699213311858
-0.08317728094514791
0.2855284509183733
2.468005024733099
-10.841219387885111
5.572203180525096
-8.871165920670197
-4.12616636858107
0.6284123840280618
0.9340482264895229
-14.816473768362666
80.58977774363521
46.11574540966791
-10.30353465251592
9.231686295951434
5.172521964132936
-3.9276594875068795
1.9950511367226524
1.1944856755321227
-0.5923769962015316
14.633317768715774
-14.82959487528374
0.26918207803949346
0.24198506274473075
-0.16812987821999567
0.1609911330504793
-1.6078743013793684
0.8608792670067927
0.17388207782346887
-0.02666174061519231
9.940795220066065
-7.919333185365906
-0.04976931983732904
0.09417755355321702
0.15079893590305252
0.08449752743798443
0.15211952865633344
0.08477959514784293
-0.185913237664928
0.3506220505539683
0.07742554275464467
-0.41720399359925947
0.5458803427526516
0.14947691951504266
-0.10121329219402299
-0.24550041635772907
-0.46317761223454534
0.07550547504827025
-0.5646775892517835
-0.10772937886800935
-0.15826181916487403
0.18633126011917037
-0.41308135705099036
-0.14983389928588586
0.0077180797125380885
-0.13960210443764323
-0.031780036025039905
0.32405804096294366
-0.006353228733207015
0.72259617153181
-0.21403748425355365
0.11838999733061605
0.060212720556972424
-1.9777586807819538
6.987349366157481
-29.276707810462053
-6.691486797956244
3.5763081432241353
16.355499251066142
-30.17573918826208
0.8233362695455098
-20.767005204635172
3.4051416753778216
-3.1271876173199664
18.770589591685933
4.837836729452811
-10.045499897222452
13.273875538401898
4.451191409077739
1.8352782299305597
68.61139490505751
-19.379431043966164
1.33072166072306
-2.2459639216252034
4.905390026412409
1.911082138736059
0.23233227325710518
0.5914710230126745
0.1532249389222277
-18.546413164090858
7.9493264309822
-2.312866346841982
0.23590056700706924
0.087452924106559
-0.021160849114413575
-0.3882772181616782
0.02670871290034439
0.09266834090091881
0.05752061987734773
0.12358868190435596
-0.40040650555026835
-0.07830486841744994
-0.2094704988301733
0.520696205858839
0.13493889259724043
0.3239931501631622
-0.2577424708860595
-0.6078879464353985
0.13129125970666114
0.2685165503490366
0.36701869239108437
0.06724522960527071
-1.1713332976690634
0.06122990213190015
0.30426018026159324
-3.033319199906038
0.04336085867808859
0.09078030416985593
0.2570932099985898
0.013823695336317294
0.04935089529260172
0.06538105901567456
-1.5288722003153856
0.20817171384327982
0.20488052548698707
-0.06554188192008638
0.05728264986614519
0.06671931712277203
0.049220909628299885
0.1753375955322369
-0.32597990093189516
0.10265756204713113
-0.007458683155465793
-0.07923556630749894
0.13204720163953196
0.0377362649790324
0.14387193640600207
0.08069194465750194
0.07173324675405868
-0.07103800442906207
-0.2185327615530617
0.1207266781818555
0.11443361269869083
0.17097897319406774
-0.12032263796850726
-0.004662598461251093
0.2784062809671611
0.1807340089042892
0.14693184667938372
0.10738266329752448
-0.10049619388311055
0.13989213664827596
-0.044825552580268054
0.7953179937545971
0.8958776689192767
-6.389051549771662
10.174187979528162
8.16812434885827
-8.089771383438476
-1.0173381133867188
-0.45916956505457
-6.872588956723732
1.5957074865866778
-0.9388541996479977
-4.499343083071087
-2.2032450095366527
2.013642124840729
-4.551576684191458
-14.556170446735873
16.89477315343554
1.6841357268462964
-0.9625812036374666
3.6274018127905965
12.525988471505599
-0.36168551507331215
2.4064258068011846
-0.740326867272622
0.324741240236408
0.21925649628879723
1.3045167813108132
0.9906230583029552
0.8795015195478271
-1.5263724982637294
0.3239279497646295
-0.7246954058951136
0.9545356486679435
0.895920699960951
0.7604771996365551
0.14720817686107393
-1.491263281988208
0.2624908974392847
-0.7176485795797857
0.3909493956778613
0.9817881173584383
-0.16082588755976496
0.33757435862213553
-0.9430978910395266
1.4702857191627146
-1.2444360417334557
0.21862851055677116
1.5312846542023097
0.3111724857094132
0.35007907703619534
0.8231334025845147
-0.8331822318635486
-0.8316418903600209
0.5006697465086478
-0.600211821985372
-0.6150426534486427
0.24918631201965544
0.6853390162433
-0.2679950906804224
-2.1184560079969716
1.6055683126075422
-11.693742358877516
0.16236508418464324
4.794727283492862
8.437640002303496
-16.04080639241326
18.059957013344615
-2.684064709277595
32.75526266585807
-13.01126324888375
-32.81246323368324
1.3022862804599424
7.261359544037998
-2.653409645649266
-18.751129550186448
-0.02311207666819698
18.186537184050373
11.206673846650306
-7.398646630200717
8.057185729736503
-7.9926120126019
2.8678047546575667
-3.7537600274338336
-16.571890550819283
1.1994202941365795
1.025302262839225
-28.082252476449774
10.798036212525869
28.944799820415017
10.63194025688853
4.891575517321914
1.9079642908874785
4.513961179562897
5.355431654788282
1.7579793228926988
-3.3400773422894603
1.8306379121301488
-6.765221710034683
4.978755482012935
-8.431352954642593
12.308310356352584
1.4765295768503217
3.435085746794325
3.15075252569373
1.783010936658588
-1.4563413841435973
0.2883801036682362
2.4402885285439293
-2.6529791586219846
-1.4063167238881151
5.367805867891782
-1.1547820771490895
-0.5513258546830607
113.3035867647719
9.746158742991309
-1.668054423940865
12.7965153899189
0.9462225668234767
2.3156176246687865
6.560845284731785
0.27769795980626144
0.8919167241691479
1.3613657062644657
-1.433772829630003
-0.02355965136740362
-0.4639019427496107
-2.7011085823253764
0.684098502761185
-3.2046233299012528
-1.3394422261413732
-0.5827906350070394
0.5450693125469833
-0.4965781195630908
0.9684120720206449
3.0460765842838478
-0.10176474561268557
0.3861783921188413
-0.2837598265107736
1.2055960580561527
1.373466939634795
1.8538501660191733
0.03419059992816506
-3.8200573137332317
0.11215741633032329
-2.938391207544056
0.9341866359252816
0.7647350913976702
1.108690195630297
0.8163203427792647
-1.0718810600769726
-0.02460707851274379
-0.20281540346451016
-3.436371711006213
-1.7110897819149207
1.0904118894459511
-0.010327527814568836
0.705967682744193
-0.7388373335728903
-2.171719363830677
3.6551399947517202
1.8030141088623466
-0.4889232702976562
1.8038494166388361
0.35751851674467433
-6.929110849720347
-0.5701050464893811
0.014638345158147515
3.4532551956093687
1.2713195530674182
2.7076876619859105
-1.3717684673013102
-0.50801434051989
2.158644787321925
-4.636100401515748
1.5087807116266876
1.3456321545266063
-1.3270765437011567
2.4061886786512874
-0.14272433369776166
0.2894546548798472
-13.508468118039087
-0.5906689415916027
1.2945888228806604
12.631348497600897
-1.9768008678296618
-4.729082839983318
1.3129786230208491
-16.369567733906937
5.7857037247896
-13.495212933279754
22.446434686901906
0.3967300141068307
18.770050868286763
3.943771944661475
6.0048268114551115
3.775755771683508
2.586001984331765
1.5357074399053345
10.78618497030735
0.32025706448536084
-7.079973060530653
-3.089439356526593
-0.06754521377544284
-9.44202182432431
1.2740485473890226
-0.2811909712324375
0.11560665732969
0.24784783819103445
-0.19509574978751418
-0.29450001352544014
-2.4270502927874014
20.900016096092337
12.24891413915649
-2.2301822928878283
1.2302766792068578
0.14113565147639023
10.19617244602843
-4.9819315565743745
3.8228361651267515
-7.739770856871099
8.810351551542482
-11.095816502053797
1.645907950643857
-2.0631865870712423
-4.1047406192750735
23.102046038614837
-18.70064792657855
-3.5995703969504493
-0.9461526899883848
0.933424240622199
9.920011196952812
1.128437423206277
2.8556864076307176
0.251997857931049
0.32620938587015336
9.427312051838596
13.894561653761011
9.42158575057057
-4.78703898876641
-25.82497342548454
-0.5967939799891177
0.3085211696402297
0.6977006145669198
-2.0334057300073662
-0.9574783659989213
2.4712704327479473
3.6128046142797006
-4.351909900040444
0.2082209918235557
-1.0170965305665243
0.7177579457428096
0.23370693232824133
-1.3397787703389608
0.13301510196836475
-0.04806694886177398
-2.4082435581325377
-0.06402670795646402
-2.1513118701151934
1.2960729090125565
0.3820417456690387
-0.32475897313125285
0.480616667658701
-0.07229035450899154
-1.802343185935014
-0.29465400518531026
0.8865980902841978
0.2401875726130488
0.2867391705600198
0.20841257548959874
-0.005971977676014089
0.4436835355017668
-1.803906475995079
2.4381467650804676
-0.9466772590277891
-0.11976065828372229
-0.1592468109563324
-1.8167771801815087
0.33807281131532757
0.07156348944351573
-0.46711761905970695
-1.4853853006040163
0.5883283480698613
0.3493805085021452
1.2043424152988398
1.5465562133528146
1.0188984328836086
-5.2493392879508605
4.946202003404716
-0.058146046680365965
0.11160876634005107
-0.34016720213550355
0.15017865469457614
0.5188957914476597
-0.18088211417715158
0.0832703787671843
0.33966471577577084
0.2846047788840175
0.11393348401990551
0.050344451576738745
-0.14166722951129881
-0.20989551617485086
-0.500165565732568
-0.17262655821957967
-0.8104858440872013
-0.6162103833634021
0.1405655307489874
0.32799517006281875
0.3976852824236515
0.09331069894192942
0.5818989513236618
0.4895768608212352
-1.2999281582971007
0.3991609707894229
-0.3677298036324142
0.24521725493884672
-0.06805417507823215
0.12466070813406628
0.467524640535849
0.15020057772023251
0.48526507270850083
-0.023942004558915462
0.11593887026742426
0.0825684276503091
-0.15353568305505633
0.617657950111918
0.25190415310408987
-0.27157090913349263
-0.9105284577802925
0.4791538450625458
0.26209064941852667
0.0026482842496993006
0.8925378826129685
-0.9914868129801563
-2.951598558636137
1.246347121989291
8.389191106478384
4.255457293895747
-4.232910160749042
0.9221883316120836
-1.9209793279842042
-4.025238193222146
-0.08878243001161129
-2.668974117729213
-9.913461161413267
6.800064269515819
8.355117807754992
2.6682424708523236
0.32094310818858746
-0.24314786126836688
-0.08765339868696771
-5.730926478654927
0.043137318914621824
0.700765181685202
0.27607646591812474
-2.6295863328722318
1.02197192052113
-0.2663721666178407
4.819811884337019
-0.2002529711145501
1.1272487038167651
0.8943790330907107
0.04854405675835253
-1.5484843196403546
-1.409772592573945
3.222121301177437
0.24886100582941587
3.084741346253428
-4.3641044217039635
-0.905796543734693
-0.7046088682025918
0.4208241277384422
0.886673083952066
0.22699080965797086
-0.764303350218578
0.6140541540404335
-6.329112738801953
4.285739586907357
10.655432561923256
5.785041128583811
4.503748162986703
0.581730384299686
0.25755700197267944
-4.5194848670318715
6.483668650628502
-13.035754641773279
-2.606214080849062
6.365008081392081
-10.842751236245762
1.5711996211570574
-12.475247344763108
0.0952832752361046
-0.02971243118813255
-0.06748325195089606
0.2081600003622824
-0.0857797556241657
0.03300251827596451
-0.023943420223643264
-0.10756224600157287
0.15735749383724124
-0.4971079104369014
0.8741071781370923
0.13269935768540866
-0.06172494077998856
-1.2032230835032338
-0.226522863906257
-0.005774624482647612
0.18875501888438784
0.06267458307911834
0.004065589894561299
-0.01331846203579344
0.12401854832208636
-0.09818030200157708
0.28843580960951026
0.08845622100630127
-0.17702402335685613
0.1951920570515156
0.16935133628337654
-0.16350871162500488
0.02735265622536942
0.5158002732732224
-0.8579383430209473
-0.2586729087393891
-0.341904784931355
0.14934407934682586
0.8987873713205642
4.200025031242807
-0.24369219758479438
1.2785571772339557
0.28923305936167004
0.7283413581930014
-0.8582370618645861
0.16376910857858673
0.1914872234773594
0.17811774315575823
-0.38650216329405285
1.540028714776393
0.7716009202505567
1.230081680337413
-0.979639623148513
-0.021030995716476274
1.2728467199375044
3.491096862884939
-2.5099974180782256
-0.849603983129628
-0.6487758112034682
-6.9914754679934
0.1886915548220045
-0.5559783999053746
-1.1133812482519234
-0.23093488786879202
0.9127871269442707
-4.805228516127331
-1.7914706050065181
21.61012469617547
0.3108540480666193
9.374840732607133
-1.6936537183458271
-10.026540673116315
2.649492746128045
-11.115642817870109
-1.2831556708721756
4.448499928409199
-23.378699973400703
-6.060839072523852
-6.535874393088994
-2.8325163273814113
31.865361009124218
1.8564059639770538
-2.245195583708745
-5.597499966711185
2.0228010571920763
0.8322782096331769
0.41281617066239923
1.4250689462304613
4.637609533576582
-6.398606681635293
-0.6751937609035907
-1.9587304442594096
1.0844978699493961
8.784606666699187
0.3175300370973032
0.5472241302763644
0.05421363637807532
-0.07514844314095336
0.1310632468413415
-0.017844577471553248
0.94394445535386
1.7099622684923528
0.2775458507439555
-0.8386936916963983
-0.02416760561625901
0.04591277184187292
0.11832256759182719
-0.017659201465514317
0.0028292013321363683
0.8112831319139726
0.6627911532844517
-3.098233491780134
0.6639829404070468
-0.340975488140917
0.4125787045153042
-0.06272463244429023
-1.1181464918221646
-0.09621989188697491
0.0146475513571926
-1.130980476724285
-0.14435921659136114
-1.0687017920950244
-0.1337455724448095
0.5602357991999676
-0.7822798627983153
