-133.83158490340742
-320.62379390471574
125.39407602657124
580.2978515562696
-1403.9386231119395
-141.0021467920108
-1635.7429001230041
-793.4484024311829
647.0377779639252
2133.577544304999
-4810.2818289093275
66.00888495160852
244.26379981316776
-568.0746157329252
384.48697898543185
-372.3694187259151
1448.7161944954557
2377.6665302513593
1668.6523690047682
692.5198121960447
-1797.7095902816716
1253.0528505202637
-891.2750678714671
-399.8931789686236
186.00557398768802
293.97004373442223
-96.76281338326243
-107.22036990743739
66.28686779854316
245.73789989032053
-1352.0627222673347
119.63397044759233
-64.07295713526332
-293.22530879971015
68.40554953640294
-455.4478888560286
51.333864119790746
-73.94557969980936
-34.667022782083926
-47.379737705820865
57.33157553570383
-616.9177780051308
-123.22144362446295
146.9030039779288
37.53471444346627
50.30813364325879
17.85735789487396
351.74596298256023
-135.59653394080135
30.922539567712118
-13.836425621290118
114.02952510643455
108.25087086549036
222.69277406576848
61.22886035888018
-20.275734297459202
-18.950668271005114
-155.9376149459527
66.66110506931368
213.93945149798904
-5.2573386533807405
-10.483562829579276
-42.426311009697585
66.04556785896743
83.64395392888427
40.42065130024212
17.401194956117457
-6.467958527715028
0.11229135118125215
-86.16811778677173
64.0474560768034
-119.32919719503363
260.00291401375557
35.61175459677031
-43.79043714910151
-3.9876167255947603
142.4501895846726
0.8327682925179065
7.052898421999427
-4.5114424313889545
-39.44884560636234
74.86880915163121
178.14686775823424
12.89496751195568
-70.8445497629803
-73.74495655687029
-18.13681904324591
-175.26718448308893
9.298578376503015
32.540431059209226
-650.2873047945815
221.17272159522207
44.40050204918691
156.94595028318327
-579.7285192762336
-7.457862789764126
-160.00665669405478
-633.3427418412962
646.580859404332
-114.31484878526418
887.8606669294109
-462.28241016673877
1393.295188779279
-260.3051182798553
-232.64250154696973
-1339.2299646312335
240.8321579827975
1303.7768512247674
-711.1066153615815
594.473383517462
1293.7812786165248
-426.75530248026854
-203.5398784924037
-743.9975793535533
-177.93730883877973
-24.015062330157242
1096.8994153918838
-7.3767756723220685
-399.73531268283466
-31.720499866543644
-76.84556558749271
-34.761823558475996
12.991163441591437
106.89493247127857
-982.7118801467257
6.918288856520758
453.8682300155458
-708.0302932273137
2103.3209937167
-316.52240952778686
279.7684172846372
399.7168061538244
1645.052744117021
1156.0621626689483
-354.6021350757579
5972.845191101808
-2936.888628339006
-28.02806732656183
-290.47241943277
-966.2321493264549
-351.5753256514265
890.7790820604878
-2324.9450304352367
406.47110928615416
-673.5960560651314
356.6910942476818
-486.79057724007936
-219.12380480257167
-233.43779245991485
-240.6289643186374
6149.260269095289
9810.724141764982
25500.330879674388
7179.5222472559035
-1821.6198444400127
5102.595200793507
2637.881139237194
-2118.824348037204
-3704.5375417213077
2160.408033077336
959.2041472142
771.057308668981
-1782.1914374759867
3239.0231584004964
-1648.4583983529994
370.3792279345629
621.6328888665428
-2080.761251639162
-6043.181856088169
4255.166714116215
-591.1995460704406
261.5725570840268
9258.838733904897
3965.42732302183
3343.921792813185
-2299.659718119093
-1905.5527314179103
2876.047708989591
-944.9189072748144
7239.122056381422
1910.8862044210703
-516.6559059496499
-958.0688989703577
96.06018589830062
-52.97340561693002
-405.7338319162586
-1019.537176891001
516.4792916081979
2280.9554654999743
-2026.9064478805478
466.3243461042742
1502.0755492515525
-1224.64351598697
633.9969742926671
-1316.6937955185047
-115.20028433628022
36.249176066105626
-165.3101488492674
2218.218052924622
-20.51356667021242
-622.4870331311986
43.556749309769536
-27.458022502401672
916.8094833664346
-1415.7357627657768
36.370249836196805
1522.3074847685232
542.4774934335284
124.72934148187503
5.021780078767418
-93.22080892216128
202.3921106821205
16.898319480881355
-355.900083155405
20.79338812991656
-13.827522579518206
45.18772665104744
382.7337091937411
-15.4564060847716
-385.52636266076763
-102.73481819166945
-89.42122676887658
7.168956596611776
-7.3155191641563135
51.92179237652982
17.41574345141991
103.30818011969768
427.36418935131974
399.1893838370135
198.5896968751798
-334.4979361478907
-421.1614891441757
193.710806324001
1.9694560960002738
-50.13813029140689
-623.1698005597443
2323.4905042882147
-37.02381310494629
-88.75558776700161
-40.4685858747127
1094.104061663799
776.6637261200237
487.4530600680337
-1554.7526898183805
-811.2659428604513
84.50177041846044
-1127.1596008023362
-224.15873797442111
578.4985047242766
13319.994206808939
1761.0245310256753
1272.2665054202525
136.31846013844182
667.4945904674629
-4148.611788782418
315.5424811480789
2838.332899622148
905.9455476953825
-341.9602682109732
16712.037843496393
7444.227955680165
982.3761818042348
145.78095896427268
-203.58072381698273
51.98117289568486
734.2757853052923
2644.7321153085763
-933.9509458543525
-985.5528965759308
45.74523141839358
59.710074220388485
15.40139433142632
97.58870998321754
1927.723680187266
-3607.7237810263746
-85.42199278860681
-4.680847945120269
3305.037974924453
-180.2500007477698
184.55806156723457
-281.1436513312207
6539.335645178513
9250.259952443106
92.7698260391104
-576.5043819175556
569.4534073196318
-9209.055520777794
-866.8724163342056
-781.3563347778061
-1099.2491721318358
85.03075646544873
-22.771581745583063
44.50446098495565
-188.65574980654597
97.96220652571365
281.5388691318586
-0.5744038158242483
-2.5826767899675307
-104.49023280269678
-14.806612354452085
199.11523084583663
-819.4269246101479
-114.47625694843434
-360.055144142043
-112.16157355940034
3.52759890247925
-535.5131166904771
-42.15637431516294
24.306510346858385
24.34146776645699
4.663497164303377
-6.322514055680505
-0.05843937388006867
-0.44024186234524904
0.10189804567923627
-1.6844817264575913
-16.653578975413527
14.824284612649638
-1.5990622201734908
-0.5905376077524351
-0.8764795809312421
0.2413833614231473
19.14573890341213
-0.4973298216601487
1.8587912895167973
-0.5979944229868814
-0.43217075715318476
918.3222692143884
477.77613865415054
3.5334921604460066
0.6280433729490043
0.0745874831723627
0.5588630004651968
-0.7425175590076737
-0.42366524996771693
-3.527769360195892
8.677565292925069
-1.0134854885567615
-3.935927489882021
135.6613986561282
-2.376156574886653
3.2754838525119667
1.4010958402766394
12.295602244228505
-11.298624566791865
-1.7066571367223722
1.0000311747936397
-8.303015972492386
-56.683061688932945
311.5243176675647
-5.8235606681483505
-36.376150102759
-33.93637373069515
55.84308674938127
-50.375653978270066
10.489700619253075
-9.706481066981759
-20.269480636987055
-24.559475177603623
27.224622924431333
239.3894950916493
-539.058760986422
62.28907106834929
-56.97353490432712
-0.021005532379481925
-400.713491174887
1111.3046834796862
41.11386963009039
62.78264467603369
16.570829533409057
-290.23216880803943
256.8622632801247
-24.26564078680162
-75.02866824200053
-933.6391698539572
269.4903734789955
-114.79731585172439
-0.5654753170056024
-171.1995957245888
65.34217250041226
58.427836310946695
4.326576118864292
-154.15884666415133
-35.8933921919233
72.43271498469838
-0.49820509605875307
0.3794256097436296
41.37288923203312
14.593658078350007
-0.7272032389523113
-2.686146632273055
10.095424850032337
0.7602912389004876
-0.414098189251355
-10.05230251508237
-7.020529489764585
-7.323822246936394
-1.2474619895743289
-1.1213610060518728
5.12262159647704
-2.869671513970148
20.20620118436015
-18.988280171965958
-12.345837542015202
12.771368020595144
2.8438077392697427
-5.055628022005277
2.0750071636031313
-2.210311165166507
9.773322095108439
-1.0114275145178147
6.786730625701849
60.868223540538004
-4.275296972458467
-0.3384447270565748
-1.0280658834461505
-0.5599976989934236
0.3373242156396169
-0.3010123484072293
2.37939427813951
-0.950082252854023
-0.9312784552572124
6.160559802302687
-0.5887314375735052
0.9421167966894726
-0.3039580650686104
-0.37266599473350837
-6.338938651739567
-0.6069602240184712
0.02075284731186439
1.5562216803647795
-0.7563352699140465
0.5647350013972828
-0.7840068834818643
-0.17117626012559356
-0.2820780624506162
0.6159346404256025
-3.60135273964803
-0.37458341277710844
-0.5220994293790929
0.5786064518470454
-0.3001209051403667
-0.5958391187271992
1.616327349562793
-2.2383768475554238
-0.6019272382026003
-0.4900215887655115
0.2956975405355393
-0.6392176458520966
0.3669313970273271
40.5330567827818
112.73674248448339
-311.30026531122536
331.95585616418145
1145.2565375336742
53.947641647700316
-42.67575920299448
70.6599584934396
-3.4530158425780018
55.5869399358333
-30.80189824639558
-11.241022072450551
-24.65092236137953
-67.93771571663535
40.863748140372024
226.90012224385518
-83.17898016274405
3.0963688537760317
3.002787425874348
-32.30417036497742
-78.45236397480959
0.3450104543415448
-2.374016515533459
0.248761708579143
-3.4145117741838398
10.234714363975
10.58017753121355
-3.9613846747364763
-14.879037752234009
11.946075966558649
-0.20131933111527167
-13.129608938231813
-11.361956934252369
10.528091117004596
13.000715662137267
-2.8429943550309864
-30.542633650319196
29.4803687981168
-41.74791011688573
6.598693771109098
11.630810583682269
1.8754631418682994
29.532640220628693
16.21719759046013
-9.288029662187423
-0.5220905950601197
-6.130561412932671
4.484132005646331
0.06383386777605658
3.363138872556941
0.9456975920124695
-7.644691569535292
14.990380111641608
14.736742117623958
12.902148469873865
1.3086007814757707
-30.423826694151945
-5.526289659918037
9.190642884188865
-21.4276219382319
-154.95634887636785
-109.07644986055527
-1.857718268023932
34.09739777759873
-0.4330098904945737
-10.240112724385524
21.256031029659685
14.718830133005428
28.285052272028402
-80.31803308790639
-33.192568857872814
24.40207002103512
-1.6769170400914857
-27.66867132754418
22.541584244770007
-1.7457534705293785
-83.62168633052535
5.148379259231076
-230.4109541406952
170.0390187829855
3.0551368014192044
-41.967950164071354
-72.94441586022425
-307.92732197959606
-17.946042213337037
220.44832344017587
-48.72239897901579
793.7108951581461
167.82086828630136
107.94310893512554
-0.21181758265850328
-0.6490964051022553
-0.6280908123732353
-1.2369167951220201
-0.5404156689323121
1.150271945285617
-1.523983157554064
-1.0654502690393381
-0.9722894467039737
3.1052161428136884
1.163986027302422
-0.8533028376892714
-0.49855133522330525
0.8182657252466923
-0.2423103267136101
-0.3465819412660681
-0.33365564233991496
-1.3564094982217967
1.8150815238439215
0.07729186901464719
-1.1889832524651909
-0.3243031192967194
-0.3781223148534127
-15.66239179006835
-0.5319744229515232
0.19535576284900896
-3.2812917234063503
-0.5256990010355974
-0.2899114633489898
-1.43195956196882
-5024.24062953695
-781.1126195668428
247.28912965499913
-952.7981225392693
1844.278193703318
294.29315300950833
3108.6689865916524
2445.2217323064087
12818.56932603319
-5046.14268047085
-105.13749060524377
127.90180297212827
-247.49054423502182
-430.24403411029726
-1389.7129508946678
-715.45267237148
2182.64123985004
317.65348934330575
-3695.6313247838093
2318.709097428708
-125.22031088500607
-1369.3732385246262
3163.8675293667884
-2285.2122970043265
732.2752709358767
102.72066934897948
-461.9564574737991
208.69785344969148
-1208.0162578526779
2586.5078113475383
21.19538874635567
-5.175892151173699
-1890.2656267193995
883.5338412789407
869.7682826479996
-462.9810895304619
940.5914955432431
1429.2517700742283
1565.591085221639
-1133.2468365143259
301.5388965022472
541.839509032393
-121.66157398767974
-208.2967364892339
1269.2741312332787
1816.7891182551518
-274.06966318526025
-1275.4749463178262
439.5147778873427
-1341.4180660379593
-2001.9845817174735
-997.1079681493538
-380.70395444465834
-60.1780176885316
-1591.6556671421258
1734.2589018278095
381.4637813315993
-281.78377507948636
-637.1600085344201
-71.00689993883267
270.4182532153537
-0.8098174223773521
3.024951225742925
-116.86819215847092
41.83837646504516
1.8755310388598176
-16.59365925055484
-91.19015079379774
-112.05238935523127
113.08494777268099
278.73513337843167
163.92966649936898
265.98451462462225
-2.8799449745439096
-3.1076164819181207
-290.92007909923933
38.463598990768496
-0.5885128362411708
-189.01731319410973
-116.51075923716573
73.27924488144915
265.7023460538319
-0.5459314153843883
0.47855878776046434
-209.8116306342317
-17.05523464670476
-5.203643558558701
1.2982150029429222
4.754188952454974
-49.69632676631661
-34.57213269625377
-0.6622083405995864
-5.041001350154359
0.7840614903154433
33.43897941888566
-4.485060369897579
19.445428606013085
-193.3128070755982
70.29379282649727
-21.670719585009415
1.7171703028851786
-62.66318325177135
-23.42593337438889
54.675928562942495
-19.888182017152346
28.491093010697142
-6.380532721478831
2.166071050044681
-0.8609339272309376
10.930140030424893
-0.1706097597803655
-1.829204337014489
42.38077871456033
4.326378453863881
-0.7908918387916589
-5.992338438292841
-9.1486639573566
0.7855248758274517
65.52603606598835
11.634628726036105
568.4234891709342
37.398139193244646
-323.8511035609539
-542.8930843780821
1621.051575607919
-91.0629362020137
-207.1934497843202
288.19125300050644
60.70409216411653
-1740.3617189390386
-85.05840997874078
1388.0122988004305
61.74031367057479
-230.91888434361817
-1431.5984372129606
553.6128539226847
158.11032805034702
214.0756689209027
967.0323160882185
533.0206786486631
-1335.969717032263
316.3871763199357
-26.41257309738275
57.51472767182329
-143.09051213361204
91.01485520932412
-22.191390457869883
-403.7366088329477
14.373070451468475
310.1979325745686
50.67459213178257
-771.9822571651816
-212.76132383318514
62.73216438550689
14.894428933190492
109.05560493296022
-176.138792124984
-140.44202439476868
19.67030504478958
89.79650561700653
1056.878719967641
-215.4686961632084
-45.175653406675735
162.69643563755812
978.0537590477877
164.78724440169802
216.73510965874286
-150.64246388906756
41.32524104739702
0.8325378024546752
9.044204343750822
21.446854316983035
-9.643460863629535
3.182970458520585
4.4199946023928876
-40.08015566247181
-7.6283908997216905
14.891449740783075
-87.87314118625582
23.804147454473547
-301.03422790390306
-4.328098475258347
69.9381843409822
-162.67590359478206
-743.8011017473561
-15.854002425433894
-155.8413851152927
110.82494231198518
-14.681734036457817
55.85018433603081
233.04047024999295
-287.1786324108088
164.56782858852395
122.46672445670828
-0.2377083737817666
27.91345260818484
-49.457102145460034
-71.39423033310564
-2.3896114512893254
101.84374917372725
5.459911316746775
-85.23001473783167
-36.32046747630513
57.735584673959046
-8.907815167711062
-2.6028908775904487
3.570923954573164
-58.29473545171125
122.77772572797389
-1.7683026160897413
-49.63941522135609
271.68386753700895
-476.7150454418254
-138.3068360258247
306.1879196307689
2123.0096114225507
-1466.8506446737383
506.5154875573876
-609.792987790064
555.5633245120829
476.4084862928042
506.9963915433336
1402.343788782383
-4147.852391619252
-484.87906133629417
729.0185376751928
2327.269461736142
237.2145485495989
-132.33504325063637
-267.88051030219003
-1545.9139063754142
-116.99934814217806
-1920.0397318119242
23.4432112583763
-2558.1341534946787
1257.4366475976844
265.28845258439475
-411.80741361490476
185.54183960142967
585.3764274270319
162.98205685397926
-720.3086245559034
-50.47853150227165
-59.42258502460434
364.4604124569121
78.32182140891382
-52.50744066350937
-52.933433621372124
11.570230102017963
-62.672332616173044
-77.91947203735818
-2.4624439133015508
-6.923973937027898
37.218731620630656
12.890058783540411
148.81162287471273
464.1740496721877
-24.775500051738636
4.153802504399815
-22.0483935171063
47.50216254892013
-0.9708762182699617
20.599590916713904
-111.2592926894958
-21.494553979560973
-19.507642170228646
-7.7754333313407935
11.351970224494007
41.48203701642985
-21.29381224262077
-0.3615794801742261
0.17500222271617522
-1.384137408201771
-0.9500288150676951
-0.592778569962219
-1.036244816989875
-10.826581139369592
-0.12259664740665087
-1.0559463216320009
-5.698960592919905
14.114211465848527
0.50281634803287
0.23998402178935732
-17.95390084455788
-1.6262143111217107
0.263578263505027
-0.5435122449474067
-0.6995663887859624
-1.860525844110626
0.33331729253229947
-0.5354137416516497
0.5118471502315373
-0.3014944366128786
0.17180653493560627
1.0119981188749312
-5.195802510773439
4.311137740423248
0.8371365046719157
-0.07483590444005782
11.89665288562449
4.414732543365185
-4.5082663258702835
-1.4707827628114398
-0.15560010793520562
-2.795410409060704
-68.30534091386478
-1.176911524570295
2.856014396682112
-0.3922484458571364
-9.732811212734457
14.705712915951159
-0.8041024312617356
-0.8777367313071084
-0.8436666237024487
-1.4646753929004295
52.10386001060658
16.583594105801602
18.2083811115169
-32.019504209078015
-0.4698447185449724
-39.160926809034144
171.43851349937188
1.3800169555581856
40.29189265659033
-23.547279278543137
-58.74134955994887
-5.902483863767201
-12.644887468406647
-176.89810510596251
7.514744305195806
-10.810942448432629
-25.64469235483282
-25.452675449246453
84.05028773922636
39.92212593089292
6.6733762711271245
8.302812570207013
-70.78190759706364
529.9024544113632
-28.501155425784127
-3.869436391090072
-151.15459910793507
-9.530156118030503
20.274392506734063
-128.41131773025572
73.73465707265005
3.628641558654342
33.91213610602902
-85.94647211839619
-31.003188044354403
65.83246034771967
3.290338319259831
-6.476051189475901
-16.731079286576026
154.67055161858656
-63.10177283200325
7.400858489874447
-34.73178898515878
2.820476914308921
72.77097135074065
-186.39025965234939
47.78753789402731
34.65865387977213
-0.9699640138719612
4.875432415869683
10.624170458862846
20.235276069288776
-7.881085207785636
-17.284625417330727
34.29390829370134
-8.41739711568882
1.8375768163645552
-1.0523902941942032
-11.108758316258701
0.11064800836992976
-12.681234079576209
-6.372284736998037
1.46821171234472
4.332610425013108
10.194654195042222
36.609963206067235
36.819601751021885
-28.710193154288213
125.16408770853191
-74.05167036415396
25.128531685540825
-8.614469142266017
79.12152993037004
18.75302052350775
-11.747218222009025
-1.9936606508880845
