22.519684836839282
16.066995694611293
193.05950546387146
-889.8867177039137
105.449621660728
68.83006290395468
19.82191192526873
463.513486991776
-821.4850548881033
204.68066142025873
171.75927593396233
-24.382241698560282
-106.79733252601139
-513.2606910499917
-305.7052393511621
184.13198882347945
121.28958349107758
-432.31755522773386
-1004.2927433724986
494.42461491013415
1282.5630929028662
62.129296068392776
1000.9406648325419
171.20879864999222
1601.684223032696
945.3724487696401
-471.18230346397655
258.85161667060885
255.22785732640824
399.1363352093661
1001.7389197179235
-217.41501119692086
-152.80413481718483
107.02896656933598
-34.82321303128561
-35.40114698070881
45.68849629377899
42.062311974932676
36.67920066567407
3.0296687062213605
-34.31143499033617
260.16682431934777
35.271005793336016
23.940938383592005
15.49841618851461
-2.2289963752739546
9.171713564926256
-23.178718099321834
130.87942809324576
6.799061726447025
-39.32945934372233
-62.29839514452864
-136.05737477729784
0.1479893059643305
-72.55584546828413
0.46117777350685524
-7.03603546492404
33.2144050819926
148.38903997182385
-72.5614756225603
-1.0156833278734776
11.340402372593385
-15.401174731224966
32.255733310314675
17.470355141950886
-0.9949871957848133
-47.175446932254154
4.157538055785295
0.023230203363608544
15.378684512429869
45.72912757819663
10.181241243243187
-19.864531467581624
-4.946195967919134
6.055075184978385
2.8075385958641585
-11.504015832362356
0.24468899879477624
2.0958268997982015
-2.3619932859051374
-31.71140069869283
74.92535992362072
-70.99712193315865
-12.132717455406215
25.34516324565244
33.03122886178393
-2.2854103954601226
43.35499828380016
-30.59172230456259
-7.206146142201981
164.0353940668037
30.49886976070424
27.325856472759906
-20.91455001460634
-336.32621584961527
211.99123627741056
-16.87888340760598
100.79649554065455
-96.32741955076517
46.876141609288005
167.58423780952492
3.166209214393039
92.01002492421387
-111.31558516918221
-286.2757022836947
-161.11800892398247
1331.6676375225159
176.52372044231367
-2768.132408659581
323.26619753608156
1175.950858917178
277.601509922226
-262.4022190421011
222.08468908753386
-270.23312334243803
-3.3332218312786677
180.1393573928194
0.9425028004456099
-306.3927704168196
125.58082228778159
34.315692294367764
-54.933555880530115
6.440570142102917
-81.77295154325257
156.24225688827968
131.24097306765913
92.38565758995956
75.2081424925362
78.15015873073737
-73.98721385858256
-451.88629296567865
814.7541708676783
314.3646691903137
595.3439030638622
22.51248318349105
-210.91994574329394
176.2476131458093
214.78018207289827
-237.9615339408982
64.36132969507587
183.5806851421551
-541.4368197512229
-503.63259908149996
151.95168186954407
116.8142523772746
16.377773360223642
-178.58309743474626
-77.06516210217761
-103.04176444678836
-329.2129818000852
1850.7307035624287
-621.5849230917886
1212.1616546943953
2126.5072797647226
-6156.804893097618
87.2082526655726
-356.4493753903458
102.17615011552833
-147.13824534148864
-138.25850117566716
539.4861501787748
200.67318921555787
-389.7655420679861
-439.5445635038889
-361.52998986038415
596.433286581406
224.97997339883372
-1147.9531918700827
36.913286356483475
597.6485135124426
-372.3142283312681
72.96874999988198
1712.5753619897473
360.2164332069529
152.30739579341292
1260.5101019416622
172.01757041430187
182.64636834947726
-327.41786460530795
1369.8728655104558
107.98067812892
32.38020520188922
-744.555884425385
28.539396008903484
61.351166648521705
-445.138024177228
25.128456829294485
275.9588213026004
-1305.9871775235279
1820.3988705171882
478.2205107290914
416.8661782567811
1451.995319604115
-1734.9813078809582
447.9282260879054
-34.17236157785754
-57.50361205109449
136.85663118909218
-464.7252617038969
82.01126936760835
420.142704771177
-3.864341559282333
-54.07669211490116
34.05542896481776
-40.501563093781904
-20.54206778485474
100.7790490820655
-500.0043702550394
-27.81412835213449
-1.3894878875741485
96.8206557257696
-180.97793875842677
4.702091647384869
162.8656401948729
-9.643742553127407
-38.11275788957462
7.64023425523834
-21.123795989756516
59.15941036066363
53.61169826366749
-37.29349802090335
-24.096819366857957
1.0998994242408302
0.820405565764762
18.036804712425248
21.54500951373398
38.8688571538132
-82.80976625935135
-65.32800317036443
-204.24664194955483
123.87227297695131
87.16910006170502
18.718081527354837
-50.83260032034655
26.619971883754808
61.04514876857166
50.7442052526551
24.06553726786827
-27.93296720759895
-15.587642630636406
-29.12746804496699
419.55419745240835
-310.7275569791159
-240.0225769107925
45.34466618746802
-334.4653275439564
1991.0806512561633
154.2135942406706
-221.27523683078408
1570.6152778943338
-243.04830343863685
128.72927697457897
575.6036575164685
-7.624742188824101
-912.1233135464715
445.97735658158916
586.9291627753835
1.4115467517367706
-449.5896714340769
-1618.1492641809018
-482.98562835459046
-880.7331155933618
-131.36280090288193
27.042694390228068
716.0062925029338
-214.91302458495926
821.4732806625291
79.3050830516346
100.70929385220174
-116.03753400273253
29.09456594772933
10.678451259445351
-6.8428022865163705
-8.137112373179113
1416.3428544458984
75.00170217903563
-15.631442753895001
-29.543555266335858
720.4232147419381
-10.216931705613131
-110.49456755677846
-5420.412418525155
-1123.986264320549
72.82664094154232
-156.54179980984588
-84.12495768377543
4953.5122122256325
-121.32563513279378
-79.72678234753967
142.1282441262406
26.212254405822794
13.041230329129867
18.427321203498437
-31.03229979271737
-18.96452731508761
-51.42847328584846
9.494665953371662
-21.731662203895883
17.013076523335638
-0.8226987008735699
17.477164233711346
-401.1882012492149
-29.23797289142529
42.59302936802602
0.6376323218401344
8.950141137997015
71.13713971193714
4.330944149482907
0.9625726292070745
1.9935318811257994
-7.414531615358145
0.8314236647537693
-0.011954869718661514
-0.08732189050580258
-0.11515271249568797
0.6233603082635611
-1.4452318390373775
-0.3230013085758715
-5.808897628450309
-0.1178573899790352
-0.17514017284627134
0.04823918463758985
5.127193584355043
-0.30859554164267167
0.16427589306454593
-0.11949212035912495
-0.08681850798974561
98.63217186517693
80.97071386038132
0.04041302709723024
0.358561097669669
4.884286901245665
-9.588159054159757
-0.06599438871226103
0.8092271968547174
1.7152768722739262
-15.583823944033394
-0.15171147099745744
16.68032651326149
58.14009653973099
1.1698776027422644
34.79204350595751
-35.004549348421044
-26.337478802608807
15.178412073324296
-1.460297634850437
-0.8724014999046513
14.065565648567187
10.303504011524979
-145.20800732379683
-7.671698954566604
-17.571661433271725
9.323287173590327
-25.533739536453908
52.112387383169704
-2.300567852130957
34.309844251452155
6.131095856258386
2.7801159920281164
-6.1300790655561235
19.54384384571354
-0.071808334935518
2.133619664883376
1.0588298116599897
-0.004081747938950388
74.72216022728067
-112.05334048445746
-88.74660761509946
-77.44020233385616
-19.255727789742576
121.63013472382181
-35.979008417101475
70.2758094783431
1.0135618106895767
-72.99696999496955
26.127503737013946
8.587808944009042
-0.635220327200774
137.6705584327437
-5.16913528605067
-28.43708186500015
0.27580701209042857
58.061537680731384
12.859876699672606
-37.421345441555424
-0.0992076539748873
-5.085156312673715
15.061784866559224
1.5538341627219463
-0.14750917054880575
2.890542936190373
-14.50668233542157
7.062674676728629
-0.7823769754246828
-11.678403941424992
2.616621960177612
-31.094848789297597
3.760264768950617
-0.44156160044934367
-2.226075029364583
-1.8743849800106511
0.6840738552760137
-7.533081236763057
11.922732916234677
-27.608568635435695
13.22240351397463
10.410965303554956
-4.269445652734778
0.13090740677503845
-2.5355074050765394
-0.5770431915753976
19.608844209972073
8.299059332432366
-0.9506082996601872
-0.45175377832714014
-0.216655050386378
-0.4291976384043545
1.2671025904202682
-1.0933806753757584
0.594563459329634
-0.18984098631745322
-0.18642982568258906
-0.04363309744557464
-0.14525083745917222
0.28380839919947437
-0.06956258968093883
-0.29435111129241615
0.27942900832935424
-0.09186173582156903
0.2118690640660289
0.5462983104198463
-0.13943436161087022
-0.2545983955580501
-0.2820618439678245
-0.24797208128926854
-0.004777916848210347
0.18237468083960112
-0.6077580257488516
-0.12446572199925579
-0.10420969777343649
-1.3193806080346877
0.7197552735186904
0.20279759374599957
0.10007841257880278
0.7302012370440994
-0.12173466907187357
-0.09812981831570605
0.10100923194187456
-0.1277157960458432
-0.021363154573476238
-4.125066890698078
-67.84733241076069
188.84739573946771
-222.40210522373025
-238.20621417227485
-8.014038050855085
16.248234979518013
35.19959081922506
4.88081715234455
0.08756442681462362
-1.7933027856949348
-1.0210686914054201
-42.987414219459886
108.49650787472665
-14.930012569344514
-27.8812392414938
19.929654235599926
0.21792448253539654
0.9696939256953196
7.8600528633644
34.52493740469386
-0.1863231479110039
1.5735592401296197
1.047572340584281
1.7649674723775457
5.558453111125908
-0.10194339349356771
-13.716454467436279
-9.393504170162123
-3.093368858505461
1.8317568675892268
-12.081085689024846
0.5895877692859626
3.9191921961488894
-0.6012347325205027
1.1063108220833173
-9.1094910361124
6.929652907857864
-0.5946124859699655
0.8382635827280295
9.131137100504208
1.4942991704513564
3.9447344564249853
6.487049472704747
-2.7684589821174463
-2.0164716125484503
0.47146237781846606
2.7517965916818024
-0.3164695361918402
0.03068663656705573
0.13615286403553312
-2.2936825206367635
3.477384472853549
-4.470285106153865
-2.733893831377173
8.259768000223344
-0.15118128541391773
0.5315395334925016
-6.258957168202265
-8.688966090132192
57.18297281396241
23.25118002195274
0.27321297926599836
-1.7745477456033554
-0.09180723864809649
-2.2860361466129953
19.183781171617692
-4.8098155855316875
-54.61137589496561
57.407829416767704
6.357087413142084
12.405660747562997
-2.1296086549468702
12.01924028889456
-3.3689996303918086
0.4558462089132078
18.836057469118444
-8.919104668949243
27.79289685641004
-37.584522190299055
0.7643867035288765
-27.627460753800744
-4.187747294164201
11.79608146367529
-10.83360275634485
78.61007951218372
10.616371054998647
-38.7065796488736
-30.800907413814457
-2.492907403614116
-0.04319643643882772
-0.12947319393487883
-0.12444462402712092
-0.24652154999467743
-0.10845675535260937
0.2269819509766644
-0.3034547407960945
-0.22029680840249966
-0.19097224870625903
0.6168133149352297
0.23820939302497796
-0.17069394444656272
-0.09715650449055745
0.16367035915841505
-0.04570110129608218
-0.07009890753449657
-0.06777220032280006
-0.27068777917559544
0.3634089928311383
0.015916730072518093
-0.234940568351938
-0.06497103426622208
-0.09845180191537485
-3.584460802963149
-0.10158194039610066
0.04110219203477879
-0.49321698693389876
-0.10510842579042236
0.008512683529949482
-0.20742158486911325
-206.80609759544328
1.6734899293541543
445.92533674221477
-43.22082428763702
737.1674887368255
-85.69031900023944
-262.746252673958
-556.7992230779125
-91.14680287291529
658.0699065610693
111.54109989193107
-14.24178008008643
41.049953769152836
37.88679260802687
-123.80721398333542
-79.12504976268785
-312.6160514571521
50.592924017490354
363.00027758782244
78.2128053302205
550.4808924270156
56.988847201130675
25.41301597018786
425.23019813428675
-1784.993483534867
-275.80083483472856
-43.79178219184864
-28.474442778181313
-87.0202297571168
298.8820928723383
68.41536619542521
-171.6931110186237
75.42399049456779
-81.50928784052088
34.75185733106471
-24.663112254615505
-188.60190765034875
-69.68819462329353
25.718808250328777
-216.47241406731496
-124.69959683458343
271.7226069757282
-170.59188087504648
22.163953109769956
194.7548021651395
50.344254741394494
63.83810249896333
-154.37460845946572
1.730601950124674
101.32811665470498
47.82942535309507
-240.09421176208895
333.71358968570934
146.14001965670892
245.1832969582178
-137.68648705493493
25.438665178294006
-10.425069681409466
-127.31570831958474
-0.19981295979721744
-2.7511749736403144
-0.10513125141643717
-1.9526626625453585
9.42699211968446
20.49355751354725
20.315786719357227
-1.6883938793892965
-21.037855070436933
-42.38376071532171
-20.480886770312573
3.8092333407305436
32.884529990623065
14.366763395804266
-1.724566556785603
-15.034198533537355
18.09521697742445
-18.159165974476238
0.5835683245067428
16.126868369763898
92.04013529176517
2.278374527471534
-41.10339987522575
-0.10928003956097097
-0.26597893293238845
96.94969984842227
9.240794820273555
9.045519295737614
-8.419053103696786
-2.32694362003768
138.3574876296192
-3.3067783961461723
0.539422734656842
0.4709975132282986
-0.20870161582431096
3.671205399494839
3.7960430116893957
30.50252868641694
11.924342382151679
-18.54939063109109
-24.575293556394865
-0.9155247510574487
6.790449335286314
2.270282102004216
-21.018349631563954
-3.55631440914576
0.6988323955437299
0.5661060058991877
-1.0052767833717413
-0.15508117911718075
7.928048179768618
-0.03358973413354231
0.10044878359797957
-4.827534170753348
-2.4206157048429744
-0.17048804860807637
-0.004980044887459775
2.5697523052148985
0.13844233133762104
-14.872869410841592
-0.5323079833086798
1451.8851121998168
283.2356426852101
185.0277708794013
202.04807281005762
814.8437636983899
-569.4249084051874
-447.5334923892037
326.16603102906714
372.17468031688094
2168.0137925549616
15.639979250964082
-212.6617411185567
216.59394794149517
-397.00060745784606
-970.4212928919248
398.76817414180977
33.49239972428567
1777.6403720282567
2739.2037427959244
456.9132245459336
-1254.1839185403642
2172.2685317030564
26.578879440951006
239.5716836504523
103.47234673300247
-161.78674131430645
33.40719176362174
-69.39271334652737
5.810173286129043
-204.76311499643307
131.59342274394143
-1213.1351762268034
-242.95776994907888
87.24998822562092
-39.94247265393962
-190.72654511339613
-95.87322040964911
-233.0337882708091
16.67830662465828
358.18166986705876
-45.50494491201176
-93.34923628209556
93.23403942765405
131.14194726675993
2417.8803828887503
54.4880936197098
-195.3631405921732
-67.2335590518185
74.84841165004438
4.849627368542356
-44.23951976378939
14.655463807152746
1.5957214009127367
28.077827740000654
37.8058902523833
79.3459556004366
3.1363856897560964
-18.40087418733653
27.112624860782798
-17.699969717753206
2.42840514316064
68.85825659363985
70.40582895017992
-119.97945599902795
-250.81501963877793
-24.181781519867112
164.89905570107217
-17.48024808922385
5.750055221615894
34.12146470123014
160.34229332690555
112.65479498298615
-6.136880828617191
85.941056667707
3.674278061076074
-12.937725477727506
8.823437255882938
40.783620079600745
1.307303471503736
16.013561584629183
-58.891829940884406
-23.30384752923266
-135.07101595432096
95.87944262483431
-7.947714449389252
-12.938968475450837
-1.382571396781592
28.945648103747278
-13.120498507776263
0.15507735421856678
-318.73843905670765
11.271582326719253
-99.60745065404889
-139.78102177734806
201.25769966794226
495.9898145720812
-144.7990490157644
103.3045984420574
-300.823791819494
396.36482007342903
221.95203771469082
613.5846087780188
196.01165150223864
-106.79206796807904
-110.03470666514059
-448.6068280615785
-860.8455726924367
-88.21710375171882
179.66527198821728
-54.58850187978463
329.14123410375515
-113.13450130479156
-486.439392042538
64.04916566875896
-438.3220296053103
118.61321424264024
-106.83884602443598
136.4280246810113
-6.231884293724062
-240.0991703695763
-159.0745708707764
171.5346625872701
57.42818787713184
-17.30251328125104
-36.23108501117309
1.1544232197055686
54.3378334685868
-29.421538568677967
5.31153554613738
-8.698178278695591
-25.950933412518783
-6.293912706322512
-8.853820408006875
-9.119502676010766
1.6315704347782123
-109.11872112417484
45.842580684699676
-2.5496246894409573
-1.7811312924492138
2.807303148246792
-7.600514184935149
-0.1957581623931936
0.23816321520881714
47.12307362019575
4.197503255395935
-10.507523318700173
2.7105919333033754
-4.425355202127324
3.1112679089001087
0.3346241089442921
0.5608433524373356
0.4947463002318714
-2.1461387797643385
-0.18983032065590677
-0.2003843350173798
-0.15654660348607163
-2.6533839917442164
0.242573147967741
-0.09829902205241353
-8.326383065608814
0.3444644471159183
0.3424947781333717
0.15601314592783738
4.896347468283309
1.507666688232187
0.048485484343233735
-0.07223591705425984
-0.301325445534414
-1.3575444946354656
0.2604223143685405
-0.11174217224596639
-0.04331349889096059
-0.17701803916959016
-0.2897316170762304
-0.08718224753779752
-1.8451743884071905
1.1759802201170024
0.16767653334385635
-0.005998188956372162
0.48031946829581623
-0.3537422329421536
0.47326788447102736
-4.4954032920521625
0.01103497169622463
0.7216111742865764
48.9881155695007
-0.06107347094538002
-1.7888065293888962
0.4801580353161082
4.0409358102896
-4.927543258123765
-0.15570160487580018
-0.17538420546684763
-0.16858080528730038
1.255192901975974
-45.74942668302122
-7.055595038967302
-2.1057875099112664
-7.680121753782424
-0.09389761908801085
33.60138233405562
17.025922256492027
-0.276876222328014
112.28980081439101
-50.60268166913478
-62.89075432700746
12.758671438903749
5.634313030433495
49.660487393296975
-3.232835055571994
-0.029526244404787558
11.189819133085537
0.584059874436986
-5.9352144221695715
-32.33810008559271
0.45613622864154185
-21.020389228041587
18.125958326746897
-51.26502122328891
5.993116930672967
-0.9827283929018005
-22.42964830752265
1.3899398958124787
-18.35112868622319
-8.363413812522648
-116.05290759692647
2.4488258874142397
-3.7371690130496087
-2.277628437256224
0.8167818363819275
-4.901702399601389
31.112278647920036
-2.228530853151254
2.13546386830387
41.50700530055839
18.173043259455394
0.6615349696593315
-83.60513976618353
-0.13098486066997056
-2.7719499265365526
41.46229635613627
-2.970496372575719
-0.08009201027200215
2.163987702941033
-2.4631657312806774
3.288705818771706
4.537523538247801
-1.2699029186060342
5.5370110598880755
-0.5069548348674608
2.36125271003182
-0.8121169837792068
-0.35299011945046216
-0.7549932667111839
2.2988861238516445
93.30901822325615
-0.9332985921622655
-6.129570709084489
-50.45261213872413
9.204349824534885
61.804269926406995
-0.8460871675530014
-101.35114710043166
115.14566416445912
-52.01370683111808
33.8097592356848
-2.00708711518567
-61.566958247186015
0.41472495666744313
-13.41573038326607
-1.1985486172267892
