-195572.02136730214
-61104.13734396771
414840.1523555233
2608857.3139833906
-172018.2667402432
-438994.8995981375
958008.8149426184
-442866.0366021672
167882.74678983956
633631.8007184566
-2906236.847382324
-61793.57300672703
47645.07205327537
-412758.22275301185
676592.5421979357
-77519.50572952446
-735048.0527010177
-1901082.1599344579
-1825159.4459062228
368341.28222507663
319656.89170850563
-1803625.1778195994
2973427.733401555
715754.0691537457
909799.5758786913
294614.7816579295
-875770.0692053515
-107307.73042448949
-386072.923917499
29647.954033464994
854090.5154945186
165192.10112157717
2710333.727046751
-1031498.8891468502
-1439636.0945405182
1868873.5612815248
501524.0631164525
1335266.650906983
443770.4459211764
-330059.9880282861
295240.41361395275
-2275980.776883604
505977.8732215355
-1100333.0842175633
-160885.2801104288
43023.3916167687
-693842.3440127675
-1576965.8531050573
1592608.6895673664
555128.9494890416
394445.6581614129
268841.5314105376
-663534.3207571004
-2070857.0017737
-254602.60206895147
-232890.63605614673
1128194.281907777
-879045.9539634724
-609706.3713359149
247981.91782980307
8197.180146657352
668096.9645049729
149947.73281193135
277861.6460429536
1579828.8303058879
-107108.43138997459
-2768752.454074168
118087.94314460144
1089.0258169210726
656457.9669818837
-517266.05481005006
944806.2744798468
-1504716.389507163
-599250.2550781544
-216777.897312305
-36830.94350661622
505393.7071058922
19489.691667030802
-24377.065499934542
395455.1461088729
608169.2115823549
-23991.629212766224
1473457.0391044961
128167.0980724278
1463463.1764851045
-963650.7383287072
279812.2573370419
-119073.15920599308
514227.2504108448
-104141.20715642936
78557.03003453418
-142129.34378875542
-120414.72710266094
60762.66810511018
-338939.82886404014
350387.96934110165
-151848.8470724957
530956.9253407266
-186659.10605835496
-378887.7238958785
-144224.55351094785
88009.5911573494
-369737.04141694325
883974.9726925934
-676939.8038305033
-1912560.2463529485
1912552.8570325742
1545642.709992136
-3281286.7161434
-1295438.0205341305
1978090.0581169638
-735377.9185289898
576742.7410256212
133672.2485152739
93276.42675060974
-199546.81437318292
1851407.807768089
94881.81853959864
-299460.8683386689
78533.34952663319
91154.2117151732
-294347.82139906066
87010.54324232458
-25850.029702662578
1181305.1950519432
426737.49311964563
70588.50994200566
128703.04045386736
-862830.2276522903
-1450502.765384256
603688.6175392953
-1935109.5418682247
147753.01281488297
628832.1066877802
1077783.160810956
-7598450.295815995
1968249.3794209873
1022545.5979013729
-1909932.010922008
4546569.874644328
1180181.370798236
662365.3270374049
3642965.0253667403
403182.1853497812
436632.00153463794
115286.44462090728
-391894.3712270025
-149742.89990500917
-196094.92700547053
-1424736.1521796314
-2945526.9765391536
3674708.4795686686
-763584.1897451287
-5258513.881658163
1.2839250422475513E7
-2924510.11056808
757370.7156356415
4372690.4847221
-3338581.440159489
5096876.226636905
-666910.0449937511
202529.4274216846
-424286.4333130954
1222059.7649165841
-235242.7657305163
1127552.763861112
-1049672.606936416
708900.7135765895
2322914.9380930574
-3338920.450321331
2533443.189186517
1430555.7318769905
-1.985170402068872E7
9475975.184478343
-4085705.441978684
-3103433.326620631
907940.5036382116
-2166321.450233227
2403413.5326574557
7218380.048662301
1568878.6821491641
3122184.7930304357
-1844509.112709821
810357.6453215024
7197960.456478145
-4802316.561739083
2277210.99227198
-7192689.026513079
1208058.6038878218
-814469.1385590635
3825907.5515198996
-1405527.775268179
-2903813.8349229936
3634305.751453138
-2680023.771477083
-193572.6971224323
-775814.759010632
-2419702.819975623
1.1782907507554576E7
260265.71717606732
1310508.6946036494
-90775.59178685189
1230463.7746734773
-2247697.2221223908
49433.95471413798
737986.4168976357
-823994.4089103766
-6997529.905232011
-69362.15734998902
-6616.843524603838
-22242.457472759877
-182816.58155419634
9396.17773472295
-403702.8834437648
-103682.92235668986
95696.41316580631
239092.13680252747
49835.00920109678
-76120.23332520905
-159043.11579397038
66832.87337772534
-40437.60195524558
1678.1057930431077
-12917.198126425754
83424.43938087401
98867.91912278901
22499.78311985736
30453.437439335838
139633.94381258916
195935.25600860658
889.0808323619722
-277420.45310852514
-49947.7181302008
-74812.79278464336
74932.79002412972
148552.97953006698
-171833.1507263943
-29814.11419248971
47780.82062823842
-66713.33277859303
-180127.95754935962
165179.10408657734
402127.2079032153
904537.2128507899
-1395839.586578544
1662850.3085770067
580192.0665682135
47898.72987484202
-1071723.2344815114
-3049711.8506182693
729862.3487888683
431134.0682729469
598382.3203938209
-726619.4592139985
51353.96065998824
-8918477.443345044
2994248.964969868
-963785.3518919854
-8897523.583283085
-406490.64425953757
953267.4934106953
1929906.6246483875
-64336.14498027138
1320019.5718111142
403879.67034527933
9440527.054449625
2102633.3747343
-475171.8193884645
335871.1352895879
-381282.7367169334
-24526.533408121923
-15156.860107161358
32057.39279205566
-541714.9193519951
2223904.640577233
72727.61727198558
-29158.66011713252
-717944.9543560853
17812.67002468481
-109529.53450893488
453519.11506699707
-4922409.303539686
132681.78979631353
51578.76271906947
267343.6721517544
-258684.10548268916
2736853.93005108
-884497.6205410289
945330.0995670899
-743577.1558224763
-62485.32843467704
-9683.407595795234
-154504.93723460805
152381.07218129066
-65970.49099519788
-165914.37053202905
8671.398291413625
-79586.98548624135
366209.3122296701
68722.705238776
-205801.4329730534
-2490069.861015638
361837.7438275456
-174450.75924401233
478465.18326244276
-50791.33117909573
-1257194.7745298615
-33812.93431286239
67590.1301033561
-17606.271046117716
32289.01506701199
31705.395356112327
-1356.5160377508817
625.6053850851537
511.10983054769576
1712.4859939979099
-96480.54888526055
112484.58457471328
-42102.43173058228
-178.76545071527374
-76.19717973692256
5.077804114974211
74989.35632375973
1269.6383707420093
-2391.379020898457
34.57141644090112
161.80409046370374
-1959824.3248329998
2615639.3118199296
76524.76616011796
-11318.335912061539
4556.936270511109
-2393.142499838981
-3237.9546518433262
786.4357321196736
30709.006687491517
24216.62497072149
807.760878375666
-53499.65142102081
17526.31860629196
-14632.474902958347
-195138.23924461086
-71922.39492275592
-113088.02927233231
23539.10326582325
94350.92380707536
4808.440048350001
-115969.10545431619
-246928.69664152575
466316.3274342924
196296.71773501215
-663410.4580010851
684473.1826099473
136587.0419001456
65243.81065161201
2252.849481831059
111609.59451398836
-79409.00206341491
-53458.58350182502
50840.678577655985
-446428.00244599086
-66114.07851944592
-133747.27798037694
110377.65176103014
585.4991992927335
-62532.3791956137
-2576682.3510123785
-162682.32119294617
-1330167.2528259174
-653574.6999384535
-2490425.7183820466
1636815.5903019316
1383811.5466350238
-109843.98038570149
3631087.2147220783
-418116.3107544492
-210140.2148344966
171360.2169605285
-171840.9986780011
-392901.7054816094
-108270.05726800655
-53597.02005069604
267539.7018210204
-1853313.918610468
-1402820.087664163
176.65559945617466
-3558.433863964488
389200.2590480957
-75179.1004650275
134.48198244145655
1581.339633329229
14788.840788087904
-51284.265870645366
16670.385309106357
-53744.86719477199
-24799.89212984253
-14626.775171088135
-15776.665853876088
-1899.2625574734702
7208.398158831459
52616.294414762146
21243.668265113713
52399.15415078063
-92355.01819288699
145389.82752834627
110114.58446083784
-46790.03244721243
-22683.104160206414
10116.665625630141
-72559.79942842959
29912.513803957874
-18912.020442248035
2609235.2666757083
-41928.35879092626
-2922.2711440047533
-4589.637517388658
6515.3786813256165
-25874.932476500133
-1739.9916849209976
13842.233258951985
-18.113221536655715
-277.54598344889837
133214.3331263742
1263.623902813093
-3064.108647834714
8157.497768321266
-48072.83652272778
14237.57959315288
-5197.759116698545
54063.94351054188
-29219.783646976146
-1738.3320925570192
16227.963116100767
-3261.2589374481645
1609.9280535292176
-219.41000312231347
-531.5352782135092
-167.9987588964814
-82.26618253165371
34.57279333890356
-24767.375533680603
1666.4890947847805
3074.4647298626437
7168.201502029415
-6368.930648067686
-410.5038608654893
-438.29722378771777
-5258.194506248888
272.75033611840746
7845.020565780111
377119.0716308145
3322123.5322835185
3266155.966636144
-1595460.8498670124
-6127926.7117484305
-24673.00534829557
-239505.14939677776
178555.14008822356
32299.81821889516
-245265.03750374683
63224.834033512474
-183807.88063926474
-334823.40059638175
2349435.9529868737
-92720.60195365112
52142.13479705058
75988.69594247246
148332.66831299636
-38410.196288815896
-234879.13479240314
424400.3641606962
3780.6866656540824
43398.85848644661
65036.900903678004
-15557.421898914885
-43195.36469975207
20872.559477571445
-11130.398837207753
-38480.578046686314
-85133.81065794702
77401.62284301063
-114347.58004567328
-64652.298265137186
83533.48589983436
69857.77638363703
-11056.27732455661
-83159.15912287768
-40528.236525529224
14590.979554349735
38678.32269219792
39840.438948103314
-1470.5743104613084
60761.607567659725
39243.52604204081
136805.37027943888
-36174.306940439725
-13275.234599506499
-58440.95584013061
-12752.384047175752
4510.620563538764
-6184.644319245447
-31743.854949510638
93560.67862395533
-11875.365703729998
22294.901008635425
-122141.22922871685
-68293.82480191735
38132.65330928603
-68753.06144003908
24150.147917937287
-38206.80534660635
969070.5030865791
-5182.063077159124
-200131.16310383173
558.2776840331403
154749.69787884346
-265816.3360660954
-94491.9024722804
-1168908.4596662947
382696.5655363484
70863.08015260793
506816.12216458534
-1049122.5023760882
-726724.5895501523
-4766.942876557956
-12948.432743927151
761425.2574794174
7050.84360420412
-128732.45989189029
-176001.12846911582
19288.718196199057
68721.11497483017
235101.19252473445
292548.1875675684
-69780.380407248
-19649.492638403128
273217.2838899044
-1244016.575773687
-321521.41777259787
34640.460347201166
-1138.6634380110634
-193.48014698394948
-832.940914115224
-1326.7617310322657
-575.7134248802283
-3014.950543122802
337.2516434812774
-5053.560366202868
-1012.1390492982752
2024.2497541528307
7582.196505258698
-98.9682118504494
1040.7069422594948
-3365.908386187933
780.4506358257505
-599.9824831589115
433.10204898728165
212.43367247121725
683.6935651915728
1096.584505726144
-49.58008692437284
945.50534510971
-1767.2530767378673
-88736.93634236866
202.7591232652634
80.66926361559604
-6405.30508000303
-10.360784179155933
1702.5169059085204
6617.1458050169485
1047705.7100628058
110737.17256664131
357019.95358982007
-790.0195833086854
727468.0986847504
-537739.0724617733
-970782.4805898065
321711.07287862065
-2351240.6674003336
-7763356.23639634
-244009.1250333574
-189159.63978822934
-159073.78299171157
-64923.755249711176
3554410.5351610463
559311.6492340984
2631832.5303930696
-207732.28029215176
395847.56885626033
-218805.10419113972
598367.64712382
59193.65150233746
-819770.9045020054
-1202321.8744203746
3058224.6525597232
-291165.35188411264
-241016.43358929185
1025899.1230020019
192402.67934644004
-3458386.70003489
400816.0981561893
-418047.39457254653
229837.29333224497
-827013.5553744868
-483565.60077780724
107226.25083738776
775405.2150134555
-875163.8334384012
-174542.95097340795
-140602.59351253777
-45543.99629659815
537323.7585832131
1387996.1659005252
-177228.8336671778
-1742433.3429986353
1038459.6627494524
-64041.60984498397
-187017.2159174627
138156.07536065238
230356.80322267336
-628045.0689445754
113156.2277596828
-375114.91480360646
1661065.681440315
-7097.63971243338
-177923.34542386202
1376546.4599854676
567225.8510766518
-344551.29116660863
-64501.037256295516
-2610251.783171808
-1661.0934043566092
-34379.88016570218
-503144.72059635154
97205.82865614562
6941.504699795198
-4687.010292298068
284424.25216047524
2416644.5885618557
-248551.3071283469
-642692.9013935159
409555.7255433783
-256766.97596556263
30915.843291323086
1023641.8839934698
-802743.0530846418
89996.15488026588
16967.32541459285
-1226736.5014019655
-43696.05454584393
749875.7125831951
-27309.279641488843
-593.0930241917056
11383.072471329297
-386080.45431434223
222841.98136120694
-38456.5235652063
-38825.81694690799
16612.426185203763
19179.31432206652
249402.54637546244
38377.143042810334
-51861.10574994616
-2896.864329131045
124031.32447739574
-118695.98599121638
-331644.01942933263
-527848.9551078175
132945.6889859562
240631.50839178287
27237.848200025277
-88565.29345918931
-43075.45446583104
162741.64841867142
105745.92204121478
4676.045224978057
-45399.16565997283
44335.84022303662
-3363.3852353601574
57463.95249754062
3601.856371387775
-10127.0643583672
58167.33195297262
-58197.82188337734
334.5186704109835
78387.10483645608
20984.5231524381
1346.8839415225361
114607.67578273383
-89879.03406623095
868667.5475217277
31975.950227863013
-470128.51088809577
-596957.7989686124
1452092.8376484946
-598758.27589312
92309.2745054474
811860.7239283415
-725319.6395786129
-966.7699708463568
408174.36785718286
74563.02557296182
-275033.814202232
-195091.5165051018
-913277.9513572162
440636.30441249
-1203866.1580952462
50601.66414113582
317606.27901266434
-227807.7196139458
678575.8186675656
763547.7873322163
-4271.514784382636
67638.10620741418
-57585.60646310565
116967.24986884718
-38771.915423379236
-89558.16904124316
-131909.26626749328
112229.50868077822
-155584.15609303463
-160958.38467538176
-44659.69400341577
-329880.900610873
-289573.55318963743
804731.6273944424
-1235625.5659670325
1306062.9213187788
135374.40062043938
-419679.47867035127
361181.5453204761
75975.401283701
-578466.2537156008
2792327.5211946447
-2098424.917262038
-336559.4356994177
-471797.157048343
950834.1081076502
87763.06758140553
9033.723239312683
44599.84713781874
-56118.38744932817
-97927.48220785077
81154.00195093443
62175.01097333356
405706.1859658194
92080.12617266855
32720.958682915174
-134316.5163273977
-2775.7713192930123
200495.32977612596
195089.60872836993
255298.33333616535
132173.98105292546
541734.3668574612
-117317.55984742945
-73000.14407905213
-348195.22201060026
-16082.425922466147
153489.18287442307
56541.30522217715
-73920.49039888066
16760.161804909094
43774.0023233431
-5038.411279191291
34586.27494706059
-60552.034176672125
-317842.9078723789
-3352.2658714912386
-196430.50379829833
141799.32438911754
-22443.094597656214
120184.36543395734
-82299.44077574024
101984.76705763795
29810.880771580425
-97830.13191905657
-70054.74710506773
-92700.79415889841
38308.719432925114
2053929.649723724
-590922.9217014523
1203687.2188389637
839826.0737843169
1596534.5058124722
-42538.73476280172
-3929819.645533987
2270381.549400529
-642372.4759170581
87128.10239064453
925778.6393292516
2257079.612119391
2871502.9840831105
1022059.7870314693
-382324.02810693404
-1670589.0966670664
-1768004.630950891
-1375346.4504316181
-635964.144597237
-143082.1216119026
-730462.7231974633
96028.65652188822
1306317.799430838
53798.22435994062
-973461.5784351171
143350.4316543034
19034.819081143807
-1182837.6411870634
435989.872719314
-166931.87399700138
845151.98025697
-454438.08406947646
-1290746.0743628014
894728.1934930285
245926.24361458913
-281422.28985191125
-239850.53651162534
-433668.12413588894
249063.09325229083
-621488.7294280849
602830.4330274338
197173.44325633414
89814.24506275805
-1104336.3981428007
-55809.829541811974
54654.96295439709
646251.1401655535
189447.28571787654
-300477.2862501836
223601.17155885123
46767.03652766977
-668.701222260038
8813.098001470466
505003.1752825553
-900484.8701384055
-223536.03027716282
-85108.3134773394
90152.07418535903
-56554.069535233335
50877.00547574851
-43007.34107540852
26591.23735349472
39172.39678038355
-9.863833471507288
24064.266253151876
-765.9824014946065
-8004.720766900087
-16604.0162285998
4634.046280152215
-194391.85712223072
385094.7808669757
-24103.349888762612
-6013.298689434361
-869697.7285738862
51813.22689047223
-3864.619383185472
5078.951056976874
-36207.17732816937
12766.876990875211
-37591.63763098452
-17.095977606228907
6430.692213654623
26506.44437140375
6393.062402217674
26364.329771144865
34520.02339403716
-45744.36022868656
12434.053367297132
-5788.628272384489
250019.3626800875
-64545.371216119274
20794.67758049066
-140076.83234901616
3441.125720040585
-66194.75553556686
2958322.6228733137
48425.14748845627
-37649.21312391317
-17479.13289190408
46751.25686429669
-12831.622922963363
-1180.633693477918
-18.732829678089146
-20.291494387775348
39808.50386884658
88072.21562690756
13056.672605567146
-6443.698654443189
5503.337974038147
-74.39333539229006
177175.99257014392
249488.89400428097
8466.273846636623
-446974.06355764373
-42560.47847835388
124767.43832689406
62453.7119873107
-86683.95106238865
83541.78725637532
-4017.7318118384806
380881.45067698177
1204805.5753491314
69571.94319255835
-399182.2523326203
-121326.56606436122
100818.24340770477
499407.7923850911
-365563.30224394164
-498297.90478987317
-149049.29527160747
-83299.39425311777
4289999.111459609
-13952.468117945918
122249.75339991294
-489827.0254337939
-30640.412569494918
48948.437751063815
-8341.110974527495
81220.44203326154
7947.566196111721
326861.0419602367
-111420.5053211705
9778.682630569223
35483.39437263975
49619.53421879867
24278.949787552963
-27592.630199563824
-11449.610484811563
-76841.81454032415
-329022.7926590263
1509401.9980919983
-228476.4830400902
537713.2356490971
16253.824870501609
-22078.23443521396
-738405.6308180311
-59621.09561831905
48950.35818750074
-61048.771191582484
493785.09099078015
-61754.68734742322
-25241.61375987182
24079.73670247524
100432.40855952412
94350.51978847102
-651845.646016451
94321.51241224508
1614301.7196726114
2883618.2777551617
163655.56507460517
-219789.5042045998
-485045.0003636523
454730.19455666526
3445710.984886075
820190.1458242683
599247.6425283285
410257.6789987559
1513816.6044037833
37689.68650535379
-81344.82536078467
-17.256110115908825
