-235223.18884303555
331885.1753494016
-111392.75716792211
2109271.4679289763
-1126330.8933570138
654481.2153670517
819877.6558352481
293068.0587795958
-1141740.056619131
-2560508.245515311
-1178022.5426494225
-245877.9566665443
584104.7384448905
-95260.44779971968
2860592.242453053
-1050299.5262470616
1075574.3552740095
2586196.1983734854
2907488.1341167972
-105701.38366315617
-1196597.5770008112
-1485370.0748661575
-558244.2831814081
-1822590.8432080955
1074494.2285971662
527844.8681381899
782261.786236654
758669.5678917916
-914679.341939218
-131497.3047453212
2836245.5666455976
403237.52178435144
5728238.714166426
-3292064.2047576164
-170887.14306697113
-1545798.4462339624
1463528.068736556
-4465493.735495681
12953.342651483
494590.6358981836
812883.1194155954
-4853672.271088928
1189000.7875029831
-1683008.312300804
795386.2152463372
-208354.15279895128
-260161.32201982432
1246089.7373616197
-3654081.6628023647
-885589.0236893041
1717137.9707657525
-2107182.7439047424
-4563845.317277839
3926452.41463079
1745986.7455123577
-172095.8499827538
-698396.2079830138
2222468.086434165
3447505.9599943114
56670.85278207284
-130385.17502121783
-582345.9103760829
-1850799.863881419
311835.96836423106
-1833832.7183611495
487320.2208114045
-979727.266023543
163488.45272272575
202.2696864690518
386597.7790441244
4546821.552197193
-891373.3715950071
4399224.158514093
1075302.1573984632
-2347098.169262257
356376.16358673346
-1392200.7637310359
11288.857123855436
-47920.809312441306
-401411.7637274922
-1003161.2090131884
-2583876.791177996
174859.6056846087
-1055303.3797727053
-370116.44993320905
403880.8657518781
530753.529681138
182714.59768950645
1100953.9676265356
1311550.0858350086
611599.9541682974
-564548.8100153223
1338.6802475176412
-800159.6198699228
-271793.5316303508
981997.6751172895
-80938.6220483816
-2168812.76621857
-523117.26938637125
1908607.3900849132
65911.53332441932
1832.8369520090685
-1310244.6636515027
3729859.22126429
-1486901.812129416
-2022171.8193123497
2668829.7181722093
-551949.2490033566
1053234.2100835314
-3355736.680595965
-3438504.9356130227
2546212.0821841434
-757520.200784072
-458699.23834768403
1877054.6465387328
1137576.768691166
171548.51492518393
-862538.222635861
716526.6592650918
256357.90468801308
95627.96723446115
-173116.4528895755
-35561.55357197906
94489.25898160778
-360476.7627920748
-228916.59758208107
-659180.7547357959
360976.21004423854
2062436.2254257447
-1705157.673480321
-941850.1518923852
898438.8878451565
613527.5106143755
3775434.7812610352
-1342270.6897045507
-2575550.279445381
2028553.2416506682
510409.26471100934
-554998.4211613478
1755085.230857694
65245.99972247774
4673455.0903392425
-1700034.0280809684
205064.48935239034
-462351.08864740137
156169.01709481332
1322282.434274735
-363259.4269953153
217926.0687888161
-2597630.5942189177
-175270.67280719482
-587244.2791992788
4988164.531928823
-5261664.638800324
-1276623.4708431219
988590.7400679041
1810338.0863910818
-1.1722581013796218E7
1.297728477468418E7
5927984.791593117
-4392227.415129546
774064.863568858
4044673.2810307685
-129246.01934014828
215106.81733711294
-6134774.382459126
8462839.926419256
386821.9278195722
-3347272.531710902
-933990.7450453602
-3051141.2953148303
-190476.74418850182
806468.7206150177
9841705.37593497
4443018.886980976
-1.0098831141227966E7
-1226904.600813799
3136645.877476411
1634084.2655571587
-2615450.0112806465
5167526.44002835
-4568936.877559669
-1.386063255393788E7
-121888.28814088946
180070.7935949629
-714058.1337897896
7200417.609152983
8185685.223957833
-1.0574002441904306E7
3790252.815589785
592609.3561189786
-4170243.431911794
7642342.883132597
-7394906.436921541
9267137.567332244
527157.4114928924
-217347.51425978338
2128720.179010422
-9428153.118923763
-634870.4415667048
-4485881.902352947
-593267.6498508896
-270267.68779056694
650874.8825846151
-2457054.8599264733
1600247.218056903
-2763450.4529094594
-5041985.284187578
1044425.7797675225
31328.300845333113
794395.3287761052
1166755.266209807
-15004.786307147835
-397844.9512271469
-50803.004815838176
-138783.39689904198
-362322.821210113
135490.53681892707
-373602.076987301
-195237.31532143004
-219329.6462945093
-56557.037337293325
-61023.34099386856
25531.517929424863
-318115.60731376597
381392.31838187965
-41107.553861500935
851727.9850488122
-624896.6986147107
291859.80141110846
57341.25497926399
298080.66094829055
-587647.1366884682
750260.7675096268
259617.69078363906
-1103604.7436772448
-277587.01986152167
-96770.70121996819
191181.8866796584
-522020.465691566
-209419.06825456436
-300677.3136585433
2263793.026799512
1083540.142209305
-503956.2070228643
-1090648.724460434
1140645.3509041932
-260083.87214793926
-297534.76454018196
3784335.869671895
4027022.159265551
1250337.642959397
501246.7945328392
1182591.295207536
-2591927.386631552
548034.6344769989
2552026.808870229
587238.6304461904
-8866162.319804804
-2884593.9662652262
1636977.177126473
-7648740.6259567505
2203389.188315387
-1327750.7234404339
8015993.604755214
-265156.24402499275
1.070605874653865E7
-1367669.5232993213
1464213.13663459
-2771369.870840501
-312870.81303034077
20652.709935907395
-65229.3195856629
1197452.229141441
37576.25446065134
928804.942329526
148232.85760385715
-1349982.7025574476
504583.77537068084
-435664.9853877419
623524.0894408552
-2787236.525458398
1415960.8361090187
101491.69976978174
150770.24623631814
32874.23874664141
-1953796.590610654
-1618971.698946794
-221616.87471936687
1706592.07175896
292307.7671547807
346110.3631129983
-15345.182060360037
-61012.5778212903
-38435.173050541176
-392307.724718772
350459.2817670988
-186536.7583473886
-275983.81833283516
-58442.87890297483
-151911.5777095309
-5662833.249284084
1221264.1554524212
-658394.4290643069
-1502480.26174925
1107.4086580639846
4450981.450250881
-674335.9592943132
201015.117396728
94238.13237396914
379933.82429929764
-92784.28595609234
-739.608743288511
413.04153357076376
1424.0673840683673
7022.308481039934
-193140.624333856
2066743.9228279523
-405376.89577610354
-183.5948413200373
197.35987891159442
-185.28014502602133
188671.29241389016
-11605.972757407368
14439.299359993238
86.09805715146003
345.55344996966187
3841977.2981349197
-1186533.627888281
209683.47188177143
21562.89290463834
-2939.6510101715867
-28546.238245535827
8841.056387289893
971.2270888727084
35278.775666999645
-225899.1813682959
13967.936667707572
-41153.438268318016
372202.44443977514
-22257.687952649063
46656.546970887015
-1454755.269642748
6546.709413386281
81896.14396488926
309163.169558894
-13525.982471470634
-1491.0922885206287
-444900.55909165257
544444.7882246666
79593.29026957093
156393.2994746201
173197.12466477818
99515.68932260081
-65688.4416032784
57560.0304369283
-286750.5031538314
-142570.3549990633
-111157.51146852307
122729.82302344301
-1313940.1382022668
-5980931.9125282
-980624.9029176189
-21153.933589715965
-1275.310240305884
7320874.921069493
-1.6847094971286446E7
-947805.7918048544
3962590.5381493075
-1101111.6861932606
1252529.498503491
-32900.66878379435
1838604.488894289
-543469.6261436885
1.41318870799934E7
-6628171.697454767
626946.8892962585
140068.74496473608
6876070.14553796
-786501.5890498125
621726.1513409083
112677.13602848181
899418.0615047815
3061100.985164069
2864322.719524276
-314.4362175972983
148091.7380170598
-4718862.267545564
-444773.446232344
-299.1515631028635
9021.938761488733
16538.43145838556
16050.393934390708
-42831.7773148994
-158828.46155328688
55029.46250707163
-197754.31297620208
-157117.614966226
2621.6255780520264
35995.44761644081
-65301.36575150879
53505.949888568684
-66163.18539336127
87686.31336880758
-12274.434500460102
20454.74881317449
-27951.475944000314
-26184.688090426735
-26958.01496394945
211202.93856409946
-10373.587369113564
168756.41943043325
-1589324.2408865623
20913.459864102148
10742.803415582544
2403.969945887002
163974.50800783842
-78482.28745723671
18472.37205194689
-21977.289483905257
-16.114506405806786
116.39521133054716
19948.255605580827
11898.217201932526
47852.76551371706
13629.701307688487
-14280.789078397045
-45085.08875880443
3945.122848628554
-23266.457064771454
4973.871068155797
-1844.0411775563798
-663.2752575904641
11709.580153917708
-513.0576714375218
-7966.625995070488
-17279.772749437332
-4482.007544920383
-2773.374091001412
-884.4038578307842
-14944.339198794689
-6459.62566009719
27094.48195869936
-26053.218254308893
-3348.2785945639935
1825.9516103383364
1308.3157105311518
-3335.2503477135433
293.101635593611
8329.680923973081
-628496.7591820547
5473739.520926265
-1030405.2776344359
3244394.5810299465
-8699080.933933213
134027.17606970397
-1423313.1519867175
862134.179892299
659514.0581608651
177164.3824617214
-274920.5445245143
194268.24159026716
-23550.321315279634
7676987.496214012
-87489.12654839286
360696.67311271926
680964.359585145
-101570.2398604351
-165869.19146311033
-1036097.6764808417
1332286.2696364247
-16795.81802374451
108165.15127091769
30120.981846147275
28065.63525644481
78833.42633639445
-62708.85190172829
181084.13887196916
109202.38596683671
259480.7679321414
-35576.0665851396
18739.73699855929
31456.015236115003
-41521.67231191751
36921.650298179935
-108879.41676628271
-45613.10420828441
-6960.783012613222
-253771.61768870012
20603.052835555554
-236048.8724277494
21734.166761040735
198533.7381647695
-74914.73297076716
-23477.584553424807
204139.71612084855
33956.176448720566
-126748.54230404946
14278.499632286543
73176.04601950625
19700.840541102072
-32646.004933667224
15270.079298473274
-35284.05933555423
-115125.68392908774
-38684.08087442794
123987.4531307884
59699.00457415867
221202.21710581187
73810.08218504683
2120799.5975621287
-156612.54680046948
23090.27267771978
-35481.649952063184
-1828.1865899470683
302622.00104456116
-368951.8347705103
-81291.16988248553
587085.2548016481
-601585.0610733601
211301.2452744482
1049280.2367325563
-273271.4938403547
-839700.3622644087
-718931.1948773545
1676.8397091799623
140839.45461058686
-101195.45315999727
-925697.1572617278
431767.23667219735
100242.84729319243
-1287325.5188537058
373442.7631732812
1581617.7933607495
-499676.36159285845
1747401.0789104134
-486766.880894368
-1229789.6104114123
1238987.123029407
-227005.41940338718
1368.7616380214658
377.94356024160356
-945.746429364279
2552.9649558383876
132.3706624923923
-9477.364532099891
-827.6357694949286
-8672.320953087923
1428.6144528826164
4792.3785594750825
10461.71716494077
142.3003621470548
-6406.5626024963585
8996.750551833476
-2831.1908073494287
-1116.197263807348
336.0714052363486
-615.7248989707872
-506.85578650761477
-715.0003973250989
4025.4673336789233
-782.7794103995506
5145.861639738942
-68027.13274574131
3511.7126265770125
-1158.9751185464156
2245.075106294884
176.41399889913905
-1386.266536130343
10604.39497646061
-924432.7063386183
-5844692.0144917825
-636721.9074903026
-1008079.266373983
2834546.8126320327
-744503.6941147532
459417.89288756176
2501734.256102136
4155835.945594307
-4823003.044235488
432968.0922544697
516739.9240598567
-8307.225494629112
173757.05925533673
1234227.9850931715
-5227983.212434291
-1340781.871663157
551724.0450913124
-145912.25228584415
2993467.530869158
326457.1397544927
-938172.1114449231
500440.80733674776
146081.81533281534
-850784.7575524345
817821.8214728673
589245.0903350873
-1515839.0023970562
290657.7374378261
-2527895.746949186
219896.34369384416
-834137.4155311144
1040746.2533069556
-609634.9675649053
-1313169.6580055002
128112.17116132313
183938.50255492466
1556878.6182815812
-544693.0453244963
-83124.15440756167
-775771.3325495033
-19623.096748072945
-827584.9266813248
176331.12817568597
-108671.50033204259
-1897195.0252574438
-138961.49356552566
578462.8094166347
292235.980308731
249096.08238935986
936784.8796348694
-3476477.869773307
4294886.767465642
2621772.473919244
-356706.74864100525
-2174439.735940817
-451314.08070579486
-1313636.324312832
1008545.3019480674
-66862.73365881521
7557874.208563326
-514.2582534666865
-66476.93944439654
-2123305.377507387
-2931989.7764723455
1053093.1393059155
-70115.04857077698
-740120.0990261835
-3066547.7006237395
-2196548.8816316333
805178.1914678075
3457043.5308367535
4442368.963759088
949.0171609607015
1543802.3512046316
-618640.0925979271
-233613.11548287678
46.27306116511053
-3383781.6931851846
-783953.2314524119
1670954.3383908405
753082.178093542
922.6113996943875
-34482.50766168646
-78141.55178039394
142101.22597894564
182451.8423193805
-20924.627254545958
-51391.4434884666
30763.24541067031
332452.282707579
-21004.63253438012
-41541.42844065929
-15330.488719569841
-831641.0550954867
278615.70042998745
680583.8381722855
303893.59039298474
832525.8963882078
-247979.11705056689
31085.589494650587
-140811.8066816408
-384947.49422056077
-1020124.3801964532
-87159.96508353608
-28457.744039382134
-90467.86883734002
-1355.5475044825978
3925.0091175562175
-22056.290669668393
1092.546496610541
2160.377502384271
761061.2964919963
30519.927517004147
-259.2094085857468
91878.8233317431
580358.3186353546
-8102.849329186834
-863344.533391853
90280.92490077917
-1783343.0000742802
264474.00687732646
-238083.94536707058
-1625325.6371884516
1483224.5071030932
3712479.1032562824
910216.3283032405
794754.1221628789
769134.0574946856
-1051136.207957346
244974.74626182142
8674.845937134112
-874537.6589063711
434113.88603773207
-2229638.7774737882
-1213868.0579422915
1327356.4062973447
-2041009.0076853207
1996803.6973877826
248834.84634872322
-613788.7869107224
482066.9933234224
-195174.16432527828
398015.3509619019
-39410.070086931904
-871386.738626747
229600.03637520573
-303475.7708457362
99420.03249655485
687420.9177955666
320593.98785581766
-288319.8432424795
-1809761.4887854455
1075571.8551174237
99475.72011451401
-896329.2061561036
294878.7003149522
-990249.9288941354
-32111.129845009677
-371807.3116195395
-2444184.848464972
436463.24983951886
571451.6714201499
-702928.2765554342
4241684.974376339
953200.8731937489
39873.23827752213
-363213.610930746
81082.11912582998
144.010502443323
82750.45383268078
76899.6642518696
13964.018032114898
-37825.216582835055
-135044.24247220956
-1021076.5127780179
-130555.63923761586
-8280.792929063877
123158.05476186487
329283.82529240125
-109220.78276583673
-388398.386758883
360709.60998652206
-171595.05656682645
195644.50935255925
-68104.7965411721
-28112.807827804765
484039.70628025295
19052.499928417947
330898.0387583157
-174643.9312552184
-424778.46181759064
142864.60108897623
842115.0496320627
-50737.76064683163
20880.187484680835
-149457.99178044323
33866.804520763646
2987.7182469686145
261097.03114052242
121813.62840612384
-220420.0084922312
-595049.9568883514
241390.90188652402
350879.87769639544
-10724.594850687701
-22339.873635408654
-384563.69721123314
-31700.568661851787
-15875.787573412908
4115544.202359648
1222507.1844290348
-1788032.1200783884
-269854.98209201894
5628547.658110778
3501901.2255324135
-1011005.9344807535
-1753449.6685569664
739264.641053095
-3163900.605571813
-7830236.380383379
-3045689.9748660233
6612171.760035396
-7286122.968834406
3605270.38096638
1172468.0679279238
-946399.4229328635
135296.7460069475
-1020222.5057740888
-2258334.6955549954
4929291.652039005
-480141.51427630277
206057.3990808766
168756.650464737
-650701.6259474673
480758.38833586156
493388.81175779045
-1978373.5641566408
302697.12501091574
-155194.46213604073
1805359.5860224084
-6266209.012821845
-4014271.1832945393
602499.1353224112
1985140.2022119558
-103843.71972734267
-195226.739572688
1183901.254643529
340138.5145250992
871171.0726305051
-1091329.7398085014
-202961.65892892535
-252940.33611084457
-2443400.824112695
441250.6235165831
7978697.450950877
2354178.210645004
262101.06662213898
430879.1848949936
-638710.445147956
291119.9375412055
692.0539328753598
-82112.3542816816
-1217796.570491686
1429545.5335883424
-163795.31046531728
-17742.732493293766
-553083.9955744141
76399.53099459824
-2884.031035102074
-34704.437144289244
24275.446985193747
43825.17000760993
68.52321775756117
18817.54644143449
18526.21961567915
-139919.1341760963
5220.932596128718
-4335.635575751437
-352524.80560279125
130327.60028332208
14579.461107530911
-3097.344694980582
-104278.12764066194
101374.89787737821
-22362.101818384508
5758.157171235643
33466.51834988482
-45071.793715964995
26490.190859479793
-5779.932262017903
-36014.08799034783
-78714.06462288019
7861.517249120365
47468.31092489026
40707.99389922587
16260.651612193931
-10916.256391634983
-9224.968898400362
-373488.7693107644
-201943.5492750268
95023.24003681449
1190401.1176523385
5477.984670333513
11815.580694913468
6263147.823605727
95197.42588459927
-72351.8090216677
-61623.66136175648
76772.43117756603
-64703.90145967405
-710.1761906487009
-13.46898592541864
41.63918312922581
42251.00980329617
25394.50072207472
513573.06593411043
-44833.83223020625
-249796.93859623128
26.731445470643393
-1057409.8162155494
1181107.5885797045
-53300.26452392355
-1753803.0382599598
98620.11221078303
2071773.992390913
-137246.91526942566
-52285.65292526877
927608.9946803536
-45515.1783034728
56466.663540694906
35420.03153286143
51536.82346443861
-412167.73062761186
-380521.6094273495
-18207.17045044065
1404316.2376302374
53338.13123224434
1.2787189693222249E7
-583203.0058402579
174064.57398247474
1.064824027807994E7
169346.19965162524
198100.7874052287
1780750.4467735465
3413377.2086503417
-196688.91881964265
-37333.88756800079
-1053060.7844717442
715600.3223281644
-58571.76920575856
100919.21116906469
-87095.45966447728
76856.16131793293
1460928.9673601591
-525691.9302693589
-18736.50760032305
646545.0724150821
24707.39566973392
683258.7742138937
5570229.6312660305
510962.5280401649
-386241.25346677273
-40656.090797694465
14106.35092829666
-109230.18989677384
-24929.837149607905
-13331.444089158373
-146081.97155321285
168426.15870154518
-93318.02541500916
16264.973597109483
-15698.54939320401
5997.310890762738
322877.37126299634
-1882714.9143666094
380736.00513582176
-2467207.364597198
4776535.629489039
-16267.363109031963
952877.6243042804
-288534.99927477306
767437.7875748863
7519716.813341526
-314084.13479871117
-387976.662789366
-602206.0164792779
-190407.08934228684
-294218.47300309147
53178.90650216111
11.157349120017505
