-737786.3365234016
103012.0231596375
39367.073455232334
-2148091.313764267
-1521905.8938682077
-32956.69593989394
752973.8280103374
-1841010.0287859826
-1799601.6660509144
-210704.21649531164
956307.9725668761
-562102.4946505883
293394.55379828974
1436052.9918585808
-2753891.275548783
-198296.91388000688
3158210.47117504
-550971.42494277
2449299.2323990306
-2360354.8342319042
3812174.878338594
1483568.3002215514
-1260765.2376676833
825451.6735861404
508677.3360532198
444793.4242707672
4949917.805661113
-4364843.375377618
3619569.970794215
-1678565.694831554
4230571.075813184
-533222.2344335445
-4683943.6992651755
1.21210571904944E7
-1876543.3666910022
2440692.343926892
-469836.19545488956
-4440784.159945223
-1404336.1139475093
724850.4509749456
1998342.2093345807
-3324363.925694978
817209.5193042693
7491996.106730667
-737703.2567679178
48052.523865531315
2149581.753513552
4069403.1424691197
-907616.9956644358
-798523.4439793703
747489.5865673306
-2268286.9416778455
1346570.3917310778
-637844.5872382568
1376210.3102455323
-1047683.5090065964
3466860.996337949
1547981.6756196353
-2106029.619938038
-847141.7148982357
29283.484099033234
1208647.1356744526
1337409.7038452302
-964320.6149589662
2515886.6533898213
169268.14343749514
-7499552.802837612
-2172349.876468965
763.6434785766369
2029461.7064357633
1.0832134440046998E7
4548013.623550548
2.5358801170265764E7
-401616.88542866067
3827603.390861878
-104319.23960312495
9894223.617636656
57668.00450495998
323398.3648951045
1786511.9118135094
1852619.740095617
274334.27064904955
-854169.1244975695
1330233.5640211268
6116820.61174844
-1266820.1050525857
-1027937.645812085
-2051102.0306304055
4436155.473870064
-3056665.184475349
-293446.65891864453
958482.481173701
-91431.11102291224
-354392.8007813239
-634989.6988406794
694254.6343610677
-114878.94459490513
-691559.1753296088
250183.34490710025
492759.06559860066
691108.3904759538
-538272.4201853495
-642943.3715499416
1582996.9886670455
212380.79654998257
2179738.65232616
-1274542.8727065222
-171805.484309585
1373234.8234446275
42519.81862553273
-3021834.191860692
2996590.0130554116
-1801155.0246856348
-2030821.0374100439
795333.1376859971
1688365.9692981134
-24867.058346795737
-155935.59944281756
-672282.8774678013
52282.485379856495
-87139.35697898411
63214.54874995539
27486.176547621388
139695.867054725
315793.8175926593
101397.4608618611
-148500.2715226598
-1700975.0352285937
1489576.513358476
-595204.5162225199
-224772.35745049955
33845.085108431376
-4824318.620562753
4264428.705774926
-753406.5898857913
977116.7902962777
1895806.663101598
1702155.6036970476
-6589497.465040658
-1835146.671767656
576620.7586853653
1613422.5423549472
8720785.74639035
-831545.8591997656
311386.9963999156
389385.4137598974
1639350.377641374
430537.42664411344
-364675.7795459359
1769336.3116379178
1519279.9736364791
5206363.571417172
2428141.3722251593
-848990.3045758811
-1.2184845000809908E7
-5983780.037807298
1832046.0999191485
1099648.3789573854
-7486841.256455807
6196029.927497709
-203625.82554252242
454456.11473230616
-26680.512747132594
-2272231.9769989317
-6271276.208404137
291953.5056043156
5957045.30818767
362275.07258673327
3362069.649917942
-924719.7873622582
-2692717.3410487073
1969042.2224674365
-1.225575520187271E7
7144291.0204087645
5012589.921872661
4892391.228948155
760114.3641458638
-9247296.001060797
646780.8521729605
1.2438000465792736E7
5585920.238557863
5069025.423742699
-7155206.905988789
-288667.9001086333
1937653.2950481253
-1236581.6168490918
-8742598.35922562
6026265.8434316665
1.5692894609123806E7
-1.391272521630901E7
41318.67048182675
4490219.069809168
9244842.254673421
-800554.8474052226
-5144552.713918189
74243.28794427174
-407454.2600703977
35466.698014610025
1.0810196375595545E7
2927984.8950374816
3147490.392839054
-711414.4241181322
1994252.2788007348
-6091450.849211843
5173371.4628882855
-1058192.6567256558
-1216232.5812243442
-1.0928583825595666E7
664800.3159475593
273982.35894481064
411250.3705533157
-845337.139380607
143797.93437689275
179763.10505155366
-61110.64894880639
237845.0893464649
-228515.47437924062
-110789.95059125073
-172602.63159706903
314932.18034525873
32378.97567391966
-15162.48911072206
-9637.21718374132
-11106.009383274046
66224.79149480915
-69121.7666416646
77683.25772526901
215231.30858412595
-399845.1246723142
-170115.42214565136
-261684.98087087602
155543.7313113061
-432067.5393836386
-222459.93736927558
64273.061160009456
1791121.6229351608
-1131487.2737742392
177189.77644244765
98681.0174229787
-54528.413709726905
-2698785.82901261
-126060.12539828323
2667852.675365696
707639.1749177967
925157.6259764711
93253.20431890027
-4523246.95035949
120195.07526823974
792701.1539676505
-6603190.447029579
1348931.0251629993
977933.8112743357
688212.7261628065
202062.72768160584
-4440525.748929956
4483771.1933409
-3895208.6837674654
1467346.6671338037
-9129206.118050123
-1.1630566061806329E7
5836889.09434598
4878210.966737258
-1982611.924871049
2941817.22376417
253317.85606644972
1085437.7674691537
740456.5447399068
537838.8507754558
271979.83994396107
1951577.9907465687
64740.6280556919
-67384.16096322078
39709.93685592166
231611.35562517654
1483363.0437679251
773578.7853185697
59065.99337403585
-1556773.2962633811
-1096388.3699762109
91903.39421941104
-157260.9878702664
5708061.516758582
-2658717.509525012
-195962.03064482127
-47249.29896417299
612037.7749941973
-3476570.4891601223
-14850.020230632901
-917.3537142944505
377045.28901496565
107266.81805833892
-323334.9934497115
249846.96562522094
128876.08431840228
-140431.592002996
-346690.94887019624
258755.04747671832
-249012.827714328
300789.06400180806
39975.066115759844
-737868.4387872207
-5888494.378670242
-1267707.6031920104
2252396.932146105
-3123647.195099279
-199713.24177464045
5361086.366747111
-245501.9528148616
-34431.28964820721
96631.80544490382
-18741.43314125853
-149120.73219706523
1047.1582444399226
58.10414649078131
5989.379060998931
12788.778395906333
345882.5438982962
-1712.4540294668077
156720.22094734045
-736.6114891226209
-91.05549910654186
388.8079356861702
-781118.2501435354
-1845.5099299083838
-27682.066570331433
-363.98487032723193
1160.2452452797024
299196.62276035786
-2507047.996219944
25076.15029084277
56338.55633740811
39089.9830790139
-53232.10140367105
-12387.635677950766
12967.886771183414
-31206.497152272445
128445.04420210823
-4393.883740687823
-278032.00507971336
727983.1775046099
10963.660958972674
-373297.2876524343
-1975265.5606748366
55872.90896506482
53586.76149925275
14829.746308037407
-8259.198089575979
234034.92292036308
157077.5582888427
-229106.36151919057
243122.7344479281
262751.1326284602
-921280.563354057
122538.80034048427
879139.913850545
40854.203189637854
-345194.1765407356
-246229.64723631923
-33576.05319490052
-132822.91135760452
-2050893.8456093166
965971.593946849
-3398320.9180870233
272399.34154272644
-668.8910188233098
8978708.769489547
-5291841.975954866
-514456.7753862945
5821768.602016913
-1308095.7163011278
-292754.14803851646
-2446162.5998592894
-123542.90312882829
1346798.1536845032
3305217.7372486438
3604694.30943734
-341892.6493609502
475328.3513152205
-1.403474123516857E7
2256240.0234863996
208704.12195360524
12672.488383768943
-2123968.854114405
1286351.1119734677
426452.90830249654
-184.86767235968628
-130767.01581039296
-791998.0083145049
399456.4742088323
93.39210673359955
-15304.268805362264
-80271.07862782551
-216437.53207509936
-8250.070174373566
54262.399973876156
-5053.07230602818
252897.08225965747
50676.072299062944
14336.990077462096
4671.318571125385
-57724.54953281319
278385.82230561035
-115048.3119766088
170978.17192303078
-103622.15363086516
-5677.8452947704645
67370.83298975031
-69868.81547661689
9665.128069591761
-316545.0349717689
-63548.8199938644
-139494.19548981095
3887219.7922353516
-21357.246497204622
5715.510887766597
-1902.3049174356206
-70810.44723672203
62915.579063996185
28871.34134012876
20576.930978672797
-8.429879181857657
151.69466144434296
59754.026996178385
1146.9780774421622
-10673.43076531935
5303.262282600222
42349.879643274384
-5446.662733212143
5339.011208773306
-50798.45136770762
79225.26154795509
-5205.622012028873
6700.375318176309
769.7940281190212
8456.438669383977
12607.775868377497
-12821.894390578156
-32107.12625464074
6100.094405516376
-180.46231166202298
29616.57565332228
-8983.909425885056
-3375.583219033112
33.232241059847425
15125.239315675235
-300.75567934915824
204.9858449048373
-108.91834568428142
-170.53913967640466
-18159.597251278145
2091785.962184214
-1318023.0753012626
1279862.2395832154
2004033.6463442724
-760990.214770505
2048365.556663508
2465850.9103463525
113650.39544247673
304891.6070712057
-741351.2298808845
215739.22532660377
506979.6189032258
-4505461.659931524
6636126.671929805
-162464.83520681888
3582288.283828952
-3151649.0729338354
-360344.9473432099
-63111.027037333995
1329619.918657017
4550079.495113287
11801.391759765553
-70506.2530508633
-6555.301375300305
63366.012882845585
247125.7707708862
-407947.22773196455
-1562055.463349579
-369611.7092599554
227099.09605145824
33827.394051331336
-92203.49288486982
64685.536111193294
100878.58628834713
-235675.7249945994
245971.7743019436
-428267.80177716987
-148271.19879839863
137153.52483972965
-206806.84163862997
250912.03402535772
-44049.67706259442
209558.09758916328
-52295.957293953645
103848.72333144778
-317976.7126293736
-95295.93893620405
256119.92662969814
119173.52440584215
17263.023839514437
93188.53759985845
-82310.94797842823
-49870.46583406426
409555.1170726063
144740.8719975741
-137414.19587910487
-208362.85967140528
45003.64337290373
10382.953743269374
-223596.9136378834
664572.5640084198
-3378192.9594177194
21485.971883224374
-267039.3717186825
-1073.1473093148688
-279660.13130141166
-157533.63132970137
265811.8001966664
1900121.388206027
-88653.16601060082
-462298.37312437483
-2191405.7075840267
4037686.105151339
3339472.083691838
341779.9894377281
7732.0312574175405
-1633221.4716919188
194540.49227360263
-2637159.51184499
819595.2413716975
51358.78204224126
460529.0327775297
511408.9532555718
768214.0306789547
322959.44623483834
-2104347.0792126823
-898714.7177854427
-3301187.361799921
1396909.232731111
-415729.21241822816
247.57442968604738
785.6279784225665
3136.6240760940304
-2576.2050981800367
1218.7934069122648
7788.3333621133925
2305.568245267077
10965.986900390795
7059.623258178024
-13610.867169261102
-26936.865674972705
205.55693499435876
6520.5755342987995
4926.069244295866
699.333996610686
1879.024280873351
-1455.7291624215907
1578.9415332028448
-465.1402526476718
-2262.776562389943
-3089.480833112216
-2110.5671061416
1798.4260317313067
225221.36487694303
-4256.493941255253
1901.322123225459
2364.7870004047722
-43.152079022822655
-5151.840770293559
15844.229143360144
1107421.7081868239
-1248444.784283856
-1024397.6321745837
-136357.34274576587
2375373.898456768
-687798.2453548511
1666943.3639364664
279909.9641329712
-3703899.9885926554
-1432598.668858889
939579.4963313895
-714353.544300672
-88068.64803488155
410139.26898208744
-1312462.7963813988
2253484.256643091
882478.1666501035
382285.6968286632
-1031300.8851147803
-2748579.228780605
-146737.11323179552
551192.1226433087
-2185229.896655714
-842591.3672338832
140761.66951676522
-1875636.669909678
1097639.5259886063
783499.1767532846
-1138905.385867553
4925.327270262511
483624.2497597098
-131900.46297111374
-3444608.619473916
-8308.250138934578
439974.591261875
73146.56083953434
-1682518.662486575
688928.2599984856
-64799.66715856565
1845682.2667555164
-466594.64397295227
-242466.45385438026
513366.0601423627
-114665.97549001365
638923.5831944023
2167415.587382343
-61485.06737251812
823606.2001610656
386779.9351438998
-1665296.9306805653
-29004.53797357294
2546456.6475954144
-2768081.762352202
-1833250.1423720664
-878334.9799255468
-25811.19489599918
-579999.8669917226
2483559.8852708507
-546621.038538368
-153199.17020821903
1.7121769572442915E7
-4860.246983168173
-10973.354213343227
123018.75493371554
4423679.618023956
-151096.2458964031
-32809.211816675735
794052.0006405024
4885763.508358111
-225744.62460221795
-1097759.500917669
-42108.81016950062
-3564362.507201679
-126846.62874783044
-1459454.22047272
-4036052.3638218143
525509.2398061025
30322.461410322943
1750477.4075086706
-1557267.7467714923
250874.59915042407
3628263.5343450536
589.3559757193885
59728.05729650977
-24857.26357671604
-278597.54344729875
-203830.75086349217
60928.330874916115
132740.64487153236
10534.47254165156
-754492.5687110177
-172556.38537762995
138048.62999839336
40049.1739104272
-503266.2692338047
348317.14114418253
1632648.817909919
1214757.3590640372
-435664.9074626348
-1690096.7130928477
-4707.675624250306
216273.17395226297
103571.64146674248
206915.62300271553
-23536.54238328347
-127078.18335209216
142815.78466836916
-48556.37658473792
2987.5637891653623
247760.07744953767
-1226.353849793013
12460.919626733876
-252893.7544432658
-70826.97124463183
-1027.5287602448034
-384555.4374773207
284000.39309114014
74.14354950157764
-622827.6808679634
245464.0811107511
124785.21674734798
52900.38043798323
977877.7406111154
1141207.925745839
-6055873.155083441
-1048775.6927517236
905584.6891899034
-305792.32290757104
718386.4133975063
4384757.782046572
-522505.5227638705
-2053283.2239804459
-191597.89464324128
1220312.6169315923
602320.4612018442
-412354.72294065746
-487189.11090765614
788902.2248348021
3019970.825131094
-144443.92896485046
-2662472.519901453
-361575.2830768867
34623.05353232043
-32715.590936512013
-144749.0045277116
439066.708492798
-29212.002554561623
-79013.91220241734
-27502.03259936893
-183551.10537501227
679713.1444662204
138707.59685549422
-905091.4720076991
-511359.75609728706
244052.53371703764
-562010.2746121187
-457152.8746980977
-604886.8433964686
-214617.10124071
-366744.8542357564
776220.6962415116
222473.53544991766
869460.9475715428
510566.51091760414
3677853.655802821
-551703.7441646659
1424628.9424424088
677167.7139310502
-3305.5898600826517
27324.746442787047
9449.13067370982
-23583.908834888392
-76387.54880531594
58596.820268202006
74007.74693325772
-151718.11738895078
-40577.437473601596
-55626.45863641128
-213373.4140994504
187706.55844023384
903437.2242711035
-381446.6592599871
736687.1845876187
-1278713.1901249816
263122.7719722958
234366.60519676117
1150651.719227829
-24894.460998058297
-77317.00799806522
276687.5506601687
114670.73323951801
-284059.4970750125
92291.20104999394
-239007.96181359104
-56091.68337655253
193895.50259885748
-169413.79837691947
-254645.71371597835
10033.422364329897
-120445.08879524002
107155.59026553735
70725.93353548377
-461601.5183784894
-184280.18225522395
106843.0237479636
23421.156386419327
-82985.57800966025
1758.1677374870922
-67934.31983842693
-11364.286946017151
477218.7887479226
234525.649550262
-3838225.692324061
-2367600.796086698
5464630.317779994
-3827805.332615567
-2769275.5855781296
-1.0275268735607184E7
1182948.6611147034
-2930378.3591503752
3325143.4167161398
3081423.192225429
-1637598.5695375067
-411069.14274889545
7736184.625380695
8473319.989187721
-2924098.7092839316
-432182.43624137325
666295.2298223587
-1867894.30126507
-71139.17301846942
547200.5763353733
2667524.6920124334
150108.05154803398
1049461.479293572
-1333267.07536721
-612537.4601156926
-4081116.79595313
325662.8871983955
-512973.8316942163
642644.1920417944
3608934.3519537863
-498013.5258066728
3516118.3123957333
-3687978.6203388227
750534.4803972864
-285784.4489445582
-1184801.0242972537
-180953.85518361544
-692812.9728467646
1964309.0323572876
114780.9688044132
93338.15685030769
1913235.2058334474
-79405.6049961146
-1888998.9151598676
-2115012.9002017137
-1164096.843204888
1291497.2953393722
230958.78380420755
-752870.5603533183
123.8702683381109
-208426.20482515078
516250.62806866417
1873615.1045278641
-664326.6160691879
274592.63519992493
-173373.6686544521
832273.0468835442
-29054.02772868316
35423.03654607398
-11425.040211308024
-42939.306397421264
19.872374297761937
18088.854454648546
-8884.444927593735
-79429.76571033329
1429.8400995644008
-18935.797769395445
244915.42487530038
-59697.34123846655
11112.573118866736
6922.415488201622
-218900.0327140346
-22846.82802627199
2752.517608968868
2172.5367043838132
93449.79800718333
46334.009025772124
-81811.8567533105
-1163.5104907734687
-31227.78830365623
-44019.37047542532
21591.56604202996
-38154.47552879371
27933.840739788066
-3517.2161243206697
-14646.220685043862
-4365.747229180763
69523.74810803393
-95206.72270216944
-120166.38706379422
-157858.14371276798
7665.076088666377
79280.43313077425
-1148891.287817467
10681.77915914849
-139597.9461908347
-38238.59200202899
14982.688264615284
404820.9148591594
-1193.5293309369195
105.7917533330865
-31.41178270649717
-26970.848986954406
-1462249.3860618353
-107256.14616771878
-174408.99772508908
241027.73129743678
569.4000362757037
-148554.09336214964
-462638.71414113574
-58994.02103014654
618255.9637307349
125419.04521745334
673988.4431154857
148912.15195416842
-88321.64310498231
1404748.5421452397
12373.3842324767
763114.6315565999
-1327760.9410874676
-603036.0814286922
128219.53085905423
-211104.8700205353
71098.21342240005
-36736.53536507985
722961.4909676141
-1496360.0385601993
1591537.8633007698
6597.516215855663
190261.92656540146
-129989.40287657038
-179608.125529156
-375918.26404773165
-120560.6242431058
-82141.62432904162
137799.99528447966
20279.0975196051
-166319.41438567312
1073037.8296265514
-182687.6946801631
218605.40873400238
-119860.29589245212
-315403.28581899643
-233362.82902164024
88640.64100810721
349195.09273460973
9322.684482001172
494537.4963562652
452369.8477002679
36707.10912606036
977879.8567844686
28778.99062107201
-40738.80012299783
447136.1696978228
93439.2402076093
9865.248599169801
65798.9810964861
375980.1860186048
-130096.94221386626
-48753.63277339627
128.4847933353636
77744.11750298459
-84923.78873743223
-2246779.7270491547
187495.62202345717
-1888503.9023051271
7073823.74964904
76186.63382736385
1149313.4487445678
-962721.1452741022
578939.773755423
-1956565.3713547855
558401.5021040562
-1739036.8405122755
83411.83104245251
533184.6864394776
-726559.5093127881
-175830.21488209444
-18.906573412907967
