-1385097.7176570627
1378907.773484426
-1161849.502735494
-9001654.610235935
2952564.5783646153
777197.8163784276
-3927806.037464237
1607880.1827663893
773968.2007036731
1492045.3703415722
2.1455375315080583E7
400657.7575026439
-1182168.8161295147
388902.44782508357
-1.1741407344479244E7
-1182323.9716421834
-3756957.8652752307
-3736869.143258549
-564183.7992078641
1169587.3276717719
-6536787.6571911285
5066825.660006838
-4861759.747355084
5936210.386703974
-5823567.755923739
1722697.2230388538
1.3302793285733698E7
1.02448870187817E7
1.2267860214352395E7
325947.6366520222
-6649542.3684935095
2461227.6705459785
-924465.8680740397
-123730.60113168717
-866594.8533479056
-1769257.2262160084
121683.55533681886
265598.6491184381
679936.9783981371
576372.028989785
440450.8562831538
860420.7307245854
-2546133.256278032
1228696.1988373843
104578.72266852898
-168305.35143470825
131174.42406962017
344126.1472254049
1358219.6475293925
163188.08726190016
-341336.920350434
-1875085.977876568
-416680.6356806878
-97127.68871035981
-1421031.1080287502
-146634.05083797302
1352974.5986377585
1061397.1684796277
209606.3942894243
903414.5240428013
-1430.8582045282978
13775.407626151706
334456.88381854363
-879652.6860452004
1103990.0943326773
-90698.91639761267
-1734589.0412240643
461955.4029960575
-801.3027183586975
817486.877596343
-600254.8991506881
-531175.2484536369
-913196.2718566374
392109.53070411686
324141.8473524861
-58863.083648043736
808459.7281705088
8708.635088585273
-48179.50906812266
-33168.44643233899
158471.89886085066
55160.94676022536
-110676.9318696929
-153886.15392910523
-236128.62010342814
57262.977624456085
336423.1087353626
102102.79571054426
374344.05403814657
209183.35607172563
-1174882.3684176474
-2757628.674398568
404617.08460583474
1962295.3788324974
-834613.0833901903
-738243.142508283
151693.35800909856
-4938964.93824221
427226.23896724876
3852828.496529238
-745156.0223120456
-117221.70039660664
-4005566.4696691693
945356.5702979969
5159868.905259417
1.3419628587315956E7
9002026.811152996
-1.9518328157458704E7
-7477673.424082278
-3991420.2877149396
2445731.5739552164
-202094.5063307807
2664950.6346005565
7504167.97848744
1.3854815898777686E7
3640552.6070519127
-3.464541644853485E7
-331864.885973761
9539303.233341688
-2657171.4085716945
-367618.12970565824
112750.64104922973
-44135.70194706898
901644.6631945856
2221136.387399824
613643.6341485748
-77631.03232398734
-1470533.2647175419
-1713645.9697840975
-1987624.135640463
-8154481.414429704
1.295467641667826E7
3470761.59573171
2848486.8636150653
5446459.110974414
-1.3413232596472852E7
7298834.742056088
-356398.84172744333
-2924852.9228536244
-8226142.77463088
-4618193.190977776
3841185.6499445573
-1.1973393176708406E7
-151645.6820445948
374013.2675630753
609667.0050006784
-1648083.7785081163
100856.69832480157
-839908.5047578297
-3237402.686841221
-2729394.7215109672
3315209.413227263
-1.5943567424316976E7
-2.371708097300946E7
2.1593068421876E7
58144.69178552851
2652138.4072240707
3292450.808378022
-340654.05547298456
3747727.058015238
5316487.1846741885
1206908.3050385679
-2208054.1002111537
1123734.9006051086
1888199.0314003679
4089741.8331490746
-2.3902136030757934E7
-1.2869783117777294E7
3962881.7033236357
7261405.363865561
7476349.168545371
1634859.0551863378
-2.1219304979671273E7
9473676.576442676
-7807616.746255111
-214497.91082901572
2159687.5716807824
5706762.920596489
-4547042.506957372
2.172525117438676E7
-3871611.925179075
-3101451.8441480626
1.6271543668200271E7
545540.8399687224
1646570.8355303458
137517.1944174731
6461503.132221452
-1553339.2239250012
-3086567.2827080805
1.2074580153622184E7
-1173485.305979902
-1.3333295682661444E7
-2854106.8340921067
-5972893.000849787
1324010.7524017969
-166631.862701419
-5396.402202364275
3945909.1861950327
-1.323274626031001E7
-2608227.2538344874
461483.6545356374
-520553.6790978362
1408075.7502994866
-2055797.8438438403
7877681.055140859
-3085518.0550865643
-8943236.606952278
6566970.734949058
-16164.612051084234
76153.01183090571
-993197.5157106976
-1973759.1446557953
234323.9363286455
-435833.3083473798
-147563.20261482787
163030.04430162683
131955.4821848984
-491740.5628050415
785366.7564072205
90487.61459573274
-375315.31639318337
31123.22802024123
92499.9885104747
2267.8957718892593
333985.90071167034
65314.80075980902
-161269.18386715543
-692870.4614922422
840193.1013065631
363910.50640483026
-360165.0066400307
186275.3984922201
498435.5953596085
-459459.57372574677
-428095.3751440202
4959495.773331374
-2575088.276371537
-62976.05105570962
364080.4176161087
-248611.48244298124
-2478921.6159903654
-178486.18895691168
-4419702.327296678
1482204.8337234515
1878197.6108795153
-1326316.6995352805
1305495.8489592655
367510.6784765181
22350.6641835941
7581010.917503057
-1.1456561134460073E7
-128032.32548298103
-3755634.231083124
-1596623.4407591543
260448.0836884802
-7660745.579599084
-1.1819831581994731E7
-59309.06627877255
1.6186446693597622E7
4981050.123590348
1.5405210134654254E7
-7213411.847997856
350096.6766674681
-4604470.230671243
-7594820.912165633
5630604.675573708
-861096.5005859812
-247494.49169737694
1510287.7072103936
1427792.1105149027
92722.63715838423
-265734.28304555535
36573.60742610378
2527213.1555295037
-6360700.634483284
-921607.9781249269
-191380.40427206186
1699696.9666681623
-712912.511398166
535458.0350038626
-5802577.986742145
1.365461770118128E7
2637324.337252735
-208432.49425081981
-3588207.928031557
3914545.4356288644
-8233254.63518602
7642786.091776518
1497324.0127419534
-3337462.6388248163
-1369282.1230542716
-192001.09246498995
481354.29644692375
70170.24503164651
-432462.77106412005
-1472455.1713539753
560925.9534077392
-323977.3829322847
281413.0868968611
26457.907758791243
-509735.75368448923
2489395.429672314
412873.46795742586
110352.65503348713
264989.42019155
-133912.66063697758
-1166855.8559225125
14523.142824864806
-19924.73949232004
-56750.15860386703
38464.774134259984
663.5772727800821
1222.851170766795
-761.0283299258392
-2860.425715003803
2839.090179914701
-88501.21308454205
-263248.0755876686
129444.14344382953
174.0147483466734
-49.517372497658755
116.80273505044794
157205.4341584271
-4534.736225631209
-5913.986166849427
-58.38068977509864
-308.4386084650023
1684926.605206436
-8203294.273164421
84671.74308459424
-64456.46384879642
-31502.8889839215
92969.68356746151
23624.209374346523
-8426.867173784549
109621.99457794554
-640071.255545521
693.3392283277745
106402.52137194328
-1659794.549609781
7229.168537821105
141392.27790947352
1431912.9357415207
2020248.5293722483
-137506.64007851438
70794.19554978628
-20810.147362393098
-210171.37698172496
587107.4452149338
-1375396.4476803588
-60777.17216741367
369806.18044005753
763406.9001427251
58565.80483810533
-1032251.0753878448
53675.91210282761
-431543.3896991311
403882.24433662056
136365.72461746808
-260544.40875144224
-831029.1193191704
-300051.28127115883
-397844.2429426554
32304.990553189586
211.52369921467235
2954147.37064539
-5049337.0053799525
742821.3130611567
3816892.0325842295
-651809.7366395667
512575.31694022263
-1833051.2449707657
1164619.1383943057
-76253.54752224928
6894851.674483276
-2451073.0707670916
-469328.5028211843
82212.827429728
-2592611.7310896497
16507.547770043115
410425.6013440201
1253.5095668603446
-1022192.2324016178
391624.0791837794
412322.2136196708
88.90181934822763
-59223.60105438921
-588679.1189205232
-13050.135172716335
-30.829547759077766
-31256.442646711275
168649.26902768467
-164487.39958164297
21887.942458622918
15073.677120655564
82189.61847475839
259127.08828843306
-70559.58746587904
-8129.951858848764
-146500.98299870134
52599.03476116588
60877.634375460555
-100742.8703741169
238168.15717135317
104114.71251954908
-533594.5491925029
91061.59006491717
178317.73413692662
8018.656265005325
-17423.853624364398
-9048.323131414372
134913.00511873525
462207.55532948
-9404.246228820344
9724.317107360026
-9376.87503651198
17496.571421965295
-65650.63716049075
-32871.7126011515
48.525644606475566
7.012982370098795
-110.24141924945398
244221.28356586414
-2413.4620642615523
2867.092033881301
-5599.33339626052
-937.4846015634698
-35032.191864054534
-7833.3692002596235
37865.55837490641
-40652.34808470433
1821.9673266017683
2580.497355652016
-21348.106893655706
12473.066697037593
1159.8494154678074
14571.99798126047
-33043.70786157344
13223.955682235617
303.51056779703487
-17424.357602736844
20664.273727418167
-26823.91758481169
39860.50454228776
-11008.780261654889
-975.2645962371878
-608.8317309080567
-10397.794342773968
150.0944695771962
16725.61817587179
318960.47498956707
-2396573.643037732
-5620903.94864101
1999988.4533800883
6564967.095888181
-409221.04996647505
-214277.7970645543
-105821.07312977989
246524.68128514584
-1028250.419108173
169207.44965513962
-6865.175510286534
-583265.4645532994
128633.22492556738
-182352.86782450503
737029.678448246
27665.9555608796
-29479.213526398733
135464.34415404726
-301200.0869557153
476148.1873020375
13634.010234422934
-53862.50534387859
71989.66161154502
-25800.617651638975
-15192.3619386311
-16915.02817928293
-65174.79308859803
-159577.6495429109
17422.91712642709
48527.22256580512
328463.80446177133
-20940.469388542166
-227868.26118513336
182223.1079116405
200299.52464563507
-178116.52563192628
-956911.5938063636
274981.91949357744
-238230.06802086718
-93660.45218729154
-42434.547714468616
507774.76839802094
-145694.43505599257
-174742.72621320016
109893.39235345284
53463.13632148285
128563.82093306178
-396307.02977594105
-43987.69458261607
32859.64566111624
-261401.06252739596
279869.0472352546
1195918.532963903
544539.2183464238
-188742.26762241405
-339505.3503024289
-315043.995223429
6067.7989305837245
-430318.14963152184
300511.78582192276
-64043.21159437033
2467.3747973685304
-90503.74878108119
2079.179740258533
526010.2086240683
-364598.62608849205
-33203.67107464031
292392.2714481449
-314930.1656839111
-1627207.686732618
-819585.7343846294
211794.81944096176
-898902.3753279801
103980.79828745557
15843.58712235228
703887.5267491959
133999.82666315392
-1152880.0165551007
-139390.48007535233
-67609.22473848249
305363.1360858921
196276.7949415071
-395684.55447674845
199233.9514151452
-264615.38784125744
-435593.57283623045
570747.3218895716
1495313.0994048573
-184356.2584695755
-661.9284427895203
370.1387083959245
985.9722187649523
1754.466122326988
-363.8414704442318
6762.609479596828
-1192.1166759752844
14402.626302986195
6900.583982364734
-8582.239632664974
-26707.65548070834
-423.6543529455275
1366.3830882472917
2589.0770313133785
1290.0597476339365
517.6706910949749
-858.1695502291898
962.544859237055
128.99889138340674
194.90197696779714
-1466.4352198279614
-763.3707780872022
-217.69306496278188
63489.20618538184
1368.8264977147576
1044.0056580925902
6698.83188411063
166.80207047948898
-1974.421425577788
-22924.137739022975
5333862.427604842
-1731054.4780447197
8838410.899296958
2836958.6512556835
-1.0421574502891354E7
519222.8679161587
-6668744.67565591
397340.4235038328
-2.545420891387626E7
1.5348179985467322E7
-3453727.5291470867
2013538.7899536015
50281.57565076916
617692.7751853039
-7543867.230588602
2.1906144574044947E7
1.0594516595098719E7
-774234.6575486116
-1236315.3082343857
-6687724.275901073
-3091601.136179039
140406.4997674078
3573336.910331001
2074540.4582733326
6014822.682570113
498917.13218766864
-716101.5625576635
-736447.1433335552
5154283.105800448
2042284.025002657
-384226.04882756487
2208353.5730183767
3272842.347159586
2062565.2056284272
-1132468.3111598792
523315.0153928618
4453015.106182996
-3664651.4349696212
-6289847.023640793
4567397.455434386
-1353127.4571636252
-443919.904881669
472990.03121347376
839733.767967954
-55724.20626199999
-6394272.333791487
-1106376.1765125778
3424323.96279603
15798.302820638215
-2600410.660861892
-3882171.042014887
1.695298732227656E7
-1.604582584868398E7
-1152589.336621634
3984494.3409969555
3195673.2301181164
4921387.014879784
3446958.3858797653
-5610366.230159493
-409820.3940017354
1327885.2961527854
2549.6805804841374
-37129.65973867589
-650599.806139128
-353068.27576105
59337.00580209423
34416.13352718501
-178000.60976329332
-535036.1072355356
-1087685.1836636479
138572.34020717526
895620.1647804735
2685033.6626865873
-45336.17684349735
259477.71896625686
139710.901498538
-344086.2547294016
-8170.982769827288
-972216.3095404527
503560.83822098374
357110.06916757073
-276168.1429881923
61.585272958961255
-6435.250455175879
-376328.4654103263
-239850.4991463077
-170282.23140431748
-6473.430842107627
108050.06950510923
-241542.31696742185
-469401.31274483434
9399.151431056594
32052.96103039868
12201.597285755392
-22255.754087885376
-70656.23289049971
-174981.56066288793
-411080.1848289066
176772.80148000753
273126.46468839963
-22911.05823264834
215303.39922920906
-14890.856966025583
64496.98512928761
-2271.332343828139
83120.3175179619
-34052.463526028616
-43582.9399375255
4104.424166282835
-29850.029726775876
-2724.777610099431
9207.047382176093
-197930.26045071293
50934.44902612749
-78.95196375078469
89111.22681381536
-85469.66990818235
-3772.449324335945
347935.98518694117
-216795.77625544326
-1209987.1024058533
361580.5004632015
3548417.0172016937
70700.36477709215
-6798952.946746414
1751399.4159302495
-136117.70354368203
458775.1945197885
1155428.9880748328
2820967.766244166
-861659.4477218792
-4489474.545245423
4678638.739428516
96236.98072616337
-1675663.503948222
-3776118.58318384
5076414.985782034
3014065.239346023
6110661.192082621
-428933.0682537319
-934260.4117538664
750215.9215549586
-60363.50044280712
-404114.6808656989
305383.4900947038
293112.9586993352
-68518.01834669543
1174296.6350368906
-218005.35016001714
-1165586.1827538423
-84901.06904138665
1544408.5408953382
-414985.61753371556
-326825.37712022645
839180.2730532222
-403096.98916498444
1469691.7846405308
-391082.95466373715
-530175.8026438496
-133698.337391863
1652440.2052372913
19598.971292929604
674283.4757174293
133032.99945467158
-2337748.8136397335
-1342720.4188947878
-366742.063733213
1715027.4223349295
-151647.7449842339
25400.20156904508
-42761.73324843007
-87892.3815917587
-12630.04678199917
108583.47231796787
27960.74602710574
197794.46344899744
92888.8380381645
-22052.34771302507
109681.86919758155
-234891.5697693444
4131359.352468162
571448.4562839135
3433686.505504232
1529965.4194733193
7284374.2833936475
-1449571.1487230463
2685645.0177067714
1186861.2114875733
224035.31303137963
947007.6464237
-1372654.8428100287
4671560.18017309
2573266.844452563
4887917.512679084
-19003.16119513604
211440.38226814638
-584097.5963177293
-994538.9133768881
3794.077243134309
-873759.347127516
363703.4059166586
-1293535.1858833393
543041.7403181155
1249303.066885993
129814.43426834847
68539.6878357315
-25396.39364286585
-926392.3215224844
1321664.219167307
27801.608429216714
3.8577167202474624E7
-875762.5807906081
873510.8053948508
-1178734.81666496
-5407015.453364783
1.3253889356145062E7
2.559792674498293E7
-1.3342666157218536E7
9687165.95231535
8468110.901769713
-1.1765152954501962E7
-1.876744345849609E7
-1.1987819040806202E7
-2871703.832157345
9124599.014640002
331197.599983049
2.5806299599325247E7
2468569.3404563423
1.3557590812725725E7
6810664.079484575
-7039857.109347455
958488.2733273148
2295272.421242237
-504811.34931483585
8269353.367789898
-680161.9844701218
-834651.2867145261
3805067.049404788
-3624027.8326088674
1482646.3177683163
-2652438.1060366626
3733747.499572095
3665880.668191541
563060.5077831653
-664256.7949047273
-109105.53722466526
208680.99988743602
239794.02270695195
-248465.92879668102
-220098.66640976034
402688.0150986453
-12497.972042037916
156684.96638811816
455837.72096283594
-56385.47872148458
-2708891.1347525544
-1966860.5483122948
-105716.53274331187
-80968.81853943363
-48463.53426072039
10106.125128836913
13.839658881538838
45974.390238598506
710290.3668345817
142944.43475023375
-128685.9604127746
-16117.85119864121
-12491.632915955182
208493.51444029473
38535.980020242896
-21136.472354599613
-19986.281677360395
23794.086734434153
-6.764686246852565
-137150.30624401837
26930.461947728512
54451.556665097334
-9246.765240194049
8691.123067328965
-225109.81303922995
728407.141526499
39420.794261358256
-3429.7111208063793
-431111.33093057026
-77911.1042739349
23931.93307362275
-715.8640137679458
-25431.305269416665
36566.53590175281
34144.44197856907
4478.208524375806
37859.9522486703
-109174.09297736335
-3547.5423944503755
-21497.946558957796
-487104.1733128749
228917.58531494095
3688.4129535890897
-6318.960303902385
9980.528655665808
200498.92003402903
14942.388661230925
-278955.4420736294
-132.71161315149797
-50002.16217719089
-1257984.0343213945
-33370.67923834634
-31499.597947873695
2396.066292879583
-89538.17145541751
87987.4958740994
1033.9088113256682
43.25544912294092
-22.94898545939612
-28052.63917174789
95233.45283237429
-92622.9333514665
45334.47051124835
24288.679218590172
95.9638455446957
54193.72409358375
-317690.47510001477
13199.846160828645
975635.5522066754
96560.6611473446
-570879.0797637524
-44631.593031106684
66708.97639432491
-671154.4154237562
49966.73295221771
-97031.45558280885
-251760.75370960005
345546.0170915675
160267.64657469813
987387.0996539587
26981.48373231329
-157004.38269120269
-42411.25143515632
1991800.8187395935
314086.40730720793
38233.132276442586
-1784609.6406545208
-152378.47498354779
-106852.44311596546
-772438.4122971509
960105.3122616609
-15352.2492697883
-89504.09379936065
-49873.93206374709
-204323.08882350908
930603.6904272079
96089.59496682747
11829.911771839279
79949.05032039403
531631.7227691506
-219771.5364355702
-12670.641868225663
-156674.7311254547
-69202.65304395344
371683.805284581
2025914.7485536106
-170015.599338308
283325.7524058966
-29623.517972083115
16048.010965286367
80180.31490751835
-21391.738569558634
33383.78055390479
164763.1127638144
-310657.478862017
-204714.4017962529
36340.93966985228
-10206.724584725196
-24707.401542469142
149960.3817378083
264445.7497690369
-202766.51578209683
750842.944341661
507378.1738282465
-43099.075033509114
-483284.00563946145
145126.21403952013
-444692.3712911437
54096.57358274241
423435.5169626
511411.2588763819
-238576.4942732336
-1033240.308619144
55269.2806698414
53458.33991407722
25.543274506913882
