52152.43799570853
-32512.618096005182
274311.3470699852
97047.15941421605
-330037.07830417884
187183.92578436233
-324758.598852454
281086.6616654912
424996.7621328745
764251.0090127713
296190.0394177435
-61654.83664309126
48798.43712520869
180311.6565503388
-1145025.5385401384
-300869.0704336851
403087.4957780748
-834827.2302645517
-132510.82386515863
-587118.2030014171
1943831.7002583037
166962.63057359157
-518788.174956829
-247315.707981494
159568.51668975304
-257854.20199242662
-584375.5873664948
223944.74529162212
432441.6334205548
218738.07954719767
130586.1847093921
1809.9969700007612
-156389.62220219703
18229.034707217677
19343.362615067745
-919.7233253610934
7152.510135828283
-80510.5372852662
8778.832055022167
-69117.85359557945
-31780.619238770763
301625.8547494071
-82285.56125850092
-24102.99386425639
-907.7523679885163
23092.073491262992
-15971.719243404346
12066.40967772393
38759.13732307922
-28704.80454582493
36383.30029402452
64945.27317843201
39372.55695288558
93487.68574555397
-85448.27149790061
5956.072430634433
-10942.792967324838
58846.1979464839
-5748.387263668087
-57991.736264427505
-476.4943122642532
-4283.856816227997
3696.1639577391907
-27856.856941541042
-14178.276760623537
455.80426775840164
99254.5736484578
-17116.503130274665
6.8729994136000405
-38948.28066337041
-70805.82274248429
4243.8762732032865
-6607.873734794532
-1459.7188498180237
26414.204094902532
-3979.5293705610457
88280.85792198882
-105.79154005872044
-1261.8591077077217
-19188.575178116927
6504.457857826157
-107378.73574607018
11308.133549438087
25039.47418393941
9704.865809726789
106.61602451119926
4620.002293511372
-13851.550025318926
11933.900736016587
-6745.398065782394
47597.31822463284
-88693.28528490187
36535.885042681744
-42379.67229005027
-91801.0589341842
127653.19236672396
-87052.35512771863
-169957.7651572772
31964.7679484828
108949.67836507339
-142461.57414269427
-3366.2953536960663
77039.88775366417
-636481.8936155757
66205.17394770058
432625.11860456597
106893.85682775204
180437.59222610455
203920.08502933366
-270165.62761583796
-196267.91609288647
183491.914256494
79332.16590012099
-137765.05916891227
483256.157271834
361585.630428861
-891654.8034737842
-113299.31623231233
224373.55157895465
-29907.098276632612
20018.192665036142
-2217.008356183102
-314.6109444259133
-34241.99604445863
720373.6497204169
172602.61398246937
-159312.70416913508
295674.98470563215
-790864.062493286
-55162.41316949871
1066329.075847741
2202173.560772853
200786.9299399048
3797141.7556879385
397341.68204310804
2092157.7582633316
-3836954.431053569
-171647.59588743697
-332364.7098392031
1837036.990243942
414893.5820792216
2522711.1822061115
100654.60645645417
123964.65015744854
32865.54952956058
2351.366335627561
-170886.3779207744
-60902.33233356638
32307.504014673163
183871.8502133223
719220.8193276759
2876484.934065358
-1586547.159023885
4459761.04304882
-59658.107033143264
-807930.7277967822
43161.44488565388
-982141.5500068847
2207383.5081368433
-1741229.8725995903
-688823.1426700598
137301.03735078452
362028.2766492269
1505343.6453280207
461651.84381262114
-379610.07991309493
388719.53874738386
-290458.69926362025
669003.7328312815
253208.8327525876
-230046.5636430306
90974.19533666299
347821.18146806787
-454310.18868984655
396875.13471056
-2902985.1810888257
-202135.50506319292
305804.1528188701
47475.53852430265
2558946.2891386705
-26493.885470820525
338500.1593922819
-570228.2305905699
-2640.5862672006106
336169.3030724312
-182185.52670383637
90687.73973375154
325682.0381805645
-411574.364799881
1170978.1244222198
29812.33336007414
-811137.9756733575
117909.35695950643
-446975.69354016194
-373934.15370428824
-14472.12319718148
-30185.359958628505
-128253.36144605215
321232.0843055142
122412.00055897486
-261681.5846872769
-5483.860349585291
33988.132496146485
-160894.37191870995
61560.46711743887
381706.9899136602
322111.17352273554
-578467.5180660107
7547.911368440289
1591.5277873753814
43622.67845183086
13646.945005377907
1656.7427035232638
85454.3439158181
8157.318201076123
-780.9739892155648
-34120.226906787124
-14256.432302618723
4873.6521586655645
-2417.903671361862
-2684.0430388168775
-6296.239010165967
1122.396355225139
-71.17285143874888
4914.8039767275695
2308.4955289801787
5345.501303965093
3595.5598770525726
-751.9299754677891
3731.6681483784755
7677.487742525855
-9835.370627400427
8748.074144440863
5067.764061734675
-784.5433030516281
-167906.34919706278
178400.48934174803
2272.59174153858
-4657.749042952089
-12465.488976135637
111437.48548782723
1081.9394690804077
633771.6881233609
-80227.97656708365
83362.08547838022
-706625.7619715199
-1092600.3668824462
67109.6914262501
655422.9643971066
1781885.2495317836
2153909.7712115035
-2672757.9671553443
593083.1607800286
361719.33783519734
1961988.264452276
-2318923.3758970927
2158888.5873376234
-78225.53232117872
1482882.3257167106
2451483.4013665197
-761180.096955437
455063.0080328723
14196.82591310139
-181603.1616314157
-1132848.1710593523
-116216.62733558199
1004838.7549622153
742419.8685416376
-165344.2301338576
86045.87221805258
-26887.728233270063
-6174.2797265129175
8641.509125539967
-38624.799212469195
3152391.7721568737
48261.983930821036
11410.880340048316
-361539.72293041006
-1192614.7180980137
-135154.00234883954
-39077.360585008224
-1827993.721314766
-5256441.219646329
8826.36300834758
6894.281962657888
-69445.2278953951
1854380.490180283
-101672.67580456282
223729.21581702156
-39038.10675871451
103084.7719355566
25330.318403305937
-33164.27129142123
49785.43903786179
3484.783132282781
39941.111217456026
31801.548004869317
-4070.3315128023855
-41938.58877585091
3395.360775987557
-9009.076972823757
-118307.70485697471
-43926.15602611172
40272.02982044654
15605.689011864612
-4793.994619165533
241408.9040915541
-2900.8457029802576
1043.549884201379
-2100.9843233314905
6130.9188522378645
-136.0065107370236
-6.331630306101472
-3.1966808694358724
-21.562580418563037
-82.91387615376142
1156.1189469808787
-3503.8028108431104
1566.9133619307609
-2.724259279867507
-9.902430052570248
1.7698955043073223
-640.3526205544682
-23.720922210855086
-548.6127627674816
0.6311866309881347
-4.831548285033878
-230402.42054470538
41117.68150215087
-3105.182747467427
-14303.231220709875
-50945.97142727312
167196.0658305439
19214.12320083555
-17809.291860909965
-40472.57444381637
56391.30845161983
13899.26714604282
82800.2659804236
-68245.36193674534
-713.212471824055
176397.32862791838
62903.758233785215
3934.5363418888005
19545.874594686928
-13161.20675006562
-14511.369773157108
6141.520934700274
-5375.248586292552
46739.434463879006
16838.130651184896
39319.855475541015
-106102.87330557303
30177.02169831823
-264415.62480689335
1460.141606949948
7028.284183214577
-25277.017896153324
-8663.2716082607
-6285.413708657571
47918.0576211853
62470.57876526489
-12999.915088846674
2913.2985646821608
-4.227526389871939
-119432.71063647486
-223836.5776227951
7020.47831349045
-267935.1974609739
8086.4842676913395
-47007.02219457616
34527.899070731946
30526.763444334447
10224.01746359835
384551.2248136254
-78846.68030504849
11158.787339928182
2571.198499543265
-22761.4862903432
6721.179361138043
1083.9274884027934
-469.79954245827616
-16985.315886839435
-9714.706241529228
19376.7433144475
-3.699831809178904
-1635.8812063346165
3517.200428164225
-5135.334653249369
-8.01554146805247
-1163.0501285131227
-1650.0351525719468
10812.877176851676
-891.4699083417606
-11957.867610712014
973.0433205693428
-572.9988303005036
-4690.771198163678
-233.9649569676058
-7260.685887924578
67.9408831211356
2396.6677987655266
-18494.753043616423
-23510.056276734107
-11060.188166074775
26232.136418513663
-1679.9780447104852
1150.736763968559
18681.37132433868
4676.696922134608
6644.709342483923
6660.456800726463
-143974.29173973718
-6439.580860488571
-1156.692427844545
146.51578268355604
6982.755782503285
-817.0818733343001
487.0490335850162
685.0637933493438
198.7469324919124
-62.57313739664987
-1241.259482101488
-375.6474622798163
1175.0455045494296
2856.277748185973
440.31722304786894
-692.8532864587787
396.786874878796
-1057.6418587050182
-10.522661763283951
-325.5847231094523
-542.6512124931321
407.11015853525157
23.71181221388321
-175.39521619072457
-369.849529204706
-2735.126111952697
492.01728089676027
-116.10086129597062
-482.0515306057883
-2360.3731889284845
-426.9423491130643
1885.848062004395
762.4779360125646
126.92056842583483
-220.65229368117704
-63.07119149000157
-307.6013198184787
355.6857058702648
231389.65134285996
-91052.215937064
133848.14397860027
-91313.98638571863
6955.648888178433
-39830.23558324431
-37570.934696374476
26934.346912705085
8565.576512750658
-53284.31978179681
2545.4381699361456
149.7366845756714
64036.375132338566
256361.75571248727
-6535.79182773306
-20147.807557495653
24312.826994010433
-6020.759874460335
2507.2310528990834
-2723.2664032637363
-30939.39494188334
501.4257435297676
-1642.49438866503
-1771.5059668913946
-907.1006578425834
-3615.5322920237204
132.6718234873527
3809.901128383175
8567.66328465968
-3762.4415331929395
9579.365673967692
24315.90458503059
-5547.624259681161
-14465.703255019664
-20877.818651366917
3817.967505146012
17480.82569973699
3541.825894711404
10301.426410206055
1995.9719081027013
-9887.746933259543
-10194.447351009374
-16694.06587489972
-22790.30972915457
28202.105091644302
38107.534772606814
7890.949850527251
-20656.515306201363
-18116.705410065613
2227.5114625671526
-2299.8396926843307
-2132.4749168364783
-5272.72558708458
-66712.47859593421
9838.576169888505
118078.89613972152
-81016.42853445375
-17195.79784485165
-13540.543070742526
51619.8621758536
-73394.77794876591
-1968.9664034711755
-172.2558319520022
-7376.3339517738395
-7.701035429094616
2902.4644579268
-20766.67631027605
-2771.206025947843
-16292.705315464978
7305.40529750394
4077.391101681087
3190.5681886126135
-27460.577194290414
-28678.611146384243
-3375.6806693244284
61.825922708641166
24375.605491242426
4835.865900174507
7157.292676691358
-45079.734601174474
-2041.4963051266943
23511.21202169916
3210.5688495139075
-20263.126971859965
6806.343026722641
-18935.219327075025
-362.84264700099874
-1052.5431137587323
-10720.794516160615
-940.1936599863186
15.223750480264393
-6.40156099871481
-7.574233554800927
-23.313361116803335
-8.152444942097128
24.176624359211804
-26.71070903763538
-23.475754593411054
-20.105426645377026
60.78745921267374
27.808460086442135
-11.044508562263752
-2.8198231647488163
15.401736271803866
-3.1753283561238357
-4.776203059244946
-6.444124632742092
-24.369051342148786
34.99757165142679
-6.268319405395318
-20.291555057937817
-3.6269967420594043
-10.953587845840271
78.43211727358067
-5.5283218316778875
4.183061540316521
155.30886013435276
-5.781206280544594
16.818390358331822
-88.00829930227908
868364.9040616489
-330328.65734693984
-892943.4424950619
784535.6828849333
8747376.815274995
407379.2740348446
-1243376.2791498185
2573333.750432582
6393128.489875909
-1400670.7165996989
-58805.57146690821
-39456.540324041525
34454.67885818111
463144.98438691994
1985935.1597282118
2684408.941837986
2749192.6469773976
93634.99285742432
-1308255.7678931626
708756.5708738579
-349897.34465772106
-234618.26863929306
-2274138.5472172657
479098.287636563
2024455.8212647543
3334183.782478431
151904.82258195514
76276.83480372277
17935.314255796715
1633151.2835401506
-51269.13066561396
-205798.03700983262
250558.4743097158
578.5568501556428
-53080.99886436758
227816.28605728978
-7417.900959485114
-72927.51757909161
-354861.39743790263
-291341.79560865485
-251121.72409622016
235000.0565661416
117387.21362562945
-4802.286302944919
-314304.02768114593
568471.4434149334
-131539.13295228337
-206152.19334133124
-38741.30172786701
50708.32699508553
-259430.26153174657
9739.124164372057
-11701.431432616524
156125.5091091515
1880574.2149155713
-276392.06295214605
-114538.18359580927
-11537.882098126121
474072.8569385734
-105.97894029789052
-152200.03033396724
18.75213440914128
-2045.8563549205203
-73646.33487649256
23163.060865864834
-23705.59674201718
3036.9218396611163
21529.901585164218
-103349.71081070296
7869.553243553549
3819.6595517223154
-40170.074902896136
20104.808851985083
37.624923370028256
44133.140870447234
133027.5723492396
188.07255259190507
955.6303910026684
82690.3664521465
-90662.85288280367
-27037.799383020425
-30996.690185035925
-12.768901311778956
329.7967720925609
144736.44095567986
4762.399780206357
10762.317089148792
111.0282161737949
2122.3947060766614
-30578.468112494767
10696.090462712173
-43.85012909471381
-762.8389076197462
-47.67364610593536
4421.143536331613
-1209.025409916192
27273.897184457914
25735.488941399042
9394.438061970797
-9957.935194677972
-499.6252381587454
2123.774306323735
-605.3192737235468
-30532.340919745588
1526.235211291759
-283.1992238461832
357.0105109657439
-847.0457768710531
-0.9109056036695451
5004.430418761319
-7.144187787969987
148.10718891924938
-5761.862200638299
-781.6336810865038
-11.557521143664768
1142.3364917242554
-136.5982800532124
5.406196736242249
-5229.158029620778
-752.3892644899722
-692365.355415649
-5416.217102482744
107883.93241034618
-60648.44645672553
879054.353792819
759108.4245185575
89364.19704021004
-133790.6532271626
-186242.63160527564
134823.31403607753
48511.935659577546
-95247.40973443654
200293.64602486504
58059.171311723396
-71361.39221631944
-289413.81666747184
290458.4132156847
-423242.21744878514
898065.5889533969
25174.647331210934
-461532.9036294278
335503.38203611405
-9940.376503810394
-24648.904862060073
-4249.218805192839
-11019.29762140879
-689.1385524905402
-1460.6465090376246
5920.2550075951085
33029.159310357594
23419.61524398764
255540.86563004038
82647.63762068441
-10281.202788488208
43428.56159979964
-14473.628520357648
-20200.6368231087
83461.26086635242
-11915.919374285324
357683.0306905875
928341.1350411195
-30550.055440632244
-22546.257401305473
62489.87232916174
-991661.8895931859
114814.67512915083
50736.51500647582
24502.270855644798
-2227.6615332536926
-1132.956496431395
2132.9856907862727
1216.3374034535882
-1655.2233321765668
6867.697574189366
-3591.657913642887
-34820.318163297736
-2596.953997264429
43033.82770846327
-23712.28366193032
-35416.41878773074
232643.79432014315
-44781.71853577872
17298.539219177386
5310.3919410845065
-15652.085622067827
12262.885613086968
-213052.70134881022
-66375.88519498958
1018.1370983432907
1274.9856956838323
47905.31472984112
1083643.5132412165
-31643.997233466547
-606092.2946074079
-44849.68870596572
39130.15196793005
15666.448537961172
6843.682565604027
510.1195043964538
-3616.4497281435642
92850.23300353612
-44590.07573667968
-33119.750119401746
111344.39949810055
-13558.951332859502
-4616.015622965541
8442.055525040612
4792.85277223004
-8138.061887845599
-8960.227639292047
43690.27500700867
98928.99294620812
-119634.48881137483
-136143.89285218462
39317.86923154125
-172567.42172817225
223393.0415834687
287683.5398395061
-771851.062244602
-824600.8835660303
626381.4397250036
-1053457.2101767836
-160305.12895568096
611437.6827037443
-670784.8715870086
203736.69001499112
-137733.3011170154
20540.054278893072
-9401.370482236776
1017389.406304744
696827.5023654937
-32086.13251248128
630509.4559228735
12444.180834280074
-490042.18230075046
472722.36977003
-82450.77009960059
10840.881034720398
-411752.5218830161
-477364.80621508986
-137455.3040391373
16842.905213839073
39326.41618618016
-70776.28809607743
20719.174834775284
-14235.265557001103
31543.170380717365
-51901.65336832955
-993.2139706117619
17838.390768448917
21331.724228237428
-2.2665013393491313
-5407.875917163628
2290.149753471865
-7106.612649805394
66727.01242636489
98746.33899531879
-2883.85319694859
-1469.5967685491707
846.7082539828763
-746.7967474501972
-8.467874578800853
841.9814047502784
36088.30043993282
-4991.796811807763
-1226.9441294075627
113.3421768999207
6911.911656844903
135.8949983568186
611.033298371217
-482.24026176563757
-337.9339769234564
-3682.725202998057
60.305910462445716
-132.69397879987753
-963.8500238143082
-2500.905476610344
-1473.8507365946193
-557.9904410177535
-3348.7598508137407
-3327.287010659089
-615.8729644082019
-331.7084669474179
11838.896240010066
-4203.048793481494
1430.5955519274514
-73.9455616242575
-292.8935039599399
-1648.1715138780708
2714.9605106020936
56.1570629223389
-858.5893872114334
1382.183706087121
582.7263667897224
3581.073913032234
-4216.2198477469055
5386.760491745532
820.5103542602418
-426.1576757768802
5785.781831685401
-5429.180222639283
-376.9092171404111
8982.700365985758
124.11468746664056
-1169.5938658999185
73419.07119546016
1021.4351191049409
1166.1546822576013
-470.56040265091156
-873.8511846155168
-85.60025807676332
15.47186602963716
-8.049986131988726
-7.45683518889702
1942.7688493892995
-1752.4509820168455
-10347.338199615147
3780.4026177579863
585.8768423591594
1.4315135289891214
-18591.570937240645
76796.36348724808
306.3404866669931
-87798.8133650158
-7116.845892897811
50370.474364959424
13738.24313177636
-774.5657993995227
-6495.331312611957
1386.2343177963849
-2305.686305079744
-409.59833547513347
1756.2525642579799
-3177.434324058895
66063.5340737793
-953.8630773095614
18345.2896253798
-8176.866519872772
243546.23741292968
1273.3451576305883
-10295.214134688675
63038.27640688179
-645.585333324958
-2657.025208557491
22947.988040383698
-134489.28098324145
270.5501706944599
9763.876748522272
12700.355167419028
831.3221395530127
4571.286168651386
16590.02174344115
-369.3648015241194
-1248.2565390736
20481.226354106595
-4700.138135174503
-2323.1809412707494
-24160.396535689706
-3819.812949841293
10628.715007485394
112685.74957469755
-32777.33268609118
-9580.21209890715
7331.371703474798
6724.983908247373
5899.237202213788
1251.795832108917
-517.5909819828203
8148.922944827798
-70653.48810047843
1770.3661312792126
680.5792525340169
-83.56486637516491
-9623.285242221102
-271.9509089484037
-192649.93370931584
1793.1204782226782
-17665.191798761458
-159912.23957000652
4102.60908918736
141039.2637953178
52881.43663355971
5903.420235425173
2748.3727108772628
-140381.76217280855
10777.430611886937
21407.611267252523
82648.74832545526
-60361.30366407148
-8958.454926026965
-13.231621619819961
