18123.045708393205
-1480.1039081110894
-13350.714857942468
124270.43584698823
-17843.80456606565
44286.1723674348
-92176.12005539016
12871.872999118825
10882.939075992212
74961.11334061275
60364.57878916472
6641.851432361441
2512.766268465967
-16399.351654578957
374804.13561392337
-113723.65712338426
-7508.219777085375
-71875.50142977109
31143.241442151382
42563.76941744429
-229516.93896256213
-12597.555924120228
-43815.032295430174
-14640.155658925196
-45006.3540119903
23448.464856140537
-69398.78219879002
139581.46547252862
149425.1490966984
-3213.4076908101374
-31867.304006724764
2061.043933280552
9549.009289649739
-4137.074911830087
-1025.020644698367
8016.402834894916
-1425.5786164851145
7386.586549183984
-3063.6198495681883
3829.2426241172016
3897.900862404093
-28888.000599933228
3217.763465183374
-1582.0222067187644
301.72946395954983
-952.8741439732493
-76.1150275317927
-4602.533658887877
-2595.7271910064333
-634.8268188926413
-893.8217956650044
-4080.0149597832105
-4181.468333429163
-7112.334815589079
7406.034491613964
-1313.6636638475188
-3410.857904223141
6035.565891834818
-13990.346762132795
-21206.646220475242
421.54558369001626
131.49989557005918
-380.5535319409639
1979.9078461204222
2645.3084819325363
-192.50620914179146
3397.234806771289
-4263.478319481464
1.855832587082148
-6098.705279638751
841.4321272691691
-2245.011722164536
8519.510800317712
1106.6573483437326
2397.1914814854904
-215.05285957491955
1307.0175165831686
-256.23086010109233
-601.6462663639421
268.9906932096231
2668.046838172695
-3353.068478506586
-488.5944807705325
1014.0367147590229
-225.6648085859046
192.0113028987717
491.181259069121
86.43855092116762
-410.5364881792321
3268.1326379646
-62806.01339280681
-6265.7080093599525
-15839.874588417804
19453.736886256087
-53613.24495245733
11844.484033736526
26363.034277389037
29038.356538029595
13328.00908397923
-19764.65941283858
24797.629228185884
-34686.52431689884
6709.269653139356
16670.4661523575
27292.377219910228
174464.6443919253
-45184.17684938588
67971.42392964427
250722.30831865588
-42098.69422541926
-127860.43006746245
43440.06631744028
-47865.78659988958
-9838.706442875486
-89093.7922121811
253925.82144150007
-14452.062265408875
16979.687280812017
-17259.19683402352
22526.110632474996
4633.65812401271
-404.34059505726265
-470.71820177467487
-13882.948841637994
-102565.16586399064
9173.58913494376
-13498.874002438111
-33742.67193542789
132832.64802016853
-23875.234703890856
14838.430271813477
15247.808079977221
28176.320576748964
291177.34126358875
27639.66107443772
-36403.30232533442
-10554.734619004941
-11010.524969775639
-6488.9781639244675
-10440.21974915681
-9916.819481417424
6266.55519305806
34096.22793686237
6171.865989414727
-9119.769968188257
948.4997274912552
6587.9984371209275
-1468.944729236763
-2312.753197458248
3362.2553544760062
-21961.119664103324
-179524.70216817484
-166528.69992204852
12350.794000630407
-169613.23944172045
31106.15153383178
17817.642487161964
15312.508680411243
-46345.00363568002
26282.895292255682
36989.98397330357
9247.151284101423
-4657.061852433979
4285.051598568044
-54100.84783355157
-10191.476462737683
-68015.58229356326
-31543.485075363624
14907.276948941086
26369.754220615374
11497.745077942383
288.22135165536884
83961.90819067592
179051.9889373951
15039.614383918042
16407.071466174788
-13548.11753532264
126263.18218070573
-31717.23106159883
-82565.90178765407
29011.252966939144
4452.1336354622035
92742.19827432025
-1250.2668810711264
12774.594341306
4780.390295274058
-43315.97450294203
-55841.10743115355
73681.40459591507
-142261.038533243
18667.428210622646
-256655.0404321506
46400.19140285157
72757.14186893216
-73980.98905642124
-703.2077116645029
590.063751058871
-6705.121839140052
2713.462910559299
16490.277781339457
7495.887362067453
1277.5304715209147
-1618.182595750372
1465.824314264649
5557.3476671004355
13885.87085929588
45792.25126316267
16871.7214208256
1979.7559489447733
238.23661863690876
2895.87132188104
4594.705121246382
133.05984410020739
5429.345056235117
601.4622597746046
-398.47375460142683
-1898.147047248137
-151.1955173146041
-547.747270668888
-691.852907864144
1820.303605629007
341.4028412016998
55.7732306788153
111.82624464974103
-317.6756378650021
-793.2645825428642
-39.498183097751316
74.64749864937335
-2889.0235904029646
325.8130256695951
1985.736958419666
37.9051193548984
457.0191913184912
1539.5645340586132
-391.9245870230999
-10427.088792423458
-14890.956827119517
383.7485202944573
-220.93215983850658
-410.89257544057966
-16600.988603540798
-3264.8591414266607
-26994.864894347265
11675.328461432318
8397.414852315585
-15383.44022205364
-8158.790986687314
1468.969326387595
13740.809062025268
60755.52345295378
61185.43882809275
-80584.51910059115
17114.56783705841
51580.3844361854
70965.7057863595
1582.1794773459328
22204.366758334076
3681.9157107680626
-33540.57131980613
-98234.05213217576
40420.5951777358
-84394.29230945041
-5171.057749417173
19965.66225456599
15774.368705779998
-30964.350446930537
85086.46649751657
1320.471418711598
-35756.88169642188
13332.848668587205
-4108.049271008735
32.90320493049194
-2415.0833549858094
41919.67830286247
-61515.182411116664
3319.7551985473865
1126.2941199194054
-2518.442485138271
-106344.6169040363
-6092.3141478340995
-83180.82340048642
444248.4666044251
148889.29165079913
-4516.86950808509
5322.574648158536
32263.22499026928
-297290.7037478311
96210.34522712874
14854.425211370937
-18248.869958324765
14402.298221352308
2768.627848167455
-1209.8250312740279
3421.4286171981835
-2265.862358153806
12150.91711433336
2776.468865069106
-568.2057602524146
-167.68125334115248
-424.39398140116276
582.5551776652339
28455.571479571445
-378.756916862872
1722.647879788707
1679.6985752069415
-690.282240529576
-8691.586215831654
252.42040804920958
156.85055987030705
-154.23738017387922
-484.55762345846773
7.434332025622626
-1.342718101718444
-1.0089953291358744
4.252503450678914
-1.4675196086353501
-190.95628278790082
-5756.404261581143
-268.6785700104884
-0.8854345708325667
-2.1979763232554763
0.4226043807261392
-184.62971159848513
4.430243634200386
-0.1869268417174654
0.13377560360500376
-0.6388019482273577
-28768.068921601523
7540.012902977241
449.2619814235455
-4631.74582235359
-20553.45646201954
41033.378138785345
671.1638115026736
8241.783509120536
-35184.795334938135
10465.69036294045
2141.5680086653338
46798.507177588894
-18567.909360971247
127.94458863171964
57444.37102521378
-9831.686668814451
3436.4304563911523
-258.57800949593525
2459.484665825183
-3282.0993435875685
-12334.108434062946
-42747.69112294796
34299.08474323563
5786.790225529021
-49619.1633468868
23655.248888512968
-5740.267987505146
-60966.416306651176
741.6257890872537
-8105.062755517543
43209.98478591321
1000.4252642367483
5804.4266629742715
5503.0891114210035
8351.520037642904
610.644581836168
-254.0922544079412
-0.9698493928845
10720.420205603941
-23211.85832981051
-4435.419466567761
-8830.116972058206
-1951.9605493472027
-1247.9367293877208
6641.934707243802
5216.779461871386
-1557.9828384508062
22960.834770839727
-8644.894520233414
-1550.508769382468
-226.460053703872
-1219.8053257638596
-417.4570122529652
-16.94722835844329
52.746155491319485
-444.7438253996661
3329.976700116208
686.5828719760275
-0.9577220770979491
41.373891288897326
1434.2937121003652
-717.2289894815431
-1.1605065922144293
-422.03474819965663
227.2683950472258
-1384.3756256670636
-314.71773097113083
-288.84046560752745
-474.8008008570523
1784.2046324200394
67.29552758931712
-22.14970382714914
213.5311277993965
-160.8642090528136
5569.160927857045
-5163.979503523952
-2629.7135511353595
1382.5370826555268
866.2572888263334
15.307961483738648
-827.0499058422699
-661.1498049874128
-986.0472555868578
-471.9275208192067
-1075.4252645046545
3713.154936854851
1267.2391515028244
227.31142957129344
38.11360857168798
-1059.1925514865482
-232.46873379105662
-12.732578270694999
20.59094491215695
63.67277007043244
-61.177407378317916
24.809998458921296
-2.1483532118587734
200.0379973143735
-31.828191780956047
-771.0296240501702
143.97153515317848
-73.79661552171108
-44.32268637751595
541.9792186002927
95.75386699581736
-118.83184983977242
6.697837539466923
24.24383965704042
2.9878117104109165
-68.57822053448875
243.55283349425818
11.710054903492239
-43.428729363742036
-38.28116424251804
-138.69716184808306
48.75265790229665
-250.51065402186185
76.98479355086413
18.976999189290808
-18.260259659285296
-47.76862360200619
26.392427195338733
70.6616486889998
6915.226906327526
12951.313975539997
7104.730861352082
2251.301631109707
-28394.460782000435
-3439.3265831830668
2264.2993233720535
-2288.7304239496652
854.8043037500939
-516.2754576128501
214.81834425871855
57.48848730268075
-7784.574444374108
15221.981933766234
1688.3343753012452
-2712.4100474856755
2776.93665964654
1175.9698545716374
-175.66853005772415
2206.016126461564
7334.253455364394
-34.58005916232649
88.96420961747216
-373.9847368527708
-248.4257197708892
1.0272351208550285
898.0534660983832
-1132.1464092502633
-886.8559113583597
437.72176740092027
1956.9466770926183
-4739.706575985578
-2211.674089071518
3694.9886936365483
1215.226695163367
-429.66790035886277
-1322.347581432895
-6100.7782657043335
2512.1574711615735
825.9992814497643
-6199.724093534503
-1521.7488037622038
-150.3598567103704
1704.7638593870158
-3248.730581130814
-11731.463651494376
-31.000636814359677
7422.594693086368
891.1277790402692
181.53317828278182
-391.8547683355567
6914.660067837353
1865.9063973627262
11167.170511143198
-1749.404233744018
-5565.727797385804
3488.7538386774786
1356.6265144006559
-2415.8169080708008
2795.063376294267
-20382.403998108974
9931.840426615452
3.520067312024215
2433.69927736865
-0.49163035238072417
170.02466583535963
1008.1858947743395
117.02958306932688
2296.9194517364313
-5772.491040148863
-1142.5505330166063
-674.7692771132015
-7732.72586611239
-4939.943137018917
692.0034578454159
-15.20366232146759
-517.139511250197
-278.5885804117266
5251.161396608782
3998.356798197345
-86.32130439368423
-2082.612626141619
3766.8375741294212
430.12471715823324
37.98413330473743
2821.691511004147
-210.68951077013713
-5751.555346699776
-7386.61556250196
1741.8381449427661
3.467167686201204
-1.4457815475004987
-1.8488242801003736
-5.695367415942506
-1.854719798009021
5.459179526737859
-5.888377739081394
-3.0687851741861687
-4.3667433244852685
14.264809347829418
3.610120300487668
-2.4535832881524287
-1.400094410672251
2.718824334202852
0.58535080096636
-0.585728235609515
-1.3487402452139756
-5.38770522924847
7.552069306836723
-1.335204412572023
-5.150044500081169
-0.7552595644594182
-2.580577019034898
-126.94535614315757
-2.2789682242498364
0.8683198983155139
12.618402995293764
-1.2266183801993376
-1.004079169413079
-11.165420176893505
-11489.146474418076
2141.0727302065206
-46879.240372086286
-31360.50544669898
12448.944845024946
-31614.962016666963
1687.408430129329
156.53212304229135
-34144.58741310428
-4249.964329186439
-14119.904584870277
6195.296028017526
-757.3380236812062
-12779.181700016119
71362.05536510266
-26868.11709522008
-39665.12129565677
-6806.781341430486
16190.424645628978
-38254.25558899139
-7447.052161391862
7352.039319406411
28519.09656753472
5510.026331591668
-46527.61478019455
44823.222440894635
8618.343575675051
-9264.602464669908
23051.27010569235
-19211.472914119586
-7496.771570888355
-9980.698027791383
-55262.601699560044
-9574.819942742422
-5792.584149007995
18907.90199985423
27185.035552859743
3767.1158145624677
-21061.29732554237
-35838.78216434621
-91034.90926308365
63308.201537677836
28827.488205974732
-1707.7021799414697
-49128.82159465951
101410.10774031034
4561.7500670828085
19447.85598040956
-2063.9536284909036
3223.6393375914195
-10082.480997661467
-4357.815088768184
-28335.182560324552
42725.32111451427
16683.743029345234
3516.485427377452
-11641.690789183702
28939.927317395402
19049.505931818247
-353.10122999560025
-10069.509656680508
-4.9113810532078155
262.2855206632337
-1862.148100178877
-8624.230453554728
982.7395106195314
-22.279595585484536
-1580.723376257348
-10794.223825544914
-6258.4524477571795
-4499.916474021504
13402.985688140083
3368.990922992446
-313.19193734457826
-60.6377054494168
12301.229416700196
650.6379898924631
34.10076508318027
-2131.1696935833775
-15384.376276837667
-2391.1997216012237
-7876.074864258481
-2.913445440085393
27.94280385523835
-36209.43945978591
1880.8765880300018
659.5968452488677
-131.9154703056147
-401.8078833625235
3406.4379045580117
-5332.59861687419
65.56273212049764
209.91627610218953
8.506487663012487
-142.69352339030021
-608.6081144321656
1567.3376586218794
3371.405944081954
-2122.352671201341
560.0343776588799
1.7044346983799843
640.0709726401439
282.45702902968463
-911.4461598875721
-485.0200813360588
-86.61033635966035
173.27956461532204
90.37712229941451
-2.1767571633842326
137.3074034151598
-0.6762732333813695
-31.01783794482031
-1098.7824542750254
-177.60416219327544
-3.3000991067317527
-385.57130330048625
-615.6638957189225
3.760491629678995
987.2372410254974
-30.249281510017163
8008.0948722666935
-3415.2458182054725
-5218.539440148395
10826.366901616075
116156.5672284902
103242.68880379878
-17865.240516175167
-18946.16481232792
-8194.625632917892
-1855.4392496895002
-5803.09528582151
-13162.415208206749
-36178.86957962075
-1585.3740335997875
31674.484918127142
19657.948307520124
-6667.187608558865
-13293.505244494318
-65339.99986827181
12159.82194274681
-5825.880356062283
25492.38331180502
-877.1703631369606
-6089.3862918156265
928.3955389494068
-502.41087280500267
93.21917293063638
416.3846040078138
133.9022323865871
3549.624738844312
4581.907666124576
25857.55022137819
8244.438612301396
1041.93134774054
-5946.641581356577
6800.895488740911
5292.794501948311
9686.907756539136
1078.5274686879904
34637.079466686955
-14897.966653117906
-6362.999999177638
-5193.920542430121
-12531.723375715374
-61363.58907019828
11968.10585441977
3880.654070855164
-324.0554581731927
-463.432739718533
-117.80427103461822
-430.96305138079947
-224.22253926685977
891.9356492968169
-690.5898345313207
-220.5467817966561
-7060.920746925761
-919.374599488338
9766.077809169248
-8699.74763717159
1462.9594898652085
33482.01203727625
-4413.076048989456
138.28725722899705
-29614.525290859125
-49306.8329440574
2945.8769230122953
-3489.2652076815316
-11626.894200320694
-124.06043697656874
8438.580504286318
31324.335325633125
-38177.49681152
-14450.386312509721
-13316.217959366848
4981.234419024704
1424.9950007540347
-13443.012060533845
3126.404616558114
29.745070172393007
-15043.196087972834
10221.691683755938
3169.3038677385252
11979.802879900088
44738.0532105109
-8635.790732716572
507.7772579501491
-215.67146183324846
5655.622127791707
-13113.693656994747
-261.3643472934946
29579.822046977533
-15871.097331887884
1051.1786114453125
-774.8682085962465
78798.20081420023
-215342.87099032334
117203.45859156585
215947.8424242307
-155070.84889037165
-148018.11751574298
-14148.879159212533
-229376.4665966372
-21211.380613375633
137074.89530658297
-32620.618799089683
-36667.60503966679
65073.01707459425
6040.489521025317
26899.548581569237
52461.046337737156
60946.40096434254
-1719.5266471998502
-40880.9884115702
2896.783230343315
29638.24271781538
28940.978622937204
-4762.576803258007
-14652.97323021435
48488.20235376714
-7309.466204513631
-11060.060615718552
324.8651487721666
7001.0992038963395
-1221.204454000475
-956.8309251486069
-1705.4100396764197
1584.0021349561284
5501.025122722977
640.3594042956383
-684.5678540900169
10745.569083439477
199.2316203337394
-95.40233850473538
-2105.944721600305
1596.1163774774284
5758.626613057855
-15661.710414607629
206.41042227981498
-883.6573008285671
98.26944571971492
359.07765675896064
-3.1998319352854807
11.512448956092587
-6199.207515166958
-449.21554395926734
-1100.4029985197483
301.5703331158084
-516.5269139299056
661.9865723640022
-246.95135934027962
41.43555840351157
210.819953510616
-321.3713317816031
4.1885402984069815
80.2885606059336
462.89789173681436
1149.885051122037
377.32925413273654
-245.2563344385889
-222.93199779298942
1824.2275463568699
302.35169758643985
8.620015322806909
-3396.9423720460936
193.7291967245903
-362.27425524137277
-37.15263399033217
275.3847080742788
-544.5650618988731
-212.243568853744
-29.783043577620713
-278.4039622183118
191.29391924848628
285.0833491178237
235.6289539622501
-922.1657629590482
723.6552939802195
-299.3211101853056
52.72579906109101
1785.5434344333241
-229.99118407180498
-202.9604767595479
-451.5252345118538
9.486337683022876
132.4980536727918
1202.773817593005
128.77719949087034
23.447760163907898
-95.218054108499
576.8119263851578
-134.45011161210866
-3.608406548778401
-1.74803430924944
-1.6291002145470004
168.57594656972728
-2766.248616666992
-1277.686415836802
-234.85850768750052
209.62038447406172
0.3027795225274554
40.10509593584458
-2515.45688506853
102.08664848917527
10233.8724044033
-616.6446572289162
-518.7363250126281
1365.031439908596
-932.922019142099
-1291.4342741701234
-244.2316033643452
341.4124690653155
-1567.5496572014608
417.7322148007443
-1091.13907721594
-389.6628586488392
-151.1343470515307
-6172.115186277777
963.3166694559602
687.2661314673463
-1969.0690384097102
1636.3401215337021
1804.3343549078681
67.72423067526626
1078.2108368427412
61.79759150065287
72568.01815543768
-39.892475268144246
-605.1524706199408
-1176.5862316517532
1840.3937724505768
128.43712371938147
1959.6677526623746
-53.09683667722186
-8.327512237431545
-2460.919589247341
-15.993852646993096
20.326980878187403
-721.5000541120155
78.3274317215073
-76.86440232390476
-23172.325316520808
16598.035082571616
348.56942075977025
3409.9549624165447
-741.4036025682257
1698.7950841622762
345.0173541668461
50.62839309397854
332.19475166050466
-1998.468221608894
-1352.045866500131
281.3044570686311
-30.596182552807697
-2858.458187772933
645.2475945913919
8081.196957553775
113.55163673956719
-794.0925673168747
7775.508834582725
-1929.6686352859986
16218.958583363012
7795.465286594592
6830.336133566636
11035.904259677214
-44356.322108516295
-2103.0909844560347
3484.109535383639
1491.825248846957
-1698.1738576146997
-4396.482333056799
-3.6928796983774785
