-4552.820568340356
5425.532836815165
-17318.50341279214
-3744.8579695889975
-55417.861765660295
-20232.75821358599
-141631.60888410575
132553.20597051023
106144.76790745731
261873.2700329796
-39710.52271318463
-39572.8444434241
32207.45695076116
-169242.40263795687
-54867.05817647921
39543.701454704664
356558.5960925651
-1151122.3091348105
-107300.4683639476
180802.03916832042
1311907.948028157
200538.3236077533
227695.11877058964
-58665.896908463445
316590.3355273048
256206.30771847875
-357392.66581023857
436385.66132133105
899084.9397357195
381580.4887249942
16931.171599302856
-6058.051075428203
44890.58155107362
-8979.52739669063
-1205.2173319449298
9693.248362732562
374.92683259926764
6046.14191939548
-1325.8565739587473
-752.1853508538406
-135.03843146241806
13635.795510362765
4362.840371468364
-12219.293702534358
-5422.426784967661
5047.689104667407
-3824.5014294648104
13303.171755528867
799.3016354148299
-14550.880135726353
-4.593863465479693
-31814.641250280118
-34980.93445088725
-16449.490941808188
1768.1285902570417
-2589.927159076377
-3796.6652216565103
38620.81732081058
4913.916029496772
15726.641573290866
316.68826500024124
1229.2978938052634
-1209.9565765135158
-3577.0303113517753
-6470.717867653813
-177.47623171500297
22876.973445597174
654.0997376315196
-5.626500187333784
34801.682633168995
-570.1626638828852
8971.038101369302
-51397.48444088047
-5689.742625661555
25800.02584360512
-2639.2077251358614
369.5405530247538
-91.11294434152063
4090.980900842067
-13138.559318675387
9926.7216153022
-27079.967090641698
-8728.710993885466
-1899.8952572995167
17688.51881667214
1108.2324515093935
6180.532964019078
3347.5429207503703
893.7974149420384
3671.4098817138333
-78321.34334517588
-4218.624918115646
-31377.983340729195
2772.758325722347
20577.24774614741
-16056.235984228308
84810.42556845158
65980.58140065608
-52360.56828897281
-24849.880853979448
-41521.13646355235
-8838.244766589174
-113367.43698735516
471473.8661745281
-36582.863454773644
-423008.54128763184
-253133.04414259168
67880.41524968944
274871.0013066042
-65422.77493197035
-168764.2200396682
-13774.162127857757
27441.26824225001
43274.80509256018
-392102.2163332255
63222.471290595255
900316.8524837261
32513.755437718064
13817.624291291133
18081.50759623899
4766.66304061375
-6066.120731991605
1458.3679938135572
-16739.398229054175
-54183.36434071196
52093.309618187304
-8251.530715253122
52675.46071327517
27593.560138738354
144722.9342616926
-275554.0449662425
387372.7303406331
-69723.84190947837
-668636.3429862356
84656.78495135179
-182070.81770815255
190044.980480547
28762.86819638529
-400764.98937805905
-144833.0301736054
17986.28492393136
94933.05745355484
551991.7489989626
-60180.28528549094
-34539.17778206346
-9246.541470822505
130129.75885933009
22397.86641171373
-6426.653722052213
74846.64694764445
345705.7385957779
-133687.239877739
-164416.76627479432
104382.22235159639
998128.6800597225
6000.44288037201
-74468.79968497531
-8936.904596780705
77375.54894840044
22262.462347663415
-170463.9309831972
-48730.75588708956
-18778.8870001021
-45315.79679524783
-10145.725644788405
93718.19499452914
-40188.85860199593
196403.97964844402
-227868.11811725041
31086.93728298418
-68259.2147809378
5580.7233577850275
-358910.58346231707
-1026921.9085523415
59637.6539987846
-136645.46206782677
-18261.88987237535
54472.16179337772
-19110.67285235474
448306.86978368345
79159.67603182938
-57118.12929693917
189780.5890938186
4133.0034794871435
19434.702288766934
51026.77799054101
87137.78737460505
-19581.324083406016
512261.71882679296
-1099500.5029545764
-38136.704840734805
293443.0233217833
-196804.19773159962
412906.48360544123
84890.95653182338
-2199.88037469622
-2796.3976523901856
-8409.377238237328
232612.50830944945
-8615.84717037089
-66626.35371697925
-7091.290312942685
6798.013526444644
-24835.809285732168
-56745.067810399916
5001.898169035373
-109523.59026754691
3949.783288881219
1637.677152355988
444.97057072746037
-12534.436542222493
-9125.533287344908
-105.81651873573234
-5690.93434102244
-5240.7791559999305
1199.0909872698585
14094.329094803477
1117.1688851808801
-7810.131170349809
-4281.628278603507
-1600.292377149637
-3577.1675099216272
500.054465025315
-292.78829232400193
779.8955595822425
2320.311886849133
181.07245217379884
6358.902324791763
12209.45507598861
10212.199455938982
-1379.8666790775128
-8081.624930140281
786.8983956418232
696.1086994582242
2800.1194975355434
-6407.203469675822
-14121.030313809926
405.9441816831809
-2598.6882748817643
-3756.9313436413127
79970.6586681601
-59728.23392222268
159934.70840811566
-10064.200225600427
-16753.6687747125
114766.41953261709
-230286.5005837835
181.881067358576
-11000.016311575877
-366890.41960374766
-119782.40502389462
-80971.18162658394
-174439.819432454
-121261.57801902991
-711026.849120025
519250.4900776244
-941037.7928412363
19699.08589746136
1439506.7913003895
182123.10680313755
100057.16545918846
139142.57157454733
6773.63625122303
-13149.08903780364
134798.72994936546
-83903.59300497014
-707315.811285296
136741.61858734695
-67612.27477930463
74293.59498646864
1079.8020364544375
-622.2505050215235
6163.400577594917
507548.90617933107
-325235.55252251076
42684.685827469686
623.0599592660809
-9476.29733657047
111584.2765793336
-4943.720281285393
135027.13753522676
688758.709912086
-273687.96478330955
-14220.915070258929
184380.18561955792
-156302.33413967557
-291113.48651014396
29981.46073758775
14874.15514911233
-1180.3116462785536
-20069.158677110307
-2058.5726563296585
-1900.1546431972254
8904.865813911287
-5118.076195335964
-31905.518514192783
-1642.3353171756653
3017.465387766489
11177.744656833564
1.2665164245503684
3362.5596593700793
126622.39208365543
-11723.061741491441
41720.17000142125
-6830.828041869628
-1078.110555792965
76985.90621419906
421.8856634571234
-414.3844362615498
187.66544123614943
-912.9208950156745
-259.19099615182995
5.245912920249051
1.6663745775593288
16.54779606873293
12.463863261614982
1315.144845284914
-2388.6109767275916
897.8343530748491
1.828890314584737
7.058611431547929
-1.3555405551547555
-1902.225508900392
-46.78734165453815
84.89277902774
-0.36670281955196854
3.9054558756637303
32516.52445954208
-74649.53388388162
487.8619252920062
-51211.61244730167
20314.505495099223
-15033.648493262312
2835.668931265095
-54344.38477695852
122250.05872257293
-15858.022159740212
-1965.3379380071153
29039.28080677493
56410.71959603941
-727.484280452691
-65454.292924850786
60830.47685630793
10731.430101090704
4482.867776011351
-1494.8388950560366
9485.538965577098
11456.389296830974
-4618.032883273245
10056.088860413462
21280.753032436467
-52448.017064027044
-6841.273384462671
13836.65656860544
54468.180616825004
-4963.880707725853
9672.675723763947
10630.369305421696
-15067.998248675436
25762.51055705921
-6473.908228810918
16892.595815506542
471.106425800541
652.7031933898072
3.477548168903307
-48740.847704538704
44664.758069167496
-21257.925127531682
35838.85531988668
-776.7426524289051
-48602.79419980737
-17069.550608421436
10574.641661132986
-774.1496799336045
96473.23617864154
-30300.638025204185
10349.180840377054
-1483.0410452408066
39815.04590079472
4023.4173606311438
9318.573053547569
401.86044438455974
-5277.745656620175
-18268.719900743043
7854.953829651656
2.352843446809866
1379.2063083449477
-16066.942369210103
-1597.5548365536395
6.4544142471849755
2394.5814961753676
4428.2543174929015
2055.569221254004
2040.7636780579644
-4781.616867441126
531.7857255571066
-4606.170666645542
-839.7705189433511
-25.615582371343983
1210.7475834491127
-38.941497221862456
-5902.842542581017
3113.01908078358
7274.880036006223
-4644.355067346021
-432.9307310188565
352.42165014844915
-556.7012965875476
-167.65433578386592
202.30601249265595
177.1067464262916
4599.444075186247
-28721.695867398703
-3288.979598317112
154.02624321783168
57.09084879013113
1966.8499907850246
-1397.434706718417
-335.8112802754277
44.6042897825555
79.07620360157685
-13.416426012283925
1073.299479568825
399.07960416161546
-455.63299377234523
652.6156798129582
2316.0403118932945
-1329.4753163258044
767.9147762580834
722.9502637230762
-2786.017823734977
-582.4769586634064
458.95516226192393
-99.45965272444892
-56.167465552106535
361.3736155180314
38.81153186809636
-653.9430548441352
-54.54518469913828
-58.79584841031168
674.4388662495501
11.141810580752292
87.13608272759383
537.4934086915999
83.83584964392112
-54.292117141283455
-45.23189511770489
333.5795233808889
-148.65797786500252
-230.38376383188293
7500.852717216266
-31403.801286153386
-28515.401210808457
7580.773849951325
-108524.19780820623
-12573.789862868
-14019.866514810865
4913.706493216434
3590.732371603271
179.24893617067514
-695.1731406681109
-27.76212401122852
-5180.849048400881
-78240.43868731947
-1140.0721402394126
-3300.2397570289195
2964.806310223514
2924.4470341971746
736.1115215755816
2098.9976350498146
974.2517295681863
214.30257264288963
-647.3451800053607
97.0646077857947
-1871.0203041474215
1983.3516597676285
-1531.0949563790346
-187.44834696326515
-2619.117586556095
1836.2796924526886
218.45051423480993
-3120.576764020639
-1241.4577192151937
2808.436261007635
587.5321216117497
779.5565256345467
-1981.1195857420948
-5511.914451023102
5770.29673961073
-1301.3002461595593
8194.813605164249
1534.83936154631
-10455.69329872923
623.8685541963099
5157.531733913207
-12804.185766096121
-124.70022497526057
4051.7651549755788
1073.4751647159974
-1777.7887624423415
255.74716333030796
535.9211610520928
447.7207094567477
10735.667242296755
-1082.6355598222626
-3297.969966524028
912.3882134605425
1553.6496286637068
-2281.415558653138
-59.04277158849916
192111.64572909925
-41292.333169684614
-63.316787441008046
7361.2473711074135
3.930428905979204
1677.1078917314062
-4941.083866824748
4.047436017715112
-6770.81445195942
44999.42395883447
4802.161901292282
222.66311784926074
-36294.33870305741
4063.6702373897024
-5455.1689735389
1.3340376085984875
4575.036348662817
-247.42067276617283
19728.163179076324
-6609.469106515464
-362.9518120452631
-1683.9562124240442
3979.540698832705
14990.93318318315
860.837793439119
6625.749656662005
-2527.5891734991965
-42208.92939948244
23337.673583722564
-5542.492728426314
-11.414166290410689
4.3582467127158795
6.073479989016722
17.486873049146094
5.997031437772749
-27.05500123624013
19.910657850758973
11.682071850901714
20.16621170911131
-43.820944780819815
-21.40975961357027
7.538794311183534
1.8444782145228398
-2.357214560579275
1.2897982560785648
3.8629421428928987
4.494587098858814
16.716509688139887
-24.13041321802104
4.673392529614104
15.585291868837912
1.2607938920051562
10.453470875125834
786.9105898377917
6.373986094122625
-2.1890321356065825
101.74260999645746
4.1796412913162895
-14.087872768583436
-52.34100084986637
-59383.80715399657
83536.7345820076
-171948.02934725283
150630.42481182958
-322441.56200075673
73738.0312510803
41634.806055980465
69653.67088772776
541294.088479757
-651388.5822635556
5890.980358530338
181.8115957925237
16598.761190874204
-7127.929989128087
308801.12284782465
207708.0561206432
-9996.456836112438
19863.339395406638
45021.82419335595
-94050.70158327938
24883.435689424437
-23983.96940410603
-50236.09398226464
-25466.161336504614
746266.7943105887
-88822.5647559445
-70331.12286944862
17211.38487257371
11270.158488827563
-73610.2203422668
22474.511993466596
18471.341617167636
42928.80760338711
-28825.486083729487
-1135.4499677743433
-36252.89349270108
33006.6291047702
-51011.245535399314
134221.83458430698
58379.11179207782
253039.72901733487
-198025.9019691018
34646.386197081716
-203.46540814108903
-105166.3556439121
-43437.78358773085
47013.337300945714
16769.919079331823
-3066.5353140785846
30655.544481977035
-51049.64924995845
-105017.00165218033
133754.95200070858
-77360.82020564044
-215551.94517203266
69758.7360417749
11161.548833417908
43536.09213446855
-71217.10248735441
984.1966294911207
-24322.353385756847
-9.237929149895418
633.445742944203
-21196.067227404055
-925.2387686489119
-1911.2573573634402
614.3988097317449
2070.124514468012
-65425.542379267594
18236.78519581592
11434.064802267716
-10595.558336487045
-39645.41467832362
865.4315537415669
16410.518019650393
92961.00917319726
-3880.7480838222477
-250.64206671374956
-17833.748095833864
70442.53390345749
14907.732105201761
-91414.89098766515
8.734516748694352
-237.32130337530302
829496.1769797772
919.3965706889406
-7912.964045954738
2581.640127638324
-1765.197387053515
-14974.59019623791
22527.81203591475
-345.57658964984796
60.19825284783213
59.40917997751326
-1198.4212444081597
-1650.3888317565795
-10867.570835476838
-6281.5337602429445
8681.395876152435
1652.8819566257532
-317.8701315416351
452.4741925703914
-569.6352651529002
2721.309596150379
-2532.0399108039805
-130.66551282009976
200.50958205832148
-326.37560438236346
7.006599072737627
2618.5440132139424
4.812872724125278
130.20250729372373
3640.0985652477884
-330.2611372793951
6.702189748655149
-11.426517693873382
392.273041693325
-12.316071070951226
-4596.203442557944
749.5454379428994
-64685.61371084512
5813.527401546477
-52255.66455389534
-52248.73114722851
-17295.63045728485
-265244.4344796426
121901.6744139488
-39382.35968746448
-79737.38022679016
288939.0753660051
-32245.360084127125
401169.9060235008
-49751.211665082126
-15487.79315611105
-73328.48601421526
-265680.63324778376
130648.94295536462
269160.09813203797
-409475.4267365003
51695.60565338195
-47833.6100606088
131565.76459530403
-3953.0323438399623
6318.759688581156
-3747.8728697266706
-5473.37675129021
1859.3542538698498
-15232.509429044088
5464.40709395149
13337.554509202508
-10266.67306919686
20971.924200246
13119.219336519931
1466.2829298277695
-7996.296023023754
16313.811900461591
-30701.917034871232
32426.390351771817
8178.602818765891
-72305.64133437355
460180.8688306028
-11657.092845292902
-14122.663968452573
57916.377271238205
-57058.88359554007
63033.82597903278
-32666.18269262634
21980.050251799144
-572.2352935442733
-17.92123458512338
341.19629045155017
480.8252333701649
-309.10990589072776
1459.2082993155914
-835.8856771690033
-5913.173664039661
2174.3945169023295
3020.1368837625273
-21874.210597075755
-4603.613026035656
-66616.67784533801
16759.624890327028
16545.645827310993
-9757.662580364891
63406.74052196813
-3287.8081036421727
27754.4272740868
38448.463650537764
-2864.8252298290677
3537.640480984384
-54613.81523177398
126473.65285366279
27767.94692568529
-97247.47052900441
463.22792856978117
-3928.680513000856
-9870.711588730957
-13905.244517985228
-1988.0757393380152
4229.700201783015
-15514.906979129195
13797.65114367787
53671.276211009026
-46465.06512938479
5144.379969707695
-679.8125501530801
-562.0544410542732
-8289.642034050448
-11242.19438087925
4016.249307072957
59729.95723619343
6445.736071333333
-2424.9859024829407
54787.46746550774
-36757.99132516497
-126532.72382846508
234388.52392357192
306358.90467023506
63104.15823278681
-92893.15301845348
-429573.44086960866
325109.66576197476
129861.92165502293
-180873.4926455942
224332.6011243296
-124952.49390618464
-117729.95794975907
-50887.84647353853
-23661.01921239525
-337493.7043433417
-32148.356957633772
-2611.8092635743787
511459.6001596174
4267.418079888199
163310.31591080796
-183357.5444072084
15047.397103567713
27120.73174025448
108008.33918812832
-153630.75056373238
-19909.548711157233
-10508.294818492035
-37693.06897626053
-24693.108501748786
105.88628620071604
2602.540238108174
-571.8688197429622
-2364.7341035397208
1987.0903502253425
-11775.366072494278
3110.488129042503
1386.945743943862
257.25206435445324
3341.8733372012503
1701.4190644302294
80736.87957361824
-31975.959558344664
1581.9247527314783
-492.1831506483891
-344.2416231975697
528.6466208345662
7.302832238935325
-826.7253353862794
8997.933399458549
-1637.1178503032068
2404.402350194578
565.4304874442516
-546.8148806014586
-1357.1313320527254
-450.11265823607516
-1816.8221112331908
438.0229325327741
274.2059759454641
-9.603394084313233
814.4444956455533
304.00137635563266
387.92278682840475
-201.02571631614987
77.88729905987084
3440.9956555771423
-5384.886886369833
-2101.4173927506677
-88.70273355797156
12328.248404231243
-1413.995015494016
846.2025542323673
-87.15252985139082
-987.4129797426418
572.2826289380346
290.2862525244476
164.23130707482665
-221.99712854832697
-482.4070247306931
-616.6825117165085
184.16100372958826
1064.0614954698797
-1418.0092226910435
384.7984462718899
10.953848552981412
-6517.586445035382
1770.9446708071077
-81.23826428131885
2797.968652501976
123.47715378032281
77.66246219178846
-16915.5415265791
-629.6743115573078
-246.81464583842427
313.37918229189575
-1681.4338695574936
1334.2678236630118
5.42247315223109
5.6649399010244
5.162880805836919
-481.21902807933793
-874.1823479141425
-4011.686238055218
-782.205417960372
1397.5326434339077
-0.7632989762882895
-2499.8225054362715
25061.860110166745
-382.5193486094107
-26901.6355047634
-1503.6908920606197
14599.075699939594
-196.98590552159962
987.171863220683
-99.99531614889997
293.271011931437
7617.799245996393
2112.105949914791
-3382.291135754233
3084.3645273542793
8529.043561816301
740.7118604215425
-19930.262975489048
-6510.591187981639
42271.078971828705
682.1276243740156
1916.3477909516491
-17533.035635601613
644.7233086145211
3040.412595567436
-19102.555104106366
-99376.5303820571
-384.86718654178827
-4257.940478777112
-3681.168243168268
101.68765498072827
26291.8786073597
598.904629661241
-224.98035699798638
419.54762331644133
6170.3165879617245
5750.33041156656
233.22601020057758
-5944.553584878055
745.5469714429902
-14926.904687758188
21878.667437986
1079.587796243503
-6531.3496253276735
-13550.927955153204
4028.152258743997
-5622.955190141465
-1159.508047858508
330.7631560613065
-1353.360579121238
10821.683000930823
797.3586472568784
779.5035993853259
-251.29479923713615
289.1619206137689
2079.9552135868444
35942.829585184554
530.6301337821135
8450.052178234475
-10580.892877440709
3833.373869557302
13807.322287432531
2287.9717751758444
-5013.353746410611
-12356.298036047587
-47851.220137236654
32855.971952902844
-7104.906459349929
244.4154746882316
-7707.56578995143
20730.712990389322
7.669752278605483
