-869.442981764897
-4792.592486831523
-680.4485055530433
11936.298923618246
13787.140708664236
10652.939200828141
4518.16503708953
14346.709142979036
7576.323031330631
-9321.493462764887
3626.3576215776625
-963.6512126965386
-1703.3338893506564
13208.942023740485
-61702.324464436424
5370.950536028383
-28226.32053915058
7592.891400265818
-22697.429030171697
-16745.749833718823
75858.12388443798
-11670.804602557175
-4512.269065456329
8404.7808960932
-7558.34449299174
-26808.06923044737
-19072.264617535653
12457.48433926734
-2272.4485796880886
2807.305486978151
7302.301163251024
11064.479913485311
-2862.0518757746763
50587.89007974923
-673.8505452508134
50579.32584529103
1035.5533240148275
8476.902476774629
22885.17561391495
-44563.20012216124
-31184.922600715712
90072.95853863045
31152.87378024738
-78217.3541881702
-2307.117157441766
11765.94083377378
-1435.642562612205
-35015.38374567605
26589.107193868407
-9283.443816678899
-21871.071641621384
38820.739452264956
-84738.56359737007
-37284.02260667564
17467.395630071187
9019.907645386353
49448.24978028052
64969.69241434295
169965.3975286016
12916.55843135581
-1887.8513091609968
-965.0442547253449
-3352.260185384492
35405.307398320234
19082.366384673627
6672.436519049637
26069.481324337343
53798.81629407148
-0.5584813038038938
130731.32784833918
-44910.42379913392
-33302.338404217924
-262904.2305725622
-5221.662110537415
74002.53092301368
-26070.779197881602
6313.454476546691
-35.59375909058761
3940.376542695768
-29130.301347131342
-6460.764748442489
-52226.6930291508
-31169.600253568584
-41930.82912177421
37150.06373406579
5531.791086633696
35253.5246658485
3671.2334707841733
8486.689056618556
3284.0152228158963
1941.7689347888281
-1870.5216814734176
476.7172055552648
1190.610285083753
6174.817472514853
-7047.93761666774
603.0364872949712
2747.4920898529163
101.34028261508765
-6963.184495342523
-738.1501579837183
3092.092871788584
6844.988248405974
-22764.409238229604
-5590.7718680194175
10788.049464034786
-15457.50640911363
15690.187699649889
2002.6350992765115
30325.772145928222
-17496.528583795607
36254.69092853135
-33377.78607450305
-26334.216446290644
-18350.645450918146
-7771.653908594392
43191.93983219209
2433.8072631655186
264.25817914533565
-670.6814932332995
-3547.350082404394
1812.3917976267708
80.99430460884305
6333.221021486274
-4961.163201831353
-4459.251819942057
-695.9904355530998
-11660.279875802264
11796.3961200458
-8202.906514868935
53000.499573611654
-31917.011906765394
-54871.90208690845
43764.96999157951
4528.075672968491
-84916.29361017265
58423.40564623192
14534.927755395918
29468.62460062751
9436.59248936828
-24516.001181590393
164.29089587206562
41360.45506011614
-11165.536217933286
-21284.591900037947
6192.65404290939
27433.394153851492
3983.8325447315724
-2317.7013119465464
14843.35325421356
16185.830089724519
-57422.34500036414
73249.99365948592
32226.450047924318
-65868.10708756272
-10437.999685012142
45299.96115313864
-79920.65454275977
72059.3275373763
38647.07619489027
1126.8653835049581
2637.396158263386
492.48809238754825
-21516.289781168085
41327.26471654141
-37545.260194152565
27777.882297392694
8124.35359239191
-2830.7836958108583
12274.519953920659
-18731.477301443934
569.8611117320645
-424372.4201143964
129320.94864133051
17099.29666696376
716.3436411872402
20546.76982089762
65502.38547032696
21252.299652522797
89070.64037480258
35612.22521786067
-9727.932631505913
175630.3379624358
5976.372459065757
8168.572041817684
-25193.039367551097
-114870.78204723628
-163541.70468682883
345315.9386646468
-396153.65806434525
40698.984245589294
-77621.98998799338
-282625.911042528
219180.45223221948
72927.11211286095
-808.0606006518911
-16126.728693190615
27837.725502261495
-145028.33871599255
-17807.141260612847
-24743.624645503693
3810.4439681226704
-34922.383146339766
52304.00779492143
1789.287166656487
-43773.86866141799
40341.51671375122
105074.70667293573
-4307.60574336943
-1978.8634591232294
146.12543429141488
-6694.178542230866
69.82345963831283
-2293.509986711477
1002.8197472119039
-2294.990631577853
2794.8557415149867
-1796.0080117452167
2791.066409595398
2941.9641519354263
-1199.088601173569
448.02998541760815
-455.21613767740394
44.794210018188735
1560.5497450328844
1168.3114322209165
-829.1709795391603
-1548.202400257284
348.32456871814367
-162.67669716513882
1179.0266398864717
628.8570334069553
2913.8411288824436
-5133.857334161948
-546.186588979122
13912.027473317272
1809.7119610829648
761.0488464984021
170.93812946053154
-146.4238243698589
-8360.282108461595
-3422.172657457031
-27454.650521370462
6003.262925001714
11456.232765807403
11664.499313254186
-103188.68486151086
-3156.031749150605
-18184.957298635265
-68988.53424461733
16564.892095667008
-29723.93978136269
1094.4209003980534
30256.698983187383
46028.47684642212
-25368.038106809614
-13857.862759668014
-13719.947955248019
411976.4164072754
-138817.86302367304
-11835.394088508981
64889.02582226152
-27420.683861089194
-994.7923783269474
-223048.65812505616
21105.60014372637
49270.10837620205
33424.017295256424
-8825.449775778556
-9787.19542595766
-1124.1800700724268
-130.08826739104524
-305.0389169245635
-14301.042838674255
-31335.24915417668
3734.351914513876
-142.5187864277477
-129.9823962877218
12887.260551483245
-3038.1753757501315
-7204.78198894667
-19255.618091684122
85450.7845223619
-454.03601513522756
-3067.6902596473738
5552.079333141706
43884.88170516085
5048.552280569734
3562.05393767475
-2931.8274013050495
221.62808898389736
1549.2531205832365
-435.2155192399034
917.6979753504372
-942.0434986441412
-2502.3116378827563
1961.8824705020463
-449.24467253526836
-1365.077933872673
-175.70656565099816
2080.194971543428
-162378.4260385499
1187.468348703381
-20825.492802446566
11061.558601787498
330.11134766239826
38069.01137438257
4039.8429578690266
-1293.7254890273011
2349.3192077474146
-3686.837926880194
-567.8478504809145
1.1033204801337837
0.16426587668116407
34.20236532645455
-34.38080983310913
2759.526190542542
-31188.443228544063
41.40864877075115
0.16284696893406284
2.3894185568471147
-0.28802934267481367
-2110.7570232655657
-34.80419263912389
538.7245778878059
-0.20486716342321384
2.185875368083379
-54090.1471558303
50847.69467519226
1563.6565952912067
-1546.215723540361
6041.250699500886
5005.5505879172115
1909.0819927929865
-3077.8581517340185
10073.499195739274
-7580.420767599699
-14927.148203444605
56056.75560416569
-992.0607537144048
-24.450921012573016
12083.632167315856
-57180.527970502444
11141.945885656187
555.8337481415145
9420.474816776166
-1078.6772884070351
7816.366638852869
-16968.40995917222
-15326.366966186313
-27187.604395041613
-27422.787669573492
18244.310948294744
5864.413445983319
-31918.674525953567
592.3133236707397
24711.52001777759
-8022.1080310773605
-2843.892762581451
-368.19801907549186
1840.6556887281195
-37973.83108192672
667.9390826354538
230.60503924774915
2.3762931830611813
93031.36473558433
21614.69786057595
20.902553966654086
-19270.36449631019
-5555.073132799589
-10471.048580290762
-4429.879723861439
23399.55869645663
-1117.4869101575594
472837.2886372589
-87595.88584019725
8976.870439828033
-2932.417096970972
-85330.82534651505
9423.773366302621
1349.614494894133
667.0247319401409
29271.299511313966
10490.620629154606
-15871.111538830608
0.37207469904594653
1001.6622679577517
-38358.615867119486
-5455.149193135422
4.242739835102141
946.0716563893577
-1943.564057552195
-8282.899118614108
-136.2463821520936
6701.265388672287
2893.3075500782375
-2627.6690146156348
10069.389945378922
-192.05663910106205
-8608.510130852232
-16.80970229659093
3362.8355131468593
2821.3562422012947
14157.594275227004
5122.584214388306
-11114.10151192863
1799.5126354146225
-1193.6998049049307
6774.005362863468
25920.45308594113
2688.6803838883066
-3749.2728278920636
599607.481563111
2690.042884712969
613.4090276670697
867.9512799273184
11460.336020761753
1442.5753827119051
-877.3327726784552
-331.3338767978946
62.784767450309836
0.32268404378244664
395.17073417805625
-3.8874404684166546
-1071.853719777908
-908.6120527666565
-4265.479607875125
1295.6342809910984
377.6898719520166
369.9270071456612
2327.850947265686
-1659.2147666458889
1720.1543695025027
369.4864381674583
-805.9582917179526
83.56274223748835
666.8786273659135
-2522.0100402993517
-214.911436288438
-303.65454232255524
1544.3764792686077
-946.7103785765538
27.803339226987674
1143.9638263935828
-1082.1796005050649
-383.02090553594513
131.343741232138
-220.59477456967116
82.69870409409478
-97.74264221165777
-29181.734615447633
-19252.57080936709
12585.894996976329
68729.53243071704
215516.29967051535
-12699.959503751634
-428.42873875044296
3372.648771868238
-3581.485604964483
-3485.006607170785
4294.965215055695
3171.9922823762504
17801.573952044528
-55913.37166911389
-6270.407909555671
22284.784638923415
13421.207045974998
-1988.5812462144024
-165.51838456223905
25480.12285458141
-17762.091458990093
742.7996542411681
168.44789537315455
4115.933718373018
1565.2511261164987
7228.561626760745
-3799.3353461220913
5827.436397058137
-21250.559204446054
19119.84138831967
814.036667012302
-1987.1125090626422
-673.9820253788338
1490.461959953145
-316.72560431041023
39.85689619014105
709.7542020469513
-2104.1746749422036
1488.1390787378443
341.8043199461255
-5678.3864882702555
-617.7408269474122
815.7017381279956
243.06352787836292
-505.3000794529655
618.7757396616415
159.20231914401143
1318.8022936170664
352.1344182297477
477.7939068389369
-12.919317498386757
1596.7999501717295
282.4182340130193
141.9505243047902
-1204.7381681634035
1305.3504384919008
-364.9403690559345
433.6218057963688
-1628.2634267431702
2515.8157145207674
-18657.388496905904
-14436.038150355658
-248.61471260094595
-20332.67333797999
0.2786956601654438
-3038.868727702436
21819.38619846484
69.74117848063877
-54814.42330006673
44430.30046628791
-10951.164559250074
16878.032928574754
-28500.213548961114
-3582.0951796110085
1928.0019824759854
94.99120631983037
-1046.9206016898572
-875.1519343078917
-17303.71930561335
-9893.715005592228
-84.91744172706322
4650.654373839523
-5570.059428687304
-10287.907578904234
-3901.9257800524724
-1201.5021233910097
356.84846054551036
23734.225789898348
-21611.605482668023
7833.545344696954
-7.327881546976548
1.4331221124681004
3.4560364503484235
8.025852098382641
2.4556144848377097
-15.395754380602586
8.048529792532676
2.2268176985878325
5.923469986572519
-19.06862395637475
-7.174879491207023
2.6243049082289263
4.441241501490288
8.328557968013929
-12.873318021110721
-0.019040261921379715
1.5491433694422325
6.333214081060816
-8.029438978385258
2.560302353037301
8.805363064059343
-1.3405584661527759
18.77945709565251
888.5097200452745
5.9332802829426
0.17036297133875156
19.845455072376303
1.4256269653741256
-10.324028154558285
-184.59092676721255
5441.447107323716
-39835.28006201816
-21304.013836721864
-6950.464821749183
-81393.93222163788
-2394.878012315593
-6387.9416659460585
6537.897118722132
46855.14582673361
-5124.123213367779
5434.532797949271
-320.7929218444379
1870.1846162102918
223.59886887848657
34872.7964697111
-60840.055790532635
-16575.851294834698
3445.3928741932273
1104.7186949335717
-5915.642648086229
4164.345609089571
5838.554763255566
-27340.083524025362
24351.505912564957
-16103.255814831165
3410.2462958905635
6340.7878637402055
3007.4793230343007
-10942.470018389591
2258.2140704068233
4119.733378498253
-2220.145873296663
13503.450476668568
2646.7188132758824
-4137.394318153657
7525.148535159929
-2164.189190810249
-4847.958802803717
-7426.476030250195
-9986.312516147076
6044.395276220303
-2025.9641004732391
-1289.3042681189606
-356.37936676452773
-3705.0450786941133
-9431.0868065158
4960.833418089894
-33.685858182983885
-1044.8434352261133
4377.220235314425
-12223.79936442117
-27490.159474752087
31767.62427444277
13794.17445431008
-12031.981160676629
-1761.9562826424171
8354.359747298264
-13466.101810856435
914.7514204876006
-412.7165155583578
-54833.28128102114
-23.905732581902353
-2061.776526309309
-81188.89867389847
35181.93291491926
-6775.222536964881
6318.175429453911
13003.12943548981
-161797.63446608454
-10773.71743256811
52900.75916882986
8112.405932656998
52360.548978827544
430.71343882838045
-6050.837384641026
140517.85899247433
11893.089649558111
-628.9319731755909
54756.06138798475
22007.467672080315
-50554.124342353636
-126891.00273577511
3.824020631246162
621.4995231756386
30427.919002336537
2158.6120266917023
4438.141254116248
366.65107900748666
747.8128333386624
-2042.5828659860638
-116.6792666626195
554.8043255153216
-767.9554708274105
-26.335460063792134
-25637.018407261818
4459.413355408997
27974.18265352997
11706.369631305293
24688.829618997737
-4071.356472377059
-438.58485498281243
-1466.9860968514377
1749.7818583239787
-42847.9958667966
296.56082411461193
858.4638913833653
-199.39963574079988
53.554826496171096
12.222536122910434
-56.37136554764777
-1.1401247509608503
-25.769888124439728
-539.3982187823531
-196.27350419647294
-1.5516184463256686
1917.1514005261117
4010.6233803907903
-16.124394631851295
-436.84951300589984
-1195.1335194799112
7559.04152700882
-2252.9967169252286
-14703.52250212584
-4968.921385115067
138434.523885333
-35742.85158596853
38202.9161305737
-65322.896805039396
-17718.97194085307
52839.51494481128
-978.7225050877117
33894.837603525404
15805.563285807657
-4381.890578241929
-7020.691365230372
-85136.51681987073
43283.03341813441
8303.09588102005
-27740.89387493826
-1345.9808050413542
-45082.8162267926
40210.68230406017
-816.2804411166569
-2547.3051191338895
-1075.5297594201286
188.82464212711264
-840.177175231891
2328.2636252712036
568.862092813718
1848.367196626638
11292.969957417972
39129.300560827665
-20276.273584546347
11765.498999067151
-1993.1992256370588
-9064.177511190197
-15585.36337928515
16229.984347761398
1307.8377282475503
-5517.969110254828
141467.4447815956
12105.601834586296
5153.771807074272
-23089.3167418985
-94406.6785146635
37066.62879720974
18205.49261038803
-8486.1430802363
-448.9307532136208
289.71547888119386
-1148.7413783742372
106.67130918821859
94.67502710646394
2976.056277128146
186.36494712297798
-2326.7045129451853
1053.508415376517
-145.07374424785908
2746.3028716357494
-9009.222639314308
2564.660520220821
-368.79676910528644
-6387.0853782477325
-10432.62654721599
-8136.076397850421
-976.5266564772555
7322.331694459475
-4486.0878406455195
-209.49890274459045
3880.9021160059324
12915.092995204624
1107.9754096642946
-682.1342174042256
-7847.603314862172
6743.085378503593
-689.4178095876867
-6192.684461692962
-3364.4490250249614
65.66685961906998
-8952.763264344447
9936.766648270857
-3472.5696855676993
1464.8761579950315
4740.818470645453
-1863.8664564965006
-349.67691488555226
-12.43591617279372
-255.6728129093896
1540.360734277341
-3166.9818111249
36376.70926796225
-169.42006731208286
46115.21477951071
-16978.56897271229
-45512.84955392841
152745.4212348744
-76457.61986653473
-91667.77771510281
16164.166205772037
-41158.25072127627
228376.20857978685
-8840.02434631306
72446.83762551761
-151106.94452165367
-258177.66725362808
108479.99671786976
2467.0587152622043
11591.08205910944
-3684.2732206704677
6497.339086241399
54098.15952338668
-1793.775098759663
-20428.091706729974
344.1173814065297
-51116.07404801974
-27008.357544219132
3195.54570921464
-51026.68059281119
-24417.739838666694
-1139.338841266146
40591.17529927924
-22546.709589310598
33749.25772675345
117861.07601569503
13641.555864908953
-1332.2786750193436
-55220.696912016414
-16280.545377694865
-6838.907889360827
52558.44248973905
-11885.5632927435
-6190.189676336465
1340.5856580799568
75858.01376737056
-6594.810043297434
-83145.76965885448
223326.591747671
-3612.30110892205
3130.961567346515
1474.9257434043425
-4207.560903123673
2.2251330109034715
-709.2311863977268
-13588.104066192418
7071.8214439372805
13606.667543929778
3371.7339410248733
-1084.9082212111734
-15147.386934967977
-2150.3169712098893
-367.26092292650617
1148.5615456669261
2044.377175841667
40.15150224945612
90.07627539029085
-1403.6252135998625
2436.4437908405835
-487.06459286938383
-400.8568039827435
-4893.6501757514925
6657.915028542628
615.8358018624634
303.7629745195971
-18480.258406018052
3552.375944324369
-449.3431395018978
-446.3395322942533
-2282.0456392049905
4396.13579237214
-3378.145699771929
-837.504418292645
-3614.867903358514
3358.66072378368
3341.9569415778574
3053.2459966787032
622.4195784375482
1533.218961947721
844.8992848658327
-287.08974006692944
10800.724066915032
4967.694205590938
-349.8060475295954
-7744.684152203841
325.3009831595974
194.94129635280527
36882.373585514375
-2308.2097245436353
451.0846809039002
779.4778598084258
-1624.2276711471477
2910.635075048189
23.264034316823928
2.0666435381908235
1.9756055079065966
-1314.2850218890624
4616.710321094467
-10363.655103743655
884.2578717738555
5378.704520359823
-0.5013503251295569
17814.924180542435
12115.427010589829
-72.23510420242252
-866.4773163039124
-2605.1965010093973
-29070.010195917268
3415.3924784076135
5345.459828527797
-2865.53185782717
779.4210055957743
-1931.217131724564
23353.260838569462
-4190.557752194233
-3004.3453506959454
12128.267742675382
-917.2152061366534
-2173.6587961170444
7968.714257482611
130115.62254573534
5207.927185894557
1373.7708037144323
37330.18755599702
410.98030330031304
3077.7984399454367
72409.81039793149
-86046.02281464134
-336.6979030092449
-7325.660012690655
-12486.228326929733
5460.0742657457195
29545.845999485642
7438.053410899857
-534.5840328461505
450.04804947301204
25742.37130986082
5662.130422423205
-1114.956419310689
-7268.394236670189
-594.8726701036633
-5032.978887796595
920.1890442295418
-5572.658091504664
-12429.97060462694
4014.831706532589
1519.810540247848
11455.551812440892
-1441.4783176184308
962.3530213300535
1773.7442404495034
-40714.34984279962
554.8897360807757
-332.8216786640666
155.88491748136283
-1704.077896738542
467.8293876957786
24828.886322881688
-9132.773640201764
-26496.39848561746
-116641.43531271131
6938.856447633693
15821.131595490479
21866.278237818588
-18446.252307236362
22978.22614188069
-78675.97812445926
14569.94660889668
-7500.2696620764345
43070.75154449419
4585.503131211388
-2510.5360989157666
2.1097664913969334
