-6113.386494133301
-2246.126910352428
12798.259387617318
-16494.787264814484
2836.2065241827495
23881.72838873816
-3823.6118143811696
-17078.8647564246
-24639.81644051037
24323.595195795217
43831.52860905674
9115.980520553258
-3873.3911970616955
-7946.465681289159
30502.5110067988
-5218.802106613622
-23765.64421149015
-16117.959961635795
-22836.46386848871
25562.467004174046
-10854.320599729464
15826.382794056582
-8290.946440285828
-9692.300131547265
13176.38499513022
-25506.032102016623
6410.523579231121
-56636.833686055914
-33177.73154607477
1742.3913245825445
-93655.8079905175
15418.284749400911
212469.48005403747
-110559.95062185501
34856.266134516816
165276.36193903387
31016.747742943582
36300.91205061742
-31556.296540943746
68914.65224630861
-14537.727246432914
182759.13318193698
-95983.0704370255
-151414.27141494732
-459.3060771045455
-16028.080804934416
-9414.893458555469
-35915.23116730554
-45561.60911763832
8467.446012773424
2814.7396500819677
-183035.08305856833
-126503.07091186517
-49132.52746996323
61208.82618412207
-14688.81430638547
-36106.63216504858
32714.710373376623
-59711.36520648652
15259.43697508385
982.7726402421654
-8793.356861262833
-14863.18364877488
-543.8258011062724
-109546.3057719405
-1013.8238740116329
-171945.41067324128
-28704.819183577456
1.2205161807911993
121297.5721762311
253272.75767771364
18538.04504813295
138100.87188277423
24336.801028955386
87472.795843143
49334.69908153055
-38115.000174067936
-184.0290793907166
-15957.93695664724
40299.92309081837
20529.201029077893
58073.14395145172
-12903.181024183436
-5466.996027101461
-45874.606030437106
17917.448563394082
-71399.12754714905
45359.14221946411
29557.0007314008
24346.364941751126
-1768.684587258762
20590.425057824963
3088.935810944553
1971.4207375550936
6361.125889281012
-7786.426378097152
1082.2242248680989
3670.7129839056884
-6715.3640731733685
-24926.028434038526
2417.857625858789
6928.912165297596
-299.0021963733797
2667.7991421181673
10184.13223451588
-18881.171394878056
-3586.7389769737015
40047.722526940255
39305.915798308066
-12667.909457906208
-82498.71999389282
66379.38570746807
-12679.931790505603
-91033.25294777885
-36261.05545958662
37925.60523087477
138097.4800039725
4513.0363959753395
-17313.12416003569
-1660.9791665248515
-2887.282175496575
-635.3395909724387
2053.4847579084058
5729.212770501143
274.34771862652957
-15563.572874524581
20018.477091381017
-15281.843509548258
-19048.12563058453
37494.03773148923
5975.381923255908
-3488.509771669007
12368.219743368405
-57434.59373981621
-38947.90411742791
307911.53292338527
-9904.979632922556
-3888.316332085553
48625.42264187739
-143530.88043093018
-27882.27269460065
-92261.93553982713
115805.70599398183
25186.699595201346
37366.093630288764
6900.079974226347
-73174.90589865253
-7531.2626810469255
-868.8881574922274
-7474.172437922801
-20810.39722043389
-158440.86897592188
101656.79239330173
172825.7093021313
-278282.41365879006
-13281.264217690157
29245.15037381808
13382.68575550635
173759.27560353358
-103623.14217085815
51823.06813477138
-3430.253612600181
23027.902864691016
-39786.09637777544
25916.559803900047
-62200.09502581871
-121064.9573053383
-57906.46567757226
15984.462530039196
74409.71857341148
6097.65408488333
1917.320283041197
88328.05861843225
390304.8683179471
-1203.2825870630043
-309455.4179697033
24027.028064884697
3250.742324856222
-136082.15637559837
58967.347423540814
-61883.78914394003
-121568.82803079183
-79956.04000976458
1446.3942270540736
-148193.5533930906
76476.27235291278
55878.47816234001
302009.6133377382
-45227.271363385844
13604.866711544852
-104402.13475903822
-100621.88845972775
50974.032950700566
-162363.5861129697
182579.1187117225
716.3801079718977
-3065.8596149383875
26603.697474798788
-355582.9429833086
-60784.57802840919
94800.90638564342
-489.86410777426994
23935.688868380003
23707.63986966822
-72635.86967344196
-35495.93639468338
-79019.75964411866
87577.43630474266
42583.047239619635
1339.6960698948496
-4094.104229186143
4069.6990393454757
487.4352920808244
-6431.254026133282
-473.2804041276338
5521.742326661785
-495.92688901558387
733.0264667274517
-1127.6561073494202
587.5883604178658
-389.6468070987644
-264.9469973376277
309.6531764473668
-407.95701012453935
316.89311818040755
-1091.29395663701
399.52414093552244
-357.2353140965109
3306.539449171913
-799.106796454599
-4411.395872256688
-665.2153007734513
-3318.341017226075
-1350.7601219260707
-161.8033781391147
7636.994786716218
11759.022597642812
1875.271758881524
-1861.777712570532
2083.803593388429
5149.009466025359
-6209.806368756084
30914.877238780224
6114.1279766657635
-1715.2522796283595
-50176.97042985071
-16126.51958561483
1498.174031744733
-35419.785856243296
104523.8061490549
-57507.67343515279
56416.09738384928
3297.7604435985577
-7820.75653380412
-53753.44259065712
102709.47107975696
382078.1725413838
-21845.355646678865
-557456.8355624164
-263287.5975392728
36331.344446514966
-130933.12468816446
9393.434133777604
56061.660504440384
181994.98511485252
-473.90603111017066
-31472.3771652174
-60065.623488959354
122842.26332336693
-27251.98900173099
807.6568009219285
337.65505444922246
298.1599563655473
-33893.840961412796
-207745.27933213944
-3112.7503129056327
-1178.3938966025785
575.335384766138
95315.66604134197
389.90059812954087
-11813.823504278309
-46633.79130893836
138404.17993022062
4765.023849986064
-55845.01086342723
46661.548130160656
130611.20321704597
-2760.4101681885822
-6593.898651082412
12144.315416973774
-1519.2068805395324
1025.139059086282
-157.36546596006036
1314.879822252344
-962.277475398162
10689.344182850484
1199.9845843983214
-2211.57559635867
2354.0200360941535
767.8628092884799
4778.855885799937
-19388.503306573395
2534.974791784524
-14894.736272639495
-28556.688156479442
-6999.0856615112225
-17130.713439856918
-6661.080259972688
2715.183964855449
-1807.8775749922058
7372.633193607944
149.38619920694828
-0.7119004063460963
-1.836031183604694
84.41483475977088
-237.48861015691807
-634.0261640403742
25602.42872384199
444.4099351336101
-0.95363623206179
-1.7217774673511208
0.29273690386034873
3482.461822937688
187.870440419189
586.2611190428818
0.11408889748620374
0.30052457492828993
228095.5596813172
-60991.92633029395
943.041088040898
669.789101015273
14191.006920191865
-72211.7390848781
-1894.3209844857752
-11699.83831311441
38681.8627828778
10468.505938336122
-30380.06618174023
-102548.58862123243
74866.49062506444
957.0091986786377
-93624.83505155127
233046.22777616399
-11002.06009350926
-17830.648779370975
34425.390737782
6854.617869676418
-15224.452260375554
57242.736380314556
-48812.3691529189
-33973.95477191483
141183.56922397166
-86606.54521174858
19359.929960608955
120394.81609396191
-285.60185746508307
11218.63255439774
-46031.93557988792
8713.900192932979
-8403.586653476792
-30064.900658245
-400101.1159644986
-89.7420408626604
-171.54791439030367
0.08853425946804229
78718.8464291838
-57137.0049853816
-55794.36194789202
139325.37733783913
-9171.107524288502
10774.992447448105
42925.831036228505
-26146.341899752442
1825.282106640732
-197042.28745282645
-173908.68928210586
-10105.034415303087
3563.7142493224674
164533.1830187893
-47186.27706785009
-3533.5538667897304
518.3603767339066
-6835.745942218526
98536.48568707112
36542.314942093006
-1.8936674683102108
2705.7454115314836
87718.96977487393
-3956.808340990842
1.3672155138737339
375.88342992712245
502.62068984593566
3785.522837464174
-742.210938397625
-117.63612929632849
-2851.9595623224914
-10598.42286083401
-14867.01944389688
-146.77848834597205
1201.15174543818
4994.944065784786
-9718.067525598839
5883.88509474889
12884.420328237951
-1299.9309966106578
-6539.676730932224
4524.087278492355
1580.4840904334005
-979.5161427142768
-4494.052942886365
2671.605914335012
9600.319291911088
241630.44983936643
-9310.99319727636
1723.5558670076703
-40.48884103160015
-2564.443530909063
8824.030773123104
-308.6478236700576
-450.39710748297443
-59.36141487248677
-14.787601764171367
-4237.994219421641
-347.01521807693223
2715.5240950279685
-1454.4047132022288
-6953.451201533519
-5715.55600684019
-272.02718098544653
5436.353017671796
641.3747017174932
2330.66936440846
-2986.0599830184497
526.1813678036273
-360.86485180060725
-1123.347431021689
313.31847573376575
-3632.2064735516656
147.59960867046325
364.98380641114557
-1162.5050590778487
250.08656102952523
206.72479187157262
2182.9580485372935
1198.6964420797328
236.0523627051821
-12.013026037515191
-37.75302527514486
-282.4577779965432
261.6679656699572
68401.81235785066
-76733.30852452814
-106247.20138370314
96957.902031075
-2120.4439659555146
-1981.753654443654
14772.275031274183
-14471.529864615697
-14560.987621035418
1702.8226255099296
-4654.8470026243485
-982.8592375182146
-7021.9137291148445
-15810.980226096097
25017.28757177976
-10974.164203722665
23342.462935659685
-5567.260508661781
2972.4886468818795
-16942.07870032849
35041.06200964278
-437.0158296923192
-1390.4635772262022
3217.3974137178093
728.8248726162735
2613.627838009354
-3342.4839141112698
2059.8599297846613
-7100.092530560504
6518.336005609174
-1322.0371514216436
4192.42689153138
1331.4935513974322
-2814.1667101800085
-1173.7729594283282
783.6680947113227
-1137.2099264325639
3234.8565524647634
-1383.2741900836825
-1227.0732845285083
7110.606819173841
735.779216838839
-171.97349487398762
-1689.5702779043743
2304.60898071232
4143.697988860183
-151.1363024745808
-3255.436519859052
-579.1721669408039
43.54298776615488
366.0530000146368
-4506.182000539566
-1067.1034236423297
-5190.684812566451
1973.206296930297
3315.886646052525
-3793.768539155563
-1068.3652312767824
2408.963599093858
-1787.7792872977209
128466.99061273293
-182536.52831218505
390.5848698564936
-5805.789892080979
1.13671306176972
-4571.435333477648
19836.843107515513
451.01740672942674
112022.97316032836
-52317.27002722207
-29379.823744453446
5932.254635794531
106992.63896574978
-12339.137461870543
-8323.57062299893
-54.15673385761918
-26575.33562246313
-469.51162183522496
45738.034495438056
12025.524181575625
3104.1498691106017
-29876.078351373326
-13515.430950053322
-4707.181751430802
21184.917640445663
13864.617994805907
14537.473589014944
79890.8533032098
26422.478346518874
2566.789937620514
0.08699525482104589
-1.331259122267374
-1.5689387690414542
-3.4001400393154597
-0.9483907226852164
-2.3216694522541927
-4.598472991738531
5.440473825323785
-1.1513589303079987
12.966231374535901
-6.168502483279105
-1.9334412597262318
-7.123629545953705
11.87003598568892
2.5995640561543647
0.37992211753112015
-0.6299136576425771
-4.450384079799048
5.167594058370419
-0.26295100369216523
-2.500563594926531
-2.7223134020163435
9.570908204121423
-2054.2389289789717
-1.7670370939035474
0.3056935324687596
130.7579569226167
-0.7622242700976537
-48.58931653787902
175.23774163209865
5787.460615938075
-35729.919913924256
-135761.51148841702
20670.8465331497
-88352.57492205802
28325.232768194597
32387.948892735232
-19716.298315694577
160927.15928932728
98519.8672410264
3836.4736524123896
-4850.508753204098
-6736.660979424401
228.42287042912665
80167.96047444259
95388.67247649228
-38688.55242551317
-2281.8004240723453
17795.96921636739
-1662.4593479628456
21295.06187514733
-5014.105877103532
-29495.982480044768
6769.05719112636
-29816.647720209483
52200.29051118701
5001.76872937384
-444.52973960657675
-1689.4561730634089
77786.45813727606
-7983.600486664001
12710.47535533406
-45154.86439541055
-2040.7424494447143
17639.794718828678
-6667.956568155206
-32565.165238425085
8801.750653327734
26787.86722038147
3910.322688628518
6603.563671391753
-4855.623976222151
-1387.9720943056905
-915.5235420671437
2652.6911477133744
6321.218653193226
7580.157318294014
19287.116601119378
-566.3621687527516
11378.211566433942
25671.845588893822
-51231.24300485762
48191.21296604853
-7923.299605034986
-85472.59292960816
-8224.601865456445
-20817.566398420448
3844.4687519490217
4315.317616778213
-1024.1320224778763
169609.44899638786
-36.1617621538464
3556.1978329872727
206083.19696864786
-148240.40593283973
17880.512379582546
-8184.209284215632
-8699.762837646895
531699.4201190235
-20088.331902659884
89739.45003902502
-17595.909862611777
-69708.36449299805
192.2786642674662
-11108.399100633469
-194694.96059917044
-17821.030311569924
1466.8133663769377
17758.639029708665
179426.17052964683
75172.77844454258
174230.9960539551
-0.8033358473802463
-56.66057048384718
11903.617589840222
977.1719545127661
20825.091503441497
-632.4127558337071
-179.1397739914974
5508.2326010690485
-2866.916802558172
-239.13691735441213
1140.9040952992207
71.90797772207002
-37758.71489936273
-3118.4091626890286
41209.542261305345
-26917.991700025214
74653.42205011878
-6313.089808340882
31.46073189893105
4666.422994139285
705.976610065052
-38657.46879685303
-880.7082090353495
-1798.268312909504
1067.9077602443956
-194.35431515738938
-5.423133612270825
985.0841736026955
0.2128156680825796
85.24007988743264
4895.160707263196
-444.05381713489163
10.653602824020753
-3695.4053271471116
5158.567034174605
4.051664828092099
-31471.01677088593
3515.7624633235623
6130.470968060179
5260.724490832843
-103085.88815376186
-18891.676927056884
68535.86141986307
33770.795848129026
16829.96462771511
11638.053514991618
46907.871765105505
3096.7589725355056
5026.473856259426
27944.722410867053
27917.08888972523
504.5031715632031
-39134.161287972
-3225.7975517578357
48724.37054751336
5677.481224879173
1160.7071594340412
6824.595668524588
-34357.20339857215
-5260.430055677929
-578.3278923726944
137.53373617998082
485.0061577285256
-4122.861136185992
3873.694950682108
-9902.284481950863
-643.5956516279944
7577.744895450154
120.81878376217134
-70448.699789013
-2053.3274609872055
-10774.28667914038
8218.455049599484
14269.887598432886
10302.025465052418
-37906.648038665204
-8093.318770643663
-14503.419777711384
55664.40247130918
-10378.180558889922
-1803.3501749722648
59543.04744140179
130005.6573827724
-50565.45434502258
-7744.398229117046
13821.05735617653
3730.816263374232
278.5461412041184
3713.542415653551
-1288.8808141329146
-197.85988139760255
-7337.7734245639485
229.22807190680933
10103.95833273298
-15673.756816154266
-5559.873250223568
9920.02840490964
2956.353000554173
-2802.7616226588766
-1712.944678305802
21729.774998727222
-3913.4674973142373
70596.86009583244
-2185.079943476842
-12540.542434895791
1185.4760236812908
3003.410629175858
909.86789205359
-5481.778784874086
-53482.43808296678
755.0291896735486
22882.124003771023
-19202.33118363715
5636.017142329852
8427.51559182688
-303.71560892204513
278.00099248911334
6802.5128758652945
4523.833947610487
1136.8669779909044
-3911.613211607683
-34937.88160820068
11261.708687139137
-1079.684392591585
-53.790821967398074
3565.9672656326197
-7765.876850205485
-7406.052687604542
-4510.634503021928
-10538.565555524634
-75472.48086955135
-54004.736211997835
94948.06529394309
8357.857281203624
-363964.4425519692
-136750.3675415558
229629.44155270935
220295.42544774452
134967.2767084291
351189.5680014378
41922.974119839746
3712.2446594481116
104219.3942392528
17454.69620924945
-49620.31017166933
27538.382670248404
-8454.03236538081
-88040.6886257082
-335075.66740556713
9573.355537836764
-56289.18721511646
-7547.761583379823
7702.207118851818
-27508.8783940734
1934.3954531406348
-6073.462625444481
59221.71383257231
43453.6772779932
26566.37536498253
-5397.157548744457
-440.42968384352076
-67935.76030803396
-1459.0316356182257
-1692.5040636602012
8625.674035115859
46812.99352996083
-413.2538142141465
32653.924671724842
-19836.109182425553
-5782.461861975843
13179.497833978652
-82999.42340237764
1440.8407498456693
-61014.03416095276
-135903.11447790146
7644.170470000423
3288.0663660962196
-10440.356941977478
8335.23156454113
1.529170794047752
859.3869099078314
-55056.81588388256
9824.970052239194
-12799.745158223433
-4532.297450551697
-4116.876635118439
16321.849360624583
1980.3622690291759
-1103.3079306008751
24.445176423766743
-1675.1025986160403
-26.65479786184312
5585.768557545849
-2659.677991250289
6388.4829593853365
1635.724362930688
339.5785000175169
5819.067842815706
-10241.33336801229
-1791.0721964050417
573.9968811679466
23438.97088629517
-1984.8659920394173
-15.623975473655037
96.87929572189374
1475.8927448589645
-2912.9262579886527
853.1486491235281
-356.3256171504769
-1387.488380882143
2992.4364700677515
-335.63915508219077
1767.5870074890668
6766.499172252354
-9551.199561410724
589.8827719566111
-1110.2013850723024
-18941.91520304953
-1935.422005108612
2863.9091116185796
16912.206240637337
-149.65855044674748
658.7762534892818
-1442.207171709023
-970.9259903951819
2178.171884734787
277.38034144603967
3448.5228158425007
-3561.9690060778235
16.62718043981782
-1.3933604143095808
-1.2828335944832707
-1660.2973611864022
-58530.80977344704
-14469.090250577628
7239.154102752758
17250.74489039422
0.39968963587476053
12647.44976294602
33718.90842985428
-611.0722899495579
49632.74169078958
-200.96628473226784
-10142.787375296288
-6234.465732329753
-10852.002451114045
-80151.54890021698
-2364.071172269534
-53727.26894189952
143887.74136029533
2927.703631875977
5668.849532821448
113774.87557298823
2044.6172022354017
70065.93283863955
12006.271900476135
976526.369460134
-22785.63864299548
5862.918473462191
299717.9161848272
3439.1123404208333
686.6664388407294
-182389.65191506597
566805.5094276617
784.4942838552421
-3697.5237121620216
-8282.631973451207
28632.664869089145
340728.41117165866
12463.051932211683
-1122.2047063829825
3844.1609944441043
54861.63026827142
-23616.275253303535
-3697.956848642935
-7143.872012733426
-2370.8332311432705
44597.89145816377
-97823.11509322417
42150.449306893745
946.6138934031854
-3367.832398477594
7965.314923295021
-22219.40863610591
6874.266154272475
-1350.4434706091072
14196.02412121195
134329.5125550295
-4695.517829049755
1620.5984102130692
700.25649510767
-10428.296605565345
6920.633470045223
279916.3733414072
11167.396561293319
21644.869667031307
698788.5879513567
-12629.976734376507
-8495.439385607311
-71525.43928548966
15990.360502064239
19890.45819893415
28145.739301063226
8833.40688905976
34412.581685531295
48640.87930031132
-8788.849858418627
-26716.822572116613
-3.115892166964487
