48516.78390373444
7118.828872548685
39675.25112270974
102441.94707508317
-130554.86802676841
-319713.496747887
33282.21532891496
-189482.65314961865
90520.82240271788
566071.424131328
-746517.6838154088
-63827.81201549781
27988.69815927704
-275684.20836675185
-1033840.8775611703
318092.0646287063
574383.2256972654
-1105912.8358302484
-404961.76194985234
504929.29710448504
1712432.1256217784
130940.94064498704
486172.1688691829
-26686.56611518364
204770.30771345974
93506.81736046882
-521878.69295002316
237054.0647145149
2007.875460832611
247769.8443369193
344003.00639041135
-37241.74416385985
-1559.9727673058337
-1376.7388395849582
9853.567442353755
-26921.765409761643
12086.986333044895
11319.535591270864
-6128.1403277309655
11506.583777878179
-8551.13107407952
14468.711022847276
82541.61058135946
-452.7530356620174
5131.996748640505
651.0060479196568
6073.5147314007645
-39369.167002250695
-12808.53647943316
-10663.13522859465
-3760.632942620014
-23039.460831879773
-17597.711926787688
21436.760594055806
35755.324832624676
11799.083235581405
10982.831346007071
-31351.6312368887
-26380.085609316004
-1115.9082420996403
-1425.4947300220595
-3185.131395881424
-2375.6058171851028
-5777.57518117375
2597.5738757026083
264.7461940956627
-6510.282959331028
8042.634982085106
-8.054335229137223
-8482.701750642476
48643.39082888175
14745.735048235727
13434.599285656943
-4727.9994713245005
-32863.283610747116
21809.245615570824
11968.796766377616
421.69735147813566
2621.0152139758006
1910.4838646862238
11801.490677873024
30070.49826847824
6166.6976531421515
-8182.800574412242
-3614.119190395116
-2010.7854917451248
-2326.9865851733502
-6569.125092247854
-9209.927832173473
-19739.537401581463
-114601.6325251714
-11771.868200991083
30555.528348177315
47182.54596743874
-74325.70494014905
-7565.444356981123
-78875.00205610268
-29817.115745575524
74618.497824286
-46200.162874044
65719.8477196985
-13069.476984300536
139336.1097392339
-193178.4724037918
-7860.029333817217
322422.0481159385
-195064.275025679
158427.14845783467
593361.6531433164
-238882.81689324448
-442208.866630753
200344.82019060286
-84614.44487691172
-71272.42661348813
157271.0198659025
329534.3417033798
-229249.77898980168
-10589.783707710041
-17758.64607440155
-14337.238071700383
-6867.012436395318
17629.526352093264
-3971.1027438607293
20885.887468549612
172736.50971073916
22704.95465166815
-85944.5869917915
-10530.835310522305
26721.765782033577
463224.65673414775
-151669.14353213442
90761.72282192817
-192462.30878880882
-1654039.9737439482
-622612.4810517802
1558721.736190705
-1639872.6226899687
74291.06169869327
-499569.2836999167
994042.063986316
836942.2551789746
213501.1838507832
-1379285.128844257
-75927.34318820281
-45320.49682087672
-98451.3634782939
144790.7669391855
33248.74400003556
14792.5103766764
259199.91266248448
591035.5772644687
4818286.444249644
1729665.5561358691
1278789.0297191504
315647.3217961787
-224351.8866565344
-526863.113308126
-169561.44881530368
-346716.1659809029
809128.1006135952
-30822.920238621904
-65666.39711460138
-40716.27686751652
235872.37779175228
-17555.973391292773
104327.11697799001
111641.54376013292
499389.1951830482
-785618.4873846768
30534.217450782144
-117786.72457304475
3370.275207109882
-208440.53382254622
-814490.2879567451
133040.65583343577
194138.51689041182
-15886.136835607975
-223808.3467648687
111470.33739478937
-1855455.365063561
-37751.657194572574
117498.48189613162
-353446.47714441916
-2213.3352265564786
-255830.0043659257
-173072.0710284022
-227968.81094651573
252951.74306198081
-224313.40387267814
1185908.0604528016
202600.11765449788
737534.181589542
43504.07026896272
-577110.9783044592
-74451.73210927761
-3757.7676659019503
-2838.8744214461144
-68790.73141816311
35038.181567119675
197654.4070246472
209123.8214696709
7526.705782539412
-20024.711335582884
117287.07985672879
-162939.0964392537
-51471.13151938201
227798.85017449432
-362323.8022151526
-8339.096685156235
1584.1649923940863
-217.55008077521072
27136.885299087993
-893.2452524672899
34846.30927717307
2337.154733360737
-15280.823970198211
-18152.031110251333
-10814.398306721629
8374.030962095198
4748.041481335795
987.9006820825792
-2040.624278901199
-70.28140823502832
554.5832406172792
-5350.307782209747
-4026.4529426622835
3830.883791236954
9615.524754082193
1747.3465965798239
-6956.255134659469
6393.45890508347
-18779.7894280948
-8257.093877465184
8924.618521193996
5703.071514186917
17363.331525158857
-11617.147374619748
2118.6524017397196
2370.9939250985026
3053.9916948640907
-156287.85940683805
-27167.535046726425
915872.3271164212
140354.0941481316
80774.5725881993
-328856.66483907984
517370.0789669957
8102.787189010251
124623.47887135227
-187622.23096424105
79323.8913254559
233741.99270668125
749086.5446209817
-460983.5420713949
-2457826.0370993544
1463729.6405969579
-674571.1306327281
27498.172044277886
66286.08887402517
3640821.894918038
-42072.38451558843
-673918.2457963487
135386.12018615048
7854.657964421555
78546.4291610627
-70073.66500242268
-104946.14777537611
-28302.957193081853
-19792.26149807599
51349.337134826994
-12977.236911209458
-1379.9036537208926
-19503.970089084698
166282.6857629703
-6679550.542939233
2205.400098315774
2888.2775435212448
212651.40103857743
1319622.0790218876
37123.68766714316
62595.83480469847
3837003.202818684
8910263.183662262
-16536.757573710132
70950.91619922174
12989.576904770896
-62540.920006794775
65627.8270149432
-21756.615240438074
-113214.15054358757
34047.884950634936
13007.272376349489
-6411.159229981958
7924.428262439349
-8137.149452933677
202002.08880753515
36390.954600144534
-12995.346597935823
-35431.011736131775
-1211.870518053579
5403.08358057243
41723.21246118649
-45116.983520554415
32913.025902220026
-18669.248879114715
2599.817738531445
-983.0699580288602
106.97143440782814
36.30980817362424
234.35042892856896
171.94748328085183
-272.2642745508897
6.638026243388153
2.7234667206976537
22.375631673960534
41.19997962919592
1732.3755337949694
9759.631644903371
-1816.8498733265933
2.729719951267291
9.497398686066054
-1.9151268481068615
-3444.0923027500626
48.93336424490067
-356.9459899733947
-0.48452118152969403
4.687003678834943
173006.22456093947
-39930.64700194323
-2362.021830773543
-30367.089130519886
45485.74968599623
-44608.68254455356
-1082.5176695176112
-1861.9908370729324
59269.64859095724
-29957.64380202536
-3534.875402105325
137012.0439102966
-32637.200312131536
-122.67727441666061
377371.6395037656
145934.31952999346
-119533.67819976328
9100.767032803646
9384.610191930837
-1525.7997752424178
8298.361076212575
16349.441979337182
27808.197112343394
5316.781153796589
-72721.65888789934
70662.81364943585
-4551.65911219755
-201704.38546063908
1530.9383591757176
-1673.5005650745375
12523.192372151216
-1329.9166390997943
7208.942769730247
48815.20762809016
-1225.6642402806342
-3569.095207968971
-133.67396807023988
4.980987666265586
-8960.198523048182
144336.77810331451
31045.969441115558
-177930.72298969663
-3669.104477604392
52327.19189610742
9734.771393197736
30136.573556947358
8852.588191271207
-201354.2870511591
38499.85458213505
-5817.936708096424
1011.7977607075626
9819.447905870013
4679.432185183996
-7323.30858774657
61.48086634213262
-14864.475564170869
5294.097274419836
-14307.500307660193
2.604410241916205
584.3527553366981
23949.006775000864
1741.6740502243379
8.836098754273484
-753.4232499418865
-5687.819074611681
14495.220591622841
484.5176347413128
4643.960066369291
-3317.9029138942474
-2748.4951497428656
3938.1462836142023
-4.13026618544952
-1240.617002900378
-184.0881739163132
-10655.963990423215
3735.7574126448053
-1938.953519106292
4748.233276914907
-6592.445565707773
216.46096087359535
621.7317961260684
2493.038246337059
8221.724806346409
48.96510496635142
-760.546287973704
68640.68153035165
-2357.339181365868
65.53845159128721
27.41986213540193
6269.447066126948
-4431.58178336919
-398.3574358510402
166.9859864818633
185.39219853906627
-120.578567443751
-9.512579732675938
-259.72226268647927
-1545.9855249838822
2033.5860759266432
-1020.1094254992405
-82.30480496502202
1374.0713587319558
-64.41757374108835
-1992.2783515093092
206.88720484849614
125.51162492807428
-124.06271741358827
-6.961302266746256
38.49180797370437
81.78055992086226
-3786.9850344061024
190.63187081432085
-104.12103139569203
268.2133954061853
267.01710983155635
371.7686567449136
1613.1991455101017
302.5268554921925
176.2292742275592
67.02676553224111
331.47953054941706
-489.181670738001
82.49768709771165
-91363.49085139197
-28145.178153348716
38606.030666161365
-68346.92188156491
-169292.8169304052
1722.4885998870539
17829.21348102441
-4684.999562428439
-3392.0646513446027
40615.55608864726
-4323.963872377754
659.4031961228936
2705.247071785154
-6501.667283426966
-2859.369346658219
2136.137648712527
-5259.3429922177575
133.32571661590026
-108.75457838132299
-14501.61909862727
-10831.632169318556
389.45263142513005
436.0212126371901
-986.4817533509984
-49.434963427742744
-51.21930984088789
1361.437361301472
-4454.757955283862
1557.7676558786868
-3447.6539008946834
-7539.395189450502
-6870.895815369851
-1113.604352505269
9218.550674620894
12060.353204055824
-9984.121075199364
6568.3478313101705
880.2176189933804
2729.1127989879533
5821.084478045751
67026.72755100117
20277.294373593515
-21306.389398190146
7497.646753974404
23487.78944971612
22550.155213736325
-261.83571228033645
-46082.735218848255
-3601.696557452288
-13593.96156368957
-597.2104091612603
-26635.539446779185
200.47266447705675
-39608.30189057637
-10516.30439373816
-25428.032157908227
33523.18639249623
2258.237480029174
1742.420797149222
-2067.8862033442024
83656.6516108916
108886.79570445012
72.83817091450483
-5615.620648423374
6.931423644331859
152.9523231300554
-10414.13884226363
374.35679348486553
-29433.61896622957
-359.45000113940955
10488.118634304004
5998.141554505963
25310.978333738392
-2663.235068935203
2757.755154046457
8.348171952531974
6883.9001771744925
-551.9289112307182
-7511.642489350142
2049.557955096745
-811.0419578576009
4617.139286140828
2183.4927032956602
-15248.039079184675
-3228.0730253250367
-18521.498552921777
-1596.5667054570422
44177.7775045498
-18189.635695119116
288.8871023781472
-16.568637351463085
5.724923134165889
7.341605302429131
23.662922103058328
8.257215917639552
-37.31118358349559
26.557828730455043
16.87908879092565
24.932656598222533
-57.14740196571042
-29.11032824270064
10.169160747329919
0.5434270830022688
-0.6339646689775308
-2.701505077683262
5.424306815151241
6.4971756223585455
22.246459084050137
-32.76665050239307
6.5326406587158194
21.009811717801114
1.9333443039857883
24.454668223777123
-609.2265754942111
6.994067665312858
-3.520707295923031
-145.83714145125634
5.600173991927002
-29.50262160391649
6.850243311783293
370014.78505520965
342529.62666072295
765274.651122677
-66841.8785939523
1802650.0761919033
-22135.073177986742
473040.2372218002
-726492.2916330423
-2699074.455574831
-120968.77907152593
129498.2029052085
-61504.45463795639
4780.0035129356
32797.321891023705
-1828212.0554777537
-430734.1991121265
-277342.95180750126
58893.03354944415
350121.78357254574
-38713.051066008404
-102612.33784300434
92533.51264846057
216233.32188177737
-155290.41598294827
-38780.59081656475
-571532.5677759997
-13667.868141027377
107197.22463634133
-437435.5308665873
-463792.666893687
94983.84303080532
-127103.10356449554
123537.4839862495
11898.519433738013
-144126.34505564685
181746.14227739625
139558.4233230696
42114.52978930464
-537077.8184737355
-131391.35438466576
-421697.9193668455
304089.9010929407
-104921.32428299967
21737.25014533273
83509.17226550725
-167140.04005873593
-146865.00131617478
-101259.49039460537
20014.931584639737
-29335.14814722422
332374.4054458939
-373179.32337386895
488078.87104771246
252871.41681885612
1369427.269078166
-240877.4658385927
94608.24183679213
-66005.72400085091
144479.6951168577
9100.452980015914
-26866.52138329188
-12.349953760550376
-2844.190046260606
21534.093148719603
35776.47400312775
-3169.798527254012
4031.740806369842
-23678.111273464856
46253.006184688595
-41341.5628125974
-23123.39390072379
28607.074548577933
-12437.593221504765
-748.6818218052047
-1897.8230644520654
-63929.176833924874
-7132.3444699369165
-569.1425774586061
52328.19550562073
-58082.3258714631
-8054.958775122217
103134.786481987
12.622455876033426
273.68775933225584
370712.2700752108
3649.50530734354
4332.456092084544
2816.8174027847863
-459.56521218987285
11826.138940720073
27126.934707377848
-1.492531732847521
1062.8790438866229
74.01707720590079
1625.5011700816808
4110.996119609616
-10209.35245261073
12044.522242859623
-5797.520081344187
11065.968675547674
66.49847968383828
-2209.207666581289
-1026.4085561898264
-1167.793778720592
192.049560037888
1154.4652841880165
382.004927427024
-294.0864148639923
5.63557270090607
-1323.728487451505
7.247347992855317
50.787500314774405
1167.3980003179136
650.2626917700779
10.341006289940415
-1590.1835877805058
4422.392821977327
-12.285620216338163
-3089.861899210725
-578.7951890175727
-546306.2548089076
-11613.233036736667
53405.503710132485
155246.4142098657
-308068.00666713994
336034.85047989653
13072.637971104434
-29324.626470275824
-119895.13125592333
442546.3033624041
76780.06511273434
-330932.1085645387
-48841.43285075751
163918.65418377798
142715.69640855576
86715.79230913114
-163105.89431897804
-316239.187251812
-339154.1349287653
-33473.181937375986
47587.84939442954
38054.309430873465
-4754.427611225939
-7041.871860682404
3404.6636381305943
5772.012553712224
-3862.166019622322
34399.36071393878
-2517.024038825394
-17740.97330206788
-46707.5513145432
-453156.7409848609
-47565.13494076971
59685.55445171312
-4122.722212684532
-77362.2862395741
13563.521780980444
-213540.61267918613
-7078.182851419137
-33055.633616984225
-531076.3447306992
101156.17822657552
27017.220347497736
-122477.36992775735
972462.5422454926
42499.67202617533
-70228.61963464481
35045.59736548155
-760.2593780204561
312.314977044678
-1582.2929083603299
314.67349841730237
469.37584417511624
-305.7182911185407
702.527996095439
21983.736859643905
-2213.25825683828
-49896.64316497286
47566.33328111843
1430.0307057285281
21692.12584070274
-15596.593222122754
1821.0417227476153
-75339.61162223919
38879.45577049469
6989.492072420268
-14237.177171362857
12055.419039954824
-674.6745456428516
10781.95462356279
39824.72173473497
209120.37009970527
31288.0438715501
33319.15389947698
497.2631164977059
14708.612876445139
-16150.063155531678
24994.193068727705
74.33604994367433
-82515.59111863504
5593.3680006355735
-21661.163834013798
26018.051137954204
-9506.632796457016
-1406.0972190076143
-1250.6380861450025
-670.3061910280512
-5314.152066459252
2099.333054803475
-2174.7752549563884
289611.2160756859
-1798.4537805090092
-71785.76570615974
22295.623257585827
43540.197769434046
-55078.976366174684
-169155.03563008294
-128302.72747438942
-87132.35341642736
-465954.29239822127
-68031.0948339214
-136405.82055048598
-130304.98020301264
295071.2027098128
45139.50241670805
-67739.83086083757
268634.8367240312
-14660.791691167899
-10556.298675943688
-313116.28709642944
-148747.6345943895
7475.180084075231
1516543.900563547
39057.05201278416
906373.4810520738
-585512.1670619992
-86330.44785188259
69690.07594838973
228015.73512976637
-16488.803806972657
-76314.01142712442
-19737.69280046689
-3716.0395097144724
-56239.101556440786
12121.54689860742
3304.7880379860517
38124.94752446927
-2800.0561887782806
-639.0913922675179
-17848.79195031562
-5447.81092988384
761.728333694313
-3423.1473544295422
-5170.559256942399
3737.217719793754
112228.89129008436
-149266.08265209658
-2168.320840854853
4293.624192410342
364.5967130518529
-537.8396834213373
15.27210539648963
113.1584052470967
-4413.531173736871
-4203.722480114421
-2742.72450592527
-1016.2863192585257
4069.373972735557
1511.4477107872056
577.8964731156301
1168.4064757470144
-244.33709984785324
317.77254435094784
29.837418591497183
2155.888390686707
180.17141414125447
-1950.757466780697
-1774.512606299183
756.9055180671869
148.52380272370547
-2274.9579819081355
-65.1123908878266
-240.2671224277901
3123.2098787257723
1734.8437109978474
-2169.773928438266
333.47991374554493
-800.631626216563
313.91459911226247
-812.6148877039518
282.16394013371087
236.79714233557434
-2006.8459171192617
-2055.4949509225544
1446.0445019269853
3022.4205110651
-1241.3510728386048
2133.498337177593
365.5011423581824
697.5825878347508
-757.0027947091672
-306.75952153031255
2396.7578725848166
-48.29112394482753
-339.49298409399
-7886.175346898926
382.554853173196
545.4696538961371
127.97325470971172
824.2663169021897
-686.9699088390151
9.09066004875654
7.577921764742443
6.8776499378640725
568.1884556375443
2105.4056846750623
1479.3148932673557
-1564.9472052486888
444.67674379734643
-0.8471929101034439
-1748.785518327516
-13420.908690521219
-673.5425055456366
32866.93905472684
-7363.937710534203
-22313.857412986377
1734.5684389561452
-1003.6932893558956
5070.99218868952
-202.24227075825002
4686.143242928588
12228.40872074098
2111.2450260605196
-421.30549933751746
11318.160292198005
53.67977503470386
-1390.1920479570892
1168.692869444056
12488.553746633253
-3099.01522361103
-6091.806383790052
13325.371454174458
-86.90538065677222
-3310.2317768693674
37265.180451158856
59011.91543348715
475.08749407191243
-6529.264787445859
1794.652823025046
4863.803468198619
-88464.90774803086
-847.8938192796635
297.5151436021973
1944.4642001824293
-2294.450608945378
-4558.607238800472
-808.0194787922551
18024.84351151105
478.21126182481925
13572.116663951329
7350.247231294133
8489.352632962487
-8313.463342765688
-3487.347509044493
3165.5144866927103
-4390.853977916977
-3102.1307459729305
86.2452404179615
9306.95499891286
-21080.9504036262
-14.312104749136704
-170.0040426289935
155.85274119511615
-3567.7437292392774
4079.2731185036055
-2732.5160602955716
3565.1818642650096
-7.065891869767254
-20114.629269665707
-2043.7639556122238
5678.618933489937
-5865.581733019279
14326.853032693056
-7288.343862782805
3218.121869176326
-6800.517725099166
3386.432136348904
-43569.75952540052
-3473.303185362088
15926.890757386216
10.593747073078672
