3.7809881048647344E-10
2.366313702212228E-10
-6.849706601939333E-10
2.4451892976843473E-9
1.074224642381871E-9
5.560713528322724E-10
-1.1141456432677827E-9
2.0941958399723256E-9
-2.0009306575153545E-10
-2.117248946648616E-9
1.804046933284929E-9
7.592999427865764E-10
-4.1618981325818163E-10
9.155447768568042E-10
3.2974578683914176E-9
-2.6800652349031146E-9
-4.168283271859151E-9
4.058504847129933E-9
6.253015449920644E-10
-1.3879010449211984E-9
-5.451399493649746E-9
-2.2123782528382827E-10
-9.608731235682087E-10
1.3496855698752924E-9
-1.0013346991291873E-11
9.600747061301832E-11
3.2457431580465017E-9
-3.0336159904198726E-9
7.387493023386092E-10
-1.1525365254536002E-9
1.7532203549793948E-9
1.5656528211376374E-10
6.512362002650271E-11
2.386262360325744E-10
3.7688070567382193E-10
-1.6412811310396934E-10
-1.8725298321368127E-10
-2.986166367360578E-11
2.6534827432231916E-11
-3.84758804076057E-10
4.935287890257348E-11
-2.5911169576229264E-10
7.65764984909197E-10
-2.849680624903609E-10
-2.0077496273782057E-11
1.593602245433994E-10
-9.808217673490328E-11
2.627899053550289E-10
-3.3061096092239835E-10
-3.166538487993898E-10
-1.7515759139720585E-11
-6.320251442119677E-10
5.113692039534168E-10
4.32669070629485E-10
2.6226191513514625E-10
3.646466440220972E-11
9.898236378841438E-10
5.594427106357022E-10
-1.0047020791386622E-9
-4.021703094000521E-11
-1.5334586632164038E-11
1.3122918130592324E-10
2.1017797584617471E-10
-7.7940999955162E-11
5.892111696378339E-10
6.52088636600313E-11
1.4897465106432046E-9
-3.28987217200642E-10
1.468043066807293E-13
-9.97597206659379E-10
-1.264730487137085E-10
-5.083057863844938E-10
-2.4281985758652006E-9
-6.082476262201542E-11
1.2574433582378278E-9
-7.514745952374366E-10
-1.3016230830705408E-10
5.529199614939842E-12
-9.992661035844691E-12
-3.492142589712444E-10
5.2417943285419006E-11
-8.019057858366826E-10
-2.3824042132588636E-10
3.4304613254393684E-10
9.916615128379158E-11
1.013864174318651E-10
3.2233722283683454E-10
-8.428933712072771E-11
4.467822091861009E-11
6.215177033450325E-10
6.399912496068453E-10
1.2248224630487796E-9
-8.651381710622144E-11
-2.641654701565178E-10
5.112282531805094E-10
-4.464418720229727E-11
-2.0019673135314434E-10
1.2827592749157858E-9
2.1722223607486121E-10
-2.881251082794641E-10
1.2512270185974716E-10
2.0880043713684197E-10
-1.6011302577255093E-9
1.6359457324348116E-9
1.2747556664504977E-11
-2.0761216450287543E-9
7.245739143699567E-10
-4.549140465430782E-10
-2.3454769302902893E-9
9.12415000704907E-10
2.080769927487065E-9
-3.979480243352475E-10
-1.4687063590787318E-10
-1.5050338655970763E-10
-1.093934655491063E-9
-8.613566252975471E-10
1.954352066515382E-9
2.0799848885374465E-10
-1.5295210265029622E-9
-6.777711560681885E-11
8.07513678011048E-11
7.426612896531974E-11
-4.00692688059712E-11
1.0562875241730611E-10
-3.9617747029367437E-10
6.787756985212359E-11
-6.931650878437638E-10
1.0537969282249087E-9
-7.428492219632507E-10
2.5872269423526398E-9
1.9036443482734056E-9
-6.97497384017762E-9
-6.428048148894453E-10
1.0584273234522623E-8
-2.3797274028882645E-9
-1.0080064045504533E-8
1.266596658477012E-8
1.0348415000374254E-9
-2.5164209806927994E-9
-1.826547598090905E-9
2.0202664055207206E-9
-8.554573453907517E-9
8.87621006798386E-9
6.912718215059938E-11
1.416391092007704E-9
-5.518774624524126E-10
-1.5313671802124575E-9
8.844427358251522E-11
-5.406938621686155E-11
3.0844932726037173E-10
1.1664450291579426E-8
-1.0115408033916348E-8
-7.368347021146834E-9
-8.098294157885827E-10
-2.314320780019187E-8
-4.3020508833074985E-9
1.5776268149462618E-9
-1.05131048165514E-9
-7.217112773538027E-9
-8.17401759856637E-9
7.915227992048232E-9
4.537510223743857E-10
1.1572788024195258E-9
-4.961872169631614E-9
-2.9181668571051778E-9
6.445822024236851E-9
6.3529908026791316E-9
-3.60480448615154E-9
3.090173112310136E-9
-2.9013734636931815E-9
1.150626713249425E-9
3.6208870059226787E-10
9.22446389782023E-8
-4.895722652275039E-8
-3.507912508550983E-9
1.955715635195563E-9
1.3499931378792662E-9
-4.182102197534486E-9
-8.856463162709396E-10
1.3558087745228325E-8
-1.9682377165304513E-9
3.503327415285914E-11
-1.084437756522662E-8
4.679962379863936E-11
3.902985494961662E-9
2.8709924803616046E-10
7.388857971989691E-9
3.1016662811123224E-10
-3.91226289087815E-8
3.341836195971271E-8
-3.907827385250603E-9
2.8343054667116603E-8
3.625071276096831E-8
-1.7755740230238355E-8
3.785951363440844E-9
1.2094812209651892E-10
3.183533967351871E-10
1.6797905664280882E-9
4.8212419156545014E-9
3.450636642961893E-10
3.37107774773241E-9
-1.7082749707033663E-10
1.2127393845668789E-9
-6.482484108193063E-9
3.5778249825946586E-9
-1.785919363233402E-9
-1.462490740649883E-9
-9.610205193675965E-9
-3.7059643286063945E-10
-6.642073134018267E-11
4.118230089019809E-13
9.190291160507222E-11
-6.102460938755626E-11
1.0380639810609472E-11
2.955481175623489E-11
3.713543031753883E-11
-1.2190818885861429E-10
-9.95921311214134E-11
7.366689899495217E-11
1.8457748598650916E-10
-9.145264985484226E-12
8.524218678585836E-12
-7.276765863249006E-12
1.5029083440803326E-11
3.133539817320553E-11
-5.657439825778404E-12
1.1140249037591732E-11
3.3344937311775926E-11
8.581094524844263E-12
-1.4654933427585798E-10
-2.443268140290385E-11
-1.6212613533197044E-11
-1.8846761016361077E-10
-1.4423006269232326E-10
6.484615954925252E-11
8.714165346777933E-10
8.037806298928201E-10
-6.510127773667194E-11
8.523157817104236E-11
-2.9030291369112144E-11
-1.0238814890692237E-9
1.7459730549579316E-9
-7.294068809816938E-10
-6.187964774399847E-10
7.254662607673867E-10
7.982607658375413E-10
-1.444178790703644E-9
1.3280601023553292E-10
-1.0894173235139437E-10
1.0113910711427745E-10
-1.6087923367580582E-9
-9.97260600748513E-9
-3.932408652452923E-9
2.522361156550159E-10
1.0936650959505305E-8
5.387255784479258E-9
3.700404186523753E-8
1.7286769752694087E-9
-9.498399826555713E-8
-8.702215729067155E-9
-2.628805202521523E-9
-1.0913147453285212E-9
2.0757162502130428E-10
1.5593995038712862E-9
1.288796945620111E-8
-1.3150665593693971E-8
9.18104509056009E-9
-1.5585061940145102E-9
2.9950391183054506E-10
-1.0931972821757693E-9
1.6559725027507E-10
-1.5300126877905234E-11
4.166145458345852E-11
-9.319939393803445E-10
-2.315317447006969E-8
1.1241112053593685E-9
-1.0943446518242958E-11
7.424645347630184E-12
7.1525264351689825E-9
1.1596189373299169E-11
1.3616980853976191E-9
1.1324622358823107E-8
2.0149357532669234E-8
9.60953068084408E-12
-3.027983234997955E-10
3.790880778683467E-10
-4.497182913223211E-9
-8.917153375904759E-10
-4.0415436308056947E-10
2.106723676851944E-10
-8.766313737336633E-11
1.5076530920800088E-10
-2.461752026454393E-11
1.9153267273675325E-11
-1.406287071017142E-10
2.1572380698966028E-10
2.0377897771745385E-10
-6.77749181887398E-11
6.74544790838486E-11
-5.7635099384346423E-11
-5.5221219602392113E-11
-4.4674201821864593E-10
1.912441478377537E-11
-2.445788178077879E-10
8.424620121470834E-10
5.835448078298661E-11
-2.3438298582225083E-9
6.422618930708694E-11
-2.94391949775901E-11
3.536937923381125E-11
-8.697475744353294E-11
5.7937911354682634E-12
-1.2224713605702164E-13
-7.040666145184376E-16
-6.073015864303795E-13
7.775701509417861E-13
-7.621321510410172E-12
4.010335041167323E-11
-1.896493606100083E-12
-3.9971339279005433E-14
-1.1862543805859406E-13
2.5431734530172922E-14
5.751420617643469E-11
-2.4898805839915415E-12
3.914029931064116E-12
5.981256182745847E-15
-6.171070380129308E-14
-1.6857721535296257E-9
3.727522844202328E-9
-4.247609539030007E-11
-2.090675695298419E-10
-4.191025235040271E-10
-9.44061535618355E-10
1.2703599712478185E-11
1.4301660661093312E-10
-2.4235967568273014E-10
-6.207166324741801E-11
-3.942900517653759E-10
-4.5124907408854807E-10
-3.639877930417714E-10
-1.041186833431662E-11
-1.2637104096887E-9
-7.646084271943514E-10
1.3568867339091335E-9
1.529845732538297E-10
6.04734250972044E-10
-6.668492765895638E-11
-2.2692276650724358E-10
1.5081896317250783E-9
-2.907576487789792E-10
8.618554645885364E-10
1.88643305980404E-10
4.2189182057325795E-10
7.375045949389697E-11
-1.2535067869168207E-10
4.3557488056018584E-11
-1.1562277089089558E-10
-1.7272905473751694E-10
-1.7054276900663023E-11
-2.836016187334441E-11
-9.85311217173867E-10
5.6845241383402455E-9
1.1262157398675844E-10
-2.0145909217640192E-11
-9.645350242066693E-14
3.196069941064528E-9
-6.079419541609942E-9
-3.609896303379605E-10
9.255239950232507E-10
-1.6583761465612607E-10
5.477395703988661E-10
-9.680173823183358E-10
-4.5078387963232787E-10
-2.558903057938196E-10
9.711117099735622E-10
-2.4227464586659623E-10
-3.8860150834945446E-11
1.3710437799334593E-13
2.0915660422548883E-9
-7.340071903917691E-11
3.527004368733846E-10
2.1273540194294857E-11
5.080304704386274E-10
8.174148386629642E-11
2.447098338434109E-10
-2.4588795981089153E-14
3.283598766312978E-11
-1.1814902395691405E-9
-2.8483530348956627E-11
-1.3074692675926717E-13
-2.5873416515520537E-11
-3.7432477257884886E-11
-1.1252628404591524E-10
-2.224680871685997E-11
6.729181814292059E-11
-6.2427872630404E-11
7.409843405618518E-11
6.96839823133119E-11
8.393209671920277E-13
1.2400837469795484E-10
-1.9220602977165258E-11
1.6053286981672033E-10
-1.583692908678184E-11
1.8680985707080463E-11
4.164967556861163E-11
-4.193564182630721E-11
-3.066604126085313E-11
-2.945185504963009E-11
-7.577722693197771E-11
-2.0172234706626495E-12
-1.2050692391163376E-12
-1.0464190064780165E-10
1.4272913860932255E-9
6.680595712639946E-11
-1.1704127006948167E-11
-2.304609383097753E-12
1.0060872014286843E-11
4.267310955241391E-11
6.913566895499466E-12
3.5313332408480147E-12
1.827681795994175E-12
-4.475344147998094E-13
-3.801110581409596E-11
-4.9120700250154E-13
-1.2243588090455722E-11
-4.9072258334520276E-12
4.473779324943536E-11
2.177220501914017E-12
-8.544537143364458E-12
-1.8049287383794773E-11
2.069302737683289E-11
-9.517920942384612E-12
8.928173450858446E-12
2.369168536260375E-12
3.978274209898196E-12
2.1589033110077608E-13
-5.53910476657125E-12
3.008342535826594E-11
-3.881957492238033E-12
7.285793935291107E-12
-4.692119391523456E-12
-4.792687253651676E-12
2.878157169310577E-12
-1.7936478464479754E-11
-4.957505999133328E-12
-2.1494270874613093E-13
-7.31573986601952E-13
1.2836148925612235E-12
2.4733575657484482E-12
-8.829903226152914E-12
-3.04026513588218E-10
3.497710354310719E-10
1.6233607501895113E-9
-4.896050121856065E-9
-3.303318062530308E-9
2.8403899064305836E-10
-2.0856343439878626E-10
1.9315862672786755E-10
1.0791808441407177E-10
-3.5903356660036164E-10
3.665801114196713E-11
3.5384265742114694E-12
2.2771764081960035E-10
4.403149034267067E-9
6.091130937677401E-11
-5.986484487925169E-10
-5.962557960203253E-10
9.994870146052278E-12
6.020296074205582E-11
3.746041275532232E-10
-2.8435204602494266E-10
3.782380274934883E-12
-5.388415974962625E-11
1.7533336730290395E-11
-5.557202639907983E-11
-3.79162994633404E-11
1.5944553071975567E-11
1.8232804654516972E-10
1.098055582142755E-10
-3.4185612577769845E-11
2.479937228113022E-10
-4.70454119175437E-11
-1.370007101272126E-10
-2.182059038036016E-10
3.560679984505963E-11
8.07757765108347E-11
-8.553611808509509E-10
-1.6920494777084833E-10
9.727856213383539E-11
-2.0856247125900638E-12
-1.6745128982412745E-10
-1.4824412246274392E-10
-7.467628179677391E-10
2.1413733146747144E-10
-5.040213553426738E-10
-3.6766237551981047E-9
1.2401358350942066E-11
2.288085674595312E-9
1.1980058674593584E-10
1.6817053979411118E-10
-8.062667483911533E-11
1.686063628982942E-9
2.4122311710479716E-11
2.5788334162451085E-9
3.462999971950008E-10
1.5230736760981205E-10
-3.9941481593066557E-10
-5.8121943058081074E-11
-3.4402983004665414E-10
-4.622692484740173E-10
-5.902282312680654E-10
-2.0050123300446154E-9
-9.337661452719786E-13
-4.337039297549009E-10
-1.51455794845553E-13
1.087971687814324E-10
4.152116009031925E-10
1.4583746373726208E-11
-6.732242812608825E-11
6.337364440952883E-11
-1.5940851660682713E-10
-1.3210956508869196E-10
-7.396439668526432E-10
-8.069138397752093E-11
6.899108004313772E-11
1.675412720604016E-12
-1.530028873301952E-10
-1.4948646554698607E-10
9.750063541463564E-10
3.325167087175815E-10
2.09312255102049E-11
-9.93784293676521E-11
1.900472590901368E-10
1.863457501325515E-10
-2.4216278250487817E-11
1.9757399250714598E-10
9.824224430141292E-11
4.5518317104825035E-10
3.099739335924308E-11
-1.820390324677619E-10
2.722049118095232E-13
-6.65162066238441E-14
-7.320251266187857E-14
-2.599412423911807E-13
-9.535780401831551E-14
7.030987412699657E-13
-3.050969256015643E-13
-1.9215848852660106E-13
-4.935131936402002E-13
5.990545622638401E-13
6.138611549459032E-13
-1.1494808110834503E-13
8.26334703138101E-14
-2.2107801176198555E-13
-2.308053686864574E-14
-1.499948000289721E-13
-8.120097419004222E-14
-2.610016652635409E-13
4.106983423223832E-13
-1.1300989491552325E-13
-1.6456286851425183E-13
-1.580950237300704E-14
-4.786198197224882E-13
1.0558044637031819E-11
-1.640455364126819E-14
1.8715449749750804E-14
-1.6122212328395187E-12
-7.778420016512197E-14
9.093958525965123E-13
-3.4515084715132334E-12
9.450054430870618E-10
-2.835341923257435E-9
-1.214397485081831E-8
-6.841301898292077E-10
6.87365910946166E-9
1.873677534524811E-10
-1.4797372232218835E-9
-9.527334206895738E-10
1.5722096086650816E-8
-1.0344040998029991E-8
-2.892817890391771E-10
-1.9732761611540776E-11
-3.602406820166422E-10
-1.2609002047739055E-10
1.1553427353680243E-8
4.773703729011075E-10
2.9760323174046353E-9
5.992527185456312E-11
1.1733950355247863E-9
6.065880839734763E-10
4.527317845554788E-10
4.2753131220802523E-10
-1.3089035376327523E-9
1.1869122637642863E-9
2.3571594370082765E-9
-2.354701247825142E-9
3.46838507009514E-10
2.4423224920969757E-10
-8.246840654900825E-10
1.6230495242553232E-9
9.911961082644327E-11
7.856087958998731E-10
-2.9729853240556933E-9
-1.1779307723957293E-9
1.3958971415763802E-9
-1.1305920576667162E-9
-1.8181834244258631E-9
7.702620853028436E-10
2.383991565309954E-9
1.7797117247299034E-9
2.289802305218959E-9
-1.1524213247835207E-9
-4.802826872644583E-10
-4.101330783508141E-11
-2.402525376163036E-10
3.3865230271027814E-10
4.77267975803967E-10
3.645391692761199E-10
2.0881594893643682E-10
1.1264388242331737E-9
2.854127384618676E-10
-6.440530900525879E-9
7.800279569839408E-9
-1.4150194250837547E-9
-6.676124733517409E-9
3.9924932525345903E-10
-2.3002652016808464E-9
7.503180989754441E-10
7.952489110649701E-10
-8.3292030147968E-11
-1.5946973729464545E-9
1.7053764137375802E-13
-1.0814833881530729E-11
-4.5184393197303446E-10
-1.067934212529965E-10
2.0474271727993032E-10
-2.9067091718544485E-11
1.4351757652604777E-10
-1.8784805285436278E-9
-5.123284544998202E-10
1.3753572173455438E-9
-1.3348958706890706E-9
-9.580624126255692E-10
2.0600015204407475E-11
-2.2051323449095415E-10
2.060896239326385E-9
-8.958951546882144E-12
-1.691259485459579E-11
-4.812586219182939E-10
-4.852718043660069E-11
3.0279675215560127E-10
-8.350647511578532E-10
-1.6710140210196208E-13
-1.2216592285084869E-11
-1.4196023974621167E-9
3.503854833220333E-12
-4.778750450873193E-11
-9.49960061378903E-12
1.3547597392542608E-11
-1.519898549046743E-10
2.6361142778015913E-10
1.8641223302818154E-11
-2.5880832652310935E-11
-3.923961042883572E-12
-2.1478063716006584E-10
-1.573649260672241E-10
4.407447204051998E-12
-1.0735361459719585E-10
2.661842722916057E-11
-1.5441265208904255E-10
6.5446462266320906E-12
2.384804375041462E-11
3.550515979864523E-11
-3.683322771136786E-10
9.407983023989612E-11
5.844122296129309E-12
-2.704347980314276E-11
4.280380127600201E-13
3.922046123002088E-14
-5.4465092270267866E-11
-1.593856535464688E-13
3.0507192058035004E-13
-8.448320625732423E-11
1.1047094886901504E-11
-2.184276212051562E-13
6.760366354097507E-11
-7.587832095917817E-12
3.522607920706058E-14
4.345717155673089E-11
-5.405669423732495E-11
-5.17341730921963E-9
1.2210411147613907E-10
2.21444610919985E-9
2.0160806878633142E-9
-1.2608692784118245E-8
5.053954429123171E-12
-3.193368633116903E-10
2.859972044319199E-9
1.1748914539648704E-9
-3.291688080836344E-9
2.1688040270561858E-10
-1.0011675991737223E-9
1.4198625052423194E-9
2.3247260453664757E-10
-6.411138982853916E-10
9.704886457290075E-11
1.4515312439655599E-9
1.1584218751482783E-9
4.11749634151799E-9
-6.305813932205526E-10
1.5691885477306833E-9
-8.487139000850029E-11
7.88596453820699E-11
-2.1520501418438898E-10
4.015189835949354E-11
1.4486594917314324E-10
1.949132357292444E-12
3.782667730263218E-12
-8.429141843584067E-12
-1.5555675021269618E-10
-6.193004183144961E-10
2.3789357651341978E-9
5.109922981479956E-10
-1.6932780752927987E-10
2.0064667394486371E-10
3.490860459800674E-10
3.08977211899523E-11
3.247046775204012E-9
-1.3896277406611426E-10
-6.478239583998059E-10
-3.056734001760168E-9
3.9153717812024496E-10
-9.226020699954843E-11
9.980740026641427E-10
-8.082983254924247E-9
1.1554489534652379E-10
-2.84086348160512E-11
-3.8094935759666396E-10
-3.528841181221099E-11
-1.1960213111838423E-11
-1.1310941832496013E-11
-3.1983550676506563E-12
2.650031980204431E-11
-4.454579781219659E-11
-2.77050793236845E-12
-1.895254251855094E-10
-6.408413192057955E-12
1.7443871516160104E-10
-8.929478300759196E-10
9.073031573860663E-11
1.5471879554125218E-10
1.5977002487577403E-10
2.8805518347007905E-11
1.7998136533063773E-10
1.1251223460023414E-9
5.0708398120527865E-11
-5.168760144350255E-10
-2.1853152194286917E-10
3.193746593281718E-11
-1.526350168181457E-10
-2.2920338018715533E-10
-1.6105865048274604E-9
-1.8644453386256172E-10
4.744862122221663E-10
-3.2011766999640855E-11
9.420690525607972E-11
1.9317719470894354E-10
-1.6179815128335756E-11
-1.0877108793856011E-11
-6.739183458251108E-10
-4.2770425178685835E-11
1.9525832191151394E-10
4.460202757726345E-11
-5.634844811673594E-10
-3.4277424161888134E-11
1.1699653898768862E-11
-2.306965247630071E-11
3.5100071506877787E-11
1.607123827760096E-10
6.372274726396092E-11
-1.0322395946450265E-9
1.048116506081623E-10
-2.1874544917032557E-9
7.823119806301236E-11
2.2686902461850435E-9
-6.843418351692401E-9
6.083231463570648E-10
1.329622092760362E-9
-1.2562258644026217E-9
-1.3158156369242359E-11
-1.0230864600699797E-9
-1.6580507278305882E-9
-1.9022715444865107E-9
9.34900206852247E-9
9.612581623826449E-10
2.0255403733923255E-10
-4.17927578877135E-9
-4.2303701078144666E-11
6.301063472213238E-10
4.660838545821129E-10
7.419190146553657E-10
1.7054048297438993E-10
4.1189086955925395E-9
-4.137698082233236E-10
-2.3570976987837125E-9
4.476568686389404E-9
-6.147568604930752E-11
-5.812104639246674E-11
-2.0264078482935487E-9
-2.147572102773416E-9
9.513025892968218E-12
4.71557655087013E-10
-3.395628828147773E-10
-7.725047105128651E-10
-2.1953165508280567E-11
3.1564793201339554E-11
2.3203177446495892E-10
1.3126308235682827E-10
9.273681383838502E-11
-2.220573014889141E-10
-1.3963041515569964E-10
-2.3471285496423306E-11
2.956984655426071E-11
-1.0610004902332058E-10
8.153327934436518E-11
-3.2339097990536566E-10
-1.1790300710098336E-9
7.544785898123932E-11
-2.673409021157983E-10
-4.027485586820003E-11
8.151405749541737E-11
-1.352011813691256E-13
8.745222918437624E-12
1.9410462352218704E-10
6.480774768522683E-11
-8.220120614718465E-11
5.650901989565677E-11
-9.504246740130117E-11
8.080687297776077E-11
-3.632710682847049E-11
-9.526956547437512E-12
7.161429397375039E-12
3.371168525897134E-11
-5.280263374498591E-13
-1.0244350170979763E-11
9.60877052139988E-12
-6.214489163193033E-12
-7.297328211001729E-13
1.8189231500811274E-13
-6.993499068425221E-11
2.0379076643846885E-11
1.0240699229890914E-11
-6.942029721326139E-14
2.4071306613907593E-11
-4.5509431702193856E-11
-5.169476012205957E-12
8.673700345485112E-13
1.2665787137703664E-11
5.234426483946347E-12
4.166702069458112E-11
4.019560021286145E-12
1.999495463548497E-11
-1.2290738487742922E-11
-6.608659467412751E-12
-5.225930799569155E-11
-2.9930552429506504E-11
1.1288460553150195E-11
-1.155451486717087E-11
9.4754756742537E-12
-1.4448441331678446E-10
-4.526118487220225E-11
-8.087540533948649E-12
4.547489343957565E-11
2.806597095035159E-12
-1.3468872751435795E-11
-2.3730807635799455E-10
-1.823523752432493E-13
1.3819638772264967E-12
-6.586898438768549E-12
8.49158060606791E-12
2.3900595269864302E-11
-5.91591479656148E-13
-9.442187914995276E-14
-8.27145679738905E-14
7.961570770479445E-12
9.341165404873423E-10
-1.4317965029346247E-11
-1.1343634709664337E-11
-5.6505645772955E-11
3.9255813809028765E-15
-6.955357336608629E-11
6.218936589740014E-10
-2.441850326686225E-12
4.6110334044029416E-10
-2.439354181356962E-10
-9.620613857144699E-11
-2.2761224838375827E-12
-1.0034837306551977E-11
1.0890212877634128E-10
-8.948643089883545E-13
1.2925571916686815E-10
5.843001751521212E-10
1.3310599655815897E-10
-5.785228927250238E-11
-1.2891977682838238E-10
1.0468531758851078E-11
-5.487191468073236E-12
-1.7732511203737987E-10
1.052344908521535E-9
-2.0900698050639141E-10
1.8557556821964522E-10
-2.968640186004461E-10
1.0416823761059694E-11
2.5142146078262444E-11
-1.901882128586407E-9
-3.4935071278488173E-10
-1.1429139635508568E-11
1.515158504609611E-12
6.089426160311268E-11
-7.453584899277468E-11
2.8651460596522843E-9
-9.718406799118634E-11
5.20692696289754E-12
4.5687760402818835E-12
1.907995223917717E-10
1.920431378335957E-12
3.951085760441437E-12
6.357080627578015E-12
-3.262080596306064E-11
-1.167550343458565E-11
-2.519900944454471E-9
1.7782265954370878E-9
-2.1827811838606782E-11
-4.012430043235602E-10
6.950006359678995E-11
7.747160537073146E-11
-8.862089800367966E-13
-1.887191033201217E-11
-1.020370094089994E-10
3.4873441773624407E-12
-6.397614111249064E-11
-6.928137806775815E-13
-2.0576876214612896E-12
9.359136279927055E-11
8.639318832900855E-11
1.3361557343485663E-9
2.4413175920891365E-11
5.7751165236511825E-11
-1.7185699836194817E-9
5.473416437329133E-13
-4.677973616246768E-10
-1.4329408256278362E-10
-8.124984138769755E-10
-7.863963970953457E-10
1.7969123006687826E-9
-1.151807785071466E-9
3.9368120133150157E-10
-1.2302405272826853E-11
4.936298586025449E-10
-2.445047238887936E-10
-1.0000000000001446
