20696.775373938057
-24303.276469870998
-3352.7978243209895
-55741.317557884526
45554.847619581706
46612.154322198236
-63251.795758057175
28608.408763312767
-90282.076818252
-83498.5884502581
153204.51427700743
12077.879050246984
15513.727915408143
-90827.66185128414
401464.1117500377
21018.897262036342
40450.023420501195
-163038.0339157419
-69118.36131524912
201665.2028958686
-83756.15590233893
68849.71025141075
62320.16662884552
-143895.60681747692
140820.52714347973
198330.88193691586
-197545.29882131852
14307.14040683962
-87189.1844982674
60116.784348223926
75695.80255577299
-29590.00005638664
-22073.50138842981
45566.75883137255
11174.701800971956
26215.066791268928
3854.0810194486435
-22199.57142880458
-26553.204673127828
30412.765258620337
4581.181959831024
-9059.542178343785
45950.34272982606
-9659.372419210447
-64.25803446748766
-10114.038107744542
-14307.66525778135
-47298.26276862576
-25189.38490410425
-1130.167651986066
33005.828527893165
18163.083107489172
-7858.154229746616
19269.292751319877
27809.127320474636
1182.9055975556948
19696.134117507238
-20147.657050391143
-79212.96337223494
-4456.756393117487
1261.8747568208485
-2296.497553503916
19198.28854906586
-22345.062231600525
3409.5745207167174
-2121.285670145835
23060.81181439298
-5074.688705336539
-4.59953438389121
18282.421664239748
-19366.030694326248
-13750.44123196542
9967.450444243146
13039.746025032777
-45354.75403843941
-9480.842718541242
29103.566441318155
-153.60853920427158
-8741.305919304705
-173.22144537912084
-19719.99306870062
-13943.628839875248
17635.40356249044
30896.265105885563
-8047.566148734703
-4776.6731474388525
2932.5831241774476
-3895.0306096132003
-1483.8408151430278
-154.7016221801324
71120.20552971037
-68162.43263717486
-4898.098157630676
15634.009418096144
-37136.129370154515
-7918.537357850937
-58142.90376079771
9035.328031521987
28832.817670239878
42502.90591847167
359.8854305937921
41892.97724544822
-28230.017267896063
-60520.65864875395
-5874.883461446017
-64314.78220173096
226955.01488588043
57701.46868749348
-470248.7784139952
127465.38317046224
426995.84030134516
-115797.06802825148
-7153.017969221357
51276.52870025454
-86574.31093074345
-82759.42225001377
-4243.2337672432095
-7008.759221401773
25021.221262522497
12832.814413315717
-8661.621544522173
8705.811942448601
-1005.0001836461361
13808.58038801807
-240561.86686489522
-24595.303594314388
22502.357523351733
-66462.32390069381
264725.15434588044
-58157.42735798052
-171182.9947675252
-142955.61989787634
329680.66859515774
-599649.8585693256
-173223.444314219
206077.5836317609
-282412.6921583818
-118770.80726745162
-53671.244702580516
133753.14961797776
216921.7795993529
388895.44739076414
-180140.78966578134
26031.314987417856
6647.341763502848
3020.3030165741816
-6894.914574659724
-3492.7115788203755
-11309.477485468038
-147413.34698748804
-81541.40401559648
-125474.37230108834
-259849.2549302616
-252933.73183066724
2277464.3659241046
51777.55389935012
-238982.10897162565
166994.25377560733
172818.3623577644
-1025337.4684398895
-243901.78243617262
-50957.59156869224
201161.452306952
33955.47034825341
-152004.67134781918
-29447.02209818663
10578.937776427392
286744.7839532255
581919.765354444
-126020.6006859582
46649.75775212845
-62641.22065696639
1359881.0919063792
-758168.144540998
-170331.83518371658
-669253.5753449905
82153.06586877628
-19325.10003036201
12045.188526132391
-782038.1002006517
40645.97999771309
99554.24077265836
-34461.07929978773
5522.349489558574
-77493.43753671278
-19618.33473213038
65404.347767680025
97738.32397465958
-558600.6615335916
52132.5097253073
302486.46472405776
648037.4717472363
1789685.0879409343
-260557.36861741514
-363367.6589932833
5116.409039640577
-10667.403558700304
-24901.868896641587
-299217.57986528985
36236.78713249805
-9686.213894360231
-8093.252655544667
-54875.857871014035
-108749.4417649803
205372.7761775019
-36827.50439153138
140810.03734727006
264713.3274868366
-6290.124298027831
-759.5438031518721
-9258.41612396735
26921.75824785869
2950.7413374107923
-22558.301196923945
-112.0763701102473
3374.881178767197
11829.1469556767
15486.880966005476
8035.738709093578
-14164.00659579157
6504.231630576169
406.7621220668623
-197.72993650847135
-112.92457909296047
3034.6275078683375
-7829.50218575242
-2244.6626714546837
-12349.913884295178
-8.01426382555071
-268.11601728292095
1508.764682296614
3441.9494490417724
880.6952840674089
-7850.1801992501905
-8196.871294916766
-48080.75310147423
-60616.37511886863
3277.7209163520192
-2646.600652872071
12907.881482981738
33372.88700821024
-24311.964934094904
372698.82310620573
23835.328536169265
-80402.71100252822
-25615.174633926974
870298.0701843679
-1468.8606266219222
33169.90000342002
324871.88015932887
-79580.9295258004
-705399.3040163276
-31210.31216777137
-84374.89325375998
451099.7001385564
-770757.2912161514
468804.8042634529
-10722.742624403887
-2211455.550071899
396178.9008586807
126493.918477059
-443663.21795523784
-9412.640255611212
-60058.44985144668
531120.0430737952
232571.94142869543
512672.0787087455
-40010.14543118236
65399.49428691379
-79950.54536483731
87.88159684749066
976.5965348866883
-612.3832426792654
817.8282895824882
-867866.0314980517
33911.32871961533
55.12532610733754
14708.624988938742
37623.491201937846
-9394.23614364089
-24915.987318701955
572509.9473340723
1010229.3865238979
581.2889971543394
10334.91435734472
-24055.10741413241
-1073965.7137787237
7306.898067431155
-8376.819138820852
-1018.8519385647364
-7938.259370383817
8917.91759664478
-8347.798550239024
13872.600587141673
6033.095570070236
39809.24704570506
1340.395984206654
-3202.7886331561126
255.57318369998146
1290.3124717835897
599.0159723259176
-13607.127257384136
-11855.435565892203
-81675.52642909715
32976.95199093925
2534.552320659352
-48664.0539565971
-187.85252871112937
114.32253080453106
-846.6712917257005
2201.9885737940294
738.2760974743371
3.083697964608597
3.608428748363115
-27.802557490501087
-1.3224558328127232
-891.6491776054763
21279.113426221207
767.951957594202
2.9636043616166337
5.933003961956917
-0.9128697355232249
5099.813480650888
-1.8196261137507448
256.2804767605741
-0.5331560028834844
0.5382085983902408
23163.031501816098
91543.82532372055
-2083.5510905164233
-302.83151564662006
-38291.96146106067
-49462.64316040765
-2987.6345028784835
-8640.850316103986
4136.340472828288
-27102.640236593106
-8048.288689243096
23689.64127223324
-2539.4430369535385
-636.4993640858746
-39398.95092165965
3610.958012118529
101628.85050659711
3244.586946419104
-3045.0700064506855
8906.621918563991
16880.945152216176
46349.12373116482
-18015.24173398145
7685.8314836956815
12520.080903763568
11439.650461889612
6530.356537475081
-24024.753224143875
-1164.9205523035282
-3354.807968800596
-22389.474878653757
-698.9155744231632
1391.6441569622966
12113.342045718371
41006.19042331349
2377.7787398149608
112.26739844544554
0.6621868687363792
-10790.02416153683
110045.8820613474
-11629.555399933031
-32413.12706954975
-3840.4714985438254
-11185.451016664105
38000.46916969835
-6794.6393482931635
-5907.346184539955
-204777.01211446046
76119.56738162729
16946.187017873683
175.59334756147598
8864.937904156175
-8666.330486998626
-2157.8089438406146
-814.0306218976884
-11677.891636526829
-32644.267146810595
-546.3789889294183
3.7727193984389857
-1633.4098697645513
7140.342397244593
3808.4736446363654
1.5829661886287767
355.07648838978616
-4566.7049044283585
-9207.585393530106
-633.1432062943214
9791.07228362877
2098.2274896965805
6613.84258905951
-2336.4337803054696
-98.78949124903671
-9386.429933739677
1061.0258412251549
-4904.178489101562
9351.056361541532
6492.961628185161
4068.7525372775212
-6312.855773823349
-183.30316026397296
-672.4115120398409
5032.772513690805
6966.969473956535
1438.3964464317676
-650.8317943623376
85671.3058796246
1337.898611416148
1034.4992562045015
257.69361863414815
2734.8673313307913
-3284.1881720521965
-382.6915884669919
-232.7069136803929
-147.3654400341531
118.78060048195776
486.2953714050239
-267.8160540690007
-1042.1003139510979
543.5573179777275
158.1282388435173
272.8198357270301
37.87697878570596
-2318.3181035633233
-46.20236534706067
843.5340434243631
-893.7051566295585
144.7729083458449
74.1962314620339
-610.0499039458075
-35.955843508852716
335.50476734644496
530.948011061362
39.1953315171565
-183.05352581701675
706.8120267637407
-252.19413988498664
125.92414873536029
587.2994183033899
247.53881616166444
226.33004225323728
-129.23584111165167
-262.6292656942789
187.84015576094652
49282.126833959985
37020.118040938214
78724.14412049719
-54993.49385814914
-173258.77644481274
28089.021341883512
5697.03030467125
22724.944785238793
6733.180308026247
-23023.574419552824
-816.2615165081381
-878.9932887307947
7862.459741982722
2015.5730775527823
-4867.786599642305
-35892.854068200664
-2005.323884183671
-1757.894959697944
1659.7030449599035
3553.3924738367764
-22996.97653512847
-78.10631848311718
-1899.5022286591295
-653.4068844407867
353.6740809976548
-2368.2082159722754
1972.6206993358253
3997.9284729476317
3841.631541540074
-3576.074919247914
1110.4042892881519
4376.342144368522
-2061.403615273806
-2648.8465789711563
2998.0171736361312
547.4489788137025
13875.645360354223
2675.334275447864
-2730.7200559104863
290.07383787607
-45319.55756746413
-4345.351514454398
15753.246125587297
-968.7000643278753
-6811.474028594975
38370.48972695938
52.69441456732888
-1815.8273370151535
3272.5617099509304
2448.721486147464
-369.3330469470999
-2644.3425907905407
-2060.4236748008047
-7522.981627518111
2773.604191120446
910.9799951338837
-6008.581710215461
-3153.9187740625393
-1525.9179289752942
960.5810175237947
57565.910143639754
12881.130077181602
245.77671483485085
-9572.364260508044
3.3804921225767
428.7877126106482
-1516.0783661290739
181.96617050251348
-6149.677490888478
11901.240674055125
2026.4936149448736
7741.275671067976
57778.801664890794
22883.495002698888
1141.614661565346
-66.71562511171047
-108.64489906667629
-363.4013510716083
-289.26172036764444
-5995.833745626734
783.9952192642493
6935.0023085222
-715.4755976088795
2849.7906944619835
-1893.0152053460406
-37839.89264155973
6241.34554661159
-25461.804600592604
-11109.000323111046
-2226.2478260537473
-4.375918900760417
5.0816701918298515
4.787852270232869
14.851210751734845
4.171038601524704
15.093271015320967
13.973136070356247
13.132964391131074
-3.996868909325575
-43.01097947854328
2.108942160924107
7.597460060197705
6.024598620971887
-30.535885931635555
4.190330637107575
-0.9030387627047053
2.3082021019207493
16.71770531915724
-22.27107758397433
1.336499238968947
13.616923875947183
4.887632157056194
-5.803873428948711
-1416.3009815933963
4.3601160069751845
-3.161097495665969
-236.71903359586224
3.0744594805688252
13.327959448249317
-25.817130446337774
176141.26717631271
128712.06668671487
-70883.01302734828
102525.85010051666
812792.0411900214
46296.34180186054
-42995.318831206496
4016.9291634890137
156205.3092682974
-190888.67385608208
-20800.316983923105
32.82817962416869
-13171.525286874094
-41194.165401914506
6480.7532147998145
59588.98111123814
144043.4130221994
37976.42987063541
-16738.10374432163
186527.10859974177
42269.13124895701
-35165.36260612003
56193.2096841058
-45137.36172000307
228348.02378888792
-219931.42575817762
-34364.50290750541
-21313.10040744506
-14912.508540164814
-147044.65031390532
-14710.952855171996
11592.414640759824
15440.582861874014
9531.02376892534
-15943.624829059912
20181.60251147865
24700.798677769002
-10411.78500979921
-34825.57192210324
-11096.524340814009
-17179.24844278422
17219.085079005494
16045.150457459087
1070.135204020334
-123186.51886842484
-176177.9917978223
-19123.1805778707
106995.36758220349
14525.509763302334
10581.489663584383
56105.27414382633
-141700.99985037278
228062.15231984804
75415.50594645184
7463.584330780327
-128433.01628108058
9477.06384882017
44292.05288723229
4946.370069543439
-2831.644543515548
72443.25080779831
29.812717323109254
1053.023364983297
-9339.70224532284
-406.6857253198355
21987.459461245027
-6479.742152715834
1242.0183474493701
48599.464694008304
3921.146394651808
-8290.994685015849
34833.40800917609
-31006.161690453155
601.3602249626133
23204.24276345105
-83544.33568417309
2473.8046062213393
-43.90602969913041
-19572.22012938015
-45112.71291970236
7370.430374344387
69491.10657263738
7.187942809993291
-69.2443153046457
113333.62425951821
2313.4859066586705
2050.004857800207
-634.5508714336515
-564.8252894811858
13131.064336240523
-69939.26135160259
912.9080477615277
-347.7187319399249
-79.00318187718001
8891.722334242915
-1522.4621954651818
23304.198628338934
-2568.3238539073313
-8323.948831038264
-23950.004939587296
363.72588384526006
-3699.7305685505403
7807.217505739117
-13875.275451201076
3488.004865259734
1579.0381194767242
-158.70700536481243
405.32861105315595
2.194403515263145
-5038.899045249441
0.6264091425435742
-26.46735053040957
-7249.935683733177
236.6300637406836
7.116813060874789
-66.98828050229919
-3779.5273279364965
-3.212100126466565
16489.047950158558
-1476.201724537461
-105897.78268267367
-8801.452193538018
-15468.309059072319
157437.97490828775
-697173.0240891625
85465.97412416406
-1309.4918947144954
-2472.834450782794
131904.61140780494
-572275.8497236515
17181.69623202136
-175602.96182774397
-62764.97810251534
48341.8022507255
120105.16642795685
235081.66992154886
-460414.2630595843
-93146.80692521037
664977.7039252551
-66073.75101325927
387947.8590078638
-369837.0965201433
3192.4447922760237
12969.310005816038
777.295102927561
11407.554447893855
-11513.230864088957
30762.183570670724
-3691.7043565254075
-26696.025548902155
-57163.643390337595
171381.60212158188
82785.15483264189
54160.01844092816
-105385.59757282547
85784.76136134102
3127.2964831507093
242655.6870360507
24197.98628323742
-159435.34982858328
2381845.7351048463
-27650.57321435611
-73135.72267850483
128883.03243551089
-466200.4630543142
73117.13826067737
-76489.19670696228
63435.543749560085
950.6107137973797
-199.6835001684568
616.9964116335063
-581.0142926948156
-2105.5596318433395
5625.279512751415
-230.79342812836387
-37038.495533594694
-8243.788582604662
11350.730390709814
47406.309412531926
28628.056013674704
48276.03288964635
209.52108966268946
3061.4564466400952
-5415.174094528287
36551.89781104087
2039.8135168761964
-27352.735982861435
34231.04867166873
-379.3688530191483
-3730.677939750418
-11917.846144344225
23601.160492019473
19103.187914159924
61434.90974077494
8121.644788648978
-5293.245961045015
4695.819917159427
-8565.457083637144
-842.497591773139
-19299.613365780177
19203.686335637027
-8650.755224672814
-5457.1442259699315
39828.68611167439
-7176.865694353887
389.1964852139689
2150.544337927688
4997.354051297095
3557.564769459773
190.70394826928035
59283.261027127024
32415.36116005856
-46578.412907679434
-67629.96232289633
210082.84553989436
-230338.2091739728
-196179.81001555984
242668.1956924716
-366006.4326006676
-33480.04745024767
183964.19259396297
124566.49718711834
141318.1362555838
-110974.05391440791
-253171.01730205584
120008.03176787322
-21334.610954199292
-36451.33994246937
-12705.715982433578
-168074.7684401938
58873.16025199126
1599.4331242259916
521985.4305608766
25008.062687666712
68928.24087209623
411203.75435629836
-14948.660688108848
21474.908917970624
-39014.43557749949
-247774.78774986012
-23508.92511209613
14289.140017608279
26024.871006475045
-3744.8801021924924
20586.69514933778
-3424.072768516673
22305.76361608724
-50723.29289272641
-2466.130605146096
4190.447394329717
518.9112400508445
-1681.1606401102738
-2445.483767656233
1141.2146616005878
-2978.768141911765
41230.06194102067
-114646.97666981164
-2623.884753427513
-1941.0586280475604
-272.63193771626436
822.1790525421834
5.377206364348594
1620.084346574728
32696.02543794895
4548.5259478482
-4828.746608212363
223.03968706751442
813.2698893803474
4170.613037812107
-152.17148391731925
2845.0792855736995
-1287.868801917124
1552.9804122894316
-4.846065080681316
-1637.6608335599424
655.6219700030517
-4836.867936958194
-255.25210388378864
945.7874703896291
-1431.9862400213267
1025.285301805816
767.1393792995804
148.35821188960867
-7815.957334098609
6847.876991675816
793.7628898471868
9.052920656516413
-904.7312380949631
1595.3801799350867
-3891.119775357452
-571.4867064540935
285.20366629245075
284.8425919788731
-412.3193335095586
-1541.806295816828
-873.4108072616052
783.1122859809695
174.39453146916162
-301.9323847140232
7876.385951403677
-4252.091421456563
960.6508162926489
-60.128842836514785
211.53359130147203
316.43976822992846
22904.15903569358
-113.75042666074258
-1484.5402275220313
-170.05015522195407
739.1843201103536
-2145.784447523314
-3.561818058958636
4.806250862636081
4.697917287736365
192.43110958722795
-4606.033178778734
-1942.8637346166863
605.3512980101875
-1157.5744174519816
-1.3447107288039217
-6780.474777439678
-23927.886126672434
847.1131620361875
-9492.125679132792
8854.189538147491
6024.3878276259775
1088.7073652340837
1566.6035542148343
18861.81032116357
110.31296671956979
11474.98027324364
529.7217636385882
2223.228049213362
5385.896512953509
3125.874849826108
771.5359629308691
6170.879899221746
-6398.043877429827
700.9911102637183
-7755.262168983864
-6567.929443948016
28588.491457625165
-148.2551980189845
-4000.3348867158606
-14015.148454245322
71913.48472931125
86.12301006519091
7691.573167945184
-2743.612233197482
-3940.126566332892
-27961.180670125752
7858.575868139234
751.0346091999294
369.4230728461416
-13316.223757910746
-3095.486316493492
205.23890485351905
11049.980883421522
1387.8235683806686
5281.761105982509
4869.312676126893
15247.587557253586
-7818.103514622768
-12278.091570489602
5674.141487579864
5856.657790827215
-144.1184415541957
-411.7608300400531
-1135.3086033609404
-2020.7805648302306
1866.9688178622569
-613.5599141628401
192.59452150949463
-5920.923944222322
431.54199829253
-64086.472148647365
1052.0395856696452
-19639.946083689683
5429.869357238704
3211.600559366612
-67261.2124805654
5233.154887848308
29100.687025344567
-63637.2908082662
134460.8726731536
28109.559788381037
-9382.64316759807
-60181.92135265335
38107.14072804989
-5162.675386833504
6.393872210705131
