-5604.4346802667715
-129812.97251998835
208233.77552330398
-876157.0641763569
475122.3402979339
289309.0070724126
-520864.4453463082
-30847.64703239388
169248.4947515253
-18683.392556136132
1589407.479010083
9654.778013105974
-12172.273295119443
-33663.013050358124
-442136.32409560867
607488.2280188741
-638290.0075572937
549288.0819946881
-1091851.3711071552
44253.708144766504
-860282.8840665411
58548.80730164597
445014.973415787
-300999.8430848477
227.11107569135893
-168521.470197521
576186.9205179175
-412286.2198595538
197401.52600909706
-364085.69962178415
387845.7109294947
66548.98584794658
-5839.378601328715
-23658.451954126205
113349.98862470884
92248.3347004876
3729.4304460436015
13211.762189960373
25358.932535294367
-25125.067224396706
-27882.18149761829
-52611.06390584547
-52117.15623182904
-159118.35887287688
-1746.9264008856787
-6033.623360733439
-30004.224465103864
-40861.37746685963
-115494.92865893271
14104.09375650874
11459.215324277666
-71622.40505643268
-99879.78843788315
55290.251780973056
124952.03161283722
-20759.77197705715
122011.01791422004
122766.25889439341
28168.91871822441
-72645.57035814253
-1610.4660403062599
15234.504612185068
-14137.379639500665
25715.35200827519
73748.35580844712
11129.40002103712
98817.95862009804
28939.813930219607
9.394723072498062
125186.2612394588
199479.4799235822
-86176.61760775368
-289966.12891381816
13336.833404275121
209896.35736120344
-48308.413984604646
55924.87449045817
728.1812958797991
-5735.350246449162
-41114.686810823194
-7297.088777633829
-51632.99099435368
-33189.968891998935
-7720.537074688435
77169.94155058301
-4494.9245759958485
1408.1129193805307
7085.4798677511635
36579.65518360191
57013.12800013484
-72397.56412671114
247167.68603612555
-25715.011914006685
-46267.22737854978
196354.47779425693
-75001.55301243483
-72341.05665704413
88375.84644720532
-96461.43689985065
-185988.40790630333
60483.230337251334
133500.33461907774
-104678.0235022263
207436.77947321997
47236.40239487218
-360297.3310206386
-365732.9035169021
-12970.694021680174
520046.44740522286
-53132.30823855407
-226316.19573750655
73018.45890305565
35249.668283027866
-135310.4077133726
-32021.752997148582
328017.8851552674
228770.25112587583
50250.65035146958
-273491.8610194339
-4087.102605674041
12767.304879848072
-22666.33690948772
1377.1581995177437
18783.90551507614
-90016.53251465427
-21836.527167913482
4501.421648826913
23855.042396911962
-64823.68086592455
-374388.83785402705
188724.9006975108
-1807815.4227018228
-515785.86357699125
769474.7948822839
-387941.4557653913
716807.6265394748
1615869.0815551335
34320.91633630851
-1021483.194482574
-630898.557479774
-996512.0564538771
-634455.7128832873
4267317.137476558
-217684.73465060172
57313.02048523808
-4317.993278908113
212853.09311513443
56627.78146614849
69330.7152835097
173921.69788969346
3240500.2932617785
-1209014.2503354177
2656083.165789474
614697.0875226631
-2571699.9184273756
57173.202092918924
295611.44135652645
-642878.4856942086
840614.6554949131
-1806495.3525964795
-317286.5181560804
-141939.412229323
623630.8280153681
-832967.011888598
-1093898.0326159727
-580819.4102346554
1389435.0729303476
527313.504207221
1313069.2525421462
-395299.30541698576
81438.00797521253
-207239.13502681212
1.4098649378749004E7
-8058021.427538778
-178262.37245784135
-864331.444528971
297102.3813131985
359788.20267644856
-197392.06720165632
-482578.8189262085
42371.12780942667
-196305.37774127742
-797764.4070356056
12269.860697855092
568589.6986238494
849315.0242094795
682706.6154609248
20717.466138285294
-2080079.5161842755
293587.7586844626
-200745.94530133298
3429552.0409129853
3305288.8132930947
-467336.96081818984
339929.8432982373
20488.541612440466
2792.1991286214206
139423.9703484758
-158631.45233109515
-360197.64842649153
205841.70745346491
-35715.775896282124
84917.54718641446
-273796.832948796
544526.1987129998
-194943.95171066493
-724171.8822993907
121443.07790224039
-46992.243327609365
-4752.303495147489
10431.578648215658
20849.696878178616
788.6981274731781
-6074.9079220095055
-2286.810084355505
-7038.0002996626245
-2762.694890681242
-9072.365346658678
156.98726139597113
14977.376092950404
-1270.9384278773944
-841.7719545450124
5410.208241793244
-2038.6862880125439
4644.845214500109
-1834.2495349496994
-5887.269018895524
-13539.064318692588
-7454.809129654653
-20511.42004777758
46036.78586313401
14708.033855565918
25970.647066152716
-11789.502361379247
4966.197387379273
-20123.00023903438
244040.41366539305
3047.6929089976757
-637.6723573873011
6271.503423849596
111102.70682568384
-97333.30027998783
707274.5178599413
-23932.27220784303
62029.018625132085
-351065.2941521043
477012.4121689915
-24620.067090141052
548212.6310754095
1887024.905399876
2020069.5922340474
3728137.6988598853
890305.8520314987
561745.9319718754
-681684.4534028231
-1116667.9116893427
-4116953.571577451
-278444.9260715485
1.2585664629142683E7
6342305.107293626
705835.20991025
-115350.34160129726
-155271.7688173598
-13927.638627314262
-1200099.2167570037
1486233.578866353
604702.4849243343
696833.4956998028
423259.0045739336
201382.11536602292
-23543.952973518408
1537.534733428506
7007.02597746349
-300686.18395190366
-4463653.829502221
-7628.946754999985
942.1453079541274
-103270.61517687309
1591025.7468068865
-19552.28726766979
456972.8507606551
1581759.8110592775
5398701.608967789
4039.9834287718913
45375.68583635591
-96298.6093252954
-590420.3438048385
-206250.0958881478
-153922.88268099277
265931.79959853
-158273.0985167434
5585.420641391631
9743.560084966355
-18689.95726445315
17625.344772322384
-52178.77040284386
2471.4730455102504
-20529.518263336297
4679.50365155051
1256.759500051187
28311.0585097607
-36340.925871251166
4230.295154491962
-155178.05223875248
59519.408565745645
5725.269434382253
-347788.2674754169
6537.295683245543
-4763.420099475594
2781.687242714466
-1386.6798812209624
414.0527942375693
-7.916087756441561
-1.6725563402859385
-2.46235644999346
32.87187182703603
-2371.2264036728156
-6335.236312550156
-1425.9768304522725
-3.7200772651079923
-9.169185351932121
2.2964905145201686
6881.044532656572
-268.07873974963826
1744.5052387644037
0.2206583845297843
-2.8549018671965363
-239488.57734525946
227963.90139615556
1880.5030851932283
-928.0893617561926
78096.40430862842
-122433.23631399285
-15405.697253588045
58394.3581611844
-23345.18468769092
-22156.929611219388
-96497.1192588137
-10439.158217478853
-71057.33367050237
-166.51157539456293
-61565.88157182195
-54220.16212654566
162310.5422729739
8146.150053293518
111412.67918255141
-3327.0788930872045
-32210.89821801565
56491.074781384756
-128219.81249403098
140953.98361199704
-78604.97235960062
75652.74931146308
12862.68240233252
57952.27596595563
1236.2876154148776
-13139.957219798236
-51328.7404120765
7695.658294605536
-16571.345862302413
-96049.78632411221
128015.52327361016
25726.63724689994
-4532.300949107478
-5.113509345608333
-109404.56424308669
-69860.54983961627
-61443.36689994703
194368.44105467788
-7083.530275103559
-105421.09160534403
-94790.96271776305
-20612.58271808153
-29664.3673086214
340283.42684412753
61290.208114607194
34083.34737903556
-6317.009311760579
-89643.56136645506
-45722.622773075986
24121.09179791088
276.4179439203451
13418.506109862328
58189.577135520936
-1012.8797397213076
-2.625068143684478
526.0766358623792
-43765.34989885182
-7870.861215729443
-7.522669125435892
-348.91682549478514
-825.2197544380159
666.2931296271994
-200.98530616929887
2619.8393035796853
-11349.58206132315
399.7645797384771
-3398.1811358926934
104.71319373880563
15572.356108503447
-1289.0186786003005
-4178.1512525156
1962.9923714095203
14777.188679300589
3500.138838301529
-12499.590619713576
-4594.815722413178
911.5028571972828
-11175.148090198043
-30357.497055328746
9492.761933006972
-3111.3784974962014
4547.991468956322
2416.3726737299994
445.1117556150763
-375.8167818368523
-11320.23786562617
11539.014355587291
593.3489325963599
-452.6261169770972
393.47367423899146
-215.29838403696618
-4954.344484793122
311.5205742277707
3326.126604871703
-5256.268433525936
6134.548071623692
-820.2146057381734
-1432.1232335409484
-5069.28718651734
2283.662381323919
-391.2583065669029
1124.6546960152866
150.00906117580487
439.7885402240432
-499.1486606681622
-262.5526100224979
2674.1762319238765
-143.49017955699006
2400.0339085943106
-2872.0522471053805
1434.2467263235233
-431.35537861217523
-1560.77392661958
-209.61627824260822
-159.8998337885412
199.176214855397
-690.959725894231
773.5411318028417
-1649.0967296279914
-13818.709247951836
170850.39739304173
-44096.66715431083
31634.71165890001
-235137.32396636155
11706.97711562923
-39003.39521853635
81209.39058442575
8732.825459369244
-126124.45466229449
-168.4861645389526
2910.4414211506037
46010.674322975356
75524.28685375351
-9843.184611498076
-74822.07486187105
-44203.89577781513
8187.135562698783
2142.5762581014465
59584.168636751274
-5318.310174596382
862.2642898899433
-4542.741555736945
6663.070611426725
-1817.4519786568633
-4385.13432935944
1175.3654017670542
10109.118097817574
3870.216513864302
-7295.7255228636095
-12939.567556424367
27279.305034407207
13127.237821878925
-16920.111779992032
-11045.528119212951
7209.502587899011
-35109.47297160199
27011.677038563823
-12474.370925978894
-16959.917610758028
126731.21541955568
2072.5666751949007
-18688.501857609554
-11946.18223571513
2846.1344490738493
-73572.43392068647
-2755.855070625316
7312.675486609399
-6776.436353785296
-4732.786803195401
1135.9990335633615
-8553.743120210242
-4080.3695606408255
14406.862619904055
16833.84729245827
-11028.33357545845
-4128.679462771386
-833.3812702474846
32241.54596265132
-27797.441595422097
-200722.9985266052
-250411.11228717508
324.2543115679715
-15864.236532602357
-8.347023278389152
5342.3096517166705
34395.39986431479
1978.6364314999603
-20177.099406745263
29009.19489852024
-40491.241754094495
19733.663691251404
-5637.677419594793
4132.854633152242
12773.595655329003
78.52540710184165
-16181.131997781653
-9898.456906024594
49368.18591280003
20399.347664869125
3899.4255776941113
-10218.213959894489
12847.412910790237
27517.61725999548
-18805.077558505713
8476.422507159385
9550.980807019216
-7085.387543790598
34365.94347982838
-22676.77922986654
15.229057743730973
-4.946351099023334
-7.713776789759517
-21.971136195481094
-7.553086153464474
56.29836476784222
-27.19023022648826
-8.405984316237676
-38.51522765135368
52.700465407899614
38.650753094808955
-8.738555300768589
3.2615692899772495
-12.879294263689204
-4.218657610292879
-8.619121052499983
-5.765568189499305
-19.270116890810666
29.66642720432081
-6.616796699477401
-19.140133115298912
0.188225313024906
-20.888479275679135
698.3844885930185
-7.9519616064810075
1.3131117899583742
-399.8418302513099
-5.548022997778197
33.00838499665907
-62.99547897689344
1135096.8948909938
558168.5196838683
-1573451.7636084966
701550.223586859
2558047.0676040873
23479.502520114507
-672038.6814945147
-1148842.938750371
2075613.4833520146
-3605446.9702451034
157816.96356325626
-57581.85896372147
-23845.652527801278
317958.5588912162
2174896.403802259
1644480.0046710833
2317918.941557602
-20087.151972485455
537329.6327861365
471392.9926218776
-36446.09501213863
178475.5702181882
-1721018.7602100028
672376.4000964506
2879682.4017801527
-887840.1652707729
17930.32305373099
145984.82160249163
-576428.8058215539
228081.2902936716
17557.32468003378
201294.6052059579
112468.15882447487
17455.860095796572
-130942.61966750165
164341.42598121933
-99754.79924249787
-33658.285416456965
-229502.6387769307
-278776.52564296173
-146377.73655373926
167615.73025689134
-107932.38232515204
29044.853429309976
15873.98121404351
-1356532.672033221
19119.34853318
622177.593986098
214717.22781644922
-155101.36844618403
551201.3554629085
375411.0734217388
-169897.4272052612
569952.9212802759
-590209.1919982964
-87981.87505375272
-93773.21048043045
98610.74926754819
143116.4943124477
-8224.51446257732
-184203.0687712035
-9.968207731799726
2781.47502090898
-289116.8525976321
-1282.6203342483698
21375.16432264692
-5769.0924509123
16645.23490223171
-158034.63867399943
98566.34232998155
206282.10463647606
-74996.78679058878
-139047.40994573056
-1307.3130664188836
-73895.45910658526
41446.69687977966
13257.173351026928
-1965.627362645554
48841.506656801175
84143.0267413778
-43863.42968805264
-45844.16916699297
-10.354339812727
-329.15155366245665
-95193.40542769748
-6992.778946147103
-579.212350859307
-378.1092834944745
2094.054864044412
-60537.49622717522
36835.61002284841
1005.8637142999171
-2260.5240520543775
-206.8942482387571
-30106.738554553725
-8990.987629527555
23731.905132242777
-58272.49585138594
4579.105403993262
-16962.852567035545
723.7683168297651
-2819.7984318201884
6995.068061439997
-44955.595768166335
8865.269729582786
558.814523036349
-1404.612653420757
1030.8061420593383
-11.9002386986598
-9461.176869916433
-11.905180241314591
-230.0858321680072
-9752.42729832501
732.5093400348007
-8.784245388654664
3319.980612326285
2386.1028965880146
21.603760197417806
6910.675806307103
-2300.5554023792597
-698542.4284025253
17507.346144673753
213740.05935145158
349045.35837158235
-1117489.782539508
-518778.1697470532
-56980.66406676474
255626.14345329104
1206.837328089141
168841.42155781024
-52871.242766340816
22304.799880020906
115455.31186378302
-34839.674100810735
4454.522197307819
-245116.14693503897
167912.48902543564
479875.537748892
-255385.29663695866
-54591.967611993925
183450.70992487296
44504.33240155377
12320.208104765834
-24506.49816241523
-1594.4974422962448
40712.20875753726
367.9806733349752
5083.424711361
44.0364102664689
-43369.48850141742
123012.35032647403
289072.697914759
-5460.123177974777
43186.62578076293
4465.978096624492
2682.648724922495
-25544.517511490325
113527.51171014522
-8195.348815084022
-476163.52948878676
229402.8596195346
21567.843606356164
14045.699571665433
231898.60064571523
-650469.4735244229
115660.98882536545
-138501.49322026072
-46487.460122642406
-880.3127204841753
-1232.0783465623986
-205.7068723518565
183.48780790897666
-2279.1860683573436
2756.5935188877297
2471.6589725505423
20189.36960029412
1258.5867752369386
-53754.76105212137
17347.585650262026
-5868.236579843292
56231.570760403134
26728.406063884093
11500.52702309305
90905.60575408641
219049.7882180469
5844.058405558606
53030.68979134109
-42051.74584097583
2029.2101813934955
-26250.304559710716
-91237.5851731373
-871019.7255083956
-55708.33985090193
100197.06345387496
-23098.058011308818
18704.66673374835
58446.527860072885
92362.75262089966
-3828.896339869732
-38140.45975911762
-132954.16607424285
50479.11749077824
-87242.84877876492
-110509.79722648564
23327.78643588753
4125.519530878981
-5066.621001899656
-6725.929870499281
38220.85125848348
8246.618631970428
-121105.1470106091
-62995.891577232236
-145265.71424259595
207216.7579162902
415212.87872244726
-734539.4140017731
-465090.42149841663
-660360.0919570368
697640.6241449008
112767.31863616694
104186.41669613039
110224.74860564298
-252584.22077374396
534703.3209817633
-99714.353679449
353048.9418057968
19239.367813468147
16296.888030864791
14216.373966848203
11067.604445016988
-706109.706510478
-64456.85179642765
1694987.5864653613
-78630.08520450884
95273.06347899266
2466910.636065023
89997.47873360987
277835.82220527
520313.37675782276
-484026.37096509594
68976.11164117602
-26918.600572693573
-105082.70983572718
-34863.07401784821
-17579.157244133396
20256.61780705994
-19221.290418863195
36445.9140029171
8053.379653292589
13363.954491438915
12360.515874493663
-2660.9067777679993
-8800.25769302298
-14889.788808148147
11961.071682165859
195503.23299233362
-93867.85549435602
3736.102620427862
-3928.649022405131
227.79458167979985
1581.3697383346976
-16.565061477319635
794.640620518211
-32098.912430600958
-4698.662573368193
-856.5971363464197
-200.20463258459438
-3964.9933175548313
3485.896525851369
-2435.0184430162335
-2100.9857424767547
1806.9824647739222
5190.22506560699
-12.385418822301855
2795.881509208244
478.63168488239364
1422.1904078448692
253.55430015588428
-159.87647459212818
3067.3196526338743
-7524.027355833985
-1857.404038930442
265.2958104331767
20767.761831033607
10854.086033328467
29.070439215391296
-657.6739728774868
5573.8377294548545
-6944.904913681148
-1484.9972193872582
977.4092787866252
2626.0450173148383
-3366.8401434859525
-612.7437991429578
-4889.498193477125
1982.6778811631768
-2997.008190847913
-1975.498161913986
1835.31601247643
-29821.899610002365
1137.4938104216465
294.9838853794724
-13173.305008301179
517.0496859885641
-1247.3508692156734
19570.66188716159
-1985.5163540126955
-509.5787934230705
-512.765159851449
3892.219616720354
1201.0245758983835
-83.08665864533721
-6.944968665026247
-6.063198115585239
-411.5413999096491
30170.368310554517
6681.475325880743
1021.343019651073
-8766.17479899653
0.08868893920457051
12351.16500879563
132508.15530337323
1183.112298922133
-37042.65152844946
-15746.043240134035
65975.51809311664
-8133.339157120409
4755.6688028610015
-17971.868854058113
-911.8555248604464
36600.743059591376
16218.816851362237
12768.016816284024
-3351.842659719371
-55324.769147227926
401.5426514689345
31157.96560604269
5628.531850445423
5160.499336452774
-18875.259613053164
13843.032436344209
-55696.11702817808
2918.1105165371155
-4838.358476518271
-9263.806605193507
-238394.32295194865
-48.08433570692267
13680.075735894863
-8107.679745414343
-17654.9219192206
64957.40638629949
-10915.78816499878
520.8079452405893
-336.2454188156579
1218.0429426262235
7395.797412692998
14.551267033212888
-1588.1045415568603
809.1787908213045
-15431.014023860425
-139549.00030006852
157522.68834470498
-1241.203586360549
-53847.02343737995
16214.58463631583
12563.580314283001
6084.564107575349
-1136.0301834179843
363.46083935111517
22054.33671358934
-2238.316850940964
-686.840487588599
-717.3637899938288
9048.530996371645
4178.896948888645
-35805.27409976975
-7866.273183270411
16566.32751524901
13096.343993434728
8897.622997005144
18981.57709271829
18724.80687976353
-130105.66910892984
-110666.09014566118
-86312.78155082864
202931.35149016866
-50507.71300970591
-31774.49714279829
44969.87774583758
-37196.8743120938
-11.848259957372054
