7950.3551903317375
763.5951116468127
-71483.4479108275
-146985.388628852
90611.02518303297
27751.895240263893
-23348.994212496185
9504.498914477073
13423.778958861823
-315415.44460667804
354584.8365887177
3519.556171190914
-42786.73707241234
-30521.59115665739
-78387.91717539227
67781.60449165547
11778.71596321407
28637.785403600406
87672.52194100882
52311.98491151071
-131766.14352942025
-77109.69363512551
138676.81894834232
21033.602454027558
130860.03505515693
86297.63781052336
-342706.20903865824
343837.9775513989
-21708.447850122473
304134.4852071248
197481.58314597045
-30563.29084612765
49393.86573005903
181006.9665336688
-125838.9324997896
-244594.06530117142
130023.08717842509
-385991.8683908767
289591.27037576906
-177948.0231028833
30748.821725981397
34649.68424317642
-169331.43807222776
-262235.8814694064
55296.49210830915
12209.940722454068
-130865.77958895158
80030.49163779014
119143.5245532292
83440.14392639467
126347.02947429482
-174126.105405669
-249730.5425556217
476299.9055626978
-65818.45760338372
-40317.154353667655
-108193.60642548428
-19920.683703990333
361572.16927181237
18122.14617706669
-11446.305864943906
-20634.168119666294
48065.61661486706
-11451.808534029768
-332545.9936104251
68319.85634290884
103242.48471060893
66336.10158877277
315.04316364105887
-170810.15439761276
388780.2075145958
-199007.46274393846
-130273.20748170924
53163.876263155275
-6881.031710601859
44889.89954498543
270637.3001156902
822.6454099154213
-948.9488831962468
-104103.24344997227
-8480.344805734907
205385.5923721746
138746.6209247287
-8248.50554652422
474292.5195006552
-106330.70804590092
-12274.802447083921
-142318.57356272225
-217835.28003721873
69363.79789203714
87599.84790318675
-3471.161674673236
-38051.08114812081
-6228.897383584741
80864.09943320179
-30245.489739039735
-37601.808499238396
12157.382423040985
50660.6560526015
-53200.69223309008
97117.68396232439
-37139.800648795084
-142209.4928628113
102331.33417790725
-90712.158002881
227728.55879077874
1091885.521161707
-38076.55680861058
-1035805.2370241006
-182761.28734723877
486270.1387804882
-435268.9201316439
87685.41976624342
426635.97082526056
101536.84296567981
-6384.542247977426
-683759.0669748515
-42504.845990674046
-4691.198033532288
12967.742027353775
-41971.98603025825
21404.84465398604
-2689.4596340546354
33840.96301269117
246329.0800183632
23086.414356679925
7971.506289881742
-52595.64708934335
-249170.16711020566
-100816.51554418557
-28647.706396764486
-115908.81380528104
89793.94763862075
86456.95271611176
-109499.67478010317
-148791.95656006603
119542.17534909061
-27000.8776573242
-121548.42403474709
80123.56172144548
33572.034314504504
-35480.664379835835
179382.44740836276
54902.99458852159
10440.23103019035
-49967.90732158022
-47607.92242832546
-105600.9707023091
103313.64415931914
158026.00841863366
-91027.77162388177
112738.99730716227
571536.4160397751
-113206.16648933552
594147.0072014178
-63953.716640316474
-27389.23767022575
-281961.9367627829
217854.38277987702
264597.169374214
-239097.18498757933
99664.28596027059
-50804.80432405629
255681.80513856187
89872.2791930493
-135125.6997311697
498786.00203595456
-189215.73364865207
-152381.33292930192
154176.19074767365
-261135.60605324197
228097.71555839077
768947.8085206579
-826661.17772886
237518.41106795552
-409887.1805001362
-263464.0223010125
917277.3724573647
-926714.6720489291
265270.2268565041
920574.4079028984
777795.7909868986
-408198.7210117245
-22784.689376797473
341.97742791673414
65134.737382995394
781432.9291061272
875452.2219914371
317639.44149865874
-1778741.558310166
389880.4797443824
-147325.0997338143
-132009.25038239153
655312.7771262072
-478724.5802174692
-15765.170621839934
26379.87714311299
-340381.41472861817
121885.34840616498
-11811.00135437562
69293.38506758156
131893.57294469627
-247572.61820649894
17778.33077309173
143436.51743958113
351754.9202788203
-856511.460187003
-611552.1644493164
41061.495505593244
4073.781068081216
29479.519472413587
-144836.13850359299
-28222.38299508588
31606.273344185418
1425.979831557177
4456.07023826552
17809.147870665063
-2461.862829828451
387.05224276169326
-19675.69157826433
-20165.494474057043
3620.547177047343
-5915.588179331656
5073.907523224167
15340.884563459564
7345.036935899613
-10959.949915344127
-31176.797170216552
2230.432458473665
64658.04157923835
-19288.673209077097
27666.591157908406
35957.52611779396
-7409.223875422794
-1839.656033929428
22445.571335693563
-96887.21777153562
-33304.020408128315
32725.011466150158
-29590.38145090963
-131818.22687402097
70258.95462417003
230323.623628724
83377.07802881584
18166.900481849487
114886.59010460263
-27667.409761039547
-37862.669909204116
500.47141614885356
-106464.09702568961
-8775.72004076487
88713.39732856271
-221136.6070511608
64533.855518157805
-65546.65497477079
-599657.2894741523
220549.69659860348
-101174.75111139109
-499870.3850194227
-225803.02633171028
-109628.49723080314
336149.37466200395
-176627.3802071939
-45858.567189712994
236762.63550832742
183517.45473509922
-10340.2094095276
-34113.60075884215
-65449.410302912904
-166398.17851006205
-27506.60965858523
6552.167337287416
-13306.825315368027
37532.35061442781
275476.7011284781
89170.70991662591
7940.300551594978
-46869.28210769008
-59731.76957666652
-48812.84927938951
-69178.45905712208
-220810.95239048358
-86085.25824685216
-28679.327610386455
-210400.82888178446
356118.26105687936
-75111.69678113732
-184837.7791496523
186469.09654357802
-140151.27769028617
-19932.229089476423
21051.629067402868
-10025.662575102468
32036.481146968472
3058.612706624185
54367.26319370979
-10504.300402932446
-1694.0055101191165
-7987.674707623424
2852.4802944026387
19669.740204742102
-134963.54505358066
31166.19279735783
-81433.53613608993
-23020.153893342038
-30674.488338837567
861840.1855088243
-48190.7603486141
37839.645656222565
20213.776190119523
25561.037475531008
-11453.91974595503
-680.9670725171019
537.6127845399943
978.9043024997617
-19.541111057387578
5244.489225136419
222401.96621323892
-28153.3553641756
134.72621024813105
50.49138214665431
-24.411535966893144
27054.973063115634
302.26457830821613
474.71258132960793
-21.2468916640859
-305.95630907158016
-223233.53018292517
-509025.81934168504
9975.386194194065
168.69614110229492
655.3162750528796
833.1584134312546
-348.54327699375136
-999.3826876728308
-2030.8993459171847
-36379.019585894566
776.5779435662346
22032.24455921006
-96906.27020635355
-353.46276771683915
4988.959768589838
-23291.923013178297
39927.43177549241
5295.082998077992
2283.3477726834403
1848.162661763437
18854.54654967387
-50405.07768468508
20468.88805904539
-769.4825636003799
-28239.55328622952
64651.83843717388
-918.8720184805843
-53322.463390028606
1730.7982361155669
-54059.479528989585
6126.187227766213
-14246.44614044137
27151.222221955788
101077.82626401326
242585.53516484605
37400.67771128332
-22293.18427002193
-462.1282560780098
1145466.277522188
-1019683.3284793705
149228.97645061175
-400734.36441394367
-62932.40150587895
-150337.42845122132
69270.76266906701
149998.36362121097
-71565.29391661854
277946.9031337422
-514258.6047463039
64806.93766638473
-5056.389899302154
-149407.80094384385
-315405.96063260426
-75432.80023869239
9035.690089124508
625027.0616437397
-85225.62925081814
-56256.143827469066
-89.09438167403631
1385.3542315406787
-201960.17179230085
30645.26656829592
-70.72772101054042
-2511.235840746349
-18745.616197504063
40578.56200960809
-2105.7049452241936
5197.038258325894
11655.594708750334
-67640.31081518733
586.107032328144
1234.0267536631843
11069.206067274137
-20031.140372549115
-18518.74842834123
4009.7674770934073
-6911.253070175279
-16959.222109513586
15217.330462056563
-4908.339945365158
12374.66290962264
-5128.038571641497
-3874.8226242089463
5480.138759295767
1085.7496860096473
-109984.46608763459
-6849.307827309261
1100.9125712243244
579.083210293594
19773.702476843446
-14315.051850730153
4089.0535654680075
-779.8575147508155
-3.938177859472079
50.89836767240513
6655.785434166553
2136.5600843978145
3029.007625736017
-76.93217421108953
4419.200160197751
-2229.591778355949
-977.8890267480705
3967.69179066642
-11441.297494200799
-160.15945608229055
-2599.0244877342097
-118.74068238910449
875.5926778605414
1952.0208620594544
-1300.201153840886
5598.533912874521
688.488048002246
-69.97841323894947
5206.221572242534
-1654.5442008054613
516.8531057879468
-4182.884380870004
1421.0361906072194
-1559.8055983589727
16.872494167484806
926.1574489311055
94.03940905375666
-3173.356876141598
-95560.47582458553
313139.3387286657
166190.7755622436
41555.24468839149
-1103334.768671446
-66957.57200540724
-43180.519367588786
-47970.13338771818
67503.6698539891
74606.295800266
-19781.21928416191
14585.399056103774
-54683.493642379486
-88012.9322401531
-23169.542505238118
17944.702989632176
136876.97696731277
-41147.04676110284
-13398.098071725062
-55392.97056184799
217802.86696997582
-3286.76099477634
-6095.7747165499395
2145.056355023177
11187.229294444132
15141.837825236587
-1253.5478404687874
-26297.30240343636
16742.480818852047
32830.024649525185
133.0544298470855
-1749.6500323557918
3210.1470250564685
-3365.8963749174327
-11459.237363749548
1716.6502514893411
17338.375167801107
-10805.779755710068
16726.003464446276
-1223.3294546084578
-13872.525499338712
-3964.5657380998077
-21788.221505686022
4200.311651748164
3657.7181046773026
713.2584879151851
221.4791559980607
-2318.9880528289423
297.7012767397402
-1153.384207413668
-1262.6770786011764
618.1284110299022
4450.911032581012
-9269.463459258357
-2874.2149745670504
10732.426748878068
2605.1589282509476
-1711.0127326596305
-1442.2187815143336
21228.607451550284
81280.37641458877
282655.7353329093
-515.2646376512072
104979.67451776723
-550.9429049004243
19521.603700275766
-110458.67434673826
-25280.563272388405
-68724.92464008875
46617.849137258956
-75064.79563871924
105231.17759619457
9099.078418702458
-278252.91465564724
-48460.356643778076
1338.0390844535889
252379.33546706743
33054.9647020054
-211355.43867248556
72473.28928345654
-12045.976516281658
-30252.486586312873
-10234.03489283118
6158.285793719535
-24307.9107803805
-7488.132871824464
-103778.48398999496
-248789.49200747316
172864.28403222898
88022.08779495042
309.6161767101642
98.49860564198896
-259.6333650517635
156.48159944237284
53.680377406105585
-933.9373889982719
-192.723252674417
45.6046399672712
599.1653313910489
310.46294508636043
296.4172291103506
8.183837780126808
-601.0634770160807
639.3959059056594
-371.83103030643423
-287.9014889283724
-56.227054346454864
87.48183334581157
11.08319310725811
-85.05364372192436
742.5807400321099
-136.07710717770357
197.14669115269604
-33276.214886384914
741.3518110754982
-46.37114397251661
5790.906346365194
2.0213321437679306
520.348093390554
143.23211304247425
158674.99050730787
26643.070702456498
-212027.06836867405
33095.120544333215
12231.46867023749
-45597.696587783765
66527.53806161117
-214700.62427855696
453329.6146577825
-376857.7380288148
-26672.805755132264
163.67179159605854
23883.869589098846
96242.70495089826
37977.422834323006
171080.39695164838
-66175.78033836969
60028.26547286682
-40421.10776342483
55981.75934762691
36318.799405263744
1676.604980609606
-152688.44682643667
-16311.342179957255
95764.6156871765
-111234.74852358077
-11340.713491831473
-9094.268872995766
-49838.167650191725
-91796.23565139806
-2611.9264691876256
43612.3353981838
-93867.5939427546
127366.13195208432
88054.0136670184
-108803.23842336342
-39323.67351520571
-85240.01205490147
-14535.43625019389
99890.5913602465
-86850.12734229576
6334.059791204271
64978.65580212557
-13164.182639981842
-62033.794924605936
-7362.726618817509
45792.824616215155
52054.58570716371
-27977.80704257256
-93985.73679453616
-93232.1507945201
-30525.2644136823
89088.1568055386
-78296.99007451575
10413.657317501793
34025.22009417501
119422.57210906752
149030.29979000948
-171841.1013043709
9184.224488066955
-119728.48733992576
-460.6470153230645
-358.2393970444889
-225569.86765983698
-134214.53191272702
-51363.956825033805
25461.82471936447
23300.99478437196
-183302.1542993574
173985.3344526631
182403.13490686734
63928.20086153729
134710.03855355378
-866.5429697585056
177894.34614173652
-377407.05416134873
-123328.15205428336
-125.8968291442875
-166442.73984110815
47739.62684159891
88628.53412363045
276248.1536453931
271.20862657824335
-861.472603292959
53458.12196680745
-14830.641743804823
17994.794360298823
10419.570897203757
4450.387922796936
44387.70484109602
17284.299247974242
3942.363198413189
8340.517859160129
-3401.3117501524357
-25122.081033280218
-1199.8441545384635
56568.575521979845
65537.9943114424
-47824.62151281178
-8294.859525300728
3184.702028362146
14370.853742851796
-35657.0500679074
-45538.20192464731
9835.724704979983
-26422.43742356379
4945.572428196057
-1423.8706194180425
493.69426332697134
11615.283556260496
446.41199485287154
919.5650449784596
14485.711783204788
79.54475205892422
-113.54467480415005
-13914.276611169502
16725.058632099073
-1511.8908464580645
-24017.721257643232
8014.274627782294
-34403.99965667683
3371.440258366209
-105989.2098670408
-101930.11677635467
46148.52511463645
-9477.44515549639
264461.1155594119
-166945.4898811537
-27178.859725156304
44094.81603542642
36252.40938601281
-60801.42432748228
-109158.14907778525
20259.28066025574
-54517.29653571359
-249854.18298387204
-102414.93981195595
-116654.44953921538
89634.9830314786
22823.237803222615
70291.53212864685
-62252.15255185265
10214.518372549644
60092.4676875348
-18348.2631135294
-686.3544514753448
7715.396348246366
29134.30511048049
12398.778772437254
-72702.05267429273
-88209.66976254014
-173389.1353150215
88756.77859228314
-67880.17950058627
41721.03936644147
-23947.743437388217
-129376.80575136037
-205976.71352274463
-18729.644328625687
-43724.70838496886
-171862.9525303826
34833.16937104492
15819.998333103693
202698.55675189832
306328.79484500166
193482.06705250943
-27052.78358128793
130882.88290169807
-15507.508572788707
1817.9861471232962
-12350.87089272444
16719.27164228459
6989.658199091742
-8661.53319133322
1789.9611842747966
-61088.773287925964
-24724.899975954195
501.73636932450916
10998.795273643911
79218.37460390133
89217.9615685248
49052.13613170505
63586.006658672115
-62671.08126325113
-147545.0158267456
15071.493137976111
50951.3259244897
-70956.02639558079
-1572.5358669975503
-3011.5450641464304
82787.86510577935
61460.6101346795
-53812.97682504021
60927.75507359765
-943.6208743861407
-13639.265940423478
-16729.117583167765
-21761.62604694416
-400.0046465385106
74435.3449290133
7126.250775030369
-5770.604630020091
74951.78113213043
-57220.344972966974
27372.444057897806
-2588.5097931486052
-13770.890538199412
-28358.196844770326
55162.55106759652
721.4331102326083
-302347.28353543073
100287.99508311416
34750.112392658004
-124314.03897257388
375361.4281476288
371046.2000579238
585576.9499545323
-48327.13209568927
557993.6795365872
-154760.45459705815
-552319.5807798146
-145481.02870768722
-316759.88675497344
-255587.01651606133
-46181.91959605818
-447300.4563445033
-34639.622277809416
123993.9594043399
196792.7215660773
153362.30659204297
326468.8441863196
-24202.86015316706
-2508.2871089078503
40222.47436678237
-7303.379503311694
-60677.66774223077
-67598.85018009535
175981.34985950435
16191.519471742815
72353.97892564422
102958.35569849629
436032.66533605667
-47075.015600362116
146037.97963257477
-125771.23514163747
-24473.2861114931
-254212.7941061614
102074.66407991508
6187.29284905874
120521.69978057394
31064.505362429198
-56746.09023964941
-12701.01772046695
-49663.31650786575
-7316.606788246035
268244.87451446237
212294.6538063929
67977.64991103143
-121720.87113245053
-39336.02996156145
54401.11523122189
55.900356171049225
3876.6563752024676
8231.55298120185
51309.163020483524
-12501.022541525967
-11502.860748547952
-15831.765910365379
39828.092751266435
17026.169552316478
-7657.749674100099
1077.3095868704008
4330.971213875507
8.95637017083665
-3189.770863256435
-1999.8674263208156
-2043.8121181030679
5.812290225495562
-643.8529299686255
-11418.586344234891
-3727.578332528962
1003.6199574638204
299.5253617204702
55213.923478261124
-14871.598044109449
-1036.9720998674118
1713.6279202269072
-6906.4831764600685
5251.969199541638
223.59681347198375
679.7460454391597
2516.2435551931944
15189.638726261874
2923.2874817201564
-3636.8689001645675
-13546.282786789114
3748.2391706857816
-971.5908725510598
-2722.4154359998556
2477.9236699742223
-35416.1128276768
8613.171505051701
213475.444143693
845.9079526159024
16336.480405367112
538997.2649667423
10576.797257148202
774.3119295808353
-8245.516511743419
35658.17779099741
-24220.48356107789
-179.99280017030134
18.858595338879947
11.64149100280088
-3949.918989482344
25220.959789274835
25675.24326879297
-2605.9512923912616
8167.311799018105
47.531718287539086
-147511.03499158905
234621.34613275254
4565.882407483454
-127896.02673241019
-8803.216443399167
54685.38265266286
-21082.33805498934
16569.360445069404
229348.2196861352
-15651.42015676709
25203.502037593225
241374.8550193516
101146.89497729017
-39725.21445808263
320285.26471294847
26570.627190861633
395991.7490507825
-54658.787656663204
718273.1072571387
94866.23311776656
13938.429000535725
-94792.46486614084
10972.960389416363
79177.58021312105
431616.1135569805
516370.66961588536
-14757.72209649635
20315.793070635067
-156643.95370624107
105969.16961246665
-105789.72920383568
2780.1181914616927
-8279.701594362507
-16519.964409450127
92345.04860183652
-38830.61303617745
19367.4164934521
148122.97350966695
24946.395109529967
46552.85349804094
43674.151000292295
41793.634447460194
-45286.65109325571
37.991734094777875
52.18708801489605
-33021.60283108022
17504.31591729251
792.6888588359699
-1433.449185629908
-25551.537819862842
862.3392239928885
9838.03124427766
115.3495760046171
-7576.249463282197
16620.36337381784
-165994.4972315904
22979.84316248703
-145768.599824172
495583.72731959616
18499.688388593546
83604.69620683501
6760.206933280808
3004.323590912968
199705.65807032876
-38147.47735932076
-54713.747074909974
-74506.98461583248
-63355.66204539607
8465.464093973966
1519.1944956748462
4.422682498328151
