672459.0489026255
-166691.38427870354
94170.09558127786
-703637.8846703729
-766834.9856198697
-420427.6465098083
222035.01950694263
-500298.3381479759
-1252665.8883808716
1427127.8805662948
-475536.28115450655
359105.9841586876
-348603.13379916345
1010181.5777720993
-752993.062798063
-139637.43638015082
980933.817818618
1825499.5162087043
51922.43917720577
-198600.2343792946
1669506.8034975561
-665521.4893732003
729210.3225518209
-415107.5647820023
129532.05430347822
-687982.5018317275
611921.9320890183
270625.0651610894
-649499.5885029931
860684.9032051929
-308253.0452249144
-133506.1362386747
46718.931332390355
-12830.098330562818
168782.67741333303
-296761.99057464727
-107107.98610697876
38436.69806563802
232912.20354044696
71651.5644022409
-168337.96841738152
290347.7893753525
148652.76754731455
121741.74448839723
51765.19708994095
15366.245774665276
164270.2966995112
-12227.043243816453
-341260.84563228715
-198808.8935784444
-108628.36958242914
690944.5885112607
-122814.85180153439
-91064.69248275622
442730.3202782449
-65593.63462827221
8896.030479151357
-423758.360165002
35288.67630573957
56350.25889850839
-37921.079938675386
72163.86814284472
-85419.71854724784
188525.39793194138
-26436.65437274888
85312.12871261567
161715.92177255588
-129886.15927266856
-69.89773447474442
25946.733015614274
-305447.1062041747
1103.835816854455
172841.2305178892
-43550.08599753277
-65298.731204656826
21376.61956015354
-96869.62204841744
11007.278897604081
13680.896124179362
15061.321814932555
-17389.23124238917
-161465.4356453199
291312.9604923768
67926.90917996629
4332.082272495605
-95247.93023497965
-9529.834070345229
-162808.36880884436
-19986.542382648808
-86589.47977851437
332623.6763385221
-105159.68833082795
123813.67605929181
-96025.3679407374
-200827.21738981508
60279.06142363707
-136838.6640796024
-545642.4959722174
138101.77172595926
268709.01350658364
109940.42907351903
-24382.84033017769
139561.38594655055
-81487.4768909801
80274.43964166957
-58640.190788831336
-765449.3962988729
91078.0624700231
640436.6793371862
286997.0266107711
-66632.99393389196
740254.1228071216
-489149.7888890257
-1836848.147844745
-484813.8931946506
606393.9354320714
1677211.5823540683
-94589.61503381658
375331.7183635348
-47345.329554416465
161144.14366344272
9248.824981081842
-6154.878616968036
-210267.53952625676
461094.5613996358
-390289.70934633317
-97481.33576003036
492893.1693751289
-11292.13929301577
-457154.2390904436
268822.0065133694
200558.9334180319
324909.51366785285
-643872.208910839
-571810.2456216823
1038895.6943065774
185474.8855287052
-134280.08880907157
-35226.483239679386
-194367.422808957
577334.8825741588
-480039.2988143028
351916.1309900029
-265476.2520742502
58407.57933415849
7949.681438181358
222474.39321387114
198093.96354227333
27192.825160819197
-242742.45684568142
-1211706.0285053619
1082416.0077839158
2995227.4867021954
1518580.1640736798
-1244278.11280673
577102.6719164929
2291361.5322241443
641513.189509815
-457015.7957868333
5390948.4943907
308745.0738656988
620177.5410906695
1628913.5629917078
-1220661.846346683
240703.86601622822
-2523871.0807900187
1495929.0181576808
639630.6204468771
-1444938.6914977543
-558998.5422850363
-434860.4084656302
-53115.306263865976
-3159719.514004411
-758376.933411832
-400462.95627736946
-4482952.976695445
345168.4411110583
-654845.8749828838
-44266.08840532757
6290155.579372176
257016.65977253093
153347.92030423722
867642.5567205636
13020.504765623575
870419.0151644482
-440301.2230156688
-712345.8324027528
-1204581.1947389685
-162270.97959310754
138583.49244940258
-22784.62076837033
-1267165.4434754108
997111.9446883672
-557835.8170559987
-560983.2614885881
43165.22200665888
-117815.89824375042
39771.966902958084
-790312.7246507822
226229.63282465952
-1018052.8179941179
74705.83203075033
-55399.234801121354
333095.04545892077
344082.6231513994
207724.07719175745
655295.8108047623
442275.1684786864
138044.02791346193
-21558.238446089308
90252.82415630989
-88192.90774752887
-51588.165550279584
167358.98113953858
6250.526479929395
127083.55579057174
-37188.0960541414
253663.23902677523
-18178.001351747116
-297776.7190462284
157131.6133509408
18070.4416866406
-32578.59237644172
17667.499909707512
101966.55279329034
-79784.37880076027
-59459.968475737
-14571.075504776853
-111671.39708168338
278116.5968698943
58005.57733058112
-7123.421736525649
-123741.91778796088
-177919.53064795822
975.302395497113
102293.50212064415
-232102.51278782566
-38249.170916146424
97979.63331743325
-15164.574689676307
-335331.1684624483
300500.85820248665
1414951.4548639832
1260707.35282887
-1204106.613882282
1265802.1100069964
285034.5074371551
-285774.06643843034
69614.07074910165
-3278577.808102767
749636.586738319
41421.456064294754
-711813.9492465326
-799961.1209076465
-503619.2733910765
4724233.269505118
-1556629.607220901
-96652.07868969864
-4340819.688643167
-1489977.4197742452
2490413.8903384674
97377.7291667452
-439459.3527271707
1008347.1314076589
949489.4954150607
-325367.5278958375
734587.4522813705
704434.8531175132
-623653.4340734635
733515.1486231262
-176976.488080102
8002.577351463073
-4840.119562597387
304908.5061683214
611916.6267350726
-140387.23892100475
14366.703020973266
-1360283.0173205354
357346.36940757517
-20542.821768392245
-466559.6903587137
-2989859.621805192
-1074678.0727357557
9979.335146674812
151884.62185373146
217607.6790242702
2927268.1438004617
-157604.22496914465
212969.6243747215
488188.93356262025
232464.16980363906
-90126.83140421721
112843.9549505874
-117802.8012220605
36937.95427606267
-421471.3133339119
30642.445673691444
90092.3645637024
-145770.5140411007
-42122.23726624522
-82203.25075396364
-736846.9153006076
-138958.4464740365
-116093.10507119811
75989.92645240563
-89961.9958881819
-267749.04934340843
-57181.68743217441
58470.40233435688
-11188.67734314569
-15963.068112707897
5366.564512941084
-243.86529582484093
383.240552562218
-1587.4039475000195
720.1588475784074
1005.0249848582519
101537.64826774002
-9590.493512384832
136.09147509681281
77.72901277391472
-106.98673620265508
17835.981964809638
-700.0405513943626
167.96962286899492
29.172349811699966
-218.13813244800582
238161.45604918545
766307.2404329955
2866.614630487816
13396.31214502838
-1081.9238309013585
-6595.150066486695
-201.37344200890985
587.9069230317235
-6333.01816880791
22793.804298888892
4800.506937293536
-168591.95478835722
10463.274523691942
1856.3554585635943
57384.709816903065
-65535.36769833567
-270960.481366336
-9489.51282265745
37552.44544126751
-1868.3743494398047
-12937.86126647372
-76863.56661293117
98102.2904893705
-18037.512770431706
-222784.61009097184
63910.49081431451
23135.657192561735
417725.9993262056
922.713978664289
22105.124970636374
-16339.368930282657
14892.987354210649
211.53337085258846
-109158.26457773942
-422987.83901881985
12568.815942225005
28490.091983640847
-134.03861271338502
458123.19395316235
212596.1851007529
261827.99294198604
-111142.19516317752
197407.8915187
208512.22712630645
357030.8067143706
-248060.69402802686
-23775.768609497773
62049.6103915252
270752.0346745153
-27162.49151027388
-2151.684817109656
-312671.161735216
71857.81425460524
34623.88008502099
3282.3033656421217
56313.48429887487
-69215.88130659587
65602.03676345122
41.191792245105574
-19163.734466788475
-105629.68884350076
-73103.35548679305
18.778680724180337
-6065.768795532035
-762.7209504292454
-44906.816296844896
22.781090746401194
15095.143914028144
-179.72072196412574
-3650.2707044959684
4374.751324756808
809.5916647066778
24760.11050244771
-9805.604587725791
-21193.75211808304
51625.21719909721
87139.34008116182
46449.20005888767
-63411.41462642984
-32510.140494153064
-3969.6844937719115
-9126.296680634423
10998.305881257373
201.3434474487256
12644.19151521983
186180.10558247863
1044.9294352500888
712.3951172704099
-389.1818199092931
15992.5506547428
-8817.302687023692
-495.30545872628636
3880.8454824836513
11.880677569636488
150.8782604943518
-1619.2018061159797
-958.6419582795274
300.1901617250626
-1684.666523769125
5080.892037544653
-2302.985535848012
428.06542419415433
1861.6303087463807
-3289.4814070874327
-275.3471682356787
278.5223082874699
-3463.9646673869865
2487.9462692793095
1153.9859039993075
1335.632315311419
7331.482519522813
825.8973498626533
80.81478775024452
-311.9457545262494
2388.104585429425
563.0221267502175
-4356.571835092742
520.7051160109336
979.0998268676905
15.681070430208832
-731.9034710617784
-94.198658409989
1401.1794307099174
216150.77131945093
-50895.21793444859
268860.4425208131
148099.13029470935
-418914.1266818944
173322.23402504768
109079.7108701697
190354.30310277754
-15246.960059975652
-57897.37139119278
-20781.655758762146
27541.356070587117
-322757.50696205656
-782208.5761744526
-127813.8125874075
43584.52094918927
206040.84573631434
-16847.39924120954
-15960.835769858193
21565.660529751425
-96042.87833869898
1018.223318412974
21711.807868943717
-8697.30600028626
-4013.8198433917955
19235.895710872952
-30829.864592229555
18190.94065996546
13675.516600501312
4834.735728880492
10322.240862577339
636.0895048927969
-51246.64087175216
42789.7531092667
78941.04476973243
-2144.720895275092
-29865.547702884814
119334.33375257853
-166499.94515477223
29741.00243687945
16471.775632169894
-969.6077999830025
97620.13891042433
34054.88796885608
5667.337911314206
52170.746618590536
-16416.95387066072
11011.184026906361
2463.397964423642
-46205.692743511885
7065.517472542399
-46193.916943162636
19426.99385525824
53825.393914236265
56629.947846656425
-189303.7486603318
4573.483295341987
-17401.34550245104
4929.80517756121
-72088.82337695669
-41022.511788820644
-32084.067460103404
-4879.7645288738595
-16549.24319362886
-121.69759575460509
26556.004707465974
54794.564696080124
10064.485870106108
-12107.332691557596
-3527.491465638231
26420.90362430296
-15335.203441777812
-21483.482011781474
22981.984243444134
-35352.32738612458
-1041.10751535866
-26155.793148906014
-56727.948577814524
-92853.70979808374
-68860.51084762362
2446.502457674521
-8457.656625135489
52899.778516565966
14758.505106847944
-12050.620685277941
19759.750100312518
39086.475195097526
-56253.42110270882
76406.38767943603
-50955.09585423936
172.6182473579029
14.148278425403564
295.67875502954473
117.20268929782509
51.235404568496286
-856.9719466893185
260.3909452468806
545.1184716849338
651.1139096232529
-840.6497557649759
-815.1538651199653
28.56255497875429
234.25202333155048
401.8614294696803
-617.8257471083775
124.57213513896932
-67.05177966686705
-0.8524172111389399
-10.011466354209189
0.7734643603596987
232.02820128608178
-182.9765470570151
503.37789740578546
-20982.370885991328
2.1568040239610755
47.267933855555235
1217.201525961631
-8.512024219276404
833.8927998347164
-2439.1154651012066
-2210748.440515159
521796.08182880917
930289.1092016342
-595533.97135897
1488607.6126045785
939567.4258411727
536018.5216672418
3037457.2242100113
288699.4126991249
2427922.5181768565
-352363.10163964913
220666.75019537273
-449119.89041171595
1471082.2931197786
-2615906.786368826
-1069104.17759504
-168297.7389217336
34640.800465525936
-2131382.7650192715
1576712.41694301
2351830.23581557
-597939.434398141
1085208.6788236808
6240.887347460821
1911948.9428439194
-567151.2263741002
195559.93803316
99129.90300646139
-472662.14224158647
5642454.362359107
830089.955167077
-1129059.4053483638
2848610.4076914894
1101918.2710943643
-1200744.2281901625
704517.6305324782
2243570.3533852757
789239.9801806594
1092126.8739644084
-236455.67121299915
3173225.1517289947
-1327020.9401383402
-344851.6264754427
184006.05979071272
-1796836.2007711735
-3175981.837631373
89008.80104645723
1646750.5821808618
-917840.4888253548
402032.9890947843
2680321.988636158
-3767245.816407292
3582798.4005507547
-4305817.910137527
1036466.2139016371
-45530.5370370891
-952934.2861021546
-212178.6392354252
149634.8711613217
724.3881264709875
-133236.8023060019
713.1236057627409
710.2288677979082
-399921.8634396118
188286.22419408424
4992.044677872905
-654.2208751076378
-85437.53081391558
272955.2194691573
-290112.98883788614
-54829.89046506933
-164831.90687803255
502159.9731336837
16425.9208216424
28862.99565388557
205175.9758425012
-166908.20015524357
-1784.9766090516225
-188320.71625023533
-192789.03620879102
96957.92913310397
-132404.22074094432
49.13342261245075
-906.3537890177165
-488479.0348973477
-27185.296460405156
-14207.942853812232
16423.548376110622
12977.47402312738
72858.58436624335
28054.486993531867
-7286.644145413866
-10921.835442847741
-195.3820588314211
9342.298173855053
1870.853340081543
39149.720618034306
-128572.37155528924
41416.76130309554
408.77498743068014
2158.9965669524286
23533.574120474455
-22089.503556083728
-2374.911519372068
-15524.77906308
-36181.11037665548
-5534.104264427938
11436.323864662028
-439.824448598434
20814.029651543984
-50.320984779027974
-3398.8612382135793
19725.41876554757
-2653.937222320828
207.77007122818267
18163.401196117025
24173.635035540465
139.54404336267208
-67311.62198619118
25105.675436098354
341260.18010205415
-60213.66771874716
-240442.3604415183
-420865.07548840455
910178.1334497246
33202.005215290665
259553.80099914683
-366803.12074474466
-260033.16554707
-783405.456795239
7721.010958135384
491481.27086086775
25388.247793512226
-244862.42588661108
-79753.50882014935
1293131.5419417117
-1237815.654184478
-30049.663506793142
1000421.5586408689
306169.6331317693
-731876.6691455246
1214344.795964695
-50110.713991641525
84495.07999650642
105450.45934251294
-56139.03085185764
700.1963861230245
-33246.56275604454
-53136.58853816089
9541.719753010742
-105169.74648185707
-306771.55581054115
462674.3597807041
-440265.1803099241
43040.67932857107
240851.04669441472
-171794.89180179656
543467.5606317017
-41564.01397294831
-54384.6710063232
447863.49952982174
-11705.294413836835
-21933.855545848575
53019.020424718445
-1703863.8341712884
-282511.0488198222
415883.9320422997
-206150.93273871366
-8341.066607241435
4874.368470972619
-23980.22950173311
-27453.79477083817
9776.574656762577
9920.262736032497
9437.269983949274
-22535.049396044396
-1297.605284634377
6631.261043430103
3214.984646152619
737.2050493546028
305410.42498353554
-120216.38556751172
126557.58084139606
-79821.61540544705
259196.91550580677
-1781.2378359887764
112384.17311008541
-329820.0953598736
15229.063800519798
114541.68201063748
129251.47899577736
1182003.7754938065
-27160.51166328684
-41191.76618042717
285.31752241825194
10401.653924974633
-9807.664628007873
-350173.8717628536
-2232.8183752074547
-174540.9361428366
63020.169605538395
-16219.257302192656
-425.6944138300168
14319.842905112953
55679.96218691866
6988.784696153856
-11411.978925090654
-113944.09100291177
151567.40010161803
759.1179687869741
1213814.838367856
-355472.78040292946
690624.8035806533
241697.1498798976
1370347.8356200163
-1838024.361689482
215111.4585844816
232844.60527817928
-827098.1048445875
-525595.0375137177
-173063.4346811464
-403750.9958474996
-1118238.4374468988
2320680.6562244133
295915.86622970534
186068.28948223317
-310018.7346057093
-74042.23374070537
113825.19795913584
-1003114.3049716061
53348.25990534702
-116527.00487998687
-392215.2694174836
124015.00200464623
1424946.3546614363
-773667.789842813
-222606.0473601904
-545907.6712590004
41911.87969635909
181872.4859345749
2813.338888547845
-194484.47588721354
-247901.081537992
193564.51148662643
237218.96917720136
-3953.4209752363695
27685.74805582549
-43520.59269490921
-37414.50624301224
-56637.29527141275
8425.295810727504
14767.192878523883
18870.048360666635
20431.964679018576
2396.78623546207
9962.713203089597
-57368.43866297319
11517.330934199603
-32774.474671015676
21706.718389110545
-563.8631392331407
-11.519681475517997
13181.096417346504
24811.166193236208
-28063.117872105428
-60677.00267808097
4377.556253121856
-9709.626438442912
25667.07954465447
-10964.764438097049
-4396.42275695189
-2219.585807264492
-2524.5662973435765
4.2269844606014475
12211.35759906463
-3747.816633737936
-259.2603972959604
915.7496347835172
4735.79167259089
1226.9848052213495
3327.6114946513408
-3324.212324156287
-836.527093676138
62823.60761264938
-16150.275380742476
-1447.5160437182187
286.948153837992
-8077.430782380614
6568.291972276571
15925.952590631745
200.97503961872513
-3695.881931662529
-11436.125791000426
-2672.8978474089554
-582.7735662669244
-34826.2636767969
-8134.3862371101995
-2376.5581080458696
-1058.2858915120469
2827.5579641755185
-22848.56114530601
62.13111527216961
-30435.99811993781
868.88241575235
9613.056815637861
32915.67317974168
3615.188544718404
-6102.982146726468
1182.1266920465591
-4623.2656376681825
-5155.184602509276
-218.25065974113724
1.3532179065982641
0.4966501192947955
2343.1687548627015
-32535.709333321745
-36811.41233277034
7752.5147786893685
23744.149362455268
-13.96896922980861
18968.937318740576
189824.31325139757
741.9282491188699
-201621.98933498294
17334.97918051987
20567.335146784495
-19863.841817897213
33930.10219988264
52870.026957550384
-1205.8211727046848
22003.405813870322
30260.09650205643
-35976.47841253137
-2884.6677033845185
-47989.380855838215
-4667.063822377492
-54316.333967784485
-22080.39345022115
-23414.921740386708
-4582.521172380314
-30110.886060975423
66440.13310256059
8942.654237963663
23042.138846001602
-114633.79898402553
25383.035105001865
8922.147883237189
15939.35634826621
24872.198104303003
-75348.55621008793
118664.55336746719
-16473.621242591922
6540.769308379851
-7779.278156135037
24307.032536505063
14139.445888818003
4732.88704450451
-35525.05595703543
-4476.694317261233
-9067.011878244983
165785.14145461505
74102.65687816445
29239.210292502004
-2902.0658915744725
2066.2586194292207
89903.74792447948
12448.816136614876
4496.119605783434
11143.081155874555
50530.77868591792
-36031.80625715072
2007.4320618738768
3920.9326858319655
9074.496862541075
9844.828672358974
-221637.51791541613
29529.942314174492
-153304.5973088916
166154.204117925
-1618.8437259137113
-9053.462548093845
-16775.62908543368
-63391.64311771915
5829.920339746182
-53333.788411428446
106129.4614502148
-29899.836153249584
-199541.88311574585
-22600.461974380352
-16951.323449660427
17.064287974614878
