-347288.7784986794
-164888.21228155124
342494.11024583335
-1576930.759317762
434779.4614339129
128784.83722186236
541407.3706199054
1020301.2169330358
-747343.3296936194
-1226636.0828158064
1207509.2734365833
-109081.18244039059
55153.16581663777
53606.51679491568
198584.3408569827
481408.7849152138
482458.6540954739
-519672.4944420844
-1092446.7097195268
-349624.8004391296
490589.0167836075
-216072.98108996855
880797.5544949156
144432.04484242678
41295.98598042968
18568.048487953383
-43068.12555594275
220863.00377744992
180042.03197576985
-540032.7594502718
631281.1473155194
225354.54888274425
116072.35748477456
-56569.59035559214
199917.25228451245
-8256.414596043041
47893.153598836136
19501.90995619208
-30756.45792936444
103756.82486486615
134538.13326403004
-397589.71384764643
-49571.21119116403
-71673.80326994321
2003.1228400963755
-24818.9206298169
-35069.23201028856
54344.81463988629
-177951.707258091
51248.93776040787
4212.521753590674
18224.74921273829
-62480.99287775349
-8072.576446155216
-53081.24216808439
7024.577268416008
-21099.264288619783
58397.868627062286
-228151.0699485779
65644.11141072036
19144.569068089448
-38749.33602852791
2345.6248264557726
-7532.667187956165
-98314.54416817233
-29087.81524758209
62305.01722750526
-27123.834495916046
-3.0780335593585035
60920.95746513686
38119.387004921955
-70558.17495038346
-121166.35181425973
48072.388842941924
12802.14871381282
7211.190410224379
89965.9067787775
-4027.4573678978895
4366.110141503963
28812.092173309815
35644.38466724652
55205.3124485072
-98526.5393524757
-17805.431193789518
24327.591952336363
18921.992471509944
49577.62414932362
-40225.399907304025
12058.145109915953
-972.8205172949824
1372934.3746383933
644195.2094310445
-103228.8385798123
89619.97830371442
-589421.1483040451
31374.23340818657
-11781.727461491975
735362.0175227929
152185.5716542083
-858361.2079276968
116698.81040415021
60055.13584414578
2339161.3258813573
-1445955.692773363
206739.84492946992
305236.91102770565
-1535431.2713489435
2079897.899918615
2085978.0554838707
2438245.1383348266
-1063269.8182595568
1675573.3534049147
-963390.6700898594
-2160657.8281124053
-2189361.198483119
-332150.5038763339
2048209.115672618
999388.0769501214
-1518850.0585710448
284958.233667572
209735.05383296646
72033.69796863031
11246.894645430028
109542.34506978751
201463.11043955438
68473.21600103861
126231.24703544602
-513319.64752603363
427223.645927951
158293.76623434006
-86348.30033283285
-93220.74447366859
91273.19391807127
317192.2012169961
443670.06142249354
-745799.1094879649
24310.267519993555
50903.33670762721
-157245.27530753848
-35244.89646078221
-389721.1572936661
406868.0405225862
-421799.1576051608
-84307.53973421066
-139607.33256651653
103783.33728083874
98545.39814097338
30717.56020739618
1147.658905190958
-195198.88328097927
-983296.0092442014
103250.34860953553
5895.343952736418
-957602.3022685507
712779.2529287217
37720.732597046386
533144.9814777537
641043.4271422152
-295607.67860137904
-1450525.5725218318
-163271.75772900306
-234511.93368627565
116632.82163985632
360423.33160959784
654532.9929751295
-235273.7749600977
-167073.51316081767
757160.6173094992
-648750.4869585892
162154.30252421388
-832516.0403579029
192296.62169954853
-397377.8366292145
227698.300551247
511665.7208844925
-628097.5408125935
-43075.31588682792
221091.9344484806
-211023.30779460532
732980.6088487948
368566.3574394902
-288480.56901609874
149315.12494879734
26137.418170522487
79251.21000317663
-14898.241265269404
-43175.27150942421
-358271.33379587356
244259.1689057129
-964244.4453179999
52566.942660477944
953513.2619943833
-28382.596235919882
-641807.476134488
46755.83543860528
2757.558481296811
-8150.452722130355
-217494.29008538448
559154.0715469951
226814.82025447165
-368985.5944034705
1860.7175293597134
-129834.05425351516
359554.1479580753
-252378.39404453195
22361.718424553506
157502.67489281154
376807.1402698646
10925.921667578477
-1888.3166766205848
243139.42285596865
-64627.01959248732
-10988.365071074928
-64568.304966964424
-131.30754884123743
-10956.655488835757
3669.206247248673
-46820.50889974485
2408.152222875224
-6506.56013364724
-48246.995528401785
-5869.194132694221
-859.7193488469579
-8765.885891786196
-35354.162900802046
63902.875269740536
26201.092085969223
77768.38107498558
-118739.59342361813
1151.1988250499724
31712.181993020196
-553.0628757244473
-58802.841574773556
66684.81453188458
22211.264080252888
13842.508694851425
47135.97345403743
-33608.69328384905
60048.31483114397
-59340.43736900149
132948.0944435104
218242.86906709088
1249045.0063325022
-214177.32582343556
-488140.887852434
-508247.0829148277
75374.8594637208
126759.92924304154
385332.74588730827
-697907.6614731092
58890.14169816762
14393.782069957359
-728753.767957488
58666.516790072776
-744522.1595630215
607938.8264908681
16946.91378951855
45101.08107816672
273404.6865734225
1681884.805667205
7663.359235750837
946638.2228832009
-76663.24477648559
-12599.375462719616
-86498.1408193712
-415977.70755162387
-663517.4330654969
-15605.630497303455
-146795.5678682416
-190495.37652542608
28055.32667280812
-17060.896704384515
29394.460266782542
-327223.9106579147
392725.921324635
-48655.04205896736
111787.53147770208
10300.995032474417
-73744.84644143417
-68869.4145235595
-46460.454230205105
-2342172.1780925244
122373.09176104917
-222693.09657664842
442871.15047532896
63247.32917752197
2516388.2095204745
427708.4129834153
217751.3494087649
-373717.1542814791
-3116.125540642572
25517.522434133432
-7633.777481777424
-28283.575480383777
56371.57318229128
-73361.41516096078
-15935.117299002415
-19419.809444033745
8217.552837483461
1554.3738492509783
-5870.595907678555
-122926.37947158165
28799.865471729157
7376.39168728576
-43575.310361541284
33536.54780187783
-45356.784448477185
7038.211038078256
-11507.798114907451
-14649.891377240647
-5528.14865995203
1025.8461674082796
223.81092682259558
-114.2288272563449
608.2393936705324
-602.7832839817794
-6465.7416609897455
-1049.6432506592894
-4427.456526457488
-65.85958461629187
-54.403411822006994
55.62887448449347
10147.034886500458
277.66903135662096
1384.636394777823
-29.885704848807844
141.76853598311942
5590.804096924683
164752.11992375602
-4763.154602120774
-1418.419685836724
13882.64711344419
-19152.632298606914
-3692.989829052866
751.0192471662481
6815.417729897689
-31000.17997198006
-1390.8859038007427
26321.064591257127
76736.93447035084
-637.0950748632965
53459.35355719463
32888.08395760212
42918.78527328706
8842.666845063513
26591.905880961105
5253.813606809208
3995.852675009974
-14942.072864607419
-14818.566673925368
-8900.818027586005
-12878.659725444615
30681.225119054034
-65.2823185379151
-54326.73625135871
-4098.672356695765
-36752.006024421935
-18883.287944139684
-4776.135775671931
24295.726486108473
110495.89765479941
52120.06479004363
9493.90334793974
517.488429811631
54.42640332647767
-70891.03627495584
68342.23932889436
-362055.684366272
94210.46991024738
-7654.577961752381
43177.13168193853
-99756.32682476341
68831.46313045706
-13917.88471676324
-114350.55582797223
-120205.22916340435
-68841.66513032501
-25249.47196846379
22248.237288327255
-102775.6217277301
-15000.27690560764
256.2030401535591
89195.79536412911
35101.17347882089
-14326.726642560381
-100.91627353862619
10879.548033005474
53060.439373874586
3996.4940775247874
25.953576949254003
1255.143729612597
-517.6636366708652
27446.906568445887
-360.5677149777211
-15911.157030816734
2362.1436087429097
-6625.061730122975
-4809.094136670267
-333.573485663637
-2371.8477519492712
2530.9717135137266
-17061.300629934583
1483.6006851154975
-38770.12455652151
5764.1054199794535
22793.39475457114
-11843.617360606313
11742.69994405842
-515.8778466773653
5757.517017315687
1022.8018045843781
16475.119140405288
87329.46091081064
1634.4922341757726
705.8131555484317
-1103.3036968798378
-7264.009193834045
5056.53318245251
-1705.2537469280082
-612.1265343684237
-9.783878387642849
43.08775694545336
-4979.3537898840905
98.70155887055022
692.5282437998123
816.8888913236605
-386.05161858162944
-5130.659152826924
-459.21241469434057
-3999.8347425394973
6228.6833144341645
236.39626448039579
-2762.278671308972
809.4455401048107
832.3079776242772
6.301273610447663
-703.2456554604744
-5961.537058691938
1133.9466320011709
-0.7895505064251663
545.3161740971454
-2392.8758905357276
-2298.063947633112
3972.1956623201327
-287.1845944807011
-36.45323097469631
-28.293986408469728
-127.94044706288975
-2.8292843202416385
-769.1241785937399
-246839.55919177292
83668.84397055306
-370624.250863546
-54083.73413732216
892032.0214089381
-1542.3903311343852
-33665.64980139763
30435.18610077562
-1855.8911220429065
81691.67435571158
-31784.622940389418
4147.273866539024
-48605.203847943645
-39498.31578588062
57728.43152299137
61470.9722568617
-100204.97480279853
-8521.909612532841
9050.827369226818
-65635.66694115323
47884.16279820235
1331.4840554485274
-3727.933307870006
1994.434850586147
-4673.123564139004
-44.09310619108553
4235.144521190566
-17743.154703736116
5881.782992519409
8602.11736558209
-2732.960314432128
-1936.0166676456508
7345.461293908928
3959.555179018869
-12009.456252814653
5978.779547115282
-4318.3193605290435
-26154.4885219872
-4142.782119982631
14102.408924785366
-460.19233316989846
1923.1556601511259
-26631.751430664073
12427.032554019705
-1002.5359132412433
6781.6464385926265
-1474.7988245909078
-5280.857960418274
-900.3617704375588
17580.416060849395
-1775.9176450728328
-6452.152199205236
7611.980335696762
-14247.788354843224
-39394.56895657923
46455.94629411053
-8165.654667703413
2534.78037909034
-10712.784433133163
40410.90416781137
-34508.409695899034
-8595.425509390516
983.0642177883612
-1930.626688706056
-506.4527580246704
12261.223792823377
58599.19398988308
-21307.854008635615
53.40290346814984
-39461.38934911109
11172.564035270037
53079.27984341802
58404.667832783605
52659.37010493479
21740.010205380553
3452.949885241878
-64047.42699558648
-7467.20498431821
-209396.00594379602
37924.71347247847
8847.694573398427
-53371.48598990466
15383.493544106768
-32967.387276944326
-52238.59490486376
20745.25583293478
23320.12934696994
57170.441360488585
8471.423894284806
35870.58021368697
8.340683966174593
-19.549968047882324
-56.80437234732545
-216.4632710858122
30.016809736559516
12.344690627614458
42.18796220802303
-780.8426480390009
64.41267568865919
52.93674250290166
720.5445819263199
29.02513787328692
366.16845003200854
127.87474389824808
367.28852064267886
-99.02208659726061
-41.583385000264805
-40.46401017074966
146.73073555771808
-91.40885429572592
-81.53723852906714
-182.32915964094647
-360.5623945013737
7623.763081249991
270.3427850462196
22.027478483971606
1875.6264748738083
-26.17686790526029
-58.74725988725365
1495.8155795215011
116021.28389220867
63019.32889233764
73388.47535093332
100048.23118074606
-117088.74592934983
230234.46901820673
205496.99961705075
38238.327103010095
-1522527.7205013002
1527316.272831822
-220101.42507412328
54937.04211632599
-94769.03103452944
-178914.949565273
38036.471001776175
-77017.14885485805
197968.71020178797
22608.761031834078
-245716.82733546963
-86260.38715720044
-186574.48520429624
18830.533170967006
548363.632756999
-252924.63991994516
172789.01785795012
102489.63354171782
-149756.58353390085
296922.6975244085
-211027.13687105072
1663.1319008879827
31308.172193834573
251555.15486615038
-153266.68733685036
-102844.47760881386
65566.23388577557
84100.46511122756
132877.14526321762
-372474.2266408925
-304423.77124492545
74372.17534785636
674811.6479021946
-292905.25409222057
296636.33063174755
-48716.584010130544
-238757.670977581
-393712.0174950269
-8513.63894999393
195483.2121473958
417351.6703862862
-306486.49202812026
-479500.9836812917
-639251.2511587968
644841.3508190983
390617.20852782147
-4363.19435877175
-160420.9732267368
247196.3152079174
240985.71691480424
166925.76274253806
-18291.127406697986
266048.38393609336
-693.7983177096671
4315.450562397582
-49414.46769361887
34169.0098803127
27267.423915776482
-1057.7179908739006
-32579.941744777996
48750.994029106194
135075.25518227497
77862.86969665225
88121.57159654782
-41268.524857630495
-8087.824510501493
-81735.52252413737
-233774.04389792978
-2009.7163365840554
1452.242348401887
-19324.95992246779
114015.51786980245
-3361.510526488903
215.92557519677393
-21.1638373680078
2411.840135064135
425420.95039784093
-18080.3674840301
-3867.259336818068
16458.513570215375
8587.611650858766
-33412.01177619497
-2409.8056388099917
5415.729681924783
-8519.810935588172
65.94102661014435
-11045.879002826874
9306.464835813998
-25970.62066399861
9458.661004690046
-10679.688076473009
-23397.02483467446
-9166.681952492638
-7598.589623203019
32730.339462411466
71111.26079688636
-3941.8196718509125
25392.365561118426
9014.507957657202
1851.1360938420682
136.52979745963165
-17891.265012157703
92.27040378270318
-575.2633714423021
-6975.767460184042
1520.0070637937142
-97.25920730926234
5350.2807474314095
9757.057962158857
-431.99382787117423
11761.01255717975
-18043.383625306644
-284125.546808028
86980.1184426404
194418.7452920235
-278596.1572601103
-816391.3418108029
465179.73461850494
178589.43794799945
112017.99236673712
-648.5626750838724
-645350.8264460838
-6945.711105051537
66955.51942323986
74308.16002694356
-51329.43794100077
-133313.9645326765
-442480.79613178934
208219.92612791684
96595.70629055625
135073.90892110308
-21474.744629753557
-68453.46530876592
66510.8755261612
12893.699939352507
-106771.05475735907
-36738.86756595395
74606.03001053205
3535.452789020302
-79256.14995328696
11033.711278957211
14273.259372014056
111409.95724696243
3721.5287182236852
217027.95567838274
-64845.52603219799
-90532.38345661486
-48144.9763739862
36385.11754294486
-115684.84481180544
3419.8149094436803
87065.1667300905
-200958.9048320366
-11532.28831043567
11970.426204796126
-141085.46828672514
352940.42455357715
150352.28669063433
-62938.79324302461
16254.641585403819
-12519.4510067125
-6605.68681512646
-17164.147666480476
29160.47683559519
20167.554617031004
-24608.968936287136
-1793.9053788303809
-31045.75507769466
-11822.228849009776
-12709.741728637586
8594.316955346372
15894.18760118166
62754.731252693404
-18750.276308675147
32047.46633261483
-149638.74575566713
-99940.3644603702
-8649.154436252576
44802.21520301411
40774.06422170299
-555.7492172082405
39753.104277444894
29315.857616450572
-136865.21765306307
13580.074974873354
252063.62363503408
-4337.028538690318
28556.487990245543
-57736.363846534674
39054.18005333561
-521.5645334237195
-56853.59391073599
11692.114938100292
-28150.64863062513
219494.4249610015
-132909.2303621296
-3466.7627345975093
-4069.404472802357
16783.574926958685
33488.597194258604
-55657.95677926555
-14437.710690710193
-252982.95377757144
151246.26994364345
37950.74013192693
-314634.4591900765
-502624.62868285313
715603.233210503
1099389.3151012205
296229.2365757283
1675339.8015888892
-509284.2552519231
-1547958.6369984294
683745.9482410566
-267065.2382641329
-1328953.1891670544
1065682.7117703578
-155311.5420581898
-19580.194401774577
149097.26232140153
115281.08259628857
-184200.295725879
-87232.69078362935
-47928.103754039636
595335.6649650877
21213.08904934395
-674029.1704056326
181122.83821405342
-39027.79053699782
-139308.7505235884
220635.07215463652
-358280.1618369047
49751.95172620934
43180.198872281406
11349.718032549903
43276.264202980565
-48337.51356469487
29443.494412544424
-71935.48590727367
93359.79808172566
-3147.321508956375
29771.82102231014
10128.47569299234
-1363.0447332446638
18579.88992242119
-11622.830496814304
-2910.2102642052137
-63697.34489571397
-137603.5887587121
19129.317431415166
4002.7190156057354
-21351.218289007727
28947.82824396238
-48.18745119935139
3247.809593158186
-12131.641890207191
-907.9479471633236
28718.684009732122
-10185.785775417962
-10677.638157515772
-30257.043672111893
2894.510807010142
3262.7007166038434
3454.0729418406236
-2468.7980814754
-5.892540790942011
980.8371686846086
1311.831749452272
-7008.670644606234
2186.514877385105
-3009.306224950337
-11990.889208400427
7932.319159196678
1125.2017584334233
202.31030628061154
-1316.159170135668
4862.7663391797805
-1495.9738807934273
659.339723466786
-587.4810685614937
-982.3761582765825
-7224.078981468842
-263.2240345708088
-4380.482099034292
12029.24934414264
2508.8459664179477
1949.296736523338
-2933.589136225289
735.1675395148455
-998.254824099797
-569.4751218932772
2286.418554383125
-1589.6613215226025
-1310.0765118736947
-47721.75039652663
243.36016957349457
2344.4873792616145
5490.210400939372
1085.2715237313353
2489.257139342733
-3669.178424054279
5916.595985713144
-2237.7688703153226
117.52592148226363
-4.036081528927986
6.298817030810911
2944.458581353643
-33629.89111217477
11040.859740960821
-5346.481328389365
-8045.466381850377
70.03644003463735
59166.561061539505
49656.00068493982
-2797.6358523852227
-142004.38680792128
-1866.516550004801
24330.210040011018
64.1135500523732
8257.37037568393
38970.828795302055
1762.2409680373473
-16722.887201388552
850.0159450008142
10693.48147535776
17891.713649280227
30140.83427275907
1440.3072127806354
6517.77662113039
-37469.972884157876
-101300.46847554437
19976.209108194096
2181.171592505325
-41662.237680295984
1281.285733193249
-157.25506575902304
6003.083389203559
-39623.20999396586
-3869.200601279992
378.0008568305838
46361.854507284974
-445.3903648477656
-7496.018520820792
-26212.45639974597
-260.1270137958534
-10455.524396326571
-82500.79256609324
-15872.845432011834
5640.629537895548
50398.7331192485
3331.0411790804133
48719.319937670545
12408.964588756946
-6161.576868485757
16132.85031172061
6731.161942025243
-1288.9267838369171
-19812.599153141804
-5011.012101683242
-2940.777499300393
-15486.174930145466
25070.428038001985
-9093.238085716166
722.8022750524534
-2035.1703130420947
-7367.26105915668
17432.9990466972
-5024.861159169292
16643.009890115252
-34237.370112563425
-35139.74537332465
-1592.3742433663585
45581.71605690817
14372.317694124362
33769.1693295127
-94819.0659041057
-55102.25635966729
-25769.60225629206
21942.436749612774
-23354.18704647581
39063.58689981346
10767.119604980513
-15.910861559818327
