-6.716487857416589E-10
-3.033573249696633E-10
3.788824453315019E-9
3.577685110183281E-8
2.586670535846553E-9
1.6198249964486097E-9
-1.5478223495775593E-8
2.4034680632379003E-9
8.533953462829354E-9
1.9160858165784478E-8
-3.623085770258512E-8
-7.216833021641454E-9
5.870074215644386E-9
-1.0149906578607639E-8
6.455526678497257E-9
-3.7990331318851305E-9
-6.948826688816122E-9
-1.1368973196392618E-8
-2.7269606770234543E-8
1.4472645165646224E-8
5.785210986088469E-9
-9.068554002806368E-9
2.0488083207752073E-8
1.7823610073063648E-10
-2.568717956061179E-9
4.606144754025949E-9
-4.378729738673817E-9
-4.219160048689217E-9
8.029105191705265E-9
5.374340132440162E-9
4.5647910504216605E-9
-1.2913832977281064E-9
-3.0350373872166936E-9
-1.107545938171667E-9
-7.391493234730782E-9
1.5353760943291617E-8
-4.176669999667596E-10
1.891132456477171E-8
-4.9216138948621665E-9
3.1918047215131934E-9
-3.496851982387643E-10
8.861217972586688E-9
1.1331608040996664E-8
-1.5664605822108458E-9
-2.6068036437859783E-10
-5.538875740960947E-10
-2.7490477833456583E-9
-2.631313815080129E-8
1.4303304521264337E-8
-2.7758801809078887E-9
4.362813596689628E-10
-9.541543257491134E-9
-5.559674277577954E-9
-1.2400839459360128E-8
-6.686587449184757E-9
8.901372440831396E-10
4.5341986342998317E-10
1.1769209246811446E-8
-2.5013445201231865E-9
-1.3290749533223508E-9
-7.087218732201224E-10
1.5385648424649388E-11
3.54940203236166E-9
-1.0796045684507944E-8
1.8217179229259163E-9
1.2908517900232136E-9
-5.656462289522442E-9
6.242263562131069E-10
-4.830692441224666E-12
-1.1734720371675006E-9
2.5620788190934274E-9
-9.37419905593089E-10
7.754338718392124E-9
5.987840133310454E-10
-2.9238611315826295E-9
3.1944730655412297E-10
4.468094496150473E-9
2.943199404068857E-10
8.761774659968695E-11
4.105855766611044E-9
4.110009404710058E-9
-7.1252372622632335E-9
5.047753716676633E-9
1.3246506396103728E-9
-6.73012330804658E-9
-1.7874868845117846E-9
-2.175977515566121E-9
-1.5662875165059425E-9
3.595948892438809E-9
1.4009670062098436E-9
-2.3170928702873754E-9
3.6759391792043574E-9
-1.6569831150746972E-9
4.079798435557337E-9
-2.9389238869964813E-9
-2.135171348341612E-9
2.5642117041112914E-9
-1.6165554095342523E-9
1.2602914565238708E-10
2.5358394463817615E-9
5.04327518958777E-9
-2.4042507850305676E-9
-4.413860559195397E-9
1.227440131188195E-8
-3.268831322353454E-9
3.0721698038990483E-9
2.532239206523062E-8
-2.3623397291642194E-9
-3.1083845736034497E-8
-1.979022294768139E-9
1.764376417327267E-8
-8.830705956962768E-9
6.089468810386719E-9
1.8885079217628353E-8
1.5483697948161545E-8
-1.8573578863181282E-8
-3.283629454432895E-8
-1.7106143098760686E-9
-3.9420170430602063E-10
-1.983833833366741E-9
-8.561531382436243E-10
1.1911132258964938E-9
-3.0985849224839007E-10
1.303588549985195E-9
-9.815017727038734E-9
-1.5970467272839418E-9
-2.3832027531052E-9
8.294755886694741E-9
-2.8477022662520823E-9
-1.6431226125939948E-9
-3.4164983960928056E-9
6.972217708675021E-9
-4.2278583131649486E-9
-5.1544082924805656E-9
2.568748158481172E-9
2.672445676733074E-9
-2.2184382678700294E-9
-6.719614669946548E-10
-2.576069054230216E-9
-1.079684164138274E-9
1.4772110823972223E-9
-1.451492943630195E-9
5.375336440161847E-10
3.399671220444933E-10
7.320372282454176E-9
-4.206692670996258E-9
-6.910149709573616E-9
-5.990991681909982E-9
7.91196029941135E-9
1.4658387666798506E-8
-6.805520973908385E-8
1.5247850294161745E-8
-4.5410341082376244E-8
9.102689299283338E-9
-1.9743573921610133E-8
-1.9843261480731595E-8
-8.178411790848745E-9
6.625017600072967E-8
-7.956496296189402E-8
5.266936561702748E-8
-1.605321780424448E-8
-5.605438184701427E-9
-6.687482002906529E-9
8.422947509966646E-8
-2.0853318006288714E-8
-5.6167956886421395E-9
-1.2537735011549953E-7
2.1694694599660716E-8
8.590373278353588E-8
4.388789041462296E-8
5.500270724112231E-8
-4.762172841863694E-9
8.844489639352565E-9
-1.6833546722813026E-8
-6.501328162478296E-8
-2.542586026131721E-8
1.8376976453656932E-8
5.24612733680602E-8
-3.04754449589567E-8
7.604067238136021E-8
9.685574621057249E-9
-6.035371622792818E-9
-1.4463843342151788E-8
-6.026560401550753E-9
1.3292555858874072E-8
1.678186793542345E-8
9.415110128757224E-9
-1.5708171070594371E-9
-9.753256252984256E-8
1.1724237732551009E-7
-2.4979934196809688E-8
-7.372445272800956E-9
6.10006550785729E-8
-4.532954650533219E-8
4.208998067665956E-8
-1.5293978325485608E-10
6.405975200583219E-9
1.6005657988705734E-8
-5.9411810729718224E-8
-1.712584259564259E-8
4.423403069746729E-8
-2.6636255841855855E-10
-6.269788336584233E-9
-2.361310813947802E-9
-1.7800783427845765E-10
-5.256640975545132E-9
-2.3932215990574722E-8
-9.087908111509643E-10
-2.201055372176871E-9
-2.0621473086995242E-10
-1.7000482894688216E-9
-6.887214242267508E-9
-1.2540112717520583E-9
2.701945148044389E-9
-8.261539708700865E-11
1.9511639309037863E-10
1.0246986137869352E-9
-3.6543622961670085E-9
7.638788826146192E-10
1.929970025539081E-9
2.179455072897399E-9
-7.536007414750399E-11
-3.6321032493464387E-10
3.545402893291191E-10
2.2500492055795105E-9
-9.602758038744148E-10
-6.905273719167187E-10
-6.528294703521784E-9
-8.041256322502056E-10
3.7109739715694E-9
2.197442983818324E-9
7.600937935020462E-10
5.964062369225349E-9
-3.8837233349227595E-9
4.991241996793574E-10
-2.027723430252434E-9
6.392275377867478E-9
6.2438781997276E-10
-1.934975124062546E-9
4.156575298736019E-10
-8.612636672127338E-9
-2.5568572900345053E-9
1.4047856216454649E-8
-4.346551147050639E-9
1.189752526215699E-8
5.854512984044909E-9
1.0842534987209059E-8
-5.959531295109654E-9
5.323905849209439E-9
-1.6965693175092334E-8
-2.7749537476876664E-9
1.957953114119712E-9
8.115523063974526E-9
8.578960517922255E-9
4.75077436262478E-9
-5.312771287832019E-8
4.089521306540752E-8
-3.875830585656761E-9
-8.915314004051833E-8
1.4863218938541894E-8
2.3866743904146163E-9
4.8892481555759165E-8
-7.721224788549406E-9
-8.35489243437115E-9
5.018895731142262E-8
1.0625396469625833E-8
-3.3994167440121155E-8
-9.60963481624954E-10
6.377745060848832E-9
-5.609942689676122E-9
1.0996134781183164E-9
-4.266619076642183E-10
7.290367162844587E-10
1.6219422614695182E-9
-6.960525303724529E-9
-2.5115352166297974E-9
3.004621364711226E-10
3.821566122806006E-9
-2.4132439790585826E-9
1.7306974644700587E-10
-4.3730613165747715E-9
4.504822287639197E-8
-8.071942582484402E-9
1.7137362504482026E-10
-1.278145460822605E-8
1.3447199121365778E-8
-2.845927419226864E-8
1.0013251539535891E-9
2.949452797029167E-9
-3.1828574378517405E-9
-1.5431440683938047E-9
1.4795416540626633E-10
9.220319222917279E-10
-1.6305480463678345E-9
-1.23574917877415E-9
3.3498461265296674E-9
1.5025528827028804E-9
-2.008751737766836E-9
-7.600163381243586E-11
1.3366901569161062E-10
7.440054955092096E-12
9.045464401093472E-9
8.475112298229313E-9
5.049402358525139E-9
-6.687232875920851E-9
-1.0167039584595025E-9
-6.8865736469907695E-9
1.715300935867773E-9
-6.768570707600467E-10
8.189981468397983E-11
7.946539413354708E-10
1.0478939030891943E-10
1.0207386017373002E-11
-6.390009678145499E-12
-2.4257807254588314E-11
-2.84506155351688E-11
6.537064883681754E-11
-2.5609656155969375E-9
8.017223892537879E-10
-1.11225926822525E-12
1.5918206995593886E-12
-1.8397724799046876E-12
7.883752185031029E-10
2.8660556640298705E-12
-1.2952749338392948E-10
6.337869939165603E-13
2.3455975117252555E-12
1.6355441967376845E-8
-1.833167298769991E-8
-2.4125235579390563E-10
-1.595571698287411E-10
-3.0445811391944686E-10
1.9315515107924326E-10
8.651588400410662E-11
-9.839620428032913E-12
-1.6163339148777208E-10
-8.607539327889892E-10
-3.3530054077415257E-11
1.7435313961360203E-9
-2.61299556086005E-11
4.16615619181309E-11
8.7689689937696E-10
-2.6283969235057474E-9
1.0922990433102816E-9
2.654897782791575E-10
-7.492023503308933E-10
-5.2684007943636074E-11
2.413601779386502E-11
3.8401352719176665E-10
-3.2985499809123255E-9
-5.910142786884897E-10
1.026898422437455E-9
-1.884919422346606E-10
-7.233669567894566E-10
-3.317440430037231E-9
9.044591016563343E-11
2.3956081184138427E-10
1.0497897546840284E-9
-1.1389705717301001E-10
5.116936372269296E-10
-8.747370793404918E-10
7.067751333676058E-9
-7.368510634179843E-10
5.211081593985783E-10
1.724453310648544E-12
4.9058043069456725E-9
-5.5193394525988485E-8
6.546007486758461E-9
3.2938402235145126E-9
-6.541851490747587E-10
9.888271751515435E-9
-2.6805849814915445E-9
7.673980755106905E-11
-2.5890024511036058E-9
5.675922339021994E-8
-2.6556199144451676E-8
4.613680325796469E-9
2.0215270715689599E-10
-1.3548292667157077E-8
1.5807953674369684E-10
-1.6490960685323695E-10
5.923633630214801E-11
-4.937426755958484E-9
-4.77388628481659E-10
2.296331701613052E-10
1.4595426339156561E-12
4.514357816410484E-10
2.5229441807630828E-9
1.163698387795903E-9
5.962068972452444E-13
-2.3110096521763033E-10
-4.752763560705629E-10
3.830661613743778E-10
1.9940181232898465E-11
6.009641555130221E-10
3.331218668282655E-10
-9.173497491078712E-10
2.6352304579243526E-10
-1.4453984753529588E-11
5.839677715564E-11
-3.450297585688047E-10
-9.133069605272582E-10
6.750965340247302E-10
1.045425746043797E-9
5.511492479157409E-10
-7.084910508042673E-10
-4.1341267293475314E-10
-5.792258786310121E-11
-4.4249141759256105E-11
4.652927623981798E-10
-2.2285830486100772E-13
2.6448597041087816E-10
1.3371217808524015E-9
3.050156403609478E-11
1.539031030693455E-11
2.044498791806722E-11
-5.707734433170141E-10
3.382404905881385E-10
-7.272747534967733E-12
6.853768774139102E-12
2.121722680470409E-13
-1.6955758863604985E-12
2.917765712800284E-10
3.5304813599037738E-12
-1.888985909052301E-11
5.0963054614343554E-11
-1.1989594056334443E-10
-6.063362216361968E-11
9.835925176812497E-12
5.155583262600461E-11
3.635415967316356E-11
1.898962189145733E-12
3.171217547732178E-11
-8.746862961091496E-12
-7.394445212970831E-11
-3.453938715745016E-11
8.144765653954623E-11
-1.7040668796265123E-10
-1.5595690717933147E-11
5.830124668577844E-13
-1.4277379786310343E-11
7.645226628153363E-12
2.460421803150943E-11
6.931395753332787E-11
4.190635359064087E-11
7.729484725099562E-12
-1.0223505816110378E-12
6.621317106687941E-12
7.706211930527232E-13
3.729232295380974E-11
-4.265363474033851E-9
8.350753718264962E-10
-4.480193388467553E-9
-9.44483549884543E-9
-2.5215924692992572E-8
1.6032392047169566E-9
-4.1141027903478707E-10
-4.780228192265658E-9
-7.743745113483975E-11
-2.098929706864929E-9
7.49716495810066E-10
-5.882950534820859E-10
-1.9180494372556137E-9
2.83798297165562E-8
-2.4695769848903276E-9
-3.972602970859702E-9
1.0120888289790623E-8
1.7097637868801575E-10
2.7521093444357075E-10
2.027274376077168E-9
-4.394283198168297E-9
-1.8762324473103084E-11
5.569309805401624E-11
-6.181532250500238E-10
-1.6034446483092622E-10
3.8490557871309445E-10
6.428086764328735E-11
1.435448531849341E-9
-1.6170037331218571E-9
9.369323472041338E-10
-4.702203825476193E-11
1.2744069071989867E-10
3.620312767783233E-10
-2.966290654663236E-10
-9.07296988339898E-10
1.838207234727867E-10
1.6176904199551143E-9
3.7371931580203673E-10
8.107807747969101E-10
-1.8521478446182442E-10
-1.7091379756602656E-9
-2.952479498964075E-10
-8.342006274580156E-10
-4.957314036183687E-11
-5.638873664293311E-10
1.0574915504319383E-9
8.219658251130439E-11
-3.51360060812819E-10
-1.1953789348305158E-11
3.474310805830529E-11
-1.8080765665117944E-10
3.395073884046067E-10
-7.409073512092754E-11
-8.443774956458711E-10
-3.148750692427251E-10
1.0752459851602931E-9
3.9888676007738414E-10
-9.061416458869818E-11
-1.2439438312332E-10
4.177821315579185E-10
5.566817712714342E-10
-2.804260248989892E-10
-2.697970146674373E-12
-9.016924121768767E-10
2.1638011737407148E-11
-1.1718665587579476E-9
2.7985442949952885E-10
1.927626532969734E-10
5.519748445965725E-9
-4.1481276948397706E-9
-2.9248256820514016E-9
-3.4389595070382124E-9
1.4124497386269754E-9
-1.875331989168588E-9
3.015612174581057E-9
-5.5063509684572954E-11
-1.0771269427640569E-9
1.424965511160438E-9
2.968480015459273E-9
-1.2739243492556307E-9
2.4039271301854704E-10
-6.368742803174167E-10
2.9593323205186224E-10
-6.967000736353655E-10
7.426043058773696E-10
1.0169444090727285E-9
-2.361757851684933E-9
-5.113769544996133E-9
3.1254178665004776E-9
2.001795221322516E-9
2.1206686430230887E-13
7.315008626901102E-13
1.2821027821731357E-12
1.7784217215920555E-12
-2.6383564915984385E-12
6.448707871096258E-11
6.932346723216044E-12
4.007978145992833E-11
-2.6178615163559617E-11
-3.05822549085617E-11
-3.4834683889471875E-11
-3.200416571731089E-13
3.5784036290057553E-12
-5.201843653178956E-11
1.1324555524799961E-11
3.791574404147377E-12
-4.896200346145752E-12
5.028251431493473E-12
-6.17849971783653E-12
1.006660543875176E-12
-2.797777546464711E-12
1.2618666803911743E-12
-1.7921529992180884E-11
5.16105649196127E-10
1.0836072113458117E-12
5.0145347509057446E-12
6.520712925219038E-11
-4.571896307377345E-13
1.7189280398260752E-11
-1.098495643846033E-10
-1.4345945386337563E-10
-1.7403107861272013E-9
2.157591747520694E-9
-1.5131333866614622E-9
-1.4403134051440853E-9
2.573955395015153E-9
1.9446691094861765E-9
-4.792871086001781E-9
-1.9579999446410046E-11
-2.458929878026786E-8
8.610319341728277E-9
3.957679697051505E-10
4.110246132199516E-9
5.266160329651189E-9
-2.991896792272486E-9
5.707962613336101E-9
1.1564265380890299E-8
1.3631391959229017E-9
-5.0532784300541245E-9
6.767558773499927E-9
-1.26061979045237E-8
-4.023707895402668E-9
9.56440624430247E-9
-2.097141437493227E-9
2.5679821383767373E-8
-4.418733383121452E-9
-2.766585338315167E-9
1.415796521170818E-9
-5.636620847390864E-9
-9.645771229706584E-9
-5.1950237468866995E-9
-7.272891525353002E-10
-1.026070730148715E-9
-4.786664284746108E-9
1.0621077396392004E-10
-3.01767080094851E-9
-1.7468128672698538E-8
2.597000724980481E-9
-2.0703749480379793E-11
-1.4612794830965477E-8
-4.449939724546198E-8
2.3936025236902537E-8
-1.2975036689849899E-8
2.3317758790663888E-9
1.5840689917399342E-8
3.200436044279401E-8
-2.751505293811437E-9
-1.2016115671232584E-8
-3.574921718125953E-9
1.4623681745080904E-8
1.2919574795401138E-8
-8.16023033484826E-9
4.435087567476002E-9
3.707515891705629E-8
3.3536314990903927E-9
-1.3099745772177019E-8
-1.408866047741279E-8
-8.831726053337312E-9
1.4541226749860029E-8
-2.5819685194203626E-10
8.434852285152373E-9
4.39758175443374E-12
1.4278729686550572E-10
7.656834444888854E-9
3.8277439754224745E-9
3.287694328665702E-9
-3.960557621620495E-10
2.8361732225192394E-9
-8.608682418785911E-10
-5.007804234890074E-9
-5.84424374050857E-9
1.8277258902807972E-9
-2.055987296292832E-9
2.880141026630573E-10
-6.4393181004809165E-12
1.027673223620679E-8
2.5138624168683813E-9
-1.0589692873622334E-13
-1.4357054945353459E-9
-2.2132210902452115E-9
-2.623840607187495E-9
-3.6216632283157327E-9
-1.0987262426169416E-12
9.497690475215661E-11
4.7498172048138446E-9
-5.203410532202328E-10
-4.145502954963313E-10
1.0157303345689747E-10
1.6357815270466812E-10
1.026260141850687E-9
-3.477518471662311E-9
-2.711908490730519E-10
2.3195253001286174E-10
3.827339656875302E-11
-1.66180150480831E-9
1.98049450678549E-10
2.8689016239007497E-9
5.591122805222477E-9
-1.3440513831280102E-9
-1.3999493437592607E-9
5.947040079972676E-11
1.5691982759134076E-9
-1.0295653090177751E-9
4.11748937408349E-10
2.959512638375917E-10
-1.4541901263151834E-9
-1.525955479310566E-11
1.629790859295675E-10
4.285538978829336E-12
5.50975143101931E-10
4.772073205690673E-14
-3.543587210417129E-11
-1.2419168349085943E-9
-1.351628689463172E-10
-1.1179886119092838E-12
-1.1944184926291864E-10
2.36139137698151E-10
2.1547828080312604E-12
-7.632121572744008E-10
5.667067154962797E-10
-2.8608661484293092E-9
6.299705285030639E-10
2.6494049098371973E-9
4.1552556541007994E-9
-1.6883094775353495E-8
4.358984397528172E-9
-1.4529722283834796E-9
1.4350687797196483E-9
3.1279635258996134E-9
7.62158940349836E-9
1.584819763911842E-10
1.1211203124725139E-9
-7.408155892387797E-9
4.442354093687573E-10
6.426132455026319E-9
-1.3848864538264151E-8
6.42880266906197E-9
-1.927533143321843E-9
-2.5568468336052994E-8
-1.5388969522060446E-9
1.7016296557159615E-8
-6.37659465232254E-9
1.1919371163101998E-10
1.294495420230577E-9
-2.8597887481164935E-10
5.584048183343606E-10
2.8542831527266986E-10
-5.422305875512186E-10
-2.0379899042839672E-10
-7.341642856544362E-10
-4.073417971763825E-9
-8.58157342063602E-9
2.203200661716826E-9
3.748775052525991E-9
-2.2359644200743756E-9
-3.463580358990805E-9
2.36461321308116E-9
-2.0125577457457907E-9
7.948663046340787E-10
2.7008569017033518E-9
-1.4918519397624812E-8
4.846948241685308E-10
2.3438789672481704E-10
-8.914460449614933E-9
1.8574984174582127E-8
5.510330627435945E-9
-1.6218391987296394E-9
-1.8172748845001383E-9
-1.839340639437077E-10
1.0938074749731901E-10
-5.842228788735313E-11
-1.9650430680949907E-10
1.1019024649832734E-10
-1.467538825723234E-10
9.600764105041639E-11
5.377166453413118E-10
-3.159848217254993E-10
1.6658821912720585E-10
8.653757689821561E-10
-4.718110286098078E-10
1.23663750430078E-9
-2.76856903336607E-10
1.5469318034208618E-9
-2.0141008943814966E-9
2.15519591347592E-9
2.628313575514811E-10
-1.3353126273504521E-9
-9.363145491081718E-10
-2.2536520332643992E-10
8.21608628554607E-10
9.283336054055159E-10
1.6342899359746218E-9
5.752503450466047E-10
-1.5486363200175487E-9
1.1155875201394539E-10
-2.7558155667928195E-10
3.2513848069660744E-10
-1.685908832714526E-10
-4.951121947999958E-12
-1.4398611590529758E-9
1.7471261538951382E-10
1.4419255369760387E-10
-1.4653796395526971E-9
-1.7956487100301337E-10
-8.064260672215705E-10
-4.274525892729685E-10
-4.694389284610791E-12
2.228274188347256E-9
-1.0933748002925976E-9
8.37242126852843E-11
-3.845793526585493E-9
-4.1524424519339956E-9
-1.3957000327699073E-8
7.506193121514693E-9
-6.478306844644495E-10
4.5893967372386726E-8
2.3838230063643685E-8
-7.116843166622229E-9
-3.991661481938062E-10
-6.454446217042868E-9
-1.89248104119769E-8
1.945859317751047E-8
1.2172420052706244E-8
-2.6184767867376264E-8
-6.902651551340309E-9
-1.2917784571238609E-8
-2.3847511017040436E-8
2.0363085577086693E-9
1.7498669143908672E-9
2.6127245572920933E-9
4.086312403622463E-9
2.0327582703379756E-10
-9.010059693117937E-9
7.968623373274207E-10
2.7157457180985548E-9
-1.590625345158413E-9
8.879205202820391E-10
-7.133966728742073E-9
1.823032585060605E-9
-2.458651592612562E-9
-1.2539516485255674E-9
6.7997405392210935E-9
-5.79202690198801E-10
7.160483463882478E-9
2.8389487140232533E-9
-7.024093501000396E-10
2.138060585828254E-9
-1.9185610760885986E-9
-4.2631672229281464E-10
1.303955767940253E-9
4.318904020305588E-10
-1.5267943528268798E-9
-3.8384495975119773E-10
-3.2770886287440164E-10
1.0525726736751399E-10
2.2356268280912917E-9
-5.517287549353033E-9
-4.1015719517706915E-10
5.678564198713696E-10
5.407299875190651E-10
2.2352307778937516E-10
6.42333595545762E-13
-1.3033764009655746E-10
2.3016021742553058E-10
1.830467824138791E-10
3.6825689638727453E-10
9.12879619408617E-11
-1.7135420278268276E-10
-4.814728151799648E-10
-5.556154613084618E-10
1.3880255026311296E-10
-4.1958950881462335E-11
-1.3945563967824043E-10
1.2224074386609712E-13
-8.940908242644353E-11
-1.1078022242236299E-10
-1.002497209908897E-10
-2.0734418322621138E-11
1.0510831951387025E-11
7.010320383925345E-10
-9.5036218344427E-10
7.057046493883346E-11
5.376834250717331E-11
6.64025873580912E-10
-4.2977619897997414E-10
-4.3052097260267274E-13
2.163859918109816E-11
-3.321811924256819E-11
-2.4087766091889902E-11
2.534021319136112E-10
-1.5884237190160148E-11
-7.908106185637308E-11
2.0878230791740851E-10
-1.6922717014361387E-11
5.590051260065568E-11
-2.1543738537478725E-10
4.0483755142892133E-10
-3.4008201771164468E-12
-4.175121593168843E-11
2.0869529029335428E-10
4.0440993371852075E-10
-3.9255706892520926E-11
-2.1279962254524435E-9
7.350996372500766E-12
-2.441392947021189E-10
-4.1581404430557217E-10
2.2317688412837872E-10
2.6602433128157774E-11
-2.1320870254771536E-10
1.8754938312533198E-10
3.745803733286711E-10
-1.6290295904040348E-12
3.710062105473266E-14
-1.3453101098555164E-13
-7.10758239077533E-11
-2.3723887107208306E-9
2.471671465697655E-10
-3.4945066286542564E-11
3.5520983497301917E-10
-7.306783575583352E-13
1.8443815909454377E-9
1.391347530771396E-9
-2.8680785383704777E-11
-3.3427113416376524E-10
-1.3569259224700401E-9
1.0215628016247155E-9
-7.377276198415731E-10
2.75579791773024E-10
2.653029418469978E-9
-1.2375089330275183E-10
2.492999596637995E-10
-1.7155869629565416E-9
-2.8879580436812676E-10
1.0403982581951816E-9
4.176865758742423E-9
3.9003668432226807E-10
-2.8691235085571863E-9
-1.0724233236903865E-10
-2.228838982324729E-9
-9.883652753709712E-10
-2.5635412295204227E-10
2.9677376692645038E-9
-3.4600066904575796E-10
3.536377031673911E-11
-4.126688481197121E-10
-1.2864369584958155E-11
-2.618380829917868E-10
1.1605233691795683E-10
1.3775157938049316E-9
1.339598745649852E-9
-7.945808804415491E-10
-4.472449586486116E-10
-2.5522118588178196E-10
3.6175978239833326E-10
-1.6769715029328658E-9
-1.1438737571625113E-9
-3.3818886283062605E-10
5.777057824852128E-10
-4.770258091779686E-10
4.085420376288187E-10
-3.116548383357663E-10
7.653578185278683E-10
1.1689571714678852E-9
-4.4515646539740415E-11
7.468803026067775E-11
-5.793417669445189E-10
-6.658615550176737E-11
1.9002249698145654E-10
-2.6815067799345584E-11
-1.2853900478068256E-9
-3.394070754820117E-10
-2.912846818821778E-11
4.791029632506706E-11
-2.2746852713076622E-10
1.4080312851575258E-10
1.2761446952676616E-9
-1.3367607729559818E-11
-1.1779306393029706E-10
-1.2265664906839514E-10
4.260661664938415E-10
-4.962797400390106E-10
8.99044642783109E-10
4.170452575650378E-10
3.6338810337173308E-9
-7.72750972573589E-10
-8.477167522315571E-10
3.464885684566094E-11
-8.946015688083242E-10
9.072089611048578E-10
-2.7368984853256357E-10
-0.9999999999996356
