-24400.91396308696
-38150.427512994946
61795.92157377859
-555934.9949476961
-84970.08544933787
75001.2240419773
-39031.44703507379
211761.6743357903
-131124.6470691702
86844.17849040702
-198860.4242654957
-18272.295296536766
-18994.95576549971
78538.45747347255
2307.5919601662627
59951.377939226084
307154.0536139106
127884.22225843841
-4412.021769961545
144028.35553694444
-28979.29162820099
147726.03360937908
92458.01672083844
123.32675273133405
-162617.71229594277
-41725.39514372374
-20749.015884914563
32239.894785715496
61627.99205812241
1174.973219273493
-196305.47135880488
-13692.300667006539
161337.52475287748
-27627.002895071153
-146233.7686275936
-334893.6147277838
-72686.73693215325
-355279.9756424475
130607.10870492089
-240500.50875750845
-55821.82437179672
221082.22280829187
2792.6245922091957
252117.18486774995
8059.841418469512
77139.09568270794
100540.92559250606
362437.2644860083
-102674.6668485844
134963.61233906052
2426.3498133657345
-100899.41517133635
24614.968901850123
317440.5574815013
111082.9405510895
-63370.186350671145
-3800.0998646317744
-99839.6772398539
116780.03265349776
94373.10806449602
-11868.521617446977
-75879.18149928868
51795.485801313385
443088.50051092065
224826.31155150788
94421.565935092
95629.31588480524
-243930.7492091137
160.48554213646653
-23224.037852259287
-132721.5037787609
81296.96164707748
-403521.23369544477
-75582.6215413819
-64120.921647911426
19174.72759431409
-160180.2135630817
-4740.348016859642
20690.438021634
4055.297331448786
-94876.89173384018
249097.3396850073
136324.1012449297
72256.36017727191
-239202.72639728742
24514.191576510904
-306541.9744616744
75922.84597917456
32793.38474398189
-8035.331613013928
32541.955828333783
-120280.8209630756
-28620.759648224794
65946.09591681184
55551.68246724421
-13868.316998736087
6758.289279380948
-21109.70125453341
66936.5797169233
-78464.28203056214
-116917.70451338701
-70352.5659033077
-15771.369323556815
-46732.33107354501
160746.83416820766
-140262.02686029064
-155335.55279375607
-196762.17546360783
-18932.091150703935
225290.62656088074
319778.9675383008
-117649.46733462633
-120477.85270051123
340.83243799789926
-272227.47240633727
328182.14001434046
-35033.846952529115
31473.113148551332
283110.84884222003
-67928.7507047412
-3395.537405285667
-22640.706643898713
12958.03483802835
13687.450002997593
58633.87977916614
-62970.3778028618
40556.07028345921
-87189.90603584518
88890.6360477158
-121272.3774904666
126991.33833737281
-114454.42928438706
-35683.28611373782
-43085.715783932705
-19606.516904283428
-22518.281271499425
111379.77096259176
29331.864380549447
-45209.709774675415
-21967.75096202805
44812.52682490621
-39231.24482654946
36512.15842664695
-5333.560909351673
73867.8720187622
169175.66863633436
-113762.23401129385
8439.477006435094
-61465.7017797842
21107.92246976864
-508001.7419183799
431992.20708390843
875206.4900773922
-382074.56863441115
-285545.3114293889
-21696.82888200635
-42425.18148695441
259756.9474528904
559505.3502427677
-284738.3938816091
-386326.1704359988
6442.607370680219
-41960.881798013004
311549.7628632666
117142.22957767051
-909307.9865461749
-731519.9827200931
251960.32505249494
359873.7866756702
-580622.9686828244
660300.4648913031
-68020.41174278753
-2305718.839821589
1004550.8600555598
-154864.14868307905
556605.5824891798
-9290.05804061846
-404340.6839643651
910972.0997658778
127704.96590386755
-128658.53931303811
-9325.541616098873
237766.57394862175
64411.67164018394
619936.840233491
-639220.8084246615
-89205.50796806217
-676472.9655460771
1525384.0812713993
-871258.401974808
335790.5534830786
-255875.6307569783
-578968.827868884
254901.9986876708
-159367.61935543705
56795.88376426994
-67887.2013548756
-462552.07973909576
1929582.839501877
-29500.61447687453
-205253.5454766868
-23789.483964790223
542830.4292642641
67144.63108274459
-573670.3064423712
131048.62192729152
-162569.24782246634
-665435.9445926909
154354.1310457111
4603.2266028083095
-23903.234173176545
-47312.69939329553
-43841.04168047412
-12820.431155085802
29260.987041762346
43082.163839754554
47780.98299953532
52817.55663301809
-12100.541949789615
-33819.448682352035
38091.992286447145
-8113.632669427421
-324.3407886465087
3269.058132612641
32925.369135769106
-18223.15256664572
1157.7021557686428
-31265.4867560604
49463.320071163434
8229.31256036176
14159.5646543663
-61145.454728335586
-2503.264491639254
-98206.29246135865
-7118.227040061891
103438.28398993681
-29747.05233157117
573.8419694755053
9091.56424808661
49265.66169522105
53543.60521859113
46368.1408558255
177558.96734042343
-17992.667268457553
-164463.59898447592
-90385.54308408473
-24706.6320205509
549.7260071756759
-6041.627862560785
-271989.14621420484
-43510.09996977286
-48973.77782334328
-56195.42324709859
-16200.574187519676
-114087.46517123809
150483.78114227988
-321448.7247291585
-262457.98902228166
434531.1071873884
130693.8177370316
188973.89228065097
1066472.9321058567
-299099.200897076
548217.026268943
-931492.3439437996
230885.43461881267
-120378.40522666347
78446.03723956914
319476.5978783677
153802.6965401016
22035.43681341377
-1930.7018133669785
5760.590875155902
49716.321360313974
-133614.73487646642
-96236.95435372782
297.3955850888022
-143369.9596116311
141157.22009865806
12241.892411006194
154445.5536557296
-451061.17528465955
152886.57810503658
14026.988933770388
66186.39949435252
-150085.34693457463
21923.212793729046
-79724.05468791157
-38949.65236307666
142332.15290387435
-8677.294687013147
-21006.553238415076
8151.831868060478
-33440.99898856537
14710.171091789947
19633.423141494397
-11815.995258085884
4219.749833855517
23682.415024341248
-1741.0542969275016
-33524.37565910613
-415557.2716612601
149829.7521137358
354540.51229383645
-177751.41393452365
-112591.26587759591
83757.1217304217
-79581.01409982481
39273.46301336905
-47923.038431565554
17411.01055838514
5538.93345319878
-403.83964688966745
188.99896588894455
-197.50262881174154
1469.6067089275653
-29098.678857798343
-61805.01100674415
-20804.04688011073
-247.63426482998244
42.02535787550763
-33.500233717652435
2289.596350863086
-754.085041223115
-1891.0471862399634
80.9219145643811
360.35036765660135
-267785.0524548527
374310.14997024654
58264.345265941585
6363.721454797054
968.1542399808078
5303.447479238178
-5145.426565087559
944.8049880656221
-12448.499234780422
60534.52235437116
-2055.959669371528
-38428.492145929136
53177.53541698912
1823.0584307896122
23393.081672195505
-36873.14250972984
-48255.22292045176
-2460.4619215311
40603.41369211404
6671.9828327612695
-73545.47749017636
-15535.579517312226
74207.97764897649
-32366.213443116532
77254.98323620744
-24070.202313966383
-37108.281376986604
30128.14513119505
-13636.99894203931
-11555.158792326185
40039.75898823218
6657.870979398652
6066.437976752484
-275119.57581486943
211200.42752803038
-36422.55754745803
7447.762957739638
-5.641874932141619
-253282.27563840363
-515629.63562677806
595197.993581712
243370.62129620617
119631.89407483282
5192.248532840716
397049.91368942696
-250591.79420309453
-118817.7043934638
-681135.4975147477
457333.33183466
-138143.55519164784
35460.767740664494
-430526.2607212755
141786.30539227667
-68445.81181231623
5836.991120028035
-72476.71023896972
-65241.53038679927
-92904.00221106586
223.7474951544297
14871.959995380243
328462.0140437982
-52573.19667049245
-1.2616227009887027
-9502.350848821998
-5920.885662476401
-61874.928450031344
3110.2612491474138
8345.183834475405
-11401.110053489458
62708.54405428226
-49406.456624294144
-743.8379990473344
-1970.5014629816394
23717.32639062331
16113.52469619575
22275.32419403667
-24941.07335605063
23670.59103704096
44583.672284714026
-7023.947844539644
-16213.8863218247
8369.902774276055
-741.6463045703938
-11816.896647087704
-15267.54066027049
850994.0919033954
3281.4089895647976
312.08829944641656
-193.63313714314228
-2057.6128964175755
2849.624973716964
6356.677067232728
-1860.0044068806076
-11.503664271584254
18.81366322535742
28692.754707366592
-1126.059999344418
-5161.914428478017
1408.340832262805
-1938.4614902381409
12483.743653273863
-119.10645388700158
3929.9799176124643
-9426.605969553708
-407.3723802623322
2519.9166581593154
980.467234578431
-1100.229337907842
-331.21181215042543
-541.0592713578276
-4290.528158311004
-1637.0435414135966
-35.81653044779141
-6085.931343774109
3140.39478015644
1118.8940747358145
7707.662894745832
5139.21206257164
-164.91103007882032
-3.014656564398076
1273.6031346916016
53.201327360704596
-373.4860630242183
-132636.92090233223
217799.85983531785
878736.0390799851
-565621.5981406888
-441006.64663976454
105270.34394812779
-17750.30572329029
-106981.5685651632
8721.785552891088
50047.45960651808
13241.285958835215
-7757.519901319088
-220169.98792540652
186591.43923361943
35807.24141364799
178667.1653181073
112598.65645534816
12548.089682531963
-19488.15205743923
-100157.57083890637
63889.57291310125
-564.3612761858691
14288.129015849274
5918.103979940812
11654.529825400432
9939.506741466006
-15090.737760435079
-96646.33845176069
-5686.632566004274
-3915.4370927436275
-1667.5914903210073
-7941.476284814421
2374.1915040400363
3868.2573333202577
-839.5612193967829
-410.65432745695887
-3426.11636978147
-6442.145435266879
6693.792549035003
2826.7061751770907
5168.737140472573
5678.0680914123395
-7467.914518135409
4248.576440370576
6743.026206984268
-13829.501022131675
-729.2008206721798
2050.3051127572076
-1500.2620059179658
201.5741679166181
1053.0135701275474
2102.5348127143316
-252.62599906827245
3882.372596762716
-287.4434332982692
-9046.116201384766
12001.55519250492
4896.320208833554
-4807.427506206428
-4271.459979430337
4696.051619880447
10775.655702176133
-1246.8078158033593
22216.7696665414
420.81295916641284
-32186.634393443186
49390.798885489625
20215.72485334483
58281.89451739824
6070.091120748562
-37183.365148815574
17482.731053885713
-37923.76580872952
1579.8836917601216
-8798.256868832706
-782.8823535120569
-122471.44124770508
7199.8957547591735
-6420.6037270914685
116448.9398717593
4068.653037368729
9262.19963194194
33356.521508957136
80648.56490651438
-41965.768132639634
42445.13930575542
27722.781292972068
42571.6035206723
-121910.8544277893
-37760.81763023039
469.65242913540504
52.25952483903775
324.3574897208656
-396.2330625579762
6.541154410251919
764.1129386483915
396.29282679955605
1161.5118026101695
-155.1198665759952
-1249.2988425800252
-1848.188141901451
-53.50689204041441
159.80091864245674
241.77967818368552
291.3952048326618
361.26813696753175
-158.45658828002408
99.33585444744176
102.24417322623906
-330.1500972632407
-85.08687150537075
-188.1362185652199
-255.68620927479648
15334.194468385083
-448.0868170276874
-95.0692152873352
-1851.9045107922768
-9.773712623403902
-122.91034923016612
-2542.494358256812
58430.87418542191
-27400.94650908404
-32504.70573686299
30773.082441427854
40405.87606945388
22357.57527079175
2302.4532797485267
-22729.55911421956
279937.16460902337
-236928.3083223226
-30042.180968830624
-6438.98847058482
22665.420702467305
-138437.94361603132
-59781.60714952182
9689.045877174987
-45369.457468137916
-27893.061124172407
11340.733056444895
-143305.43793495785
-84086.2352346868
40579.22050729294
-104625.35876442946
100748.01083382944
135993.19675715716
-1760.356628595035
-38719.27541391453
83315.40211634076
44150.89889650155
-103286.4369587964
-22980.952549221314
33709.65568998654
37580.89682152964
-191708.1341856143
37884.462486307646
124120.56314459385
-5793.850848707171
-76933.78429823118
-49503.017231497826
-58588.54442508046
234591.68711061712
-66996.8945805809
20656.691852351363
-7151.642626701602
-22027.837854069843
-93402.70854668468
8342.71510724463
131023.06062753356
13144.970204143252
80340.12718101966
34354.43467823372
-100628.12587953675
170796.84050814697
22209.244067882995
-26865.211757706285
-819.6675440580682
-40687.36142262075
25533.124442911165
-49775.98660285969
-9062.020064405215
-248104.65262381616
-438.8707424216577
-17072.675503559527
-56401.202987676705
-6522.235063462865
-179285.80240130227
-11263.447818417502
102251.77909839696
1664191.5857131265
-350683.09625156154
-348307.42062924564
-236215.69966177343
52621.00729063943
7453.475003972768
152113.88025168906
-619337.3471453085
147065.09779299347
2581.456593937901
-660090.0392055216
254351.78483164133
542868.5208402607
-7955.432066423602
-56.81079625845777
10977.883145795684
-31609.58684368834
45781.49411113584
-26585.41785308284
6295.9387239880225
21204.411395378607
-21087.790573871993
119204.02136179867
979.0714014985429
-16822.06762179445
-817.5733298666295
32266.158282664514
-2180.16556432203
85978.04847688084
-129498.08964620881
57521.18849745625
30304.890590944004
14738.610630813475
97985.61549383147
-27156.198240160382
-58561.664303852536
103194.96927867866
-37632.30524544002
-24975.7692432407
-6438.2428729501235
-815.0540384224586
-24418.87628456636
234.37954823213332
1302.4496430620227
3253.7627464334087
261.58837780174116
151.82390157986555
41862.2740245321
-22950.396896087066
956.8079177577788
-211706.7430107714
-18876.08615940339
-22762.144079317157
50332.12180334567
-274207.4512372834
-86877.80989493142
355523.9244488444
183411.52382308853
122778.98648054591
-244955.39618848218
-107811.47379760322
-320810.89511289814
18995.18590185842
366370.34970363055
-99566.93068422387
9055.996210141935
17855.11125057612
-210640.78596799562
81300.10851006453
-173290.42332300305
289581.7537100351
-47054.55678630724
135245.28632911455
13616.392336727007
-12822.60868665015
-42411.949634062476
-27575.367489206645
51104.04378039723
10863.526100416027
-80800.96008546304
-42085.80612354876
68458.51229776035
78794.75055276552
-41214.38633708008
-104464.18609485401
-61396.517085380714
7803.133234319067
114483.0010047219
-88869.04123634593
162229.82845909704
-42475.00380408786
-41961.541493628094
154187.5585460927
-5315.4350122119
-64422.714995805734
314964.5150398717
-181841.94519191378
-144981.29658328163
77604.74830736412
316183.40383548534
34775.80391170658
-3311.1268348091694
-255.59588408785723
868.3805793874812
-16903.0149461631
22457.700571842604
14799.75459119377
141878.80434602965
39933.25481188644
5535.086412964141
-69497.64666736951
-3456.9880453832543
-39260.939565529356
9760.126280664292
129838.64091890848
-77851.98233394908
108966.89518693484
-55428.45888735559
97087.17126759754
126569.06078495488
18464.851913236438
18961.323982590904
-7176.298178700882
93956.58079831411
18158.982911626485
-28333.962906162178
965.9974351800519
6779.760486800653
-28966.57562468
-68054.28842441228
61.696674610829334
-108346.97058214825
24259.554088482313
-2910.65438398197
-13720.211701750248
-16914.916467903007
14433.52775811091
-4163.765459722176
-21762.870626722957
-3121.5812617998017
23710.123391795845
7941.5359732342295
130337.22849067954
527.2356171673515
93778.17649994224
-279705.7766209716
-61919.66748799907
-1342580.65120784
453704.76846324163
285483.8195264423
242830.72260075295
-218626.7676354996
-489737.5846197357
-417672.75490900845
-514484.28047000425
790397.6993186024
1003197.8458867756
363732.7344824084
355648.42080245295
-66553.59526257076
21788.639018744158
-91220.59222614893
181443.12375659693
24264.76643805501
166731.31034355063
13835.118901009733
-48365.03895034051
-4537.866407201045
-15277.99102821227
-233379.04203104327
131683.2422742695
-114946.49729138205
-413384.9873858893
292325.46653067035
-124713.4904596084
-259727.7122895231
43487.458788607175
-19923.06826761535
215591.29737230428
49202.83176670537
-69595.91845121727
16179.120338869654
-26892.55591205807
-10059.839933314655
31776.65413618788
8481.462920478436
-20674.935068196814
-810233.0396901546
307260.7409570497
-85700.22793746488
-15986.956039793835
-72949.26679019598
60891.55173738031
67.43023121396511
53362.71667123444
16482.0785807129
234148.53261969943
27409.675831532706
-21625.798765135467
-33848.25708827595
-24379.81441255134
1557.8372990139464
1339.234313615495
-5810.554440508852
-3113.4103911097177
-4.678612421276308
13427.11955892461
7290.243873628502
24818.717939757626
4410.816889664491
3081.270748269517
61257.70758879356
-54529.78263029814
-12139.556033388117
383.67916726653647
38622.94185810481
13670.543836566103
-2923.4424640717893
823.3351418906517
2101.215291932599
-1043.6645242846866
-22255.182050863063
-712.2116770586603
11054.057273772045
24577.255796088408
-5111.856964066781
-5611.824832455805
8344.295485185745
-28391.786673208375
980.7867628673973
-1288.1491347045253
-29198.536698220712
-46942.7162879464
-4898.966936457798
41190.63762138974
363.0534089253574
1291.9214388020523
-14407.166045580043
12292.393012856332
5160.668691199318
-1185.1591714674696
35759.6756555226
-26846.35442881481
-585.9306950485828
-12.871009857844612
-35.146244976882834
15096.142984610442
93804.51020891906
3898.3852615965925
20477.686246607755
-377.3444594194174
-255.21150316429208
-13777.573902394655
19599.15276809225
-5276.98414422253
72065.987066445
7215.48941322412
-146397.86313367946
-5329.827578957617
-15861.089092569006
-15705.923949474234
-3962.6540860402797
57051.902535056775
271259.27423207375
75793.06824818604
-106906.87987742196
-160605.96034670208
6107.8605054981
-26168.475467032902
-57441.40520920837
174186.68969859887
142336.33675265335
-21536.914072501197
-52854.1785453656
-25309.36729806404
15612.110223620775
34407.39605738613
11986.427245471263
25.183197158672844
14867.98125283727
36907.85531672301
3374.0506439633896
-23671.278560973253
-41964.18689610321
11894.14286072279
-4788.331223784359
-62862.778931196655
-11126.464230220587
-9324.386716729807
41775.65026388555
-19052.592693453847
-1589.4935960342468
1234898.9794576429
31046.98706946637
214865.85946378825
3723.63945988311
-1342.9887070113105
-20251.586750285758
-34268.9903413876
1456.2084774507296
-65494.11213364591
47625.60705586597
-42286.162413186314
5159.211266838821
-1575.6347805512894
190.8223305072996
18365.363232170894
-293266.2741601712
-46857.385886778844
155153.31009711247
543639.9126099063
72264.68418803351
-122117.62577506612
15028.96513850296
476428.276579523
1083197.9648307655
18811.900989951104
73997.80522992517
148876.6251257394
931257.3993188347
66921.55362435099
-103888.17163579044
-13.794345869406536
