203258.19918500047
153582.7463355844
268922.5973733622
-814644.6296749514
-553541.7023130523
148379.67512938898
482153.64070962695
-70138.29264254666
-197779.54980394538
808143.6541244976
-1391826.5734712314
-69792.81930995495
23936.314708544407
-258455.39868657457
-818223.9302700001
-30162.789078788417
534729.3511658597
156108.25390395205
-319386.78559300286
758729.9436464083
492390.59071444423
760439.4675234776
49562.83182997739
-205177.54593692438
255579.8312243405
75646.04076629154
-122140.6348755112
65699.13724034018
75393.14685954027
224316.76745283505
169690.6835810032
12732.501498527427
41741.623070870635
3481.7681095649173
-25185.80271158539
174227.89586140896
47586.35379601426
30035.723724569023
-183696.68391182218
53205.38956824728
-40584.958359693686
22396.389534309208
-326002.9472695675
947.6840456091776
-1755.9647784804579
-18949.507295702395
-95853.86386887179
-41912.84199677095
-24748.607723982455
113787.51281262406
62872.252139484175
-475134.90697902296
44638.013523938054
165124.19402184273
71871.80410991756
-4292.379645171193
33785.53120185408
119530.65046984375
117186.14429683446
113932.78207230601
-20.589866775454084
932.0947818264012
55006.07896792824
-40789.06675008555
25359.436065103506
23468.854013780496
-98769.6672426802
-34848.27431865164
-169.56500126527698
-18991.523480382344
-25473.809761038887
2187.414347708255
232667.49058154022
-40873.09684699873
-69409.40739458839
15382.41173104472
74525.81244516376
1154.3291272961806
-3720.573807537003
36982.12010839976
-94477.63940736243
20511.845203611247
17006.535681260826
117573.45776131602
72956.3698742971
-27762.59408804954
-82867.27147225726
46458.689659983844
-60510.73821126758
-41998.102012022806
-27346.734603354136
-230535.05407658414
59911.77139506893
-198556.96404098222
72832.60280316233
107582.41214508441
-40598.718041304855
27717.36169546887
-165251.9322300601
196589.60973999466
-271053.95906844264
206257.7204339537
624545.8477044322
-574945.1059912639
-198556.6386234648
130972.9779851284
23880.257433904542
477249.6301596368
30302.12230246029
611643.5389964554
15505.526016902324
-259912.65506636986
-104115.09174590971
161974.12886766606
-726460.9109218807
-223470.0510806821
382763.9487678274
-30729.383280940983
127798.76997660415
-30899.942225591054
-75228.91127758447
25960.934561283364
21817.470213594162
47946.2935067682
-472518.21184105944
177334.06268588413
-175772.71640768737
-140301.35710676922
374830.4457454713
620109.5378483444
-529339.0923824932
193870.20168030597
-171851.20953986558
-183665.96704753878
-402912.55804995773
-174927.66164557816
546908.7843442843
114973.63381446069
-636428.8243639681
-19875.063791831333
-46566.18039237382
171574.49071364108
1095706.5834005189
-574134.6225120205
-622806.2328729931
487045.0076258204
1724694.7618684014
-83236.32971637638
93651.98311354776
-1247707.515597137
576804.794320822
-3973674.790323662
1904959.4015239584
2938203.8538402906
-3389370.312281877
443894.1025509813
-1021073.1175514867
99982.50893350961
-588692.5652488503
-493104.9454826231
-1244181.346209278
-140344.7878688652
1512001.7532994505
671046.0736803861
-111397.70227650153
648930.6656597682
732942.787860289
492623.0868080129
-379811.83584881516
172042.70897541393
-186352.03356061346
-110348.48960196077
-1317012.6868835632
4315746.91728399
-77242.95088762433
-1785905.2860304578
-246506.92393774836
-276985.5264291466
-164466.09731308086
-1915020.517882978
29508.53166050269
-189991.0628034625
-188545.0145061738
16361.64828332516
-194553.92243475548
-154024.5684785744
106423.6230904634
586125.2943889437
635088.0025081298
-598279.9029096923
-308248.8650696488
-64629.56192579252
823459.1015468983
238687.47077410287
800400.9263024806
-4996.561227651677
-100831.7168604553
432734.87566679413
-566739.0454781414
231023.3851052094
572342.1364152135
-8043.002816770383
-67125.8806212656
18893.33996222067
65157.76292619908
45407.6589873426
-142486.23403094767
-976957.4997865077
-109353.83363573097
5411.883344298863
-26967.873817329142
-39301.764649672295
68483.43267681009
-115759.78285438438
-15817.035943908804
-100214.37927508373
104337.62314690191
23782.164569211705
-121471.48038695447
7017.322463654277
-81446.00740344207
13598.688149355778
13741.240981426574
-17297.516531921603
4339.906701789595
32391.303211909617
-16910.859010254986
216297.91666614436
47603.3335334759
-20284.349312049566
73810.07167148296
-71204.30706283568
-14705.586033180773
38966.28861180061
-12205.672093200934
-134939.81103157188
77278.89758338769
31470.975453241565
-36645.01579832473
38200.72909738001
284479.7774601177
-321316.1881363198
-266363.17166238994
-337032.1929836075
-58653.83038791458
-482490.71539325966
-226955.05553452912
145248.650166846
-233678.07398903117
2571242.020884158
-95187.34842319366
-337484.42987357936
52040.41324183395
1037773.0802185602
595754.2288845088
-788537.549048775
2246696.425875168
64109.353433179414
-762282.9383331118
823250.2358911874
-2226240.2572480286
-280762.46199510817
5941.21252633179
-339497.7343847492
769930.0456855772
833003.9158160267
-1194620.97228085
-167121.8714677189
-124643.17271897545
198592.23354804586
131294.67134223695
33739.181673568375
-25920.6761908039
878594.7206092221
-431882.6877372599
387490.896981737
3019.4806848835938
435504.7343076651
622508.8569190118
-249963.15418466064
-435243.7290415945
-2026759.4283078709
755804.1292928847
6264.32539481449
-178838.58820350282
181249.64045319677
-312140.8905605211
-100123.02924250388
-918853.9942638089
979640.5940838226
228246.55348406688
73943.5926448047
26563.82700147127
-96162.90732419917
116605.06389954886
260357.2294050221
-26779.09626034059
242.8690659624171
-197524.70951195416
-10825.445515467552
-903.7067015530251
186632.83057392298
76721.16600275824
182569.3476317747
-31141.816363910126
-11219.389076552554
404800.23693861836
20650.118969044488
7873.386338497228
8915.044463977349
638.5739217432708
199.65122055712703
239.19081558249056
-126.65706481319909
280.77539182723336
-111.69062572094468
10043.279152768506
11704.030792013853
1639.7171019786556
20.17803369043913
-27.127060806839104
16.827564767723555
-2282.1624840843547
-124.08876621205194
-1087.5788052010394
16.450838774361177
-41.362547351060336
177014.46865814336
-1108531.9216239676
-14297.774607033016
6497.94684845459
-3364.886877023147
16490.19534686897
385.85117107603594
-1638.804223971968
-14782.57597398764
4334.9483696342795
-1149.9769473891718
-29773.419648696865
60056.395499326165
3284.6841198470825
11517.45613103637
-28728.17776802477
71887.99403302532
-20289.278568454196
12003.859480294104
918.957326466151
-6504.064076501939
-75785.60742755608
130817.19698977761
9812.841979658599
-7156.149739892173
26812.680245160114
40173.68999024034
-26074.189659968662
-5179.927833533603
-53977.32084855569
-12772.517852538982
-994.8959562693456
4078.3301053638174
106483.97822207297
68853.31098768095
15837.554132282648
-18446.31241621611
27.32672729725478
-476032.8954879074
971700.4807261579
265566.15515475255
-143092.1600221694
-62644.14530519753
181028.22571814564
-126801.33770693651
37498.79704213536
-37068.22364926408
-515536.8595598378
341505.02091708255
-6065.3785023401515
2908.8044870304616
-604206.4784301725
-62931.873511793085
9751.160766132301
-2383.764094971755
67884.31890471617
84864.514597985
-201476.57726475954
2.2288102549983915
8043.869104848184
142738.17410061657
39006.034597119586
-23.891746449030745
1707.5349795785226
-9756.008149775715
-10178.11927586791
5810.140039866966
15537.380269599027
-3787.287368856519
16030.956338793902
-14397.478398821966
739.4452915945498
-5621.74924095182
6356.90418685113
-1359.485838607285
19712.523473355257
-23447.432916392092
-9141.265447004984
23902.31324056743
18012.10614222216
-2482.8701995743722
1801.8305113871006
-87.02361834254243
-1634.295481268941
-23572.92343621784
-31316.773922494827
-6725.778137585759
192.61758108039723
-222.4718215710579
-9206.659779641637
1729.588812457229
-2018.6239569712106
-1326.0730698624554
1.0852930168803387
-25.95232852431819
-1851.9211224721187
-1640.4131611377868
286.6870501490149
-748.2834682600005
2220.9563983262933
-10939.744561974774
170.87180863488973
-1435.8249197841035
1223.356731362092
70.61490986892908
-77.7374575518259
372.4691997342434
-1229.567934514795
113.80255464288439
267.85302738289295
-11686.869094447831
-346.4267945363603
-21.350876914751225
1034.313001532801
397.8517334412805
-909.2913322015257
7384.228445117222
-1416.7548585153672
-102.03260571207814
26.222092463521758
-180.44219038880436
15.213148061659739
-307.97367520333887
-38439.881657644444
-244131.91568835475
113709.52845430233
224741.59274752066
229360.6727899452
62616.24625578498
-56357.48536986079
88120.6317031289
29197.7133318516
17021.99832270741
-23784.889969939344
-9359.519912609145
-106646.64703767073
-216359.26010812382
27832.195944392788
-116991.32713956319
-68486.6705272852
-13022.268219237378
3872.0126420231722
-18541.39655621337
113868.0682616353
-1604.6481084288682
-6413.831420362122
-2533.5111016984915
12781.496796081876
-3130.677429111234
15287.198374559373
-46502.893234347604
27941.478439244744
-2360.1441439644286
7566.04966655473
42474.64438771143
663.9994795534534
-3829.7282698869826
-5380.78493238341
-2131.564974814934
43689.88196347832
18027.180121438203
5968.31950459865
-5084.065455171902
-53933.453071789656
-22463.100211257995
61382.877097726625
-33830.68090490908
-37433.69619060842
90115.10463536638
-16572.632942365384
-76402.02099753736
-594.4705541331637
1684.6813640146881
-3988.9814589722946
10309.918724875122
2914.437362101575
21917.108235064254
44060.92479482701
-65927.06338176479
-19022.700092338266
-14196.541992434299
35296.81794642024
-23528.173984861987
166.21456301190247
-5720.891977346569
1527.929122625955
34591.42107895385
172.68845749928005
-14828.7932315587
24555.7288899992
-13475.984386337934
-122483.11710120707
-33221.56869078362
-7160.234679619981
33210.190710414296
-26362.341731429802
56655.554315342735
1918.4998625009016
-314.1067371185974
39984.40162903535
12517.16388217334
17421.57060393254
68469.28551396017
-3820.9192280448797
-26128.239015520157
40709.55280552408
34407.58147230062
10124.42693556156
42862.93410904629
-44865.04652528803
-100554.97757373858
-60349.33110016407
33085.5818590698
493.1021199616512
24.048911645807763
188.35381547468947
321.25331157383994
-49.10885013611798
-1024.7911899291003
-205.37965642016823
-441.1051776591191
1069.4397847508126
421.688241692194
-171.52270211117954
69.95220424460072
-253.1244980291723
330.9036253724718
662.0676221301384
-283.3518864897129
-134.68526108534894
-24.792174351357026
-153.99252076707103
407.3169158333711
286.38637521258556
-87.3337276678937
-651.3835657188083
23616.422025531483
355.877327295363
404.53384992684187
1499.5238032185707
20.9050665550908
199.3329964367733
1324.8425675978272
6121805.499485683
499449.1065846877
3134546.4976675976
-1176880.1676512728
-134924.13003762788
497390.5593966349
-251446.7271003971
2768339.779226602
6382413.385637219
-2999887.0107401884
345818.6407509398
170164.70201028688
-209762.82733763297
588991.3214343293
-604717.3008321818
-1192451.7208638883
401023.56121416856
2549.5787512385855
-1629156.8036672354
716044.7915888836
-486076.45508599153
-655073.1582899544
-731541.7212030109
1027362.1168744116
881477.7318377492
-114609.57799604602
127745.40541022932
116477.99149365259
-204604.14825631533
1042629.9572722419
6159.276314395434
-67211.2799048044
-338587.29065873614
-1418659.4112443095
30173.086413351557
-585504.8292930317
-865901.0678284947
-198072.421312277
1313548.9214364297
-154384.56853876248
-240728.9719301664
62306.48031071662
-184583.1940692869
49634.42238635652
539015.5511401979
396568.07636793016
-285370.8004565254
240348.22511935007
566856.2518613057
-112489.15579411465
1323319.7161867402
220160.5249570859
-243561.47568933695
484702.74803501205
-607213.8627424682
-132049.3520295793
-356469.0462332261
-1317650.5728954272
1362930.4061350187
5743.955115674481
52158.7047649807
66.96774081204696
2916.401176496605
248272.54739525504
66393.11011506926
61850.72859404867
-16758.958664861893
-6465.880279901745
24196.277795213773
45200.6791670092
62418.046910049605
-150129.04112576766
-319889.3067948151
-6231.616293739341
-30199.16458155149
170774.21402862482
81000.59915086009
755.3597001385564
215890.1635696821
-36320.37928117678
-113941.80433106271
-111199.793704754
-8.052918504496065
452.85343246826017
93197.32355430878
-4887.934541842697
32271.382045952225
-12942.214558264573
-5102.8967120053785
25597.936637134175
-14226.279632795893
9810.811020700496
6272.016836178687
-940.8577877839239
-21962.36258491553
-5489.055806507224
105155.33535262401
2209.2716926342887
-21189.2531231741
-13128.170819503275
242.0503238764443
-3715.008110380124
-3482.225689534521
-89085.00733813184
17120.42761596934
16901.66561782143
292.3266327064813
-1935.1004711301748
-796.5914906422295
-23539.590752688604
231.51099575861267
168.3373477416261
-3472.746443592814
514.4330022282252
97.9540141257957
-8012.596685560939
9548.660064482045
1250.1954151399736
-29991.72679121561
-12668.700270178046
-501293.58627148165
114658.74760484495
224236.58547552102
36604.09584565587
-717065.9281206006
289003.0259009025
-66848.00859335763
150525.93797302982
-21361.8119262156
155021.30863126757
-99282.62455100015
-493340.9025806212
125428.59237508573
-90059.04802767349
174267.49526721516
121745.80086239516
40357.36503136232
-714195.0885292275
-379504.5402747299
-114237.0722369297
577062.6279911746
-64696.62579291246
5854.710946674769
-39476.41105770428
-930.0319821372572
-4057.228030106339
53259.23954435397
-22038.879037266484
12748.002583911237
-69160.5396430866
39408.697812367616
-401382.41772101755
-83423.05091924762
25482.771812152198
119549.26398159657
-193074.26141926966
5141.596855532644
-3422.71344933313
-73906.97433631995
67295.74898265173
-21543.53323458259
161.77258426165432
177287.19898848538
-244455.029105625
345290.7978748876
-29794.317073237104
93781.22943134904
-37480.74179880726
-1407.208196413321
-6273.934458651873
-10864.07046370109
22028.422380133354
4894.878355930084
6852.398562688555
-9698.812482648316
-41628.489368739225
13503.086826678084
-3588.706545867934
12840.09180384509
-1608.891669383926
-335540.8976210993
-20340.511896330358
51658.1989261345
104766.1459732159
-27457.078909553446
-75815.5488319941
-154614.2510132715
262754.305543579
946.7343818110907
-23692.69432751568
-58263.24328203982
259361.43487322304
49939.414384580596
-278169.67695897806
-2376.2979349350144
-141.12564337234292
44798.742086739345
-71197.45500675018
-499.37415666445986
92107.25008915046
-13411.655240949107
-26837.61417425839
61191.84178167424
48111.15152970854
-28226.996506135627
94.14619012393821
8306.69360317053
37658.122636308144
-44618.10406340513
-4416.969033633317
-242856.8960970104
139083.89356961046
-423687.06192677724
-89133.71593948493
-226375.10710878155
774571.8031227357
-484303.8054736402
-312466.0405157754
-776425.7054579236
250002.73030822215
866433.10157087
1115856.3181357062
25434.766332896055
-158263.40912671044
-606416.3018473136
95636.39553940979
-631212.7406764927
240850.38399504687
15047.250228101271
-270777.2208355152
-502947.5361326519
-291068.3217750982
-679745.7071531406
-91593.44290036419
-130075.03511379707
99670.93306885075
341228.72200611077
451510.1098652744
-154303.712305211
121177.38667215705
-40452.54829526702
157918.9890538756
104419.36283982832
23054.314141256677
-66728.17245654268
-29104.967219489754
1734.3100735742166
529.8753459577009
19687.370422284646
66019.74961083333
75717.14420924165
-28357.230753577493
-11366.589981226847
-1809.5061386190698
6301.592346533358
-62858.713400357374
82303.64907595077
-25377.792433781295
-4328.842386741379
15143.243093578005
-7550.890338363747
46.00829696454134
13766.990221338452
22101.897848220786
13022.32866849337
-3793.6113667519858
582.5220940934015
-12271.526180501682
-595.7646103767105
-5549.674010316383
916.0748721890976
1379.0371564368102
5150.120699899146
2.0858139369571886
251.2873995415675
-6560.860928232021
4621.211046518174
19.464931679548126
-1350.1588986116717
7984.255114526791
-5210.967631438843
501.6084167712653
-1120.3283422490288
-8440.070966738525
-2515.9553018458428
1902.9092018025829
-840.8385716818202
-1720.1855267363235
629.1496246518905
1681.0495647282048
189.05236019239112
-366.2584062445434
5794.884478241718
1816.9736462894111
-2765.2433700447655
3849.240628041444
3176.2213896065223
709.3421371706721
441.28024065418674
-275.72654098049804
6117.208805276816
-2836.5275803787963
-7198.861531535086
769.8505174568254
-1902.1591203777207
11226.372263663243
-6879.495477045097
-1742.2925577959663
5945.481589780912
-14041.94678453273
8292.173071957166
22.21373859179464
22.01435184846192
3.576369258584752
-1700.1823779442318
-43130.917736128846
6853.920187186826
-3984.9552261433737
-17680.310802610988
-62.60646780876432
35108.908123024725
-54823.224726105145
375.50100604383346
97916.02219362406
-30500.102838612376
-36390.73295430271
5118.150691960149
1458.751779138176
38328.666248871625
-708.3762462825641
-3208.3132796245227
40222.86375070473
29653.135028536402
-25114.040182387627
-67365.03245861264
-2229.7620576047875
43152.83856279632
8075.640293710122
-127024.57512125302
-37127.10670782833
8361.378330659147
66905.8612482598
9457.746497000668
11353.343850740608
-8710.756265403517
147442.22645644326
3764.533452843402
3818.142381039333
16772.72475712275
3211.344804776822
80800.52866052225
-30549.62721783737
5786.919510400364
3345.4407205114753
-92500.43658264772
-8060.986145830694
-6848.729354422791
63251.29464339704
-2811.887357678276
-952.7405837866607
-5572.089539815099
-57979.84678306075
14097.839253284303
-10.560395908366214
457.1672462695291
4214.474509844723
4363.621838084534
-3267.89817201537
11945.391214058282
-13392.776963318598
-8002.603574141383
2451.2103581235447
-1824.780437280789
-270.8448806551545
4827.070697520237
72765.87883140455
-16649.381674834676
65142.68473062686
-86168.72227497683
-13574.108883274419
63142.44074952053
-22992.722111892235
-80561.42671129359
66353.24117856006
23728.529210297274
7838.907155883075
-17801.306754050474
66295.52750285651
-31249.414019799293
14058.273477896055
1.4370645160442128
