140.3774044334773
-2752.6014083316113
-13071.936958864113
-30513.194632055664
10260.035658682857
1406.1559562933974
28533.477606604352
5799.74881765348
-17485.11798057516
-298.9799685568765
48171.07862751985
6213.294373872864
-4844.7031794904915
5735.2585839022995
-415.2276940089664
-1493.430188691977
-707.7985252558366
-14634.699142722591
-8801.480641688995
-10509.162594337771
16398.039260544858
2806.7537674547466
-236.61129841063521
16710.35437172474
8061.18484881389
-13921.470928069142
32844.87770244231
-27615.999027195463
6554.786389524833
-22351.832395007543
-56343.43200143853
21378.61203730615
-11896.262636721438
16015.968500759367
-2485.047230724751
-5323.194837343994
-10152.142626202021
-48886.41876183141
-14476.439194865008
2328.8002758848015
8972.593318026715
-4822.857561442493
2672.4461304567553
3005.8847216423947
1185.7256354130477
2709.9957952350474
-15252.404413099574
36042.91686296367
43205.71871923621
-7524.014996153626
17710.172987593713
-67830.9770992376
2333.1185997416765
43355.74510280122
-11933.847958411872
-9587.790660592793
4144.994369840117
43210.74844984254
-1200.834617138811
10475.136582086689
1703.9406262571474
-11495.271572852444
9827.800418090297
7066.425502170872
-30758.63232588386
-4726.367481562004
10683.479332676217
-8314.690971310298
-20.046769119680903
3996.920345862135
-44858.06043962624
-10514.032109893307
-4466.820162924875
-16053.573742928907
4769.22544309826
-5255.079830782499
-25725.66010705482
1499.6520715481051
-2752.013095523505
-9071.174811994597
4942.665414727531
11208.093972296983
56764.42277442745
8202.198283389987
33576.38501412237
-38060.1972547486
24450.52150224388
-562.1319005386044
-13172.088202652158
18209.707149974984
8144.464544210076
-5266.7061966168
-166.39533516153716
13307.857181860101
-9814.415988925182
-1596.064059691553
1539.6473012425263
-1002.8189018905728
416.1131520523657
-10776.873327041463
4579.372912931342
-5284.673473640172
-16065.016978181822
4341.251885917642
28654.07195279328
-1348.3222107431086
-56753.18338731486
-9079.086206339345
42235.711581389514
-4835.587167735538
-4360.564821309045
2422.5342715411675
13313.000145949096
-29970.710038703808
-6735.949485907132
12448.139043675925
30192.250537036318
4001.3099500266794
10629.307024182004
-3168.8689111716935
-6455.468665423173
3973.285145811976
137.17826829740267
3645.610463877548
32020.788165166534
-539.5637598030052
4277.07090695113
-19921.103082943613
-6085.875816281607
-3801.3051811621085
2430.341418054401
-15885.084674152498
-468.00736298667687
352.3430323545903
-8864.479910569486
21012.60981543426
9788.253581386303
5917.28422450858
21427.24187232742
-5864.813885032793
6551.423628535549
-11978.423138491611
-6498.904401747905
-415.8548585409251
-20297.929298961175
9891.528566099018
15965.189610951049
18.865653879379863
-2792.1714332953375
-33849.09185790018
38222.07612171083
-3653.5673863885495
28951.60806870357
-10154.37298817484
24724.540334698813
18791.197894248486
16795.89395957368
41747.95619430811
33967.137424359
-35063.58961567892
-10977.912623111377
1370.020954764951
-20126.789925869438
-22995.743205928346
-72810.59024331908
-6843.81457264947
-26427.584336185948
-2831.0545230288176
3490.5949058969904
-4925.039986814898
-40806.30349506519
10402.199418425305
-25705.486245036376
-18902.238320735727
66672.1571297106
-8026.342931916935
3645.2955037181546
-29824.812008105957
-4698.6331127246885
64402.8885083988
-23323.25980880521
26144.006465668346
-18110.794305556657
20553.632779002
-32387.270616581016
-47039.412263168684
-77516.65852596516
31298.166982530936
141584.4830682063
-71675.95088151816
-16892.581337264204
-12513.624034201091
-20941.564482787384
18822.730346259235
-5438.871131936991
-1631.2534203650878
-34387.229298221806
2235.308150000707
87956.06463765199
33909.40128017208
34664.96422701631
7447.260589577851
-9273.643310514366
3578.180093373256
46009.554083632305
12671.878229202704
-46214.40644482132
-25175.499194843687
-15639.387958519948
636.1943233168339
-5927.471914825219
-9817.149473555834
5307.605326295986
-2828.6562207147954
-6565.177760655855
-5091.035394390013
4756.629410088315
-11732.035769245724
1368.1406729656765
13735.53967975197
-1845.918608901053
-1547.7870257890302
226.35574602733416
-1344.6168027567078
-2080.617504878479
5163.112005234165
571.7585705372472
-7407.84966718885
10448.82793587842
-1381.4115622026104
1881.5583077111305
-5070.095986611641
-3163.82540914481
2773.795078239297
6542.407623033259
19730.97284290018
-28085.676262114972
37.01649145759543
519.6496770637409
-2373.151469877763
-12533.793015195246
-3231.478226327145
-18591.077223125
25093.236508668942
8631.625448937184
-739.5719579817596
-16421.914107618177
-3834.5654932788634
-4076.8923032608627
-9664.231738420554
879.4483427230895
-14805.033450574307
-26433.999859502605
-14008.731806355318
5277.789348622859
56634.67901870571
-141130.07278374318
20813.151653646593
88722.51397634344
-24544.769303354027
68367.96617440764
-4832.390506249814
-1074.7658931269466
-7902.846608996618
-14323.753904406647
57778.869005069704
-21786.313131527262
9551.697229469213
26253.231750986517
-25667.509666796414
-3612.703936814725
9.368964359130619
42.31820670931515
15781.671878895055
-58205.492047592146
-5966.516087354167
-739.1514699947314
-11992.590145942073
8601.666560083413
4812.783007376585
1990.8115919856198
46214.48733822038
56892.257937546194
2261.2013187678967
9343.978316460985
-10208.83209411019
-65982.75044953413
2004.0806887371366
6938.38121645179
698.5452197706267
735.0900955528328
-214.35924636442365
1152.283663300651
-2484.138772142929
-1392.8490203884796
-5943.030103141023
2966.921730973334
-1995.7782086572154
-906.1869432209554
63.069768220140276
-985.9190364942682
-28121.387382519977
-13296.164940348035
-4277.362190771554
4440.399974973931
8918.223085414922
54875.099101469474
2388.704897576052
-651.0869584714752
-2489.717135789171
-1856.498073554345
1564.6973994510263
-1.355377155233115
28.71057237409195
-155.30882508330626
-217.10430128946044
-5252.938565743805
1249.1402098442904
778.749405310549
8.968339271161176
-7.318415466688122
4.989029547934265
7959.465557615806
279.6555463757243
-246.659367905127
-1.9240423271666123
-20.701392384574635
-38355.49571234786
14962.1068885348
3520.2921200541014
2118.155417329259
1562.3066961705279
-1870.2772347008604
-44.64558600997047
-395.4474379766985
-913.7901450517197
-582.7595410391032
710.755921614346
-11018.309192111152
8972.114517130649
682.7240286639826
7322.295071470586
14233.90755312181
-31187.158248893087
4050.3126727606673
14024.99351839862
347.580588186296
9037.402353147989
-119.51603968872547
14277.816531620098
-341.65556958473815
-40879.87003822222
9910.791464232976
-1292.1663128566017
24860.727622942213
6816.751558779821
22663.30355725501
-7551.18961950749
-2504.7413678232015
217.01298323123132
7745.749612414387
62182.907531288765
22445.905875614277
-5254.622554749791
19.565249847261352
-40734.58391094886
73375.94683456537
39326.37233463441
4248.971827614578
14903.536855595143
-22240.05372953276
-17457.938934014273
-21499.066080888577
-3715.1789078668253
-73427.96989805077
72034.90234218184
1529.6565472458747
834.6613761275521
-88500.35363726302
-11934.836204390764
496.8145775695073
-995.3473761547413
4980.441084779064
19153.853398426636
5283.277901027316
-9.274015904951293
-3139.3100667237736
-2672.884057318464
942.4352122316938
-5.278703150243363
1151.6293468287422
1525.6669477692933
-3438.982716195891
-1506.9696877450724
-4906.877876681923
-3432.955292470694
-14147.181483533688
-9843.014286001431
-93.40015850765421
-1116.2635769418875
-294.4748698733664
19009.545320954174
-17714.98255125228
3063.051408541241
-700.1593349022285
1584.6149502638932
2367.1399764790212
-6876.691839896667
2051.573904116211
1412.2726082706524
-61.54426243253416
12308.349787427287
-26868.798546443755
-339.92193330016863
-156.63905005596118
2.596007158461673
30491.198128405405
-13419.300843657249
1089.7003942877557
215.14530188279272
-1.8471684041915504
68.42181683474001
-1873.1037785755725
1536.8117663364612
7964.557891124691
2932.2153124950482
-587.7274825435557
-1720.5233991690352
-839.4506355844001
873.204960702698
3670.146628013795
-245.94652965173745
-1584.6074944888549
1156.31583726928
216.21291987990205
-876.7315171087804
-1801.2468975624126
7750.493968921638
-437.94613396853254
14.821268428551031
-1942.5316716374566
93.70206451899368
4035.3419338624694
-8428.238686583487
3133.0423932990866
524.2551730783259
-52.41378102938818
-5.191762444802949
30.752030941363447
620.3876667941669
24757.603090148496
4597.863205630555
25614.691190933663
24493.75236206448
20547.0646041117
7713.029648612862
5524.144426724745
2863.779477188813
11727.924374634791
-4223.249203155533
-1804.1774071796178
-1656.5243077430298
12662.539198446575
-2183.292809797689
2166.1699909692425
-20504.29031412256
-13965.207844144397
-740.9395706637832
-1026.1944296994102
13909.714614757606
-34047.52757609111
453.31749211562953
445.25712403603427
-1627.2704135757235
-7663.887207333853
169.17972175728016
-5808.5687422139445
6251.256405814475
12802.889324074471
2138.875166687324
171.66317341026723
-331.6602746570655
1037.221279692304
152.05878395972013
-56.56506405909541
125.34231160535712
-2899.687584337297
1302.5166855935113
-229.13445257797753
63.774945346931126
3589.561111377888
122.79741039976713
931.6225010155366
-1049.3311478704131
126.66532384836391
-1341.7573923012476
66.44180458595744
1161.1842599787385
-23.099125233414398
380.3290654900664
154.9385380834191
-573.1350688199219
22.19411501184408
34.03513417834245
-1264.1464849292724
1865.6625921559526
-1248.9370509823598
828.4942831900928
-1327.2708987730036
-1748.9043449528388
1146.4142511020045
12629.200246210741
-33.58862567502357
8400.473259631848
18.463874726327674
5912.119144695049
-13715.915172384472
4023.360441552624
-738.0448832282644
1985.8229613249948
6603.318887569923
-2069.8062599827563
63.735029244460634
-14744.02066036952
-2713.295933814586
-287.1991372502617
12358.121630054158
-5680.7801903129875
5008.529015885173
1335.3405598091817
-3318.7143305403456
704.9900355723222
6953.6226110856
-12323.434430677598
7452.939246548805
2260.2902522696336
-12531.425454894372
7048.414140076827
-3920.6954453345556
1485.5883874781816
-28.15479889233296
-3.645032427963882
17.906855437112775
10.353355220411686
-4.2194559617545515
-28.633294628527146
-5.796403250166664
53.67353731814124
54.71015589075675
32.63874832189463
-87.55163452809956
6.6446005153607475
-20.552296244479844
-37.793200852207704
44.308230898541844
13.887645723261675
-11.550109884803382
-17.537717306904174
-10.765672518901768
14.198890579640329
-33.858654611605004
7.091331995076901
-58.0180369593895
-168.83512123692032
-57.812165197402756
40.175847533187216
-102.19139425973464
-0.5022389213043423
60.78860635812369
-252.68334831584454
15595.356826210653
-6058.544517129032
3828.1055051206367
8894.397350413554
-6955.172648223647
6503.33159258031
-6171.939948372402
20405.836584730925
-52342.315321968425
42160.55564725385
-7117.150609936531
3858.5185282911243
-2454.5804264361436
11481.740339418318
15092.396917780998
-5175.5029576746665
2311.397589701432
-3753.098342583298
-16797.163370740458
-15357.6172243592
-25277.149653956323
11523.372714446077
-2743.7393444130666
-10639.381590347279
2433.5996017146476
8942.598782391557
-218.9118014198434
-5293.383688734447
6865.636660202097
-8705.059951530324
6597.075015010838
10515.505431386231
676.947767242439
9647.5654555037
6127.204697681234
6227.480548977651
-408.51609363895176
6393.602961438577
-11407.959188947958
7055.561828228523
30013.010419412058
-12216.35869708191
-2448.212779851247
-2241.3072101156604
6870.7365772680805
-35019.377580803564
10239.508976477082
4349.763054872291
4745.395975025981
1240.8142771322318
-49306.99015621347
3824.5753260745055
-824.266028251321
-23742.217487005786
-9522.371566561194
27566.82976358071
4248.651066253487
11208.522438370963
-17209.244856006328
-2164.9526310386177
-63461.017046065164
52.143089622769004
-9.627888779138539
18869.09316150408
15256.93453409323
-15406.880914323998
794.8690989824847
834.4986183043209
49113.015592039555
-27840.488844851316
-18444.237053934823
-14329.153964282663
5999.460604838921
-1494.990173410571
-28018.57143857166
58853.51408453236
355.2961714666814
315.4607243385715
9135.356435424257
-6952.110732500285
-470.9414296428668
-29040.832064446422
-12.024197841281314
-174.81949991829165
-7115.849212710736
4028.7612772334296
7153.470267841102
-2342.7647361232953
-2589.474772267655
-5678.750138487851
-11001.240514446486
-687.8899349444748
414.0476389771267
201.70618738396354
-11572.080931061984
895.1242119039795
6853.7239898159005
2933.3396144986414
5688.169745071283
1066.0138936977091
414.38577069298015
5193.49020422383
489.4113261443214
-4448.636179897131
5313.602744119639
-800.4773207173349
118.13649691364891
-563.3039088359644
-4.7345610903065705
2093.3051832417577
-19.704839317784298
124.23403481549705
-7894.042361793705
-752.3929794239568
10.955112498032868
-608.7680724698456
2851.6801052283504
69.1182322480032
-2132.6440066478585
-1878.3520303658545
21088.85371815564
-5212.069298120616
-8280.719751468843
11834.506372818478
40670.22549338298
-14237.480113553156
-17412.683717236807
10816.861602663043
14363.656283790073
-12969.462711176882
-1685.3699511055322
37974.585159050184
-15471.179967032338
-5117.833265131605
-28063.41844547132
34508.1012635988
-11736.41250328453
410.57756538036614
-42021.5584446409
10376.558698660803
4964.0912470771755
40756.64216408045
4161.0531392944185
-5458.7063848199605
-714.7018053210688
-5005.467571804022
839.5404317996599
-8991.718325246056
3321.355132120204
10816.871700275953
-4345.147304792466
9264.065221433155
5395.567501491977
143.6312478367001
-6298.908026077377
8887.564110993333
-17210.766035549714
16397.09865262769
6120.819969177865
-2848.036060926372
-3161.5809207544553
322.9451560875906
-12093.945181329149
17006.40947093371
-34715.742561965664
-9512.86189799527
18745.402237726157
-12261.613127948574
1385.3364081516604
-1961.919990668003
-74.83359186164915
2883.0545383659305
-249.20100043872353
-1426.9606211417959
-357.8220749048087
10697.85636418796
5.751780214169827
-1372.2025041221507
8344.001770483841
11121.50602248134
-2198.7604647827
-5626.050926295186
5829.188064717422
3954.3363083872086
1474.9124017279437
1783.66616102061
-3795.7178098353406
8257.4428666708
1552.0234986616624
-5340.149195171209
-7649.790959395011
8030.30221751233
-2472.2319057814652
-1337.0337757318905
-1009.9444389745158
8796.151590304542
-4528.046245153967
1011.6060254608125
-135.94980533640143
-8504.11844197985
253.9333034498533
-1648.6078822353682
-2629.961689251909
3130.199676334059
558.8042325980073
-1103.2192567714749
-1202.0975923145647
3167.0759830468915
-7995.880637070398
424.6216529887317
26241.938843275388
-5551.539211001049
-32055.404586132438
-35790.81303504205
-1495.8104677872293
-113542.85434592118
-10870.42365297579
73473.41089275584
-28666.145323871413
-24707.464561953013
48952.326166553314
-28510.824826191874
-16946.886127785598
71107.6866021222
7685.367292820123
-1143.7257931609975
24555.698245650066
14787.43240001368
-12353.883154974901
13197.137749555975
-19055.81221438205
-36.72789412415044
-9511.899677311227
-1118.4424309283431
444.2950094375092
-7868.0806324483065
4215.959132762775
12269.641186205141
13535.797551169311
9774.470784926903
7047.344759691809
-1583.055060186381
25691.87296768414
-22842.26029634087
1905.6823558529738
2470.5263725206396
3707.1221302342024
590.2718676686828
5687.742032961661
-42905.74588699791
-8157.524686422451
-1620.501000699168
-4053.5644062526408
26322.690657372026
24837.86176495011
-44846.2898834295
17054.40055324397
6446.190068804125
6754.148242310692
-435.2799063631894
6041.3184733019225
-2.756746253365273
-2761.921677050638
-6610.2142252334825
-6547.320978590847
-6975.516261844382
-1230.3236513745344
168.0630715679338
1319.8366118971774
-1636.8197424449543
2341.7404158725467
3767.7574155674592
5026.799103297926
3.0197429493326826
293.06188164171664
2579.359204795121
10015.419661679502
-1509.4964160937823
-367.83000940049
18813.001907454513
-12818.89091026587
-1478.2771675770764
-110.34927643808074
36355.25610528286
-4187.215829832055
516.830525991728
-445.12054817394477
-8446.547577058558
8894.927073728804
1724.6349166633509
838.8643917053975
729.8359094701655
4832.1307591289105
1520.7496507479082
1374.86592830409
-3769.730678556319
1595.6844271972068
1161.2267468186296
1992.152068186236
-13084.256405329561
37719.33089927806
5569.087060288793
-1888.683677399988
218.69618233058713
-1458.5923524874854
48888.773741281315
4850.204277510148
-2077.9826040506946
-2381.5184119351447
5102.86977246832
-1417.6774773153472
-155.9272754055035
0.8088792308432293
1.4991892501820103
-1542.7259452122962
4831.14289453574
-3150.609364511687
-1711.6487673446554
2009.825751439855
10.542514215553002
5888.076276055793
5093.999693451766
712.3761755812648
-18978.83915951356
1472.6737912636054
4131.11756295677
1885.8148438181963
-1667.3745542942836
-1426.1979816633063
-1396.1303308439547
1188.564412282103
-17246.86463381154
8257.003971732627
208.7167378707843
-18130.358612931075
3500.128871954078
44907.429433913036
-8032.9981445686935
-20426.38090756486
-9816.548503943182
4202.320123322418
-407.8262596852006
856.2446338238238
1524.5963497858897
-8200.868059652435
3322.620248279733
-77.75987122834202
-1827.580862824595
-4963.654131778439
-2300.878735623701
-2904.914156503382
1189.505725369225
969.6865652920773
-1346.4825791967908
10927.580593425839
-1099.9276744932097
631.4833570921764
945.0052351985057
192.59604080598467
8492.160715339814
-27030.123359789442
-535.1178381588443
-7288.214772706282
1231.9167952452626
-1994.7025697502727
25853.435708748835
67.64137121728939
1280.6308719516285
-3217.242990022472
11057.075328087625
11062.768028710558
-4440.833254491612
859.8987752035398
3579.8042125151537
-9854.933303329959
4066.2837461537497
17337.06846389388
-44375.4275932501
34720.243107587994
2152.508483748086
-12410.290616654225
-10863.568094263828
-20889.41208790681
-11275.934711609954
19450.068403989342
1636.0446722723948
-8643.33255557399
15739.797618184602
-306.6448340061282
-18232.896428982367
-0.830361444813863
