-11631.952040122305
75580.2634433049
39212.199924940884
102288.61507455776
41125.95160110603
-49317.006305694114
36937.53713612056
103956.28262651991
-83464.39031175953
21053.07969139081
-49319.62712021591
-6115.950719559387
-2490.2801152543966
-16027.382093977618
50655.081347194
-9229.750178306516
-59283.60818385091
-72732.7070771773
-123286.8091326851
117548.5678382161
161348.43563914514
-43192.927164719986
-84534.6203173466
-6967.473254967741
40065.19569821928
-36604.64086400479
153.22550478562763
-115888.13550891455
66891.33259828115
37514.40150093292
-50504.99230179837
-89444.5557540301
-537465.4480036774
315428.7289691327
4902.8468574479975
-250444.6416865766
118644.37144925367
-268725.1169736288
277716.1111126792
-24461.476275737932
47210.12968696402
-189678.05719140265
-35246.963561119665
-98343.52723909765
22227.654103496996
-26390.034575793736
83297.2310815123
422587.36963039084
184171.46192206748
36593.37861984749
-33911.66702814914
387909.9690725417
-137415.61085516645
156175.09453361543
196467.50033688906
-79203.89604740201
-20567.828558745314
-641614.6674872311
202666.804360976
20210.565644530623
-13470.667885964465
151339.28298095238
31388.395266558036
-37917.14650687886
-79096.83843070632
17393.671089433352
-64100.17070440566
38640.30554285735
15.291387937234331
179711.89071075318
-386094.52495688613
-40808.51182678983
327593.80658585444
-76922.8042911552
140553.5603940327
-7748.4288998114835
-102413.07275414749
13043.051614067466
-6905.6875194505365
-155939.7382026366
-46986.285621829105
-20574.24226547819
69405.04405949495
32081.63036195584
242696.5977671556
-29749.04798640963
-16734.396610633234
281877.0060796286
-185497.70904558955
-54603.19221408117
64161.141314225024
-22095.370091150417
37474.51346777533
-6623.854124314165
-133572.95498116716
49837.82127974271
33636.269503266594
36483.25628657857
-16217.133484780412
103098.53574419772
-14346.244023727617
1690.890912843421
16402.252227782832
-54180.41195158248
-108725.2218311123
53518.71886346177
525748.7949687372
139490.4484052126
-288568.55803157814
-162785.94973425943
248264.6464068132
-28977.286971857542
65846.48135464264
144991.73546466584
166559.93659344054
26344.430485679863
-648804.501596305
-68695.53184349943
-54167.280469763406
38358.88604403164
3568.8386534038973
1850.5553989383409
-2873.890342945252
-675.1955358516177
-57058.92571852085
-105976.73791115802
56488.49457000026
-4260.39617603505
18960.428873601544
78119.79006424565
66491.08402113021
-60988.074480780204
-125704.36611764137
-131808.35166929272
-27223.169898799322
-16769.660023128963
7460.642030954711
-569.2016170411833
29124.145768342227
85233.77383272548
-60404.789154192535
23322.75687464613
98019.01715273538
-17957.758569001475
15763.967085194792
1286.576226704099
87652.12178164686
9936.839010217456
-28471.87117251201
30073.303890305335
-39666.82670257921
-620139.3067927705
127162.35911886946
924437.1794284126
-443356.185005754
65236.758452636604
112748.23657013483
211877.35045035052
-947512.6874814291
1566758.5286798757
-258192.25409753784
167211.00047991754
186952.64007408294
268829.1583155922
-997898.1025954194
118123.91506807445
640775.8509662547
14227.021614590469
-431386.6496936809
181061.92669342548
-519348.06356795266
-120850.65855904341
477909.058675729
713741.0444914075
680384.7839834907
-730271.6268257935
119144.92408395107
-390830.82059012173
107233.4335523297
-255068.1815308834
317797.8127357083
467152.74335744075
-145588.31154886953
-187004.10872410648
73583.58158804002
167596.42772228082
289953.61293369613
99257.16789054728
136694.68145224339
-302770.3714980644
-36423.5899399002
162449.20058226827
313654.99679658934
-443454.49736654444
56716.44838844152
24565.077258098478
177019.99319092123
-181258.7283227173
-363687.4195808993
570848.6034512628
449081.12899625924
-23678.59776809837
-353983.2961901466
70678.04346912075
438197.3566208223
-220126.090680427
-655879.2608989782
-281799.8992043377
-73087.68479679631
-7361.875205507747
-39615.674194192914
-2311.9014168582357
18933.393143687044
-24003.8760941959
-16805.852910430454
-37434.8190432274
7893.5728183272095
-117661.9678938972
54320.77110120949
129388.75568173373
-26565.793668466522
-1246.1362053590578
-10638.503280922927
5465.947193102617
-300.9342044494868
35318.717985451214
-8901.002231626499
-44009.33918780534
20754.27865656297
-33676.78899969638
13487.818797716223
38955.21326483825
-41794.140226744465
-20006.980218627672
21441.625223493997
67264.85820813269
-63223.78907571462
23832.350901077854
-8183.299124410795
-29214.69995058968
106133.61000399596
22694.02916846913
-324588.97495634534
-18723.298895843433
45036.29909510763
5622.072964456089
263050.2187754782
5645.69348005011
-54936.19475833039
354581.8282156124
-25965.054740871066
-78524.49244082141
-7367.495564434966
19532.027478122483
213246.32541131257
-390384.80050077173
815559.7382598827
369605.2395194148
-447321.98804403824
-279806.5746454563
-795518.3881166051
-400526.44308539544
205482.9258760648
-417058.9574502273
-43376.25850032903
127212.67022763778
-116599.41269681632
14512.10107480661
-357351.2082206287
127930.63625087576
-132.9141415977614
7277.254641479712
-11184.208578440028
-17859.60363686711
-7224.318959693627
-50701.59251174984
4175.4779456645665
137887.37233128693
-29849.37552233866
21762.978823172634
-108956.66231727222
-29705.48457484266
203845.6538281388
-21836.31213032045
-70076.00556142243
140610.94530447212
-90389.31233861354
-489.70064217997316
-51546.469152839585
-38294.009212521225
-21148.391932578055
9551.642643113913
9857.882628189047
-556.6744670317989
-7081.160161050152
20792.196384601342
13171.683179004194
-26421.7211341101
-13046.24260242179
1371.9426607903488
-6174.880950918921
84688.77266769664
64899.934768525025
-181930.1762736955
56759.272864276376
66309.44337108887
37939.82962118662
81746.89136739704
-37867.003100184746
-11442.037956789845
-11034.121679267113
8086.478882044511
669.8426371261386
-558.4167629182892
-175.66449636826871
-1460.590823518891
25515.28024296219
-150.5009698053195
2663.1391542426995
9.786728952731131
-62.139326468571184
86.08220729460639
-73553.9465798739
976.8926540508154
1634.8477230037595
-52.44285757042825
23.061455156042165
578062.7965985893
-1394272.2457737543
23341.44157656791
2355.707578040036
-5175.256700467375
18574.33816937864
5572.260568898793
-2648.708898962605
-24660.738482612916
17133.41602520128
5338.044058880173
21002.69390039648
-33032.41302795723
-1856.6071424709417
-17938.859482245356
128138.5071297026
-30157.238933813875
8843.59807742079
-61186.21247432464
-4206.347164258237
43790.34581973944
11063.297719453674
-30463.715402294154
52404.20067781611
-86536.62259290468
-1539.4312221721134
-7675.253851625625
-2369.2096949665315
-626.607882146955
158261.50368088664
-24009.662796799657
-5731.830951673444
6484.811459733813
70837.66181520736
269720.90712675813
138517.95687301556
-29389.615168827237
204.99108258223208
3003965.5625419565
-1424936.914095269
-93824.6405821645
-65878.38647784072
91565.21959744791
-802488.6206244763
142244.75598624122
-62838.05902725245
-22365.36721659297
-338496.84569517977
-13543.778932754834
117184.3883709866
-19999.807816184024
37762.863086441095
-80209.18963628734
154813.05574475622
-6821.553088004913
4360.868685803592
-24886.21713798927
-146317.43062166506
-66.2394385412555
-2398.9213973366905
-132688.72889600802
37779.50659684801
38.986899337702134
-8518.060925597634
-516.1366930304297
-94934.96186295104
6909.230092993643
21025.156339486635
3953.910696641461
65433.15119364864
-27936.93309627417
794.0831986282875
-24382.754983533658
9525.160526153008
-48267.311238808616
119647.86581113914
465.6803659513053
103687.53552137956
-28342.648840445258
-21131.55422549627
-6452.047176068345
11163.375287917348
47103.655817357474
-11114.073320439915
15004.845269976218
2258198.463093776
9052.656921956393
1948.5221738535367
-405.52652594225907
8040.218568217098
7572.916130841964
9045.10880669402
776.2157848163428
0.39353705536759104
-98.36323923734541
-2871.611095613342
-369.7594297395783
-6916.6089676424735
-2449.6712079137583
1979.0553540043607
11402.055680829251
122.6791493069326
-181.2601197093526
-14156.818784097508
188.64974905884273
1016.9079952244448
-1220.5394991214805
1233.5050139898672
-2120.5250508546237
-2522.990184988427
2770.1029701162606
-392.42842837824145
59.81384323576205
-1639.0669789908654
6252.78392600626
4809.507151869658
-2708.287726664786
-6830.266220843661
2915.8197918780347
-17.186033984945773
-3107.287311814502
4.185238448166294
5987.898469916149
59351.46866823477
108651.58013137043
592957.7216931307
902742.3912416846
-222593.7061862402
-147931.4100836675
55400.37332551461
70455.26691112209
-20779.617739665107
199418.62640493558
14248.263526699262
-3183.329078798734
-66891.38293293086
223403.94746841444
-111091.22462213655
-214545.015463292
30881.730812256334
17900.31802141695
7223.246564026404
169856.13613971867
-189967.99004405958
-63.59393487383959
-11265.706307370188
19340.452268926052
-11433.424035159467
-20684.197999880515
4431.907660395154
66678.24092019169
-41450.22088156996
34260.332224500795
-125.68242822063512
2346.5942708314296
2436.9337491741585
-1683.3238347511303
-5247.3726735825085
967.7618042559792
4097.692844780883
2075.1481286161247
1784.9043687217643
-831.1074610471285
-12524.982069188318
-1880.0711872469794
6756.243558027539
-1311.3596158095156
-6328.121587590343
12612.058401222033
-821.9085995990795
-4139.697911491042
89.19442427390605
1852.908775863023
-87.27144817689226
-847.7051526424311
2010.2122409305662
-1881.1352939439207
-41.09238774223402
6281.404966206048
-5650.401672505531
-1812.2444399279154
813.3431121591087
588.3541520324322
-9414.46223583271
168367.67600397035
2173.7903249440947
42342.029322370276
-23.336333473417284
35090.94077338189
-91982.68930029309
13839.081295716569
30663.067940612265
-109152.45251825846
-12950.01449659429
44459.32426965895
47324.79929424575
-47909.7319111952
26391.74914542969
-1497.7937782960878
64351.37147249327
7594.37296198414
-185062.7387558766
83671.85120617475
-31999.90412603589
-2493.5564985140873
27278.848121481777
-103508.99544962816
6050.487971994424
-67329.28789110949
-92016.53772258593
125579.30755172424
47230.518232964416
57526.90087157168
-344.463979975885
-86.79217830981098
-63.77857361458536
-215.445314083281
74.9522197382899
-1200.2087315027054
-37.836281551099155
-398.66503487084753
715.764725573138
-0.7465826572635642
-161.70373597171016
-62.10569813672194
551.4612308127454
787.6231399864415
236.9066663592518
194.9527998822768
163.79799139168492
-41.45259488093667
257.26539191713994
78.83783276361434
-555.2327249851718
-232.82310777765807
-290.23273160212847
9406.928286788136
137.01849685978473
-2.0110507922473944
3909.3340464080857
28.70122618609138
-69.77798004126723
-1538.2928428408366
-56335.41743823757
39473.58834080704
-182495.8327145522
-12037.0072279172
-30029.746947321895
6968.350012827682
-1161.9459059080536
88056.26554410192
137821.16156352285
48899.80724651824
125013.72053827021
-60080.413211296676
-7184.296050007948
214678.42540489323
55854.315709106275
-45341.96587398548
-71451.45570666206
45491.89045224954
-52765.17211896484
-58571.184460191005
197455.84796733945
-7762.293073663986
-44426.57190608778
-65848.88239423395
-30129.879663251162
-112484.45084081756
94166.47178112819
-98915.57077379475
89907.87026471733
49881.279947752344
-59411.51745050848
43623.38017319098
-211158.30622628957
-44977.72513416619
16222.262419427676
-139890.3161491931
-215310.77714684219
30433.789979299836
-45834.7346427323
28115.458424837896
-259182.46873507916
104938.1356151109
-39302.84408564974
-4414.662224639751
123345.09870209647
174960.5524389203
88288.80593166796
-36662.52698008318
38235.59735192998
-31366.226655530536
10316.011694596515
241318.17709680158
-267315.7143241483
238776.186471544
-6602.864595335669
10537.380098034191
-72100.35816726713
58716.89984727908
61713.8712098418
9319.445510335636
34076.132433182895
101.58744236793518
1053.1977941479954
-280050.04937812185
213089.62599017704
-35281.9922077485
1268.9663383833229
17087.249986393173
235967.0359105641
-169192.968545182
306020.31144603103
-6402.011007358406
-325656.16608251433
10674.956130794777
-99764.81758932422
903864.7223322866
-71422.4337607842
7.812359841418293
371564.12124902324
5691.820080802744
-254998.99456965827
-533921.685694472
-124.41607700506151
1115.0692623310783
-83789.07822607025
31861.32611312105
3741.1122588858943
9547.938007945915
-44911.63251469029
-54569.47265421774
52297.24214801396
-1102.244276641159
-144.53604122758696
1188.0858905732691
-53040.92507978819
-6919.9189780244815
-24149.781572597516
-38608.003703833056
86851.37940524776
53809.87806397561
712.1709640514107
39212.06675601579
3622.0728460206255
13056.845054173538
22364.943943060727
-14656.74121044344
2198.8243657963517
-2415.915136025562
-693.9354686871892
-8864.775314878529
281.4037471015926
604.0855750850598
-40488.2940548274
-235.27208008519034
108.50678302639082
4549.3360987080305
9335.323943281865
239.03370868616585
-19793.098586600277
-7714.078095644126
5744.559724838275
21104.03452006733
147862.92650358382
140321.79478319088
-579508.9105811748
15171.042919558464
-46265.3182762345
232244.59623018146
-86340.41619644137
-22999.832658766485
-3350.028496521431
-154074.59720997256
68532.07077851197
-26563.01123024436
185364.6390219391
134434.81943145682
26640.786599705618
-84821.51209502543
-360232.6162473683
-73440.98951753775
133304.5513051299
-53291.268048818536
21966.185323418147
36685.767339009784
9989.83699077022
-17467.782257132512
6392.596557371133
-21983.531673184443
20345.00215336319
-30371.2530708102
-20947.811606540905
27275.323362016665
93510.63210047231
-5566.968593138844
-78130.55645365361
41007.89034904741
-185935.14237917782
91523.5123248604
65913.58335749003
37223.05036162796
73777.43040350731
-5371.365835198929
-44638.159183439566
-57865.665940227394
-195748.15854111416
-37405.82165657848
191577.7108048858
-171768.87022636313
-15451.144295392985
1553.9762333659232
3746.5920451234456
-6537.058535497288
-2465.319702554451
565.2867465825792
1562.8321499209114
-225.9531987829525
-27101.007241282816
-9321.575926729345
82552.72036432658
32022.992964061825
-10226.132750627103
-20078.427225706473
-79777.33562042698
66786.52330582852
36299.9251508564
2222.2830698254984
-31518.525169327993
5831.929219366988
-7032.791033406063
-19097.8007529928
-35449.36374365216
-92861.00223798325
-10466.934866919692
-7150.747880538158
-7717.215867240933
-27900.059838440833
25329.093687439254
77039.05390565346
2593.3519423249872
-25336.91124872236
-1812.4078752256019
22222.470961957173
-34302.387642219495
54147.40723240712
-22444.22208877312
1249.3674121267406
6128.614127349238
20533.90664168997
-42604.09738755162
10260.380494462566
36142.43179039497
240850.29227036133
-380794.56332309695
-222709.22201444965
-215204.26782331208
818398.1655018502
-68713.47078282962
-63708.51218845128
164749.577679134
-216195.80087891626
401385.3733238035
-110531.68089794027
-77296.35021475212
-376912.3500812687
-460495.2711178977
-188184.5950002147
11601.938552369558
111172.74951539077
-80717.90697464156
58746.541062725286
210670.53326761283
13925.215692616046
-79678.41779350286
-30589.654251502456
22888.36982622198
17243.374343659914
26096.90316729695
189516.40663399515
-46434.52884046593
132495.7000532738
165471.51577868423
-496529.42956061516
34291.09896072397
-252989.08607575015
126495.84004215973
-21798.566592754334
-82394.63835620617
64188.284565919916
-23815.33267809581
312840.5314200748
-3089.8749282383164
-60583.84881078333
-29863.76188511303
167712.98802615362
64002.92681738148
624094.6033907383
-113005.61568068549
-12381.725191465806
-12635.917424521085
79485.40008049509
-74097.62689664312
-97.24411291900901
-14625.748204236577
-72599.85892715062
-122775.55630647278
-34265.52008561594
23490.71744024325
89591.37359667722
35507.941900416285
-23671.504127515054
-7332.222582005141
-6354.760851323905
7716.808983642344
-12.60755760102432
-2646.764476632166
2999.0928044414154
-3046.380042688677
-2033.7417925273285
8640.719206268335
-46249.215208247486
10856.50964969904
5164.652937439097
-1128.3021938295553
-70900.09532232245
23227.199507532085
-1064.8225720895816
634.2207725852994
309.77842818851735
2004.7095465543541
20091.50330556533
403.1578362972245
4721.341035658529
-27290.812578916302
-11738.239130619568
5653.09521285971
24538.679925517336
-3471.9240715628107
-550.0605750198799
3521.084146668378
18763.63580550945
8595.86272520309
-5088.4611658468075
87713.5843991485
-125.36203085227464
10636.980174396207
-130861.54344383966
-3214.646402152241
-3398.863522637169
5656.746594007164
-32740.004607451396
15847.694884500286
-294.4372263881073
1.7192508779874898
1.7547613791586671
-8349.52502811514
27823.773157987758
-42238.344102733325
-10147.063139864027
31565.345590876845
90.28555516746428
-62751.18576361838
-26755.360014860704
1877.3760561783283
-5484.908224113674
-37208.70743580825
83840.5040379058
8788.860695632791
11122.600316973958
-96103.32761510611
20934.37579398768
14464.877943734193
-23564.800460738265
64197.33642430934
-18365.701038547726
74148.83405723955
8421.89941828579
-3630.9973106885172
-49617.73176001917
-66236.29428705676
-94345.1820928683
-4915.998690967271
-19468.2776890187
7018.308465738517
-69129.56591309598
81087.01624243251
58170.76050251963
2513.7617466358315
-47006.361783818604
14132.115902482112
-21802.76285857681
-182802.92105850793
-37320.81219492933
-108.69200612204645
27345.12626842227
-22149.14958179235
6241.226482483594
-6827.507101711479
55535.80352523123
16758.168710809477
72025.33427066251
-554768.6384016502
-26243.527155364885
18266.489531598414
-3813.9233402700684
3145.6926760219117
-92975.05812752561
-13362.56194972923
-6272.697858570103
-13762.680742985185
47041.5026949178
7279.00891546397
560.1770930763633
4872.796170369281
-1085.2136224605365
4117.8403421896755
494332.14751287526
-25966.285425104525
219710.50936182195
233429.6109090059
23491.858481737443
28045.01668453428
-43095.638953000926
-27533.872957017644
-39752.176088260654
-102050.91886989718
46162.69743105416
78676.7461425499
-19190.232906183213
27195.894919898652
34528.745926002295
-5.042316172126646
