-138999.8277668747
-271367.23810030473
-25792.191814216436
-868468.2783362723
1149917.602029809
309420.0908202534
580802.4220154965
508698.62412553205
57842.38160063434
110566.25922838501
482306.4162018484
-73948.0402469817
-105084.0540517893
-433081.0806319735
446642.94815302076
-32800.715147516
-496212.1193369577
-600064.1053696926
-909591.0713474593
1820248.3639567115
-1331882.9658987503
-766466.508724052
1046089.1837442876
525536.3450093508
22350.465374394425
713979.5215722236
-751783.8162435543
472631.55339829926
81426.28935631261
926799.3867026516
-658571.8805646336
147857.7905528688
-327616.0039452196
-160045.51585972038
-131950.36349936837
252484.53600957853
-180021.31275158728
81913.71511790133
-195548.54371047992
13541.14738340657
-94449.22162149202
657819.3005824375
-248160.89194292072
136968.0070377839
3252.3506796035504
55641.99092715157
8917.676811784497
59835.96620237634
100511.34660873994
131272.6882579306
42647.30418029818
89110.15889837373
27090.729991898977
70461.05965919551
178848.83777607337
-93216.01394644429
16319.280860848821
-223996.52024673112
90281.37127691928
287040.22807172453
-1719.7491512279373
-58568.393659750196
68806.34579474502
64455.40160870693
-194094.58198738893
37901.13179660762
277577.140818347
-117962.24384586854
-212.8341000655823
-170105.21435609506
344945.61097230745
51066.9084773586
-167817.3921059795
-59702.041093986496
-56428.609482973356
25777.480137758146
-57669.081189109966
759.4808253170636
-2968.830670130513
-13416.994070141043
148577.68373971316
-38461.13470420116
251803.48535729822
58371.67663703818
-221256.94604466867
7206.5318352297145
-97035.26527001918
41767.921061420355
-64822.6802845053
-50708.68581430932
208146.70017935234
-229092.54068562697
-5350.354470470925
-14337.536455958332
-397027.32253161154
233126.05821514764
-134567.03645864435
-390148.1328246559
604828.129412504
204276.98158700755
161817.5850408548
-251830.37306164295
-1681236.196384104
2192854.2616969356
-96186.50338518087
748687.376164685
74464.74531428314
-209103.3373209951
245254.67044700554
-558167.8670167645
152332.46022633626
-381308.84930636076
-194455.4799051947
232388.732809502
-115560.5328208519
1020632.6955215146
-757185.8444958943
203531.9653940453
29780.682490594543
87469.03345168488
10030.476025039163
-84828.83670736893
20121.932500027426
12634.523524454942
287899.51619572344
-506891.08310983295
123718.83914307665
722076.2391559818
-419750.01670587814
-101730.16722890931
294953.80454981996
-2749.49084891131
-354126.47497117374
-389762.4201991416
-1179680.4131972312
1341591.8450085889
312472.82784544775
161638.75702985033
504947.41203072533
-135140.76348120417
1126223.452947083
-1088565.5983168872
-487214.01190592744
552599.7952678304
-395335.2907677792
-124957.9923522448
425957.7480679193
-421577.29639932944
106367.29973820533
-445277.8995096801
-956134.139184923
2077797.1143538048
1.2959693334522087E7
-686894.3331401859
-4485318.387660989
1192674.5629986478
848397.929628358
336314.26591668825
-712196.2364268996
2780377.2382640564
-281811.9709186204
188776.4049714725
-427617.8107751682
964262.6871782237
-1845347.4495001493
-713331.8073619552
-309579.54718618596
1026860.3624576072
-6314656.665630757
539160.3518303254
247692.64018975684
-440954.33956363134
-3468741.2921971013
8146110.216926761
1667159.0249872904
-3129378.4264424522
-484763.44516850176
-1254526.9469045652
797853.7513351154
344574.28409678704
308604.17968979425
-188804.6187505155
359164.35560198175
178380.6343022703
667677.2604772287
-659020.5452957631
-708421.625352639
-1502790.393523351
1915938.8269970827
-1701680.6818687853
-93031.02994337415
-1184704.6825064057
-3008180.2742885193
3009095.091088394
-153298.21579237527
94397.67155035348
-147084.00932207078
-73676.71235486887
1434180.9564687905
103667.7967049
-821521.7674612474
-30002.807620564985
351150.87413973844
-47630.39275287784
348409.3827550371
-70492.56242183637
299143.7283722706
-386340.8863755553
40009.88201609752
-9314.489165456542
255719.2119882849
65312.48839634804
55716.839639450656
-116234.47813195488
-16389.574235204025
32482.351732406256
105515.46670913299
-60442.766887631755
23339.695064576747
9522.60805515013
-29646.65993565587
-1442.2520127075363
1755.354539305919
-7113.936862840877
39349.894846435134
90980.51302769817
10889.350984086785
85964.35588811096
-151252.9512507707
31086.348302688224
15658.47967950032
25076.629180184522
-16980.575072530806
-12449.525158778451
-102213.42015060964
-185867.2233448827
-315936.6209905534
-23212.291685527714
43865.3567889289
-103564.9500238665
-683788.6461297941
334080.8374531348
597452.3533557744
1119290.657482249
-432020.7216252985
-481491.73752552154
-497348.93137439754
-44057.654119962106
-476197.7935566797
845984.3885189877
-622205.5916555682
67249.89680732986
-1309205.2162185446
-270004.2244967279
695333.5041433957
672506.0302212815
1798851.36101483
44288.935531829746
-3785064.7527513513
-734211.9753915584
-849634.6762607004
-439835.5141886048
-215884.38772917577
240396.83131148465
492909.55302397185
1730313.448094198
785259.2039390884
316955.0319968019
-308876.8530022324
369517.357018802
45019.976262942066
29843.377893200854
-46723.46580493179
-768748.0625649742
-4912805.13105703
435090.95985108236
47422.415084989
1298207.7734368846
-1661254.5029863592
93683.52964344647
-189746.64038709458
1.1158788116136817E7
3366221.288278846
-163057.00660460576
629473.4169648762
-423890.9063727721
-399458.0015801436
1452827.120495063
-402426.3925227778
-10709.829288197629
43188.665420492565
-63941.786876138125
3055.4677901086634
72004.66166845217
-180575.03978267405
710955.8458294384
35042.7054296155
20228.892395385512
-11190.433172072007
16554.566266818427
-54659.654452142284
-228716.6790101844
153620.9903217084
-97261.6293692677
-166245.66423868213
-50861.46198208066
-47429.441166523626
1808.9420146910784
8162.932813754666
-17894.47704296027
31168.747633611576
2825.71948720331
-210.42284727081554
484.39311394336704
-836.0721349501717
-1793.5436607356903
-2590.3686998316753
23702.94158464133
12468.522122189008
21.896682393836166
8.469959821161448
-25.3456313191141
13952.498772993842
2179.9752904437737
-1283.557280604456
45.5473747006907
-115.28027107379909
452957.633984205
678385.1049791552
5730.923891299313
-8678.986295238503
-5270.903002194337
8562.94572871754
2373.634095976404
-1171.652667830481
2373.677485968077
64838.76875276979
821.5602068902124
41046.591634829376
-55511.961469132206
-529.4344859812356
-134182.38602263184
-32926.46212192123
-21785.173953036166
-17478.058479625794
-58610.96896982277
-2146.773560548893
16317.43179803359
-59285.42735636304
100803.3211748343
10058.6043027844
-310218.3584846902
123928.20467002896
73824.1834105738
40797.87266979933
7756.007508567628
141180.2370060996
-69030.15759213395
-7466.893583494966
9762.797196372558
-35795.36007722939
-458988.5922923406
16247.487360196224
-14752.894543947443
-197.7924428668954
432981.57944920135
433591.1543567283
571054.1064142584
21405.12464064984
70629.91521147155
-209477.63170536794
111027.70730112576
-104187.88892395943
13534.815262131853
-370513.9249094267
297485.0381288831
-99347.74931243216
11620.313542058286
-55549.701610321266
140025.08716910807
-12539.154695425876
-723.4305948006918
-188647.22735870272
90691.05122097518
310405.0019886802
108.56862649661944
-31722.922214306163
-183572.5374119958
-39150.87347978675
-22.49281210711226
1688.7250449674136
-10920.88932412902
17359.52253224625
-8484.058149062163
-11744.00509861103
4561.967201575267
-7801.105881031261
29887.9468211841
-763.6005306370079
-6801.4983458315955
-4180.864861098109
23747.180126836352
-24779.633074847316
-2938.2688782643404
24095.01072572186
5189.176263766151
5167.543984110206
1225.8532506538347
3539.8918148844723
6608.841826680676
-4521.910663007232
-20801.129877992058
-46811.1271132059
-12470.40738315445
2358.1750668618324
1759.6801556335492
15064.029602861474
-3058.2122861342614
-869.8154182375736
-1502.245521058271
-9.332772554614559
14.474124650994892
-1289.997517832209
650.8684263407496
7437.367371451062
-838.0488318523979
-4757.4496663239515
88.72014809914077
185.1500718627732
5425.214756230794
-1673.7683768323534
-140.05684132198087
-1364.79814835341
-3040.1424487015174
2082.012837705627
1894.773843985688
1343.8591843495221
2043.2777442610782
-984.4754186752958
-5.255471097783494
-1459.2704142788384
4626.771883933869
1220.5878837826074
-2437.006015505225
1696.0319297878314
-1342.8929806536469
-67.11608825086195
1057.4676347266509
52.12871058863748
-652.3882448652068
154434.01965692718
-204784.6602385089
844860.919824963
-403260.0362298235
-1716253.7946501055
150986.02495181948
-16888.926455114426
-179429.75292381181
14463.044570991307
-71018.16236760242
39089.95088656965
18808.42519435098
128417.12547277524
391659.37392578437
-108878.31215327018
26876.78359417151
137241.35684977233
10201.593931929277
-4416.972714488081
-2268.933083720242
-165331.77634185585
-2319.2634376189562
1027.640071644789
-2665.500384501656
-2531.478082519054
9297.090550066767
-41355.507878330835
33081.329465591705
42046.254548384386
-46342.646041196414
10831.909551480656
-34359.12102877438
-23515.362544765056
11750.63950703057
40948.98635176238
4886.664154155478
63098.86303732737
18618.038471707627
-64997.30929904052
9041.807875406656
-58214.44296307852
-9103.8226855153
-41902.83445014863
36536.737149019296
23120.63614015334
36453.028463496055
22730.441740725688
5709.836938719795
-846.7815833280863
-25977.994788826563
-14063.19498634148
-14481.993843037311
23847.101655153285
-14345.270061047926
-41434.42488543026
-16450.416545739325
39341.27938207944
-2126.675865748704
-8973.007511564441
27575.45319356461
-29782.62582461276
-13344.580296015727
224.2007377171295
55908.96935184764
-413.1850862145576
21622.796740178772
8553.38291173624
4406.352879296525
-217059.54910931803
107523.8837654663
16374.862374278575
38787.47238002547
12488.822865895072
-88784.66975141581
754.3943960389793
3795.172872947437
126950.93307094906
-59548.25548477086
53034.59821800754
23274.427392113666
-30893.07231471987
50237.63957512435
15487.1214732797
-51779.94584103869
63971.84981532102
-29799.852523190686
-13462.692731557023
-108593.9036040049
-32806.5528477548
-16162.114360213896
503.61268437479697
131.03331261677104
150.82821415855477
-206.24629907925348
22.500172178655987
-12.958325964333461
664.9953201314677
498.2948531433389
92.87117035941971
-1138.0255386239633
-878.389525761438
-37.38475834420492
573.2337787200128
320.86340122875373
-245.65291135540443
260.87855209807407
-221.2607000610223
-27.235581151636918
57.466167023488126
-291.61369590993536
31.650401582320825
13.325472934484287
317.36049011033816
2906.754341968312
-362.2992322932308
-20.585132097976786
302.7365878138407
-45.3423418663312
222.70407733449107
-3317.534904105552
110288.78490180738
-23070.76745745989
446463.0817158024
-437051.2833576492
-747068.5104071237
201170.59672721897
-403015.7297537957
-237847.2989035855
-1891333.7060987158
557633.3233351605
91877.18755499525
-137753.5088340043
-1797.7453174622024
789259.7806810942
1059663.591285367
-421542.4822867552
-66660.75392272539
-16414.10985728557
241964.69013407966
27859.32642001319
-742964.1620992735
96416.83849908238
-173861.5525988584
607914.2593167234
510626.00142841303
324707.5732461714
284707.04410015914
27462.343514592238
-16287.126927708665
-1462950.565587767
771574.3940189016
265210.6853329503
-607910.92415202
82172.42862453945
-298980.1406895695
781606.9512673811
-438354.77750741376
-350022.61181736697
-3041954.014342993
176978.16825790502
-89454.16727106326
-350134.2135024416
167348.42780346755
-9637.174169539061
222064.97122828427
-2060736.2536369707
224972.83519404204
1944077.4419134448
721361.0809254008
-1828920.9724082982
31961.228865178568
987870.7229823201
-538103.8491105713
2343588.1518670907
855480.2637978398
-595071.465742023
1002183.9637181185
2188021.412833666
-1294302.636042736
-58693.84288674099
-391997.6269937716
213.27898502205437
-5500.044208762585
67687.47880043792
49475.47357751235
-13164.640586935058
-9190.006439727644
38999.829578725265
75478.16167448641
199240.3559494248
-235192.45171884872
-218753.56709687857
63447.317555825706
5312.682779280791
-8684.665967343864
-20807.84259553502
100872.65457704099
448.5650716634123
-133138.9518545868
-217294.49245610656
30267.97674543819
117511.86872689708
105.60086682484354
-1980.0725985776598
-403986.3498447834
-34008.90511996381
-10828.74667288996
-27933.41115585076
3617.7849925424325
119382.87570503946
36451.493549114246
-6735.924997250854
-7236.996817729492
-1018.708783267402
55706.5460556296
-34379.135185772975
-59354.41352422923
-86199.6829567715
-70202.16219805214
97266.90282481811
11489.562222876306
50936.289828136294
-34505.522195115125
81379.37918899368
75318.99465573765
-51182.55132873133
-13412.733673722509
-7959.926447780514
-653.5683749808634
-25578.371406799277
-106.55613374716958
1494.388622479462
-43698.79685859843
16698.990118517468
194.64249855811042
22628.333248797077
-38381.849604484065
798.5676403580727
262.5703373539684
9488.031216832927
-158201.42318012816
-53107.67713784057
-201505.31485993686
221855.26341307568
875236.4224947654
824507.4299831559
-290306.9699104506
-100696.80437668908
58855.978732450945
-505945.262573326
145945.35884270395
83255.29313261929
170186.7459215728
-147921.92710540298
125876.42189551538
595637.1526648698
-761607.6574040761
-1137940.7516746295
-71880.8924896723
-102189.02219019295
-495247.5412985765
667804.4316841061
-41569.77652474562
-9532.336966699866
-46572.13578160571
75790.90385331164
432.27133669017314
27972.101450752893
-64555.24784764935
65190.148881954774
-11644.86172742095
-395153.54310850485
-32290.79959828696
-7113.263225976263
-3017.9843816368616
341542.3401475412
20298.973067991854
29714.8564703409
11667.842427970689
-230151.7124731192
417061.6699682732
-18939.92447772495
-204288.0515712902
225082.43993159142
-100036.96604011355
-344735.33079921844
253896.4774546281
-18608.969304781564
-8974.557730128261
488.44807660319896
13073.496560787135
-11861.190673335797
-33798.02234462459
28800.462499795638
31972.843887610386
24993.614157796248
-24807.18803884862
-5306.634861622572
-2593.783794951842
62027.3667429716
-20714.668174286224
36875.72964322425
30617.29796984956
105350.78510705341
-239121.53150131507
9779.810034798558
35370.45787807678
-29133.12215287005
7242.488786131633
-37599.6520676194
-47424.12322700363
973167.5930217929
-94215.60866526763
-12634.268923560521
1045.5539504171782
-11634.23422989709
-9238.317227561647
-186296.73914512267
-1909.6652258943946
102991.8560439425
28113.6813354973
-6724.566128043877
-37735.32593474131
119175.51537336894
21454.973510039785
-28693.312059980333
-17297.164601434648
97185.39205175974
-126412.79910649535
14135.746326965838
10638.54882339354
134098.91973631553
755401.4473919094
62896.37112501574
227982.75890523152
-423608.0577888113
-271620.3135921354
-539157.7904827715
469978.77045841457
-484414.48260563606
986317.1330608289
-1819349.7744924182
-1029191.761020936
1505306.409868922
-484702.98256760207
-264294.1681688544
543729.2626153865
32738.035240227087
15653.055649337546
477346.0111846031
1129222.953864772
-115848.62017805339
-918277.7401037632
-57258.04359570466
1546708.7333649034
167737.55304133386
110646.2150233466
-1122467.0256530223
256765.51718850434
855456.9282139104
-37397.3132943947
-39032.917431629474
-57266.39171455585
73227.93235029308
73968.9715434331
6142.613218150959
29877.43324443914
8910.960550466727
-24668.82654357702
27074.79106827638
41522.193495407446
-2561.2959157818227
-4584.187215201948
-90194.38243547118
-15166.253635722143
-12022.50902495666
183110.85807362202
33835.49526741309
18291.439359316748
-28515.625809968344
4925.352832709382
69.75422613862318
-930.9941159938231
-38909.023547483
61228.648634171936
-879.291831512443
-3704.5352171520867
-10177.44123937824
11110.628233280207
-8719.680231645605
-13159.86969085516
-4865.508205832092
-109.90220201779597
-4.7353493519405
188.60293140006274
1175.8986032635112
-11529.257474567075
1083.8721047550068
2330.5135780372275
17925.69129042728
-7284.78778515682
1264.621522862254
-102.2577298956465
20113.80552470397
-12149.839367178787
-16.861394954904558
119.51662411884153
5906.261435575289
5026.121445749229
6203.828581731366
911.8931863657663
1487.0794355972478
-17413.195226241285
-2064.479917162554
1661.9979450435583
-10667.207546370564
1651.2747075158122
856.3486034947196
-3044.364179852424
-741.2333397519274
-7049.16334865424
6207.186118523712
-37937.58251921383
450.13714819512666
8847.057702678017
40439.37690688274
4702.028151356424
-743.8969824976522
-2109.818122020954
-5225.094562811303
-4735.165050512447
-260.08847055661556
3.166450984084381
-20.81417092416036
1130.531316218881
13933.161630349508
-109.39693623572902
-3211.7704571325116
284.8386127943758
-104.18097146769273
-8497.416431607027
-25274.17259635322
8195.31154307776
-6429.301013314137
16621.10105595134
-5783.976118121211
11505.304642138082
2027.934013589933
1802.149816029502
-10063.383332762556
-7136.498832353158
34309.39609288023
35132.67167263047
-9987.55934053824
-1296.322277868324
-5610.581331824505
-159625.94532523077
-18908.48419537135
185263.89067193633
7499.149720609635
5829.277802262348
-121267.94629618838
8376.176843589845
-4148.63844925265
-59856.95995750723
-151492.1946647724
-7474.996293373915
-6747.42192230789
80707.59011254985
-42930.965947946606
94078.97952350417
-74704.04670149145
25050.63699524664
-5831.246147050271
14789.955597576321
22576.586521896927
-3588.7892389073627
51666.34970919935
-21257.87320121715
-52414.981818950764
124861.79777651512
33897.474941594606
8252.086573808478
-259.56247181869816
-103.4400650383052
49022.88082951951
35743.7677940183
12251.571737196848
13093.00079205837
-38158.221313386304
4594.273072427855
-3501.7008810218585
6262.469386377793
7187.9560065475325
-1039.3542902256972
69904.71863275925
-26799.07894625501
-3815.482321855303
160768.39072651134
-7767.727949491011
18430.324487032478
-21184.74635665636
-152331.71310981008
-267631.6498938996
-59080.85669501714
163566.34249744494
-24400.897922193762
-294364.44043945643
3013.044267365574
-3796.549357612041
-9.872069530283333
