31.811327520380438
5.444057793397166
-20.200239319703392
164.22812244165254
2.0472570180229814
7.129276651952315
-36.85570562513004
21.4058629723617
-13.86112721379528
3.7392839623428347
-37.162941687178204
10.178069876621299
0.38442884933345844
-50.54088928214853
13.072680708919837
-74.85690049240695
-37.20573311939931
-42.66949617743872
-1.2691914401325481
63.61158721371057
90.36565240468572
-24.366073090907047
-4.053874291133902
-12.268308941086218
63.96490972137463
17.251781860196804
57.661321428076384
-47.684466225615246
-34.459441227639566
-14.782673733544282
48.30936810417917
-21.079132114153193
-35.53768283342798
359.63441093945966
-49.94874613808427
-5.010857461266967
0.7288572117656955
169.23409521033778
6.43950041183224
83.26037191620983
-33.05510747008312
64.42602695599842
-137.65946161818653
17.066528947811445
-33.621082936637926
-53.7602584669245
-30.252032749990846
-278.87014384424987
-71.09213335750137
38.60341556754932
-101.06875838029127
-73.3316331746894
3.622691271238233
-32.87389877982971
-0.1417093735446753
90.01794691632956
27.459096459843526
84.42564110354833
85.31848707806164
-36.799137193402835
-32.53784447964247
-34.01176152912304
-160.77241932156826
208.68214337235904
98.54494514463644
64.50336884353659
377.19305463564837
373.28284063653535
1.733821338978749
4.3523551895245
216.94226702856366
-299.3612849977124
-708.1976819185019
-15.19353931869518
-31.738201419129364
-9.897079560815664
23.664167274950373
15.230556936943037
24.512536106208024
-219.66165918416175
-189.5704560924085
293.3234849490863
-166.82545640522784
-60.52641192369373
-139.95989670509005
96.10773442348182
0.34720027240297735
-70.40814653323294
40.578823865109825
66.43556699479011
-5.520935580880267
8.814554122080422
4.369558319840328
-5.874457772795692
-26.12413184951586
12.117024384595913
3.096487488730973
22.34409077691538
7.141393824857307
-8.935262833356887
-0.9331630294740582
-7.244954845568958
94.68719544398424
-134.736538688118
-12.359035184643078
-8.154240554522097
-20.649296536454937
44.919706717011096
-30.155592176619223
146.98523567509213
-13.454183936731544
47.56594546875342
-35.59199530723604
16.83877554106587
-105.77339370461259
-40.935544650701566
67.4022593726238
3.825533640946199
-19.264178727281404
11.938240891295168
7.554420039430665
-18.22387416229302
4.504772860570043
-16.973128849967875
-30.412400683137015
32.242070929588806
6.018098994097391
54.30359468474595
1.7352405892894667
-44.42253101943143
-17.810816954094115
76.43213035698834
48.58990683122354
47.02730928352559
-79.95128543717465
61.0508555525874
-34.897899290301005
-16.93886204720624
-25.85715885419602
41.821327908793215
38.14750095952986
-10.84376172485928
-96.79676413454061
-17.647095086680146
-15.264038455442655
24.46319806384387
2.5460497872079477
20.89874946441895
-17.208504354319494
-31.903521749305934
35.23191890587424
-134.28888251796468
107.6429417361788
184.5754692397036
-395.07163693801965
137.4757231499232
-76.03760382661508
-129.5917845590834
-146.20138402355136
121.62362649463847
-159.20874455605323
13.975759362296703
126.45018708179259
3.1939509257408516
-136.63370970073734
60.58489854251344
722.9496811253924
-238.53561235732434
-43.89980729761677
19.035822732345622
-83.62289372962961
-92.58476672722075
198.42887860787417
-5.483243771043135
155.99738640797014
165.1200622600413
-82.73655446660186
-416.10289865764645
-219.91937696613542
-110.99350763925695
-93.7483908230105
-600.5600742961922
-417.55446369208767
-67.9432201647415
-409.893337603138
-596.073633490565
175.92667876487516
383.90654780436023
428.23179871494784
219.58574593870276
132.41944245387953
254.75873788620993
-524.904535035227
249.76862404201609
-178.54069628022813
-24.69694112118554
-3.4809115935156254
1270.1441119095387
-1206.0658545861702
-107.48518729558226
-120.2852913280684
32.92250715778873
0.988987328473
-886.5527923735517
76.94084291173705
21.513073505191205
775.380844072004
792.6965321733257
-69.55793925165273
5.631682518281446
-28.265097866818927
21.84003208720809
13.138993421287884
35.791498412508695
12.91320835219504
-45.565094679034715
29.192225158044113
11.336960317743541
6.456798805137981
-16.594792349866978
1.0436024292897637
-7.3760762470153916
3.210307993056749
-0.37267774149177413
33.255847234073485
-3.4172888037802416
-4.3354329882367395
-62.20295409613183
43.53665498024697
13.660860610105232
-1.0345829853754074
-5.926687531213928
61.48746365129456
-46.83392298009398
8.773947325902597
-40.70930703089243
9.535028983314204
76.35088273792547
-83.0082327617172
43.317821688373904
4.816178995599909
37.23718174050628
18.009720653996162
-56.176674662042174
-2.0742225091398283
-101.07956665036353
-5.762542588184778
10.578486981133612
29.263758643698033
218.77561711607825
-7.711754156938062
39.230275829097145
35.8392087227042
6.527467575651967
15.019042611458191
-100.22432323669392
401.9754771851284
58.73570276694119
-327.2126212700969
-125.63364891481905
-292.54228444434165
30.684931085103333
-15.692385335159251
100.48630074383505
92.62471487535828
78.82211216525147
170.74701562902064
-64.70446637145743
-14.472507747714447
80.53837340734859
3.510316438463385
4.381927966358365
-6.652145410600191
7.098802662616171
-268.7865449604646
42.65570108676748
-2.1200083685063893
24.897946652643764
28.971667484202257
-5.61652785420959
4.079803107746982
-114.01206847882455
298.4274917868245
7.796590445065041
17.498625687914313
-46.892004415362386
49.490161814372804
20.586944915686082
-30.20520492837945
22.889447904562175
0.865979518519231
3.934686205969765
-2.4361949304830377
-1.1519417335363684
1.0376424458350653
-8.840390899736827
-1.5820074804220152
-1.204364632232614
6.237334896078059
0.8513399476337444
-5.376524673256991
-56.94171438475315
-194.48096669248176
-81.55372684777446
404.7980974618082
32.09300112882314
348.41686983817004
14.608423952896814
-12.762323279209815
-3.7585653171254627
-39.54761584439312
-4.15311437161336
-3.8869912037017302
3.2293277896301165
0.5888460791069982
-1.0959150278042362
2.844599354368079
55.12944489557917
-9.463216439166477
0.06165240974687912
0.26313689745892954
-0.17628930365228554
1.1584304064543414
-3.7119683998137014
-0.5798804082772615
0.11387943779546429
0.2633733496022597
550.5847405116049
-239.20976501317472
-12.971942328801322
3.4394652483071066
-7.100265308261788
4.944608771684337
0.6363818072070163
-0.4422957236325773
-6.020676081496872
14.581193297535313
0.6026149482522655
-9.158556720157948
4.8178502478984155
-0.15030131217215761
14.331852307475746
-6.531865601497214
-29.35348300073518
0.8616950350421239
5.63100229157024
-0.0135634661103571
-6.348900799921662
14.143346791849408
-26.89024299462929
-8.853158437911674
-18.65375974502569
-4.751544708613726
20.233923166675805
17.363164853084598
-0.21061847854240212
16.590548981153074
-23.234277305132842
-7.472254114299983
-2.7349808718212025
16.638594633140052
292.54815649906567
13.442289716015386
7.858875763103326
0.3852460890336818
-338.8114337791002
578.6372164192366
202.81442899178847
-29.48314750226698
-55.98304501410521
16.226323075910326
-169.3860758014232
210.68065969467892
-33.97456305642843
-360.2710678098311
913.0823693453392
-3.415097090844373
55.52058505942446
-590.2108005614606
27.958647104253274
-64.16568565963857
-2.611497517596794
78.0391193158564
294.0268868213397
110.90584901588582
-0.015191971235748579
12.377217153501167
-124.86184898497889
55.7729835453241
0.16272203541393235
0.6169427460913826
1.271646181435583
-18.325359867824826
-1.6858134633278454
-2.7706709571791093
0.23987268582340368
11.23392169194731
-11.335911952424127
0.21447671244937858
0.6443961839797573
3.251362279620304
-6.80767825301408
16.97539792410192
-8.920055091442942
-9.633635310937379
13.198675836378968
0.5598724052040113
2.2570431869637764
1.1649082422077488
-39.648099022225956
-1.0536101156067779
4.394283548969119
84.39137668039295
-1.2237372896101173
-0.2846239417626767
0.10479719811309554
-2.3997343222382357
-1.8826799197717834
1.3135845413561724
2.7737797606537864
0.25286514475087724
0.23704263248018767
-0.2565023538755463
0.4707936267228028
-4.229564521382676
-0.07991550525060832
-0.06561488865156942
8.813034066621231
0.15297991579084416
1.130241464679446
-1.4990585540915724
0.14193575608308348
0.2853437535282281
0.5402262538971377
-0.6848950857891315
0.027568509778915104
0.029907703993921016
2.5753721125601126
-0.057538871231750305
0.15580704964383224
-0.4442934362541216
0.41559710289077284
0.22668864426816654
-1.0405943561673148
0.5467046704650022
-0.027985134283129737
0.08960747985034215
0.24547992808527572
0.13098301426117717
-0.4385041156240879
143.29410435669936
-58.24245916085097
68.75692825335803
-33.088853005671936
-130.8787686336498
28.88924851870781
77.65053967552562
-88.38526820567377
4.988107232966966
-90.77358835940116
-4.507825906278025
-12.300832125164673
192.02860344023637
-239.22921808429624
22.03336141497109
-149.01473866604928
-11.990621306136719
-5.879123299122696
14.42889337538872
157.79574211024254
-388.72453982944376
-0.29412720844989576
-19.74951666836253
0.3334895990580679
-0.6485867462299366
14.94348593073097
46.52340447773543
125.4659553191545
-79.25276105641092
23.18344574013824
0.977378036313655
-2.8796005548835244
1.211191796246557
2.630168996823205
2.2152450742014853
-0.11805724326570828
-4.685846259377698
1.935180990580616
-3.3086670542386045
1.0956900102816107
5.537556428753375
-0.4545921200199245
1.407412432567448
-1.551896126900861
3.740940704106391
-4.6238246892520065
0.2379950832898067
3.1255029285637668
0.6519550899541261
0.7257217450315976
1.911062108005022
-2.3417614231571298
-2.1459265934130176
0.29002100294127403
-0.6281839399404517
-0.8415584029909937
-0.18695283774158603
1.966041222266989
-0.06469721990273528
-5.031020458181934
4.426299912893715
-163.22469701299724
0.9552643101434402
-187.44461739375987
-7.579886429509758
39.56192162297024
20.91956221135712
-14.497681488044277
419.7316036406217
36.87327917674361
-196.75198270299168
-77.75675993536169
-71.28353352518818
72.89733711501479
33.060129655904845
2.116030522986747
-129.2533723098848
-18.03168449837291
550.0672507080094
-79.84991258176858
77.12363629336355
-66.34659768050172
4.606954963065412
214.56919601950952
3.1319636514588103
73.88669262805561
101.08306521677612
-319.4723107618991
-237.41965939430992
-134.84781379244177
-1.4843506043155026
0.5353801367620856
6.089897934189094
8.456996278340974
0.5589417162268285
-0.405509202974759
-1.104598029798389
-10.876559578964475
4.880423807715578
-13.941057396076095
16.302828304073714
0.25095802683725676
6.948281708593495
5.825966660429846
-0.32514288012083764
-4.326452965610765
-1.3682757333433058
1.479918981245036
0.4547319637108969
1.629291246630401
7.340258165350692
-6.3442087619948095
0.6505505847162943
23.95667546092855
20.67365532286006
0.3212977331320951
14.120193801697452
-0.05171813607731096
0.6746179266058271
9.771582615527569
-8.073339492232941
-7.101088736284852
5.264054462499556
-44.35209694066608
32.04163642049247
-10.807701622090129
-59.21166742577763
-23.5896953609112
189.97717993817997
-74.44641297417117
13.392891444069404
-8.77956353369119
10.179244871556916
9.142505323737016
19.78971861517947
-47.992677415921875
-9.191668976547893
-16.370940157463423
17.8448498376591
37.13388602598437
118.24013430558948
34.63753550730042
-101.23411882330298
22.895174708767655
-160.51693214296395
-7.373790866923312
44.160402897172915
-0.9942295476617105
-11.295726084899158
-4.137259923471623
-8.099292866315032
25.514804115269776
-59.87292385128784
13.436923008329643
10.071217013079526
-11.065887460242765
7.838598394211553
33.32363845710899
-20.719699219882198
51.8057693103445
-102.2616198962008
39.15601744573829
-5.221731508322818
0.449031363932927
8.901767389479037
-5.402703067992125
0.8538681524320744
31.480981075772647
7.698380435454122
-8.449567019235946
41.071364791787936
39.85296920277313
-58.98121116737054
-19.584451862874694
1.291570225788528
25.280645861418964
-45.6150966893555
10.418361765372437
9.273114450239534
-0.17843315462558237
-307.744656412235
-0.09566799781909864
5.215123294195413
-250.05527778262413
306.3070253917395
134.31389341468736
-29.035132937397872
-5.641442102906536
134.74538614344826
-100.38157911646105
28.12295382793363
-18.799202372106908
-232.12031991208903
19.491394591654416
-250.01861241536088
81.65018764697018
-45.829549330887275
-9.465610881488102
112.0632980327
14.984548138813242
-61.57549163125151
-43.409238152597474
-0.4176605207780447
5.585053110198954
19.971135725657888
-0.10746212148605337
4.090336617659512
4.2187995152770075
0.7408708231106924
-17.14304094737614
383.0503893226862
21.35628968722153
-10.61501064054415
-1.1865166470063588
-111.35155647889874
80.0350321865716
-159.2613704860339
-190.95265401232643
449.61272343576985
198.04946792826905
9.226303668895342
-104.31590235633332
75.88453969576959
115.67328398745403
115.43858181054986
65.5136058844383
-55.06788527030239
-32.370635831713486
-5.321005089475864
-51.62005914972404
14.586238440361186
10.477626477552505
-115.17029763397716
45.7554259002456
1.7459907641015413
91.76840037464217
54.45360536507171
24.962709979844377
85.4424222987072
-78.67538734560513
-51.497097358958605
-1.470929631036621
21.455399908233794
-60.46376223932611
-119.85086858141432
78.13799044801753
112.79044701312198
-0.41629836140306975
3.9762894123688
-116.64078128073434
-7.0060773354951165
47.60942131313659
-36.915136438211356
6.494666063139199
25.883177988666873
-80.27789340583502
7.614412977949157
-36.07601403825225
-5.815259876492507
15.727411367011818
11.982782895171333
-61.17331398782951
4.183585509438218
-8.167432739440335
-6.194850068509075
-1.0583489519656628
-2.415034299926698
-14.676298383168971
1.0500109654544343
17.917835216346468
28.584385532797594
-50.30736342636062
-38.128983589428614
16.68521663312467
2.130493032091638
-43.40045652230743
-55.41212994565703
-93.8891912130194
7.700290059705535
61.72712938054403
-148.60037461643603
-21.645277756242347
23.842458884425348
99.04902993922022
199.5442523139345
-16.790629705095007
37.63778007362206
-67.53561924340326
17.57358308954148
-0.9150991271163021
4.931495661434799
1.1531210561574627
-11.919463040445594
14.898771066283505
0.7054785668510947
-29.4871532086011
12.502503653559119
10.675551572065874
7.444253161004594
5.1054498693143575
-10.842161211505756
9.773107366882932
37.016441817082196
8.707181112807925
5.540012724396335
-7.3872324937040394
-2.292932264835782
-9.34656138229477
1.9618649257419039
1.540516774854241
1.7621261395910945
30.315297914849193
-0.9609165037783957
-8.794409071713103
1.1456204086924728
-1.8087698750181203
8.350068954975043
-18.863955628718106
0.17502258169135068
8.528630542737734
1.7232026225869614
2.9827446444960537
-17.92419476104509
9.31652903488443
1.6795649765273217
-1.3928297036373782
3.1501182061310913
-3.353386119744935
-2.7652306088896643
-1.4908541329034264
-33.49114035855644
-22.062089808323204
-100.55731810494916
41.71563887618801
117.45835221164796
-150.86115851483103
-158.06963531028586
-207.58598124999415
76.76490637735945
65.95981618237298
309.2449766761827
28.15438860453142
-189.127576356623
143.84355123969877
-224.29910954630088
213.41759938645768
274.16290441677694
44.147858878348934
18.681376064839334
-12.488298205518642
-633.7069448925042
-1.897511225800906
151.86228438947913
1.3543479172032424
-267.90845332844805
30.18266785516897
-0.8008247570200492
486.31327197462593
-8.279453718592345
17.303147867119232
-6.1892792328426065
-148.8570108596035
-44.063717767479766
177.4067282251205
118.58683207614905
-101.7725477477937
-35.8935623346754
-58.61380640644482
1.2411962755571295
65.14821293820265
115.1746404725405
-10.38585190035343
-2.5695509987702745
-180.67603676440723
-6.806765365956195
360.47737302068947
-240.5669294685627
-64.80355681721484
232.09388205244795
-45.520573981117174
-27.924527405219163
0.10041891259418943
-18.925671611334472
11.196970414082013
108.88223390934785
22.553616573744375
-0.4581449271900333
-15.134625304108814
-2.7253096009737936
-17.39379723900379
0.9253173697058737
1.1197710919023798
2.255537030519298
0.2524525537774314
0.45731443346627393
1.3894326053512747
-4.112517675245226
0.4281600261135374
0.9279500196077187
14.450114433164226
-22.37563503829708
-0.14189800050814724
-0.2625473919942431
7.13113296427776
0.7414363655896214
-0.1774903001553353
-0.22490099023393523
-1.3192534707102535
3.8581773058505853
2.5288129627970894
0.20977994038353398
-1.60633676188073
1.8676798995335993
-0.5436166959454665
-0.831328925466085
3.1468236948940294
-2.9348934430217457
-0.1907642067889702
0.07636801634690513
-5.706966831709045
1.0717507217342919
-3.0022162951217997
-189.12730202784374
0.4977005145687986
15.104846688761436
82.07959239201892
-4.245348665698298
4.40574743874808
3.9368746240089716
0.09833162296415357
-11.934773618926357
0.11189580674227868
0.1923888395876404
0.19907476956798448
3.022315517644556
-11.71985571359898
1.3115047966567552
-8.847287113409632
5.5040630661886425
0.2091744503077839
115.39503312347857
-57.84150714437474
22.812377373289497
55.48739658138746
41.28301304536818
190.5893297944412
-9.979257531054698
18.619487450420152
-44.693421878723115
-0.5985765095483486
-11.407645345239468
84.01029706267934
32.00504257296674
28.639523599461366
-194.9632771182203
-12.807095629354759
59.41292854591569
-68.5197510173806
-86.69433701356634
-103.68426241939385
12.289932721166545
106.31295341076364
-25.896805580848955
-48.709936684578786
-12.931232691703885
-42.82855352047815
-4.983654256714003
4.2438119483308725
-40.09087138195708
89.32285532817133
275.58658173030085
32.47870874889911
-2.0957890510542923
14.192956187807624
47.55138739560972
18.55453827293366
3.716634890028436
-59.92070722141647
12.149775194499531
29.130077789425755
35.818687601513396
-8.676880398083291
1.0047925858563587
-2.361763234521147
-0.3012133263295413
-2.8099715967160717
-8.796442618678517
-4.167145404088767
-0.22097436892484035
-89.32200647421351
5.0603571334183375
-2.232193654955731
-0.007296638309823135
-3.8903555356809556
1.361111707420831
-180.32045571588895
-0.522532680644164
-24.558886714779643
135.57448346481675
-7.685266458686273
-18.855452714749365
72.37173293566077
2.753562576237596
119.52588721893785
-21.731636167411445
86.782865883993
21.03107609290765
11.771175444915981
-5.202205086952836
10.019543125419945
-0.711822968782514
