50.786312041260196
1.3553853789130181
2.8129258452024692
63.3788460507413
-8.53801610887125
-12.392075645029314
-9.38897003690798
-148.85493372526153
58.35369541812796
-57.75542451328102
161.4152734748218
82.662390233733
-47.19734109096514
90.28946080366427
14.439469016856247
-58.48985498502744
-82.73611072166379
-36.37804496356586
145.49616016368233
-35.73193966041467
43.2436794547558
29.152913591956604
-204.3480237659768
-68.57293820658485
-48.81441964423156
-105.21558615013649
-321.24034013743784
235.976691588819
32.82678823001076
188.93403235487796
-25.2755240383596
-157.59356942549425
1182.6568973918386
-541.1185986567361
-699.1027413521151
326.70737984840656
-406.8019518701569
-112.25830807253259
-337.93544521099994
-35.32522438235076
255.64241894736514
89.78520278985549
6.371372487717552
310.6446347861565
-106.12291388382381
72.66715750566874
-158.03815683898804
-528.6949349858075
-1378.352181227455
-85.82698626341866
137.70756157206776
1330.4918364811047
468.7056670382862
271.6082198324514
729.0837127281185
61.09341489541787
-106.27588773782875
-784.3333563232827
-364.5267007012442
3.37431611299968
52.433490635088994
-285.07201083512734
122.53607492152774
221.029412351454
-109.77434199875103
-15.557833912868128
-965.3617590537247
-48.42308405160688
0.07888186723284149
640.1040355746038
-515.3634031415604
61.45002993983422
-356.0892171147187
61.293288410837306
-298.401808604103
43.602374743092085
319.3091949433948
-39.9641323482661
28.09103586541316
-45.23475462030028
-262.2555789637894
567.6255487211599
552.2485769177025
-60.75274404003179
-296.06239328049037
-269.91438018157663
371.654709816941
299.9142361364291
231.8299276995
72.03335069653492
-67.66037732613907
-47.60756214454208
28.152044914715155
-28.257497425760747
86.1749087689218
-28.783956207126568
16.735446797065617
-12.984723263963936
-4.297177197016799
-55.25259903462201
1.243943228461491
-3.8407473732014346
99.24062117147083
-121.27132940984667
38.57907604189228
-109.73632768483306
-501.2137661747209
5.782800133128397
495.43908627054884
16.995376764553633
-372.1791257398261
40.41764973144284
67.91019102901983
-106.01041738636357
-204.65017167726634
77.36490950109244
559.2451684586476
8.337940405303339
57.60676252785932
-6.851387126598453
-13.463788513884529
-45.81219202502336
27.774822581205985
-4.239046217777641
-11.177334657154775
-163.12528300964257
181.7854055899836
-119.26046045599547
453.32644016865254
87.38025701559435
-80.65452332073319
68.06387597710699
-212.758557139948
-75.20692389758447
110.45771908150245
194.74283062559343
-12.786857268325715
61.97409432299496
-307.3733867431936
-202.2954962312306
-2.542539145628848
-63.83709312260849
-76.57676478314117
-102.79319618252292
-60.17327672820868
-62.61741092903608
185.91859248250012
76.05574163057145
-26.89263874583499
206.36098547464573
-534.1773163853406
-289.6785857936741
537.7863355866763
310.90286331184126
78.83969073488016
175.93781580024992
39.07893079318963
399.9108208723294
-371.5302327990935
808.6320789155887
307.57329263838767
91.95832580035973
-256.6500639326592
-179.84594607379498
221.6550649248775
425.90344841633686
168.13548091353763
-13.895839822067346
-293.12532424164687
-1469.4670674139422
660.7415732608948
-162.829924851626
-122.9866649325873
196.57934879205496
-585.5292636096175
524.369758657518
-138.79654126782404
-2425.721544738347
2277.3989676169413
-749.0982297265682
-227.27335066177176
-305.8124629736756
1564.4179194732656
-44.94229409506261
-348.7240509031673
-633.6585739165673
-730.6036095110467
-1242.9071435937576
-850.7263641845386
2521.9091041612664
-349.8205917633334
-38.30055410629505
-819.0856362903444
-612.9054430364736
-121.3698531950379
-18.834873687763068
-32.48231886217864
380.19357476999835
641.0017887531814
333.0753851844073
-266.8083893364718
-31.566056185577782
-108.34007687763842
-109.80278863172896
366.26247107029053
132.1174804648454
463.334803861637
-11.341895314274298
-94.84385288594206
13.89305182408881
42.94730982502436
35.49030774449827
-17.05087807382922
35.42017958960714
18.789922590149803
-3.309991027858416
-51.433884040711085
-3.4998515093721236
-17.80189004470169
8.750865135599065
-5.002662461732798
14.645904820930095
-2.5444816801912067
-3.6268055491433846
-17.123738098798327
19.825379493888843
-6.399238229596318
-6.385084121318298
-61.03134076311487
-1.680145967960948
2.2468108383993606
53.02103949283323
-27.33590343364516
19.655839334904606
34.66629390768705
16.599524191114558
-15.270570614436656
18.775412428441737
-20.53318367629996
-2.5191971739758885
90.96416078899185
-61.162277825948514
252.87295013396746
65.65557912998207
-140.00872249006417
-137.0393496538892
-43.66756782801332
27.688775620392224
-8.323956530777396
-18.48066394932124
24.016212165502672
-154.261283588165
73.44973837082519
75.27809023970423
225.48437298972678
73.25878959430034
-850.681995773237
175.80908745124492
558.1841542827281
-61.889724104658136
279.9750273259087
727.3645049521072
99.03070312815643
191.2601678632136
-909.4966969800785
-510.3558601202938
-527.8290778313499
-145.89870311917343
-231.80253464778718
599.8095705156325
1.1629451717910153
-4.949698884186594
11.9824949513845
73.3877257041621
-391.7236066257888
47.44971385160793
-1.5397219120152639
-161.47388891904794
72.61681943977608
12.97879508027283
-83.29713519786318
79.41347794250427
116.53963669902058
17.583787615973016
-101.5847880302071
40.04576247956747
-52.53691301385109
54.58229310384849
27.393876971376528
66.2470718364111
16.625325216810612
-1.2353280605146442
-1.8481832269165235
-4.374949428952797
-15.292727718793541
-17.113787682038712
5.626826003564598
4.741457596889392
10.891429215103402
-0.11317180699606383
-95.25643330403261
1317.2439369605129
-31.348537004243255
138.77330260227606
-33.096298796542484
80.88532434281828
369.60741508521596
-189.48665646750035
60.18300638079186
-59.58936929524031
-84.88712688651727
5.438822639575603
-0.12784515285690923
-0.0616982556543591
-1.042902096478559
0.8962941974696922
11.513917712805013
280.14705941329476
31.641390719310856
0.37007887605315315
-0.5365111268700843
0.23755336449220063
-10.286594357519219
3.686861315617036
11.491058984639544
1.655983904418783
0.062461735607449415
-550.9587047181386
-401.8020572510434
-51.99297264021728
-9.688047631084519
-0.17619029325047325
1.614694446275469
5.398544720985058
-0.16923698928737002
4.071170476474644
1.3406936570574535
3.5651628386644365
6.302031521070504
61.69116998436821
1.7540820072028553
-10.109841376137698
51.998810456292546
12.490645516032586
-17.47312419322454
-33.33476422796004
-5.835075403983871
-0.07365426981664912
-1.6773334548362235
-30.758104814211165
-1.4896068341955138
49.59966072787381
-36.78356554402585
-5.332384898931365
19.618579716936818
7.197987405510197
0.6221968388689375
39.99551559717945
15.391801185223848
-9.767697763487137
98.144694956218
1161.1689635580258
-124.75619143234687
24.632754830444505
1.3121925885945938
2194.7693310194004
-1679.1562121858342
102.53979701734157
142.8045615709192
80.52600340778561
233.27821964727082
-216.34304259177105
-53.60924036052597
-2.2940170156634943
-2684.427660225559
1176.0016175687128
52.00755034316941
-93.93092849427458
262.2627625478608
242.75270117440522
3.575728652030651
51.950861397564246
-716.36653456432
-475.8153210863282
289.39488301935404
1.494466060853645
53.15423122677888
-265.29065998643375
66.66279224420781
-0.15946077308049655
10.678415919947291
9.43807271070644
-5.53475829182898
-4.782320423622943
36.63144859707058
-29.351563262529844
200.16248199255304
-70.58989200275455
-0.9708339786022744
-1.3527357119738002
24.27014398072197
75.54395321133842
-84.68288148030564
5.7318089862661346
45.3529324306629
-81.53085250509803
6.322842301528613
12.690507271865577
2.4178198984362544
-13.713412225799813
5.125083573751213
-104.47649459193832
-178.08099350291118
-1.3090977784515423
-2.1461419497545253
-0.3507543118289991
29.88730236860393
-15.624534539325541
20.304594062814495
8.101891850936253
-0.029013921814461247
0.02699560867265262
-12.076713927984155
-0.4425424954107575
4.845387669043538
-1.4294934491550002
1.610288282934816
-40.839258725741914
-1.0547844332601013
-0.11642555211116387
28.141960005323803
1.7336402361809116
-3.7698991112378386
1.4641977852927874
0.42804904887997247
0.5719492646783394
-1.0467841207928994
-19.091415357106257
1.3138632857396249
-0.02851944532686425
2.5837015846016356
-6.4189740346522015
-1.1911820224454785
7.260491104374253
-5.519490793104671
-1.3291721631246558
-0.006816157279886149
0.8965963234818511
0.0012355916613057355
-2.9062184929101296
155.96549364578493
43.865819158564136
-1223.756750945432
-122.22634020692495
474.1442816086652
-10.257881689990711
-22.806821947856072
-37.4946637625665
179.08145547966424
-10.998959356599581
46.35554770920654
82.74682441293454
-212.65556159961133
304.95645696098273
106.17346436602395
375.7470790585741
-113.33278590248823
93.9019676333997
25.554650381811054
-276.6945622196282
142.02310987298395
11.557650080648141
-15.182451902935068
-9.620782231528613
-32.72859455922394
-68.23381307167843
-14.476018781369552
-108.28638352649962
62.266751116405615
-26.267589714140694
-0.47281360281392937
-0.8397380760780143
0.6995788352460536
-0.3584383862221641
-0.84902846170787
-0.011290055515331398
1.1772525998141778
-5.59312346524401
6.126801601695299
-0.21220358589916688
2.579821953687633
0.6078932831049199
-3.2516560819719214
0.08483368407495347
1.4360680873870333
-1.7772622512221283
0.33238603219519874
-0.9174630509772063
-0.11476280387462734
-0.9864589275506738
-0.1479040726897049
-0.06630710281518976
0.18752950825192433
-0.8244651071638315
-0.8739769411747981
0.26901835590721296
2.7000910117488934
0.3454393945019872
-1.8672227277786255
2.471071352920877
-24.305390904575976
-265.0247274802799
0.8955546687985223
68.91517555996951
0.12757395970295946
-46.1780613835539
49.21816859029099
12.60404866851562
385.46859093685674
-83.07240087694326
-322.1053590343272
-446.8127224505458
-170.48848646927692
75.39124115039239
-55.238933062429716
-3.0410670748006217
-7.754887298520394
-9.300592330949156
867.3253371952394
-6.243057610346781
25.021083240265924
33.948509837645915
-200.7493742298719
-549.2845925190342
296.7262991478654
72.05767023015021
-83.03299910715893
1263.2946668925122
-174.12713012778607
54.93978077412499
1.7394980162111855
-0.05992640966649448
0.06344429787018221
-0.009985276602899384
-0.03206740837783252
2.226383479573278
-0.06332098198790706
-0.25582701551830217
-1.330272753857727
-0.9596186648909248
0.7053551730689162
-0.06912239983860032
0.2177399935382065
-0.5918840639945914
-0.0905880573541085
4.008572546217715E-4
-0.14943289740060686
-0.16334224128367647
0.43728607876322545
-1.1525063469522017
0.36852611997056306
-0.09419663721160829
-0.3452705655946973
19.4071169537516
-0.01188723076237298
-1.2085023533548003
-2.4606567254030334
-0.0545773229206992
1.0253444696743803
-7.235663407534323
-43.78878432936729
67.30799364356642
83.30333502593241
-10.834986596816575
-40.50579281488787
0.27941826385228735
12.577763139869452
-69.79745413663206
217.70066581811724
24.337301718773244
-92.9220889066056
39.69191798863357
1.7134790208356034
-19.77171355670403
-73.8777499715256
33.34825521416432
-28.800572444274106
3.9585821450060514
0.6631828223901037
9.720023823246626
80.5178988213001
18.82742341155549
-132.9164524119137
-35.06268663140391
-14.318726888460061
107.19401995852496
14.15439168797978
-20.171298568149062
-28.944713598615937
66.30555063740792
13.416027412380581
5.382569787805799
102.86884783342005
-63.78863257747061
2.417497289714125
12.664707028870414
1.5190255520675624
-58.58084886636389
88.33326148331554
-16.861719808906706
142.87039401951753
-158.4082912365483
18.315982183001427
6.6437216742232845
-18.002547717733613
-76.90328926000244
4.196712195227805
-25.467226609513173
8.122372310445737
20.340038873459402
55.42433549177334
13.453991224507755
40.43114991373466
-52.070220497582326
23.902205386438293
-55.29778921416041
-93.85466823725183
5.80905886375049
61.25917924791943
-2.4884372119082885
1595.5875400489074
-0.13552098579122338
16.41481089401093
-189.8000766969321
-157.36833139355534
47.43203438373083
-66.13021652064813
164.03080734503018
385.72333589566193
-450.16724493673445
-282.60251723926217
-94.82236156487423
-186.67377558003207
-7.853974133724742
188.16667513599194
863.1538343318991
120.69850246092524
-1.62406887866815
52.35910871978458
-66.54488856159148
-109.40574139312432
-1136.454427699205
-0.37513104484282994
-0.8786383443171539
49.52816225641572
12.780198566727957
-181.53522899141137
-15.185332070784119
7.808380143799843
37.89835778677017
-9.061177591942409
13.204811509986802
-20.965163869098188
-1.1526715190494436
-104.87836386058456
-7.31968956817961
-68.17918523276784
181.11718203893756
288.3882280239577
65.14189789027242
-0.5944723635079732
33.631806347373086
35.425238186266036
-105.11426062686132
86.78425446138428
0.40132360282881313
0.30403322133336874
-8.3524268618738
-0.2805593111360039
-1.5641228302269905
-0.005407365263232472
2.616933263987875
-130.5825542967628
-2.028286605073787
0.053036635204739516
24.16700168122513
18.625112121581836
0.437071860084042
-33.70647901662441
-36.570757811852324
198.38159878964768
-7.1617326102838454
-10.874091782333762
110.82187642252588
106.06888357372996
-44.90092267597191
-360.9109562396935
163.8055412398526
85.22960961915403
53.64056500322812
20.66804107684019
-156.58030987567759
92.01914074269685
-60.786450056998234
-102.67527944067437
261.87914905621597
4.9028460294698935
-119.89957228731264
406.252136778972
59.523146592709374
-108.22446973285466
122.76519955135923
-23.06228026829737
28.653426344974015
8.613728292491993
-3.5925280866310487
-12.960001173199766
20.73127285579788
-27.57540489692754
-3.5517891482280786
-5.319699996704083
205.16821827496273
-28.32883129681204
25.868520590113224
7.8198370129446255
-4.643635837485574
111.29721813046729
182.9766796166969
11.080372123344413
20.104817983849063
-112.30777741613714
-33.33437785782479
11.078662959532023
-111.5563696746305
-231.63815447504777
-219.7670540348006
-37.76571151957356
201.56703127138684
-37.71804654109709
8.93483626964215
-6.453844150350311
-14.203480846778541
-9.383428890479852
20.44431000620187
14.627949582155546
71.68790242699596
5.00196632992411
-4.962862023425717
19.257779001120802
-56.827980328850636
37.13833044371147
-3.2229946949724755
-189.86576398942972
103.36636005111679
79.8206899723439
-6.026768454145623
-75.38592692939206
-93.43508213388358
10.236106103893345
-2.263572091846741
-34.56238780648706
6.106944794924307
5.46049490777747
35.7605923051528
0.466068777790719
-28.445688982143935
15.796269371565707
38.58918678842738
0.7836648260472202
73.11111971000526
-2.484934456584443
-9.181756715715325
7.127514711168372
-46.09909984122302
-40.850821057373
-6.121480621479239
-9.522606123922834
45.108609136003
47.18066538843847
41.12126410286089
14.219567862182512
-150.9573172281072
101.58583514044942
164.7745524417249
-976.6659507612015
493.1609676357163
-186.52403792420117
-158.55750827675553
336.18514039874117
-44.18963214637696
135.3435152180251
-53.19407937980581
-598.2607474267006
-645.099825222862
836.3555662644628
-80.30908113711827
191.46962987896828
9.817070646959415
-33.005758038264055
22.661763461926338
587.999004575028
4.222054620299232
581.5018663401112
23.444987738593227
-141.23889226680487
-59.7698895734129
-56.328539095327166
-173.7859449110773
88.2035049414647
-78.21193620049372
-152.71626192194674
-272.3172237013157
-314.1391981208162
46.91911830760647
136.36361739271922
142.8522815686582
324.0195276421759
227.07495267729752
-105.7814262995976
341.00150142783144
-10.711657234119748
-13.55257722158581
151.17445957076174
834.5585158928615
72.66749623787187
-880.5476139148088
-251.64818474258004
-14.010720091921502
-9.57241177879976
-61.57920574650703
235.44619540313374
0.24161310859838625
145.25563404839755
-631.3804502891957
-57.47666661906477
-119.81508216014952
-100.29150534187282
8.872754906046545
109.91045835591754
-22.86063413596144
-1.7312056822691397
-8.664843972472019
-3.266420274300812
-0.028933365214637848
0.8422887880329473
-9.294195199365497
17.24972820205781
-1.3498840812147155
-4.6794199637390665
88.38543027264829
16.418504668622308
7.015947332184011
1.1759160475482806
-106.16114465248107
-11.130620283903376
1.8540235170900294
-0.44956501291175616
10.535962374022338
-8.12880910807307
-4.81010164198278
0.5610051396050926
-12.310465863539429
15.459774016211172
7.318169373366622
0.3931646244000338
-9.88244900538428
16.710987695932868
0.12876114002649158
2.1527979342486043
9.906436292044553
3.2680839418678795
-16.805057196618854
926.4409311554604
6.134955794676525
51.149763889086756
3081.7244595609372
0.8867957654891487
56.06001672230487
13.62489617898963
110.17318267517754
-110.71173029870373
0.33875078104690165
1.7648849373390738
1.7138215558992822
48.70401885741855
-113.86192296381182
-126.62104873489677
50.97356839812903
168.60105076700825
3.740375768689107
-896.541451408161
684.9259369780344
55.763220915375456
-251.1339062551709
-77.8185354921612
1338.1106360967092
29.63225933173279
22.127807365418363
488.5671630728003
-31.575701445615362
61.77048740760154
496.47588163814834
124.70254086564738
519.4206610580618
97.54436969548799
48.74492489007949
1887.3718028840335
-247.01657559323243
896.7290061850903
-157.35587032401733
9.798347407320932
-80.48660695237479
-4.236488559843238
82.86818367188236
267.8317860698834
128.4915848891212
-4.786707857962982
5.539664582724823
-55.9237382919639
-11.778442446333113
-241.55403327522131
36.27893776614623
-9.346352729549388
-18.283505035952395
37.53908372222357
17.403134209948455
5.30319899021611
3.8037426918472703
6.2299858910355885
113.61811141336051
76.96535649073697
-92.31087428125474
-111.64863634727425
0.6642540982058961
-9.024153064357739
-113.5416635503104
14.704349512610914
42.36137131178555
26.94104263799576
110.19731030316119
-39.39951485125029
11.170744680316421
1.465828853712819
72.36968716927547
41.64329335716675
613.4058253607833
-53.37709742157048
1104.0166928990118
-364.76330821696973
10.278345555583961
-186.8544865726432
-194.11935520862323
-168.1225772745015
-425.13149020822243
68.17463476766557
240.61558940984727
-161.73772100900837
72.31272811623614
24.65240736533018
-57.07737375209605
-1.0330529005183036
