175.9860401935058
-315.20019949416405
522.7401435400833
-5420.627995804291
1198.0620686675165
326.95009670978857
2211.808453362841
690.021838863271
-3261.508304637453
433.57367676563706
4787.012756482614
492.20219725126805
-644.4292409887465
-3519.5613702617584
-1994.9070243540584
1222.499261009286
-1293.8343015017977
-6060.633846758239
-3441.0017622586424
1695.83652565125
8696.352360025092
72.89038828228158
4548.386125205699
747.1462864616478
7468.640723938096
4584.360638435629
-3145.760696944988
1714.6965112082842
2041.0028926943771
3066.0295996581413
6361.7684105311855
-1032.3740018732062
-1792.3817497794544
1437.2898332446273
-530.9485811956506
-951.5524011281972
467.15506355303916
15.408357572451019
791.5588564137183
-338.2629894140744
125.8591765051037
924.5304460697718
-508.2779071937314
483.06512087210854
89.82141250581343
-7.02076995203746
43.16885473985729
133.02582858177772
1027.643784501905
251.26896648276468
-268.01261317650875
-41.38385225259786
-767.7481137296113
253.27018483424467
-681.790103050989
-28.005169476646085
-134.558373772595
-161.94221298486832
1209.2225207885235
33.26186532152301
5.8559821355348305
-16.671864200391177
35.0934212162606
283.08846740375776
-110.69813509244068
-11.186808206917632
-213.54661598724257
57.14157388127986
0.7675050172469557
142.66092227440606
173.9918479100502
-59.25352345133635
-196.15003839829075
-59.03840691109721
61.208320387984806
37.81670639345989
149.69230274365077
7.530390800363577
-22.766442769237305
-143.08645717518482
-209.8364914453974
470.8945198653996
-386.1479795628825
-134.14555489347003
-273.00463107185925
287.72608067810694
135.19302672069838
442.7365750756639
-134.98589446329296
156.61545563912847
542.8900085570815
-193.16353631437775
226.48595262561838
-373.8256555968297
-1680.6760853107724
1393.520051023089
75.02098679269098
209.3770120154838
-1289.0061344002986
923.3868022594879
-186.9925501704625
829.7601394389025
1461.4663693345813
-1085.454998160766
-1838.9662691087071
-1393.589290341026
10373.777088565754
1599.5199427268865
-18355.716566203493
2444.499377235239
9391.379583688493
-229.3467661315021
-1416.5222797766648
1795.9350500210383
-716.2014543450327
-398.57462002923546
-1156.356387441749
-379.5708396567984
-1256.2205894440438
628.9659123018392
172.89061323519454
-530.9085782846485
60.025050471409536
-371.821926616187
940.333730990168
-718.3996082303536
1575.3889228227945
-369.0300997102198
2483.9073035945553
177.11582391185343
-2054.809217167453
2804.2505626281722
2262.3769247297846
837.7009515308524
680.1012220694333
1113.7716863963587
79.09568796851387
375.12277912134675
61.31812351523622
776.52121793843
-1111.6032883384428
-1720.8921962260156
-2950.6663603079587
1313.9300046935273
853.0456459976828
719.7387757185969
-1523.6683851490934
-1385.0559015054275
337.3008651138405
-3421.0016825129023
-4637.663201131946
-14943.656763930683
12868.747753277903
17391.38275190082
-33076.15020955647
2434.516183669207
-462.11143804178727
506.568049513108
-5755.2124986323515
3340.242687881804
-2775.127325569873
1629.4779693153612
1185.8903075208511
-644.8401574467329
-4252.965942390601
6313.409811371985
5168.013214114786
-10197.959386423763
-4582.427437449519
2500.069375091084
-1450.7537552670651
343.69097515965717
10196.146976512455
12287.243398007213
1468.1161229458812
13520.609245329939
-99.06798731074623
-635.9040969398802
-1836.426586394179
2752.2581158343273
350.25567442654165
678.7306916735758
-7591.625075790727
280.4821477268097
3497.053921808838
-2396.2456985657705
1028.0757591742574
1365.0395965312484
-7648.124425811861
12875.022098650612
4700.2656388704245
4895.388916128813
6319.216411777135
-11504.472358557732
1565.7247187108283
-284.30042532380975
-532.4638017736202
234.80324111146487
-4167.827908793238
454.1744862781505
1902.2246589799715
-5.3563055089888305
-204.7309092532214
86.25058194289599
956.2792315242906
88.74008486512021
578.2240369857606
-4393.454658895684
-292.44759107016836
1.3985556002503732
33.758135902755086
-649.0250224618936
2.91001956120432
98.59272150547906
-194.94074879002545
97.49668302593227
527.8027128812314
-91.12191914683414
-463.25572843593005
316.08645169885705
-239.7060589058584
242.20950562536032
-55.031884958895745
7.910106112305468
208.7711601531373
273.22756378753064
-46.02421930963484
257.8848674020978
-196.79080959229768
-28.381244427647566
-304.2767705660799
234.30477599774855
241.45513957151678
-250.66910021000405
0.37368009228284726
-552.9233809428056
255.40708467334426
270.3675591837544
-266.4993894660773
-167.82968105657343
200.19637156007582
-2775.468958690538
-2384.006843844838
142.64164458677195
3029.093741775449
-1716.6166539495782
12504.374418852776
175.97160480165292
-1492.103708538788
12050.656405368089
335.5241743000226
340.0632509448497
2310.5987190498395
-884.7216101814793
-858.7611667143892
1801.3750395030527
1148.510718018821
1097.2053576674452
-1276.226429176595
-7181.053107310264
-8070.184143266618
-4188.149399165112
-1394.7383333758164
942.0729192479381
3906.6317706178847
-2093.3463145429987
2412.876491270475
1497.243272026227
-28.38042523565
194.62670132392654
84.22269328438992
42.88457121210358
25.919126796087994
1648.3529321892522
-5347.318599557147
-47.392347697735055
-37.160187075522195
-87.48146465275767
6642.561140140667
-184.677509600322
-2229.6034398861957
-28182.163028518178
9194.618524681431
331.0971107493274
-1634.3549733902723
679.563382744955
20218.565667942126
-443.29642622350684
-112.89302407289782
504.0715988733399
81.80769743769828
102.35393643239803
13.356513031465857
-79.70174001642914
89.45366226750228
-914.9415730518464
-77.23222844895686
-237.176230621111
446.24639936459215
36.24004542947405
-227.19246758352674
-2134.892098687876
222.23850839835825
318.8607367203757
94.70678070982979
-15.922499334498234
263.0677270930414
123.03879993242217
-43.24576617404363
29.800568217132092
21.843187571580504
-10.123075746546997
-0.46064717759238205
-0.3125684869432208
1.018959136627367
0.7593291215393452
-2.9730685593003576
-77.37074692309645
-33.51700267051078
-0.543456519223237
-1.0681913534309315
0.6054879992156131
17.111097608258426
-1.001046144315728
2.9729197114263926
-0.5009288749679781
-0.24097684359838142
652.798726179711
-40.320587866172154
-0.4720642137774917
-11.122376627343927
29.34069121555319
-46.68802489397061
7.07401934726483
5.014351357710883
-8.098147827050507
-40.64676672644568
3.868269101499144
171.57109286441263
90.96094835654729
9.262998679180432
328.8810075910366
-208.12972171878314
-195.04398868731516
29.07908886318307
21.214113967886977
-8.128077640347538
37.37675714062499
15.432324322247332
-526.9210851212079
-78.21969519873247
-13.424834537365058
65.44605414483983
-67.74591501922913
-84.86423383116767
-0.1931024792071526
182.03267750832848
-49.19521647438836
10.863001598587298
30.210496006553267
288.39758186144957
143.61706707498342
27.865177541098646
55.08352048049466
0.38529634249304984
1235.262476271189
-1107.0463993315886
-585.9545184252493
-1320.7044330908288
12.43513038133523
1140.8355785245546
67.1064398823019
497.96111034301526
-83.23721397213345
-816.514089880921
498.22713626084146
106.60259223146329
-19.008015333901145
616.0170610664736
-229.1402000924243
-251.42757797045545
7.824629609342006
560.2186428455002
-62.36660536471801
6.952043890894474
-0.27706746820384504
-21.160219417120857
-348.707030159455
91.97420805780489
-0.46917704351231815
10.568711876044793
-68.99071716026111
0.867312673752678
-8.333367667734521
-72.00885623771073
14.521802486645136
-183.77287354958906
-12.116202290695657
-3.053967683138853
11.84162879028196
-8.782282868448645
-8.096544901951047
23.11989123718324
43.11230961859732
-129.14823377980463
95.15180160979487
26.813431470368418
4.687273658899243
-2.023845440818843
7.741903257586644
1.1899365301003253
137.23542963998304
151.7174245985208
-24.62174060214608
-3.052161270903449
-0.21394833053148285
-15.623150760224313
12.642213217249987
0.7767503343838958
15.699329721726881
-0.909015166545137
-0.9107422923078661
-11.87500558874398
0.8877703964988831
6.5207803701169125
1.076694556503726
-5.187907679801876
-10.907357765910547
0.4253853075946073
5.390686923801046
4.990933682683446
-0.8317093783677091
-0.43951617689490474
0.0062122362878604415
-3.6789431919135107
-1.0610324501334518
1.8482560052004597
7.672561422964969
0.44706306205568896
-0.5707112356398732
-6.6200237657564545
0.17087091199233004
0.8633099346714026
-8.320225191191067
7.488886506538578
-0.994772366171504
-0.31779657776958603
0.38023719011329626
-0.4559924175641275
0.34387812137269663
-130.02310840380326
65.54122820382125
837.7333741125875
-1179.7435467681933
-2159.459803483646
-213.22726078505642
-315.35490981490597
110.51372564075007
51.81310208843196
-133.9806110749694
11.760095652775213
-5.237501111572342
23.32983604679598
929.0056722121877
-299.63383541663694
-205.56910569844558
361.77772705732923
-44.341658694276546
13.4788099415696
23.127568337371507
334.0057660799573
-0.6853692879388777
14.341197082884333
11.1103562182502
3.6104579081095514
-1.7055300879815463
33.096526036281034
-48.8962784497027
-3.8682177484275604
14.612341733448755
28.645345846283416
-136.08949407825764
2.5855295587588327
71.1901616684593
-6.4608521563125745
6.267605246249737
-72.6868534345039
170.42893162937017
-73.15161665680422
35.72733727666695
152.26106138657548
1.6595725553092209
62.589989075430644
84.1794805388341
-35.57969727115523
-8.219112906331654
-21.87389854745474
5.324532304945091
2.7318386393041894
-20.600522208548835
6.937672413396529
-42.486557268972035
19.034303789121598
-81.26687508770257
-1.9785619134760808
60.25182597124773
-12.02570481206721
1.272569304195444
-65.84953145501044
-128.04777444986814
448.674552816064
112.47669851259495
2.1999833485268407
-24.81587472920015
-0.34817625653495765
-0.7688918857281077
110.62965150083788
-14.951657207851703
-433.6162972918619
681.1733725016309
168.3829823626719
191.6413813742343
98.00274756687588
-33.7646944857119
-104.01984981398637
0.7596264670336542
102.91283508885128
-112.38613802187675
236.56649745855756
-243.92915184938315
4.556559438754596
-54.20939649483625
-237.8999238684881
106.4516980344735
-118.17066955504514
490.3224967760101
244.017629524447
-144.14980653386553
-313.3351641897317
-208.65803357523666
-0.4952429567640416
-0.6975617187942249
-0.6853055756888645
-2.272576336834942
-0.7382024750443998
2.11852712894957
-2.022136180823838
-1.5373956745856447
-2.178457742687563
4.974722793144335
2.1412102736369945
-0.9017376879833057
0.019886849102886694
0.9665289932824346
-0.8372848297695054
-0.3195065693018996
-0.516920635991641
-1.967578241676988
2.8604793744087686
0.1810487640891865
-1.6814048185369732
-0.443930150785961
-0.11945369579488893
-8.722698260387855
-0.3379196280855327
0.589666257792475
-2.1006305929981477
-0.504905722876
0.46024052662387605
-2.9840458438698385
-202.9869409775483
-503.6877332746404
1173.6781816283342
1035.6843093274374
3350.0409470856134
-411.5797204818298
-1263.1847633048098
-3734.790940268565
1142.9253645071851
9096.985534096018
787.9693452826159
-462.65698697528336
-29.951511294141255
-424.17209518065414
-2035.888437398093
870.5025978168653
-1174.1932931006197
282.33138422194895
589.4028600083888
-654.6484008738233
1986.5778596454911
932.1130605722303
486.96365264308855
148.99688528999448
-9647.514666097926
-761.7059322497058
-329.10610397969083
-232.1727452442865
-155.88320875894027
-581.8586018160664
305.8014831447334
-662.4186576062746
-670.3410305431397
648.0785465718548
1553.381489523529
201.18975828009926
1380.334545212383
1240.9921161097934
1259.6107708287113
-2344.243639217309
-642.7778602858551
171.76689649031994
-282.0628965000675
-75.94415123179334
-976.4369545204786
-1311.93684744641
-497.6697452830362
709.6118305845495
261.5738504991777
-228.8071036107486
-1150.0924340668496
-5104.371047609062
5157.03978127571
1843.6177428960837
773.9202396556364
416.83873128892577
467.6598993599988
539.3705165465622
-2390.0320985361
5.84039040477215
98.3209947680875
-1.8719220410746162
-50.4936232347778
-337.97815490504405
50.11366150652609
-186.87393624980152
-20.33375897584309
22.24820074624654
251.22014475908932
-890.48656611434
-418.93983554668995
735.3129363082818
673.2711148522224
13.547952973426064
129.79930124935558
400.9005732256576
-113.86315334501123
0.6951687209951047
-271.0453306579348
615.7025187884115
387.85864732164555
-572.8184219782123
-0.6536143408657626
3.6556605659687156
488.4198786796035
26.269295941594603
-5.379580755539693
-45.00998434584064
-2.067380187139659
696.1093364648455
-25.82877186392959
21.216616156868646
-6.101165643261009
-2.7620120269435895
167.3175084879269
66.37719293522467
178.62879051790372
251.54899544733237
-275.5156825263151
-219.13056534266477
-21.60649789154201
71.02541267861366
-18.721981345866894
-241.56487291612606
-113.129082140756
19.049423540655678
26.76242160094909
-5.828020037958703
0.019888039679867447
146.45737615292035
-0.23369402017599672
4.249955602782289
-17.090440534095677
-64.06169649585254
-0.636194605161782
-6.720874663315474
-123.35546065916213
0.1119690775804931
16.233290919115575
-1.9223113411554626
4410.083532852534
1740.5611642073168
876.0038570647088
1431.1257991126486
5146.913884628336
1540.9694023710747
-3990.735676318457
2076.3012565094473
3288.450450942333
11573.846761598277
-1184.475712348289
-1011.3131522366614
1792.6362707365479
-316.65383463999206
-7507.938357123891
1334.3010385465352
1094.6814694560396
8260.982083222054
20297.632663402946
1357.482392157685
-7274.334486408456
11628.185128289815
303.50712904915645
1588.1429525909964
346.99624334103794
-492.19484852623214
72.35861267007844
-25.606253937256483
-113.00673803282514
-1673.2322606930425
1864.2835040206435
-5813.80849627784
-2416.9949105191663
1308.3387772027656
-216.9640520695782
-247.32628094647558
708.5968168957701
-1343.6973220534526
16.843060550165042
1282.8434962232914
-2022.6972587536752
-236.54441428936116
63.82657930623219
215.13804367381155
17240.821302300195
-1854.7217884857266
-1890.3127234646347
338.14717480916903
332.1442732497042
51.47413295794135
-168.04305469552037
22.65314197582975
33.43866504548985
36.99320931514581
130.66978743603946
407.98121006812704
10.273633893037113
-82.08203773883498
170.6684538346919
-61.720277212392055
-121.06277317613298
240.9138102118155
322.7400177163929
-1190.8601560546585
-705.1905457855216
2.227324935458728
651.2659976939783
-206.21384415730017
25.228802242904568
398.178187886847
1172.3501012142174
184.1787721546206
-58.600406856656384
468.3105367713617
10.83809812288559
-86.46771451185509
60.310899096772324
-152.49439989644713
7.437357251775626
-16.789826250356825
-215.41998127779195
-49.08166504148204
-224.52409241432906
194.19094599929096
-63.06047506526406
-69.47883084756258
21.664637238696344
305.7674816333176
-360.6158333828206
-7.653560129484773
-1776.9295900909062
-271.51882071290123
-946.8742694314424
-1034.2841591509793
1041.7028486516676
3782.6076029068954
-3705.419007528155
870.4734696949746
-3573.189215824408
3591.757048941726
4405.439147084777
3413.7435147824044
2246.211723324571
-737.7347397214817
-2739.019445017592
-2554.3717024162474
-4873.212761951692
-415.7801099424062
1117.8476484549096
-19.635426597786925
1490.1484238118426
105.85902016493176
496.83277282725015
819.1782801377011
-4184.579015362683
137.8756700692411
-656.5243911939133
1150.2825857838768
-471.7757600943528
-773.1041441760838
-806.9917403986914
1343.6021596630121
459.91597773853636
135.9035111761019
-463.84613589609336
21.52854633632117
125.52935904374912
169.63075826535038
93.39832827829399
-3.160947654517996
25.3902368952309
-38.86676760280617
-2.474587943751825
-315.5940686703673
15.941611387280657
-114.16731213638062
323.94868974307946
-68.23880765087797
-137.5517938878545
-82.13554406476325
46.34086710165279
-1.0449305586010322
67.05681593992806
96.70736721629298
252.84618662091634
-110.25275641399055
-5.185271805660222
-37.82719253423075
86.4382329050367
15.47939695507972
-3.5703986483080277
4.319523983230529
-22.89656891523365
-0.9075009422016622
-0.3409810698427256
2.343273424124112
-10.494316225623718
2.1592707076616997
-3.617145617702571
-6.908795440755166
-43.677889983999364
1.9998991554267307
1.5613432131039413
78.09773611469419
1.5874515251159917
-1.2388574489411859
0.20865079183381968
-6.049226191794193
-6.294320979612573
-1.6420661054383248
-0.79786068622175
2.418377328893642
26.64124349207596
0.9350095303309923
0.6542772545178615
-19.76256267645723
4.74301659991191
-0.6356419951573604
-0.5113290136750271
-4.600653238910544
-41.84615624542258
7.225004155706185
-63.033417553864034
1.0467925324998042
8.053236574728675
264.5895217641351
11.184308470603716
-13.317014384488091
-8.205780822652855
26.814001070194514
-28.520652293409817
-0.7203775348077341
-0.7576125920803403
-0.6985929782216007
-1.3008271567875132
-409.2154076086627
-82.58946463765432
15.317885354052224
0.05015708548641553
-0.3130047757463284
190.0190302028864
-214.08532724545032
-16.18582832674911
1196.9423296992732
-312.14193061549395
-522.0559626638405
21.777296042189292
28.393399969877088
449.7159754974503
-8.642505891921822
21.47964823792183
205.2215409391947
-34.518284855490904
25.764183361482544
-429.65348589495085
17.9219444454657
-323.0558835615334
96.1685833432241
-61.29259554502746
36.053512252578074
-31.140136741566085
-110.78869772812996
11.847469215025477
-159.27045531830223
-118.92887771740374
-726.1815729955432
5.174684039031315
-33.38267345396087
80.5631288382059
41.00734652955843
16.991038879818763
141.19163530166614
-27.904619090950636
17.81351574316535
188.99014184759403
186.4390674081233
2.1244932535618135
-762.1731088242581
-17.544764824791322
-7.01069221116061
405.2186221586459
-2.0718237838835845
-50.013471539122015
5.469910018154262
-11.92698710214367
-23.442357584730136
44.97622866323701
-31.237497814185176
61.408138131201255
-107.60346759446453
-0.38558983229776794
2.5879560108016593
-1.7622876330234922
-7.943586027649088
23.319150823090464
514.1315221418816
66.2589021620979
-101.83135813469397
55.351346177586734
44.9549893736402
488.58653200601816
8.556936257653236
-762.4920020605794
508.42792069701
-357.08858465440176
162.92800716393208
-19.864934108296357
-406.98008881600487
-50.04984397140091
-72.5781519178441
-2.035946773383719
