1883.1777522071973
516.0123659751694
-1087.4317085983682
-11039.619922300853
615.0190414205118
693.5963621439904
3138.7227702885652
5038.243777922042
-6370.997279347521
6382.425537446131
4005.628800325906
-1560.381132390603
-769.3205350261675
-2274.177250803138
-4487.0244878498115
3983.9819706394314
6273.955989809076
630.4757018220678
-8127.2987337262075
6228.709066672039
10502.822920589659
-3451.765245440475
5328.434233784311
2708.1881412753855
7485.488790081075
3376.1932188712344
-6697.127376000943
5084.964521438817
2367.677800266202
9024.675238238267
966.2253483230465
221.4989355034527
482.87384353554944
165.3242038973748
-275.7081021224832
307.1718079762295
183.68144889644805
-5.002108082536198
20.544685180523096
167.76395503313466
-230.84191235706854
-383.12377341468545
52.62112972264576
-378.0841716372891
10.163993684717077
-60.36494344397327
11.335668868211854
-172.67682806112833
466.1008628248135
11.843895980480111
39.11277848515958
128.39691723250894
81.19168485066145
-337.0654117516599
-83.62755546346328
-27.40374824251307
38.71718183624998
-451.1070531472681
34.80436921470296
-566.0189247462873
-14.300460431328311
-25.493986660445536
78.10301988591966
-108.21877087948539
-22.74902064744907
4.0580665899932455
174.198002054724
108.05358102649534
-0.22963548870593925
0.6172137397871472
16.310421329858
-81.7565052559093
-202.77130162222062
8.834873676071215
57.704004355887584
6.335261191080709
-187.72758254964663
-5.0837289391421026
12.263367670147943
-72.85540701158241
23.21128548669157
-21.98814060826423
22.333154289586926
-24.904081667197545
-89.48461170630195
17.7735870634439
-12.294935116687007
0.4710039760984457
4.625382806451385
38.26521422715089
-2080.4049558129464
3303.3130334705425
-1676.1030924203042
-107.23854681420477
4700.721685366684
-2929.548063304977
437.3896368065203
2679.3497868468717
414.4470892563558
-4198.822205355726
992.9119765243274
-291.39862721020967
1267.6209185949288
3000.2392170267067
932.2180057639215
-5466.460582335735
-9937.005755618098
4273.094025090423
11132.257873859573
1338.4439118807886
-5580.438404509867
-130.3177439170128
197.25674765275588
-3799.1472400509515
-2802.7375275729178
-5403.567419175929
12728.53494618519
1733.125926423705
-5127.7885147358065
273.20426017863457
-297.86439393108236
264.15664872933917
-4.752260448084245
253.03067906419432
-192.68838187373356
610.5471292093744
-726.2911510022867
35.94443693654436
-1224.6211182776722
670.6291281188539
1962.5502263781955
-4105.983736956407
-1810.6761761904656
-209.71605561710322
2142.047749705084
1758.131276041029
-1966.6996701321114
-210.07800777021254
2832.5864991907615
-923.001774799954
-1504.111294077494
1826.0705413515439
-159.68931400984155
-434.47156740675644
341.25711376069563
-267.44355430819326
-519.1376235580587
773.0613042853163
-274.97388797242485
764.3325785901403
-1728.568015152134
5540.997906136427
-23256.83931936564
-12076.965030556159
9831.968411856184
-6107.340641223058
1913.1528196985055
-2186.2539132470647
-1718.1089537881273
-7009.298579627474
5011.365222316043
-919.4235845545724
-3281.8813075375842
311.2058726674269
1743.671276317363
1173.3739067639626
1483.3058733270632
2247.4055202723393
10235.82758949279
-1430.9621051828165
1213.9252792972545
474.43611533036716
6231.26178700333
-6378.218685397443
-3118.7148968543515
6317.235223113003
339.28812758080454
131.99759756858992
812.989253900287
793.9616150594912
255.61766391608083
376.18035643451844
-2095.260641954872
-94.02619994783515
547.8395628531066
-977.1346110726403
926.884537036617
-568.38165656434
-1201.8849932880078
2539.6494262338833
-773.1023758996361
-1422.4015532824972
-993.5613237877686
2260.5560015833553
-39.119812580872455
-3.519537478228992
365.39448244341986
-371.0066323901604
3795.0420056832872
-589.8560734762448
-422.40282007666735
-111.4312514414782
189.21441954887842
-1705.3562453968964
-208.22101770637457
265.4892765214412
-14.21724992774568
-197.12516684602375
143.557907223956
0.6775505252673308
-519.0385508163342
-112.9790061184454
-15.984990483647424
-473.0550739558121
66.8190298636673
78.26165606936209
-281.5852654724467
-294.19068818386626
134.31839024337137
202.9066947534278
41.93306184007678
-143.15620274529815
36.606860691304185
-15.900945911230625
-11.990096721336936
-79.51162352613781
115.44012648473033
64.50606326404146
639.1558593453266
245.31399977922467
-554.6404885574042
-415.03811699501114
38.864422373375284
-2.60007976126426
61.05600864051009
699.8014895144597
1141.7413896136504
-113.32410286306782
8.603736559200714
-34.14706459321693
3815.7405840099755
1124.8439267074996
-872.531856291058
-2391.0054188907484
-2133.593293082077
3749.3550721829943
-799.8601642465279
-259.06499719204095
2131.1232306957545
-2938.3450842030893
-607.2790253921081
-909.7965808542148
357.82839881104275
49.38271425647669
2762.0845718048467
-6440.453025194984
4630.984785541854
109.56026159142527
-3681.01669182236
13799.088513149853
-1163.8402329632856
1455.2862250944925
971.8976750138515
-446.8315549134971
85.44733747320177
-950.5049435385027
-1249.6084404302287
-28.03767514177705
-514.4159803182831
-92.59167332098707
545.8456245859514
-3.2222924542460487
36.75141499058721
-3843.515143678971
2665.2238173734727
205.9058502951181
115.1296653026886
720.6156060326941
-3552.1931353968657
-374.8826148741482
5542.622537699608
13730.711781969832
-3839.279042716053
-568.9692909158397
3993.589604899176
-2687.9106157277415
-4007.227334418196
54.241889836913714
255.56587640285434
-1172.588168223272
-847.8110746112266
-13.04530734771672
175.96394011117064
-486.1459629359232
-345.2669707825386
1049.8226310958546
228.65857294137857
14.182907658515077
64.19811771271186
-43.780015434916265
48.84629516162967
-2321.4892201156495
207.63668823438718
-104.18085586250436
17.189515588980957
-1.5317538290634136
-464.69666130849293
47.15056546874244
-23.70555717861975
2.598004099124464
-5.499164897224543
2.131345340457789
0.13712530421966623
0.0665507083694937
0.4011197318435287
0.4556136942433424
7.004735023990539
33.60541822468946
-15.071634432805125
0.13406717773303567
0.2663667312511741
-0.15268108001014868
-11.739923871145722
0.7508202954969336
-0.20116445480899584
0.1231929291266709
0.06696139818655848
-1202.3882769062238
2140.0697701920853
8.265094467690947
-2.5681316512303916
-5.730708568367811
7.0067414155164744
-3.5761991038064935
1.552150976421592
-9.033791225336863
32.5132687747305
-1.978898317385186
-22.05081382905798
142.88591693432818
-4.351099100127409
125.95249233550928
-64.67950635371392
-406.0482241430434
5.1941958973814435
38.87034211942692
2.9294985671165734
-31.947256145911503
-74.44028570775606
-65.21320320505576
41.72924168684124
-81.510022389477
171.4417367329626
32.35470264928618
14.481244765689016
-36.02700698345641
36.56690121697346
-72.48541589597548
2.9282405253837474
71.06927783603234
-29.130921210421246
801.9135379786378
28.52126079339655
-30.899031585934488
-0.09583291222446569
326.71566399382306
-1202.5476299660972
411.16551106093794
560.8082374632525
-0.8210092779472495
-170.46639856759762
-168.9525595358693
-216.44516536538976
13.993208101235867
198.3172989573909
-7.667687900097988
-0.7902179601542444
-1.6973599592141138
-401.47743626017484
112.62026567547768
84.17476726895059
-6.119851493207446
-80.47086022519538
18.52124877103216
55.074369888340385
0.046556851627665395
9.310948053685324
-49.974491928217965
-21.379584369206583
0.16023991252396888
13.807664995769558
-31.860363444338386
82.28787271874856
-2.042545393072773
57.478802209099655
-31.99534747245505
40.8914985816217
22.789053489137338
0.10459508512612002
7.649050702147856
8.145330807444516
-52.96168081443056
-3.1547348920250977
-43.19627226491831
16.617701426327788
-9.202817892259258
-11.360381211448104
18.3343406288449
-3.174375743287386
0.1752464656795485
-3.7783361252542953
-69.45168267898185
-101.48798236553787
12.665555793737568
1.4434602546599629
-1.3081100471576619
11.379124204280785
-5.68217904716764
-3.598855214653178
-8.35029303531349
0.22498912297625873
0.20628132135042693
-1.098549026803728
0.7814362304995596
-0.14502129895937158
-0.06994922267410171
-1.482336525310069
10.359952167164828
0.7296124477405624
3.1731805333991656
7.374372999545776
0.09173772157091817
-1.0382867347613718
0.19773844254877548
3.3443005434713977
0.5624864624217494
-2.6121829214606933
-1.2989391035015356
-0.9222495809643263
0.1382587222751226
1.51846225288746
-0.7401076193777482
1.2783441816279943
0.21307049248207863
-5.628164697241269
0.18470591985897283
0.08087851783675507
0.3371368990466156
0.12149660033854409
0.13325523342482581
41.964085370592386
-47.22862174119803
-28.12725786178875
-747.0326716340307
425.75586771091344
85.33728973780698
-38.951997874917325
-12.176328874387428
27.00115703682941
101.65314446467693
16.505405274113933
-3.4147107090998152
93.72990111388543
-12.31282572050285
-44.865422575821604
10.771547659486437
17.800109027267812
-4.5598832482043345
7.850922983196021
-50.62554900592071
-1.2244749894874107
1.7028357266007716
-5.523386052843031
7.903286512685485
-6.496060859751194
-0.5517696657214805
-33.67129122913114
91.28164212186196
27.144677742872545
-21.9748250388635
0.8261602166926953
-154.96087191547352
-32.71379013290321
102.58116896584129
59.610401627532454
-18.967399347188756
-137.07271023274464
67.01166659971092
13.209041659874405
-3.5894561071276554
196.80096492678896
60.38301510368624
37.58750459398232
92.08697202658396
20.382838421186204
-184.21995982552244
-27.700355495925514
68.96352444497144
-0.27564682426776943
-23.317777396326477
23.59793613454545
-1.9502715471376135
2.7873991093409867
49.10199290411701
92.64841525323742
-132.41857715543273
50.353268479318956
10.774908176270904
-20.305118626703884
-201.3091583928121
159.8287745892217
63.85297851831458
-1.5786519533320504
19.989011572731197
0.1795806664781865
30.771445751251
-141.95662537928249
17.936373703097964
125.10750700778294
-52.2205543230672
65.15249512621291
94.44885980266079
-27.699618410515082
-1.4067997038761981
-51.83055359357818
-2.2764560939887573
19.04128640840626
31.204386663506234
-117.47026157387896
-68.69942270548451
-10.845892064865163
62.122926449742195
113.24866980400363
89.94601933080315
-43.166211354188334
-164.19937180322916
-73.69411330137164
-235.21885345309283
72.8775616999864
-38.16539714303874
0.13908439145052146
0.16343969260173744
0.15172469127484134
0.5372619548530367
0.19720941709615836
-0.6274019096256339
0.4968677151832218
0.6323756234126006
0.6196558677067892
-1.1695907346035426
-0.878604075202845
0.21291091108879223
-0.10154479363577619
-0.11915864076291222
0.18032018478662182
0.15602338821629214
0.1559614210673945
0.47343015855591725
-0.715140675279007
-0.05307217092880182
0.3314651334807362
0.0887420995491326
0.3309742251519514
1.0744321659488505
-0.01695096010110063
-0.18686540339108715
0.5959858410826612
0.12962940058138442
-0.8452250191484111
-0.9837050329749748
1786.7657717659122
416.8726340559939
-424.2920446450231
2054.2055185692566
-83.05124020721385
-465.4433233806919
3526.275376703654
1049.062859583168
-6777.115832088913
7351.00368481896
916.2720969789739
76.00879970887804
67.3471940136442
-1242.6612131855245
-7381.792390424251
-608.5412427861943
-2676.5440801192635
-465.5295746345169
-995.036521045888
558.08606997552
3979.3476692301756
-625.348814777522
592.7649565161815
362.16562936374396
10762.961012822581
-638.7979037611931
-1477.3482928439023
-108.98888872650231
673.5403192331365
652.8349921016401
-60.13801000659761
283.3271113821103
-2745.7887486526797
-6715.79695239427
1374.937646356901
1808.5810182408595
-2063.5950827395022
-237.56846153783434
-2305.0504666669285
-3868.6077226956186
-1403.9502672737353
1845.9790724509376
-583.2836054526629
-158.2532281729525
2316.8630691585386
11470.971862026812
-662.8811786323607
-3678.2174436588657
2266.0192795004205
-1334.2868068011867
-4220.141664899007
5687.0372282177495
-6074.033772157916
12026.68138249256
-246.1995802232351
1968.4299701141604
321.27793719746325
-994.3305392867625
1033.9209161281444
-217.04991239217253
-284.39679900262365
0.19626868631629507
3.2724089649880366
126.49292358462236
-191.60489303819983
4.758073836053094
23.258172039577445
123.79768659189178
269.66021407059685
41.88595883817061
-107.87002054364575
151.30441432524063
-235.24692468121518
21.512696395517622
23.749617708422036
-85.71057162055527
51.4110952342388
-8.35944098116008
23.24634212578121
-91.2083228295901
-70.58264309341935
-12.366486377889617
0.17171962152611772
14.285417729040494
2093.1789254219084
42.04221598545625
62.775288478362924
100.90729877532601
-19.02899306830427
-415.23139833250144
73.74643405018017
-9.456172204058515
5.26081634508034
3.243719198821818
-48.531812527764075
-0.53436497467871
-70.58308115127193
-12.491013298981942
117.3701867745635
-7.731629715882263
5.935049326164764
-59.50900051135965
-41.115543540302376
30.181381470701854
36.55603685269873
-2.0381929450469554
-4.627941677898722
-3.676158951199379
-0.3330905331601015
-16.05419457894706
0.10057438033888211
0.3988487062326554
41.63479725742154
16.769169785426808
0.3006303803205576
-15.630058671491659
53.259043887722754
0.33724061594480176
-16.300386898820015
23.57727161975832
1895.2801162681194
326.5432950060467
1238.8730585570017
602.4224965301956
335.3025695254248
-5571.460354154415
-997.6046741586235
47.089726896614465
956.1043571612624
11438.60396091296
-236.59565643466237
-2355.2037115806647
1267.049148661414
-594.8253977758936
-132.95917925020944
432.650642287646
899.2609306175636
9806.103489097266
392.5074133889261
1867.0194598970943
-4641.337951824359
3523.3079908745644
-129.10757670087227
-74.90443788795692
200.64095071295367
-237.06919210693204
80.06653315890968
12.033952052455295
7.510568642926995
-92.98307390760607
-770.3054975271195
2192.156677525586
115.63776674697657
-16.125932167357615
-252.66070365268598
513.0185380019168
255.28925744857438
-142.90112286827463
194.90166052334027
26.057808207720907
-444.3120098534348
-35.858622119217905
-407.37276456032833
-148.17947634828136
-2028.6485710944323
-351.87754624371024
287.77556948910603
-145.7181084054598
-30.2622389402307
-2.330148182797136
101.11699003114997
-42.01060526258444
-79.48671652977238
-11.280387293338773
-11.522959482658402
-129.31335355441556
-9.530692530995667
-67.36914731243074
535.9465519236381
40.048476558041344
131.79601807033353
462.97366464564055
-293.5079783965937
387.1291139647193
1002.6779659577944
-112.59083259537753
268.13137307373853
217.7998944957648
23.151092893361135
-201.4056582847364
-434.0194196348487
-2322.9875446122437
65.72863274428738
-790.0700628661851
-19.04258526683711
26.308155198913667
-124.15489302278307
403.67172013373175
1.4375282141936652
-482.1830709574583
151.1178210262969
223.12413135839205
921.1549969471228
-586.0137559126458
295.0819183846178
95.40697383370522
-35.523150582686725
-563.2553436662371
156.49540044233274
4.826983979442218
374.78843561127485
-637.6489429710009
-174.6477340544489
1358.9800150702365
482.2878816670318
-2560.165195344384
1009.7872080597458
84.08530897518152
-528.5499014979905
-1960.642949174711
-2159.838640748564
1664.4929365114367
1504.2365055599328
1592.6676431838794
-449.0304991328832
2678.6693999390695
-106.93263052463008
253.30288961262102
-304.92263103800354
-342.560318000123
-2305.8930504230257
508.9929069065181
-2720.5304324286412
-126.69421042013971
4168.687221199051
-1219.9046360794969
317.2419889060413
-1432.634686046617
375.4190841824336
1221.0357063235106
150.41707342350963
-234.86403351725875
253.52152205357936
162.75054536596457
61.63654401087255
5.95944258229714
-9.540379180981029
-9.881794042057157
-16.15005488460007
46.9384173482606
-81.17621622678168
-30.61837632467488
-21.668651998088883
-136.48777740631374
4.2263596939551915
953.7071791537056
462.587735222458
-14.097743744707659
42.15935828209486
23.672096811937948
-3.1185055878304513
0.3955143118295565
-13.656104220790183
183.29188786713277
-88.82653004595052
34.49501679636782
16.341438605361017
8.234900785839066
-30.866282806492112
-20.841316326630356
-1.4019052208937293
2.314841257797269
-8.321472125100042
0.22462386071985882
3.7290671094612513
10.05843989864498
12.9513979783394
0.33030827622984515
2.502537872048283
-37.34166858317458
70.08819516859529
-0.7590062921140694
-0.9212212696364882
-96.58462260507685
6.324408651273964
-2.0567664670190937
0.29981345635486467
0.8558032588839904
0.9759714075062434
-1.5908147948941507
-0.02545611347141982
-6.841312725926114
-16.100623570786357
-1.1576178841755764
1.8910062531210643
7.2903844109328
-7.283969945811825
-0.051002169149465544
-0.7640968580748679
37.90686403915768
17.950149776883716
-5.432796589391851
8.146461208109447
0.24832154694582564
-13.062703387394372
-46.225528955579826
-4.538349808708854
-2.9343838652240946
2.89474222484007
-11.967105945768274
24.357603243450892
0.07268779800612665
0.18760578501807473
0.17357422208692402
-0.6808477353676884
-22.21972588463909
21.146653027886067
-1.5972055617134278
-9.322112356544704
0.08438379721958325
12.654190593578935
10.830912509745923
1.3059927614132805
18.69633996874221
-46.14414214075657
-25.810583032008772
22.30887148877626
-62.01307356222268
70.78881384737895
-4.428740747079911
-31.63303303420492
86.72432028078778
47.95120719448609
-85.32289475232622
80.89663017668835
5.765610565892271
-100.57979904918308
-4.139217812559339
-130.4684628341913
-24.67654673293863
-9.397925053293715
118.37759348015923
5.826651766837468
-14.873848575655373
-64.53298647358164
-152.50088465924532
1.9138553334210724
-11.885234680588594
-79.22431955872074
15.033616346904415
21.268665703365016
30.589576828577723
6.3232384810737114
26.373361238111944
38.89686403502566
-48.343723367735215
-4.286386475307883
137.6245469629249
2.4469355870780563
45.95905904998794
1.8542399959872742
-134.81738203641214
-67.43816145069245
10.438526813817226
-2.2238359906950347
-23.52083077463543
-35.05729502295037
7.219599483312172
-32.71245034905449
42.8304308590005
15.547181790257385
-5.777352332539058
-0.5560768987444591
13.467017071217196
21.512982610054745
66.40287739837514
-18.559104829438965
95.83141389509933
-126.10741194068112
-0.8539345515369161
-31.329490525409
-19.72096434983422
65.47516887980011
-275.56685613196925
7.421051931878896
36.51479654239129
10.053195056491647
132.9760405495746
71.25996553263965
-15.289692799665938
-0.7435877702252861
