-107.55927562730359
23.62455576924398
-61.777156418457345
-211.64711634286488
-65.5754304067911
-136.68422304989772
-487.1224894241172
-220.7975480724914
-11.834582876702509
483.6695470021944
-313.8491835366445
-91.28599467552033
63.1273630357565
-116.3694259715988
-41.38885850849754
110.57475004930622
9.12653850960166
152.51045229769156
411.8867743211088
-210.20733305247583
-52.52678326285087
-68.48035772590464
637.533399024915
99.59793906124602
434.53773540838256
31.20245187153276
118.04214737781155
-30.138213192752332
-324.77033928892246
-79.82559925410828
1087.414502055664
-93.69552111728662
418.98279221368085
1359.7162207826593
-300.8492934147285
-703.4406171957619
1039.375385380182
-218.7619881248388
1155.053573491078
-401.7408914781301
-159.76635029270656
-1452.8773255420115
-259.28816165863253
-1161.240620688074
473.8043327300113
71.17681974813976
-732.3493935528289
-709.5672488900036
1064.808855072908
-0.09060726209860742
610.8117195779207
-1131.5130033361643
-1327.9992283797121
319.47930935681933
-145.70287122728038
-210.1889740239738
-472.45706054437665
-270.14305451224783
2315.9465668862713
-64.53500539694511
-173.82915053426416
27.53802222944545
284.31800354999314
664.2827303392584
-902.8765728499638
87.41431301119324
-141.7656400358506
-173.37165900015071
-0.2870031450410713
-402.2800717018037
366.4094156750071
-586.8171744867894
2697.089424247262
298.79799797347255
100.42268571186551
9.365048388424839
564.7389643911365
62.96245726886367
3.9326301353344855
-910.8120223589581
-693.9738797240374
572.0523868012757
-101.67911038707739
-337.5111534752634
2640.0292619017023
-354.86362531021905
477.7743911642518
-923.0142551803673
-540.1480466614664
355.78381599895056
-144.12153346250432
-26.97178858230355
-93.25255902228632
173.95602928993975
-197.9372059578744
-8.100621878495456
52.72800495374515
3.6963094547063355
61.42563066765835
-164.485717132727
221.5662352281614
-197.15498135839104
677.4464201173432
-359.9040225860923
-48.121246197862106
-18.215854934032965
-593.3179837886371
338.58464669180165
793.1743761874272
688.2161309564839
-1574.6491970498764
501.9058129802518
-125.8986513588243
-385.35605789190333
-873.9105137630057
-477.6579483519508
1668.0276201731303
136.38444020104697
-126.66925647324871
56.3969290819997
-47.391036676395885
78.1160138577288
-34.99237286712456
23.050963621285153
204.4973719162866
202.3914097901007
-135.01439978774758
-341.44583771499754
-214.6453108362129
206.8363659089652
-157.0589245231163
-274.5326554125653
-121.87878519908627
-586.219596735652
-292.31312253087896
54.344926451582076
369.7523119630897
12.410142529590255
-139.48527371937288
189.1815241017421
82.52418370709508
-141.26642664722223
1297.1861115590584
3.852747879591527
-56.83876453747413
-168.39023478355548
225.2848613263309
-184.64264094847755
247.99024387267863
-147.80749521188395
858.3297638521204
43.02147262329012
-995.7351806313039
682.7300517983529
159.08838276223742
-170.01236352746466
-26.991139526791716
-769.9338199091914
-162.6795470986789
189.59262985816724
-77.75926556040342
63.04427972689939
175.6009027105822
69.4827394975465
-768.8846738082283
-124.8059077835726
993.911612192331
371.41964513190004
-509.8156376498256
828.0759118959998
-1313.5755133987916
255.92213875166786
1293.6635512431592
38.87179773476221
1463.8426424324393
-688.8317128463283
-120.75940408112699
825.5693205009177
-1476.0178244574447
951.429872543714
2277.8011053257583
411.02167765184697
-4491.67155900542
-225.8777488370339
-989.9790794271879
69.76112531555802
1148.1734771977335
4510.0484934388915
1485.134169789428
-5190.60759721343
1597.6235671265588
1636.1386542712619
1203.5962088405247
118.79827203942224
2279.5481467947116
38.81892963065284
-0.30915940213340826
516.2565191792654
-3947.5297984934496
-187.24159370388352
1820.72027180781
142.37985261669684
-1167.812787859667
2236.175341053858
-1015.3667955444627
-459.58796067214683
-2699.0806239595145
-470.2504589452349
479.31136249057187
-10.993122626390479
-1.2739539113360325
-526.2257122550348
-34.9078059153752
31.376142480474083
-25.511364436437994
-12.030441164920614
34.88238140762777
-129.32035060263786
-7.219383310458433
173.39037168209774
-11.293321843219871
28.11185138965906
-1.3882382617707145
9.759214365198302
-30.5327938240839
-8.999432659061549
-1.6673560488587702
6.441845791751677
-15.711953438763327
-31.707428156570174
28.718000303959826
-21.891901968368526
27.343593756117407
-3.2357080603380535
34.99374688562171
334.5181415941512
-255.45873773435764
23.846715190493494
31.374634834050347
-10.919292518489483
-17.047809115030415
-25.23608232937249
-155.16838779967767
64.83668621782229
-92.06828362449131
171.3058200804411
43.45271928213129
-11.359748307928626
148.1790830035764
419.8982886272127
69.65186533285626
193.4401757881035
-302.5590722605333
48.96427392047662
804.5753759220452
-1060.874534474364
-639.5155483265029
171.64076433411134
-1741.975096467653
-340.335132731078
25.648187893190443
-740.8352994968632
-143.48385061712744
-296.56426652191664
2512.664808606194
1509.445870409871
-328.684079210259
46.59733294683907
292.8636295554553
-681.6520868436501
-15.959893170826728
9.875677358153723
-17.72281206003467
-60.6950886120189
469.6517177232125
71.8125387950105
-13.311504896063648
94.22557996679481
-236.72295467859945
-42.729164273236385
-30.030324555505548
874.2647296887523
-528.2253508304727
-27.724640011990356
224.201325079648
-9.65030125149386
-240.18614886888597
39.12839969219209
95.80674484118734
-182.44756562908665
29.81560511745742
27.314430984377733
-5.655062247974879
7.449907498702284
1.3583022358716987
-44.149863349343676
12.282176282763443
-23.041528134149893
13.915880188538916
2.280219674379726
-25.065304006032953
-3505.836131512248
283.2201294234715
-525.5443947423635
-31.440996153209234
-141.34320964217895
765.5132246688783
-310.9988637728362
125.45213783436769
-2.76650906123146
354.8711953104857
-17.064085379429628
0.056791150995878815
0.4449952869746928
-0.11298145036643986
-6.2014584119579235
-89.36206071740419
691.712318670046
-4.0055430270290335
0.38642947230650265
0.944450739258742
-0.5252640222396484
208.2400278755147
10.983838316136854
-19.71108602077591
0.45116195017310706
0.31896647634560127
2038.550829648465
-305.1007590095249
91.74926896477012
-14.33694736497398
10.936452147287488
-1.799405065686499
-1.819208523107274
0.9445278074383897
31.618387978794473
-97.77387248029277
-3.3144014978708913
4.803388323416898
-153.20062197296588
-10.641571012091172
-94.34450950591665
-440.4930127420777
-35.510116743716516
2.111797318549555
-0.214827997859797
3.1901707298631563
96.25780853600405
-57.516572638993125
-34.01819780211617
62.82970592352788
-65.70947683565736
84.4995321971673
72.72174173037891
16.847859562522313
8.525660868372048
-47.00306839482578
-78.62614480885847
-23.90466554287618
20.15538932617677
145.0200987183682
-377.3864495308628
-38.805284235362286
-68.6107973593043
-0.30384582897773016
759.0944845658339
969.5656531402359
119.38122689946861
-175.3553395918756
315.10805466018746
149.22507252438353
-153.2199200016145
-255.80307170357122
-140.04440777813477
-2677.3615805056265
-938.7541049115631
252.91886338589197
117.64317378448277
608.7367458302168
-555.0627542735965
-105.48682012100853
32.13480778579003
1326.915131913474
159.17124747604214
463.49382058903416
0.21172029716497673
-69.54108483970414
-925.8827570019507
-49.674803151657414
0.6594271963278475
-1.8995109054322397
21.410073824673965
48.983031188399416
-4.290476297231309
-117.92603277134977
69.39888975296428
-365.1477243715732
22.67871151184094
0.47400174728793854
5.85373762278059
-71.14368102521355
-17.565289916018834
11.090548111030651
42.7476327006717
-40.624434676386954
72.06902625967112
-27.200443606179196
-34.15124642788369
-0.32480722631581005
108.48422769825818
16.386170392241002
157.53540172379917
-1319.7534646272495
-6.4462754287619
-0.838204948293211
-4.010247543104589
10.015797115996314
4.366067404288285
-18.337776818685434
-25.088778852134226
0.8103153790325247
0.7103597608319924
9.857094004341274
1.665705854960627
4.117947567525447
0.4230337797867238
-5.42943344145034
43.418182443123165
0.4366452757046319
3.7490693716201724
-13.726438848643511
-0.28898725611802967
4.623031118920497
0.9155957970986356
3.7931164403757305
-1.5889073451047666
-8.134340963022106
13.535395740628454
-1.6421100326040994
0.5105120323798313
-3.126913726908426
5.5535372364844795
5.523819028516759
-8.091761711848013
4.766590786424759
0.6161352786921562
0.3025538125005522
0.6407573487572576
0.37978420093467513
1.818824311523873
118.76198475988615
2315.081013696438
838.91670559264
-481.5728822506261
-2344.390001880795
503.6339475168783
-291.15693818501677
380.7440642510051
81.05620302724417
873.8112300172606
-140.92309685799034
-39.1722293466117
-519.3419931680264
-1635.8784104141862
-470.7097280254854
-969.5591901331354
780.8352394215863
-224.50624081309607
79.59128984033357
432.7017276096599
-466.82752674667125
-2.1092317572906567
-54.25013907183276
13.475077944689303
-6.948342491004695
15.153590308466496
-47.869202040730364
378.7614465312939
-43.562374169368404
236.91608918326574
2.7854808605557486
-11.239360565692158
2.193808558833863
10.799900496512256
10.08619001734907
-0.65003044991666
-21.8805328220727
8.375718110670306
-13.255185892982912
4.180288519240088
23.373874118281623
0.4442567753519816
10.588393006871199
-2.8331152019152688
11.109671126133367
-17.311173929837103
-0.44965532483157855
12.216960835426292
2.3303348187676236
1.5523024417878781
7.120843432670635
-8.703502805772272
-5.994756390923398
4.305308242031075
1.2312215682343455
-5.425263404104492
-4.010023632134804
5.25712940732462
-1.3004449101450237
-22.021545706908682
359.037496286315
1960.417444743111
1.9441650835452895
307.1793663664133
-0.3356799548877032
-97.3656652753441
-85.68138388812335
-76.68955542126108
106.5038326395502
-619.7834117623869
-67.40868070502749
766.0622961453155
636.6666864977935
-1111.1923251259009
-139.15004815536366
24.80926069005515
598.7965801923855
-78.61769858064767
-3065.314450527327
693.9087225239521
0.6317356077965012
-347.5613115010868
-83.7559185869703
44.63185947726045
-246.26458135105236
94.42503565875866
22.873286741539598
459.30323292335385
1155.6894345018225
890.1639978333404
0.10197078627100643
0.5673789725726632
0.6327735461927423
2.356501492899788
0.7086986767411048
-4.653661097013753
1.8400307799138558
0.2947977233932608
3.502244055219223
-3.7615092908497827
-1.9506840071222071
0.785534815755634
-0.48041628885280846
0.9602397853236481
1.058276688900717
0.12422935395956361
0.5493580555541422
1.5743006859182531
-2.436384486898861
0.062025792581632905
1.9665391989173582
0.2189806161500147
-0.09931480146441657
-37.85437749270168
0.7339689602866074
-0.40534116624461186
15.903783889882215
0.4731729994334668
0.15308704482945246
6.988277966724
-232.26957832019826
-34.12189722947481
-258.2715945585808
-70.4041676805011
29.963821981063706
-169.97542784760745
-330.4244848108336
380.6329154492286
534.3934799360369
-174.71010334592808
76.02823175078565
-63.19435490347718
36.44345417057748
60.21518887637614
294.8267238938096
261.23622056535214
45.00173218565001
130.77468220733132
35.00850360520669
-50.53193847217721
-40.588527371785275
-69.95752993683008
170.56827841603072
57.6564195446281
-1138.4933286155822
-147.96800375577433
26.53526098319419
-79.01833929615212
156.743410602986
-190.3904126650863
79.00002531469102
-318.5392055468567
-178.43674079357007
-99.27296793313792
181.6913484646679
124.27531704862244
396.53941020639496
129.68864852366409
-67.31153329671378
-156.1837186050514
29.595334513899722
-36.36913990939347
8.883763225370242
1.3699747768856843
-198.52120910961733
308.00432156556116
-86.16829983811556
28.87885899103573
-23.663907008113608
52.60954920311841
-471.45630252699505
-18.36794120480377
-91.17589324557262
269.96649085816154
-149.8203024433153
398.09743871427276
112.2816900936389
-5.069866493908385
-315.40254851543983
-1.2496799267432541
-303.6983081856408
-2.1131077614613147
-32.27561799340866
827.2798787629976
-407.50938076484505
-70.92762017315464
167.47753394161603
64.14899719340879
-728.5971685143103
191.36207858332045
702.26639938272
1040.6655688725928
2010.7810259557336
6.336958403219301
110.07243500032348
-1011.508733780392
-308.55244801966165
-7.465617732293689
-823.0127481342714
-66.51674942211548
12.994766408140265
922.6039076652539
0.5315579210808868
62.893758334037464
367.8334128117579
64.72352886379726
162.96597893692297
55.098508117336785
-10.242757154843563
-54.49226542969708
-77.353552103003
-12.133754674327442
20.31221584959139
-4.836473415171008
-211.17444366547372
20.950325760554882
39.243766776592345
354.26145308973645
-195.64431398057843
211.08768951995833
16.05218482061891
55.07203000845788
-16.937778426561362
29.724171831039182
3.1697970817660144
-32.577533747019814
15.045925492996277
-3.6674819662387934
1.3933081791654176
24.127123802494364
0.2153860892859635
3.3547520187834934
-127.85595548674117
1.937808763254774
-0.3882222896407485
-27.544427331844627
-18.70084524761493
-1.8232369322871211
143.9198740547474
-27.939374482678307
92.40598151082669
28.242910617966476
-23.287192943573263
-425.33029599769765
-391.7446638297624
-274.7216719357774
1250.361977874807
-335.4792397149073
-476.94066704900865
1001.9213102097328
29.73413917524038
107.76458459084574
15.650870811303603
49.77130631273124
328.7982767162095
-1150.6029695740388
-631.5107208339949
-476.92866365605016
-6.829618447560639
-103.48851771798411
497.13176283836356
-427.4895731563637
-18.81481375869414
128.29534489109355
-96.30279683267318
-14.94172664314831
30.31006837873137
-2.138699699921301
41.04752676468993
-13.001654506608686
-3.83153398338796
-889.0749626371484
123.97274834046014
-141.4183255241869
86.13648501253729
-193.29123343309206
-486.2069035314602
-167.51105687858148
-40.15024328638317
-70.6712951509257
-688.2699261281218
160.35768694764926
178.48502651867292
157.4808181524182
1277.012081360063
554.648116590612
-341.59506865816803
-136.30756825434693
27.062372192219303
-1.0964996768549538
67.01247454921202
41.656708779779315
-53.77009636406717
3.86169777519795
-30.98956691115857
-127.30256644936875
-75.88069272368254
-9.186889430731759
72.86642998288934
59.42858706372821
102.83098975111916
-6.780721880782792
-33.232906569052524
-179.6331296457246
162.81307705703128
64.94316856973381
-162.33005548618564
-137.97872919133505
-29.964982887955326
52.4465894308344
197.40343479349377
-56.89220356718045
-81.7014187263396
256.1946830074057
-3.264568127117104
35.1749795898974
51.16083586233125
-32.797601382321
-3.156831034180968
91.59693199224363
-0.6276372596065392
-87.21381092023283
-153.55120673517584
23.591754666493877
272.989926369683
72.9718726607179
-70.61417732251284
-418.7408181063867
172.8954758522911
-0.4644879348222022
401.26871924813037
-117.39770989892956
31.781845524634306
-225.84107309974476
2298.974194172037
769.1665340745553
-1641.3056890877317
-1161.706584008204
209.87738867623094
-453.2408929086203
3568.9398906382503
605.7742879102378
865.5959688654071
-1329.5817989330294
-4539.544223345517
2084.676349236533
63.53317062738619
237.77020841076202
115.102633668229
-112.8587786922851
-2660.559412506692
-84.59868628804524
-793.3840585401033
-7.344754850626655
80.85880903708201
-186.21006618947376
24.496759378034817
605.0985284857363
236.3313819373752
100.00201878118537
2025.1649368601732
-970.430658657616
-503.20272917171025
-257.42979214130463
188.4066146880177
-57.47617276079075
-1524.7275535673703
84.92394839954521
53.28865322707069
-139.15261235375226
189.40354847321825
-145.31441025108688
-68.38361390103023
335.1371310289525
-42.15448172405141
5258.9287318091065
739.7555045563627
66.25317703714057
-207.55879861970118
-76.82900683152293
191.4482189223135
0.026556924680989837
-90.97238565634403
771.0682372480818
-15.114311628002294
109.41814661955479
28.79469339990373
310.48558866629253
-6.612781053916817
-21.81271661048037
6.243215813319653
5.564235317410264
-5.171981245327706
0.8089513335131572
0.8578021850835904
1.7365006460964174
16.71476610923001
-3.6397006673439565
6.209551645279915
-73.2849264191163
35.8728776677952
-3.6480960077089715
-1.0494474295506577
-111.95204740348817
-1.5770474199308804
-4.025333516306118
3.1690598102181786
-22.558776217812195
-11.590999770094228
4.325859714742737
-0.140751813792151
6.096123492253806
29.32528508911311
-6.224565571368039
0.3518894452800562
41.27736908454512
-10.160043209428451
3.0293319899172757
3.4935748485081084
96.58924548609693
-81.14108137506855
14.341062485339283
837.4836365305775
1.377570236899733
139.594422383234
2421.0256490450156
17.390262220331987
10.413378939648508
-7.837922508203207
170.68813291641027
-203.4324898033837
-0.09903246705932728
0.6769912784726594
0.6223242030146785
29.994176828384383
85.55158454969097
114.43686736360615
-31.006886227847485
143.76917425039662
0.2682369817997352
-754.5119617939974
509.30717292804167
30.091934513625866
-802.9804035028543
3.9515281324317564
1016.4832631323873
-178.22660594169446
152.73355452871107
468.92785831901045
-78.00041422221315
64.71451136110109
1317.0739546721275
224.90274735558367
-137.85802599336196
116.14922505168893
137.98544695280054
1906.1125813094818
196.97704272895783
2481.674286713741
706.028607449063
83.24529792820951
499.87228852979206
151.01283954987503
81.35265384950229
1663.0037967402586
1254.4788989254614
7.0331384381990585
177.13038508758902
-386.6725544940081
734.4030941067665
789.3855736244924
-17.597893289029283
-93.15464046386103
-77.91892872916819
405.65912828443754
33.54052990694255
63.20670181965602
462.59543853598916
104.6886073672534
567.2215194141402
3120.1705476674565
223.07413724663533
-246.41807726153334
-7.8433191679890735
14.606288387827357
-69.34903947405449
13.635945260253305
34.2760986619056
-172.0284323880857
132.59008230285625
22.55729844387044
0.993770513827973
-4.667312139501115
-44.98797277042068
43.83525962466502
-855.6477387740773
130.24734969081211
-665.3485208037567
1388.115160672499
15.041842661779027
85.6019753132113
-15.09633627612163
1069.6301690390962
1429.4855714576017
92.29625056339844
-644.6098652672022
42.49249063984979
693.4965680960202
-58.559265027555085
37.26222377294249
-0.07655862654286812
