324.2232202995794
206.58350945897737
-1842.3740060537866
-10482.51256507058
-960.6417755516819
-1096.2602308400533
442.40412792778005
658.7544300086896
208.32066760997486
-415.24323897174787
-1198.96298814571
-2867.3355323501078
103.43317691997034
2347.0564625986103
1369.3649902703346
5499.541951430867
14474.080056578381
1974.7235269165626
4551.172379777389
-1931.7381020285495
-2941.0251377361983
530.4527241683315
-1905.11642074629
422.5834413048303
-1554.8652713837919
-202.63683140111468
1030.5525395142934
-644.04437670879
29.19791774798523
-1519.094386799987
380.78069955927543
199.99075324902697
-5448.859463628113
5175.7751825875985
-670.073270512499
-1961.217089504674
-84.6299483921477
970.6739076005806
1066.2730223568833
-1295.7618198912844
153.5790420497857
729.5569859880011
18.6423006779764
507.85847714045644
-84.12958951195694
417.99099956984367
68.84951752921256
116.91226212172903
2471.68507162717
142.36966089766415
-1609.6443024607872
4203.377661056912
-415.1945615686069
-1262.3286340030872
-689.9320682819116
659.1856888567481
111.47620403166863
-1703.5393756171268
-191.2284559852528
-225.92825170871618
277.9412886848487
-1344.4280846446834
2052.5534828534396
-90.15412220701808
-469.29405830115417
-250.7329418664042
8096.179163397217
2628.8195865973057
-0.7336603857423054
-2021.0559168311124
823.8480819806883
967.3209054471023
-8111.806071300949
-559.0992367326033
2182.4118788790342
-22.12190363620125
-931.7276746193699
-122.32982528192991
262.8452462260455
-1869.4531271153674
-1074.6818847615355
-786.8764447537036
-935.5292624656632
91.85469714291024
1565.6763105297896
32.02180363895763
-511.38946703131165
-1361.7289842605142
-182.08807055543141
-1417.0625251446252
-285.0455898847837
-766.3780599356327
100.92454986640077
-347.9446821015456
-621.7726554276786
922.1266060501889
911.6318007670533
381.64771885501375
740.2750914390283
582.2878223915785
91.55845849551207
-1593.5727916041158
1166.177241839375
-1803.019927490978
-125.13629962973086
765.5378525685891
1205.3049755586183
-256.7444340158956
10.066215823604095
542.4944917080617
-181.58264847365498
-1056.1817909485173
195.6929220746101
1041.9498413916933
460.87552142528784
413.55184258831406
-2822.4909580789176
-56.36747892302189
145.35345822254232
242.37051081183859
63.40994756377306
-31.656268718719637
-14.88793019310792
-118.74107044321241
390.91110222849045
153.55083596232663
196.99977996949553
-756.0356078583005
-679.831316032569
435.1896853080209
-848.7223182018067
-118.2856964230063
-60.37825791011386
-1851.8687393170405
-3745.2841647287423
4081.9527460185836
-954.7170550588731
-49.37687981183985
1359.8139637446616
2064.196178522766
3732.6235302277955
-3315.4505077967538
1718.7595978638878
101.65658807418392
-524.2781871570584
204.06865645164453
187.78037506971455
106.7606755942134
-274.3981093993059
-605.8444826746914
4641.883881143245
-231.25455954366004
4246.179453120994
5369.9355806658505
-8823.794277339739
1281.2319472887325
-8465.628706199675
-691.4254983073985
5053.49341595156
4892.537151768655
2671.1946285690055
1632.274617532966
315.59473133705563
-3658.3394250582332
1540.4491067130703
1128.8379589963465
537.3130243710802
-7694.274012560942
-1680.7862448941482
-753.0314886994017
767.5663406614356
-203.20247459526277
-1252.572175588333
3013.282990112705
-317.8588878749902
-126.23782779339732
-69.71310068582322
-1331.3380462084087
2157.4169702003887
-899.1645680467383
-1321.159361077773
2774.1338803042627
-4216.808743227142
108.11732321643112
374.357111468603
-1442.4598015132954
3427.355040139091
780.0637581518363
-545.8802520389478
3905.1920519089845
471.96975427040445
2092.1414440173735
-1611.490038463659
-387.1379656261659
-1071.2735398934137
-141.80623808623642
-242.26710775536736
-200.99926136140556
963.0998872527006
-702.3316500130115
-1893.9550699596182
263.7585728461924
216.15581240211745
-4564.814090561199
1697.8591687002242
570.6041782453083
-1324.4558629928542
2287.8494573721196
-618.8920828414916
74.6785907685954
-94.79714698793468
73.61470110977338
16.062326417279085
-608.6506738015695
-6.4330290448151315
202.36689549316958
59.503529290123836
468.677784951092
124.18663301813773
-500.4853461554465
-151.75008477621034
-47.264303785066346
13.088325107281323
-11.72032893522863
92.61392685929714
26.652891864634793
29.2813520646571
7.335578382075072
254.8400874670309
-38.04003462122066
-191.77491327698962
13.715708999384697
262.4872478114307
-64.56813731562434
-155.15980240104494
-171.3410918960574
371.0813789392576
4.624910789327092
-11.165756323388761
-10.165115855631662
-373.5818605820139
-1583.3023702386292
-1574.1930800417863
-176.38826799276333
1028.0129193968467
-246.19615926425163
1402.133745335893
387.4393401348515
-1835.0718015239354
1868.6463784543935
-511.60372036370916
960.0715003110938
3407.346568829854
2155.5693094620847
-729.1855788308201
-2264.4062690248775
6201.325824946233
-1125.948651494748
-3469.8687485831633
-7214.2346388526075
-4020.5760043321293
-1570.60067740846
187.85627421683705
-225.47697616191655
2120.172645297061
733.23958382817
824.2178450412342
-1526.364786526338
951.3711314219049
-16.761484971655587
272.6077219581609
7.448428178102776
113.87942594900663
-21.5820896210497
174.4662168633638
-1686.6871906630843
-7.062929455030845
-718.2324919819816
4433.189007430617
796.6121657310746
843.0788343473414
-2411.3715886317773
-1055.8633107310247
-158.64600881918602
544.6807581870302
17.092531928455358
1770.8713901633973
-965.9435718577148
-3951.0546373771012
5539.3083575527835
1354.614651728758
-278.98466815346126
-117.97156119441048
-212.14046618538478
-1806.104345389786
-650.7374748986649
1231.6345425396785
514.2608533079417
577.5705841237576
-111.89635391734821
-113.08096494205788
-546.2279407166918
373.0650806821711
1088.6131524965003
1705.5216095833168
-339.2727006924855
-723.3641555491841
184.00324488034337
121.87603454124974
88.29142094242808
-87.76965019754678
-12.131433819386306
0.6659266170658872
0.06741244808191339
1.5041343224754715
-1.2964983606831662
15.907207873113093
181.4514841407668
85.55779251292326
0.45171977983614103
0.8619777739586637
-0.4851365391820885
46.214794960592194
-9.19476166220569
14.099727799126711
0.41550924711413617
0.20683846537590952
-1478.9505316783127
1970.10819777586
-15.379792699084174
-19.870527303758127
-14.310121708849387
-4.916675242926177
6.8035314194156715
1.5200922306504485
28.43822111638449
-62.35548941463783
3.5432117362261475
75.90145254426653
186.85146228864525
0.04868548723006493
-79.23580136825024
-162.4100206334316
-47.779228579416824
-1.3161321477718764
-28.35464506435226
-8.001589367904513
64.20602547638033
-85.52174891305421
-24.563481836993507
-67.63779999773513
3.810463888408659
38.36491863411587
33.6660690345126
72.945268603266
32.62968410124441
103.58004967954453
-36.991002995499144
-31.66357760220341
4.849491683792746
643.4549203516831
18287.13638528726
-724.0844741197736
94.36801744558885
-0.31884965357894063
-1692.0829418815513
-6972.742315329811
7207.3973918749225
-3190.78908163259
-111.5234059243267
1223.3360708381304
-866.3058356241512
787.5077760190537
633.4220180647679
5775.090112349194
1057.2991095211817
-309.95452285497464
127.2492584959681
1807.997853302066
275.65570446926165
658.2770527859329
-59.62267477027288
1640.0530826141048
3244.8660086307686
3011.2194624926847
0.2816090201908453
57.508875038848515
-602.9293187347748
-805.5582517540587
0.5076138297711978
6.986738458777753
30.11797232328899
54.0412848516034
-9.14734439516908
7.240262545147583
-17.199633421924425
145.26834583576252
-37.395821503711005
-11.555320882749406
-20.074622680136944
21.084894855907926
139.89067350216607
-230.0521543333802
-62.589210563850614
14.144865476972509
-63.42724546336146
32.50619248520613
6.657788099521914
-0.6147786118238731
117.23651329029062
-19.581000555925883
-53.981267883641294
-436.4102692875678
16.44204748336252
6.174144758651653
-5.517223840069692
-24.217746557938327
1.401064175583855
21.75933192262273
8.511065878143205
0.7396609566092732
0.7300301065165683
-35.26914722285313
0.1870866789374677
-12.553971658370314
1.149853718188629
-0.42638028399944217
-12.953354096562792
0.08987773275148207
-1.1855407159072675
11.865087497906371
0.4021805444813415
3.9482410694857077
0.9988892698982333
-3.822579281822536
1.7834729418645727
3.530491483884204
-9.728713645390386
1.7600020225178796
0.45397350994845204
3.874034941959587
-3.6176418346475443
-1.4965991808333274
4.142673000258107
-3.6110289823540325
0.49199561992591667
0.2657135324155084
-0.6408241340867126
0.3826307026771913
-2.03917821683185
-541.3859866089363
-559.6658384815235
-723.3285663196007
-472.20097607722556
-434.68244616201673
-895.2102429471562
-309.5256051377427
-374.5781408512042
242.07286760245606
1165.561271153762
-94.50591250225891
-197.17338335729653
-312.13682269365836
-1219.0367336939485
372.3273608833986
-2739.828179732959
-558.3327099028423
-102.51369575948625
46.636732500554906
139.6483955689554
2155.916119091443
14.659000158368919
56.86427455481216
-7.0098119317588
-73.04061476512119
-81.16706734174657
110.70956682672481
-1307.0609343451067
415.15673730727286
-32.84158869982767
-41.98354610494254
-177.45805408113975
-141.3732424826385
143.73717411836398
280.6726761536612
-51.88377832125365
-422.8026899977669
-152.6131349647805
63.16049243442242
9.20564322632294
602.145820827187
168.31760864890313
160.30248315092214
151.09642540591307
96.87310037775565
-489.3269530403971
-55.93881017847184
142.82443805047686
12.770263263460675
-68.16988749250505
70.45324424698855
-3.0012162300501886
-52.68423665147404
278.6293424884732
297.97837943051235
-385.7711250656299
51.931540382393585
-34.737042616066425
-24.15620010576051
-405.04507554662894
338.5344270036876
-966.7734383345022
-13.426938650074039
694.0268929757204
0.5201987355531201
323.3204311699549
-929.5266609289415
118.12805401963848
140.42822013745814
-524.9716653648467
559.2898258913618
1232.653816548645
995.2932641437396
107.81221804310735
-1058.6302464423065
-23.026707682717323
396.4223264088404
-82.87486681295032
-51.576788924786705
-163.71484069041043
12.102724149614128
100.51111864999646
1079.5683250223854
-213.20830482464234
-448.77967097968843
30.13231586181016
-53.59903978086593
-281.17335779292995
-42.22071350265032
-546.9055948758902
0.6141352155255903
0.6258848145251058
0.826364687862184
1.438415351133722
0.5735570798134725
0.35298139848606314
2.0302221283696276
1.2270973657873108
-0.18144150828214106
-5.544150944190068
-0.621375631757797
0.7090661459571318
1.768480031626855
-1.9696088051465184
-1.604312939826918
0.32953742753396215
0.24388263303232988
1.830337014563194
-2.2341700000811042
-0.34805710429084113
1.1653017373683034
0.24720913041016104
1.506434668201908
-95.35050896269291
0.3115408489185676
-0.37261208193112655
6.849891380216011
0.3544266558455974
0.5579167935232293
-9.707870313672673
-4314.341180514719
-1235.8865858491752
1074.6597542123939
-3036.8200535931283
461.41204759839826
173.91351907906014
741.580508735663
5477.162679618297
-5232.087300891315
6938.6269571411385
4505.238770089
-2931.438020042597
-99.26394476601655
1287.335385216076
1392.750257598373
-1168.3157506191214
-254.0503049831686
22.817368460043472
-4189.881605954136
-2224.7094658804585
-428.9504428976777
1428.9279926059994
14062.564655274775
478.5658838538492
-1132.2421016653266
-1981.8495170011429
646.6373719838674
-601.4308878961053
-2057.8102976613563
5975.39885267152
7801.044875899506
8929.91299630605
1925.6541450988814
-1019.7385785525391
-695.9181738989788
253.11590653656117
8594.9903133049
2161.3513522919275
888.871141036161
-12118.8128491384
-8766.434914635947
7112.710430626585
732.6520209211635
-21.022569246621693
-6432.786952869511
-3967.591288005802
40.38267397339826
2310.7363734154824
2572.800794379455
-341.25458154802715
-3677.3342905622285
-5263.71895491864
3098.201416414974
20614.61715983218
4777.807390237837
3534.439187924162
-4551.273199487164
2353.42729204534
3682.999802760406
688.4463031595135
28575.152456871998
1.7390673322360104
-122.06873617008733
-482.9088885085478
756.5259348508984
253.0968533521818
55.18013779024047
-87.47331867507182
3118.6134119459202
-3960.7889742214434
32.08742122956854
382.6864607944267
352.63006661710114
-34.45878797968181
-690.7731140391794
-1160.0820907941886
-870.7346788413755
-1.2690359328426621
-1628.835062731407
421.93408985907627
2002.5926580378382
532.4394333419662
0.5077041944060966
-13.809724500719287
293.7060786974004
18.7420946661285
-22.908298752646143
-4.929281743881557
-47.04698206425035
-16.209868858659476
1.8284157773652245
15.343079635032202
-28.968934647304202
6.780759182891858
451.24924880369224
-321.6975793283445
-775.9232062857177
484.1266258220902
-538.2072769151841
437.4305692447651
-42.85360178252841
-64.31659779852536
3.9652521870375366
-0.3226760826731979
12.0023240046248
-18.533450810623698
90.84982427209333
-0.8124346957291421
-0.2473068907407027
56.045626351736246
-0.11626746425929636
5.9787833536513295
-81.7500816752206
-16.904643048787108
2.0720039560323946
-109.23280430994942
-212.59048635837289
0.05838642866979321
272.8350502629642
84.53244005624377
-537.3809926457637
178.98620272946124
138.38882912444203
-199.2586578603219
-159.30322804506056
-1165.3944315412907
319.1709101076513
141.16106549756083
70.03796843006796
1844.8143667728148
160.68811427337909
-47.572629624034306
740.5667748611396
61.47493346798888
689.2941625891299
-934.3332991174333
42.191936274303075
355.9519053130038
-266.4737209793014
-725.5809290296128
-367.7857185512009
-662.930587455674
38.632876895479214
182.0362739437562
29.61095379474253
-9.692753802078709
27.092761321604996
7.986669899110979
-32.442643032367805
-204.5136860579413
139.20921489667765
-681.5360028832423
-158.93695532032282
27.145056245952382
235.3537086346747
-142.0217902888318
-324.0904700270633
-580.0949918145338
-113.52847794190045
144.62083843200307
-417.92664114913407
-91.39809600662142
172.94321382180962
-188.98319998888573
1848.6164399210604
457.8606689625698
-41.461351496671305
1043.3663912085306
-96.67996745921722
14.309202410855466
-47.90870408942535
-33.7548334882485
28.687085273125135
31.56226184887518
22.121306288960582
-1.7841435161570263
43.6978473154254
22.11360763195427
30.331282111321197
-100.79964906860623
-52.874083861125385
30.336860099561264
-208.2484979829142
-190.03690663892738
-896.1567878736746
-39.749140161354504
-176.59605596083756
-253.65891247340878
-2.079058353976319
35.705037892204714
532.9531146671583
127.2106262901184
134.06885870938953
426.19600500912077
18.34201533142511
-23.636338543668913
49.28691979691704
-12.11202108970855
-1.5232270297797539
517.1318605605322
-48.48334145160079
-224.34927206324915
185.35969841354833
-134.8826848034136
-6.212991695130844
-13.875336593629797
-30.220290106652996
94.57061905353883
-174.17389913539145
35.65988038962099
514.1401095383611
679.87079168116
1157.6123991003237
-1201.1869019970475
194.17151888420045
-927.8097176835655
1066.9306421549884
2911.4361905736573
-957.1422529475711
-797.7916960252725
-2359.7335656024648
-976.3986336450317
1072.1137568140175
-1591.9596374504433
1304.6626884761656
-394.5323453917405
1384.0134613661817
-19.92861336384363
-204.7403111812297
-95.88437392732861
-46.62583437259378
-19.021335189877732
-1113.6819055929125
-152.0292383532752
-388.96031185788615
411.0923423046876
296.1620955672389
-219.0402905346625
77.76694984104276
93.80203072002578
894.7864761156235
-1019.386536346381
746.7131270267473
159.79961988335904
-1939.7899074663544
136.18005186543
-239.4308717926833
-501.58087394107827
-52.68561264710347
155.18793206523804
349.1422914161575
-122.5677251381909
68.8747289198248
-1287.401743332573
161.49974949780565
887.0622595211546
1147.81734231492
549.0138409513103
-232.14027094496757
-754.1778380053404
735.3871577337554
0.8485008646463589
5.755753346881655
1771.291650218064
806.8981501328642
64.95278109650137
-73.05418216671772
-879.8101131141037
-54.22559151501049
63.403218142666894
-5.9759580557890315
1.2487972943642855
-2.934510448128842
0.7384590498539095
4.065059077116035
-8.775987748266774
-45.26055610786079
0.35440286160815115
0.804375280882449
-8.62636550260154
51.86551620013729
4.9725190636856516
-0.3587486780042988
-71.97492272642938
-2.1332589240798914
0.09768979685019592
2.806904530695715
-1.5850021198907405
23.73620216989123
-12.026377921346475
0.2992348249951192
-12.162654245630144
19.91570020426427
2.8080888724231183
0.7389001986765278
-4.14823438086187
9.327166387000437
-2.190543931189932
-2.0384869999225117
-0.6947546562027901
-13.093432366267988
69.31099593685285
884.4593421470917
-2.200517687764035
142.96017177328298
610.9825003461618
50.252401824764966
-101.64598040625347
-12.716749369055506
106.32508532568984
-264.38961349525334
-0.6607988643291226
0.6144249758061628
0.5669814706641271
44.287731985930925
32.90841899809733
265.92798291903387
98.77131110654618
-310.1351000510155
0.21489022888449744
-980.3675640457591
464.01730204185037
72.84827031543983
-947.1218543502907
131.0945046328276
1155.1717661844632
246.56790676227496
-166.0484167782583
54.41508530844309
-45.49812755668214
-120.63244246910553
-1520.4119415603682
-316.8881566669711
-1870.4027929192123
-1063.522116359662
-30.291878053469805
-165.00404375183112
122.67681366502923
198.63897702217747
1379.4484052127368
-228.58461516647816
3160.563548820353
59.42954129914989
-22.143695711446554
425.1545530466448
-342.0626699265084
-42.24214481735663
165.45659523822184
-115.03747482592439
-100.75827233080524
477.1542080579806
-45.2965321904571
-135.05695616736895
-148.27131272182018
129.50692056285806
298.62448899865836
6.793321210800027
-68.11699688038978
17.048195629097563
-123.30202276761194
-581.9273643127977
109.91668280955479
19.072521540467548
-14.525251393251354
-0.10400991169508547
97.37426660366485
11.377165393056725
94.43274012578719
194.60274206762946
-933.3557088748521
-52.45426658074719
-6.318278500158003
8.398004287265573
-15.281234987962918
58.5818605665644
-697.1116066234888
-31.000469047700374
-526.3083763701599
1554.3787013811534
-6.557061590164115
-290.0210208206026
169.8217854619257
188.76012145580967
-971.0565510934846
189.95575598647898
171.42209946534803
595.6569812621392
519.2834352272453
57.79779686084228
-28.789770200451624
-0.15704762086988178
