-179.67695469179168
-82.75198676685898
-150.9469580382052
220.81885770774824
-497.97076379759886
-95.23384144894062
-332.2882362850304
187.63016856146498
-189.3718533602644
486.9327688437332
-468.02636227851
-97.79591577640075
121.05553439431506
-260.01239886430045
-80.79209649673612
-105.77671759643228
721.9011646238841
327.24190706975565
419.9520938683396
-261.0839255126097
-60.6652334093266
-355.7869135232491
642.4465226430367
48.61321204095869
-70.45564161478308
458.64671873455467
166.11333835314423
-12.63529086887878
-144.95473649253617
-79.78079786152398
-335.66237107238777
-133.20968897165287
7464.651999032849
-7515.3500133077405
936.9719711324593
-2878.3874473579895
405.3619211539352
-6184.758939107727
-2804.928730954916
1021.5306053651244
460.1388663930733
-1239.9657567766242
-2450.07181101735
-1948.0154783270718
958.5004459361436
-210.35064146264662
798.3397234310144
4450.921615941783
-2630.9455645347716
138.69460581863297
4997.932050488794
-3395.036906523799
1633.403484611854
3188.3818879687105
-900.9220890257465
-637.7438881134339
-830.5382626855828
1489.588128955797
-1595.1590894343528
707.8021930852451
-16.578143497177365
2243.900636906125
-2281.7062769279946
-37.85853260221028
-1039.2818722857965
-189.91053053437687
-9208.381606321542
-3189.9972898454503
0.4925658408150333
2243.7175289345537
-1146.2845648759146
-427.3299610913653
19588.348854204
1830.4889105086659
-822.2009904439211
137.27307379038496
932.4742788784675
26.985461879303323
-430.071319009302
1129.7911872457748
1503.117298425821
701.9414706532446
-137.48752163619935
-430.33215791274637
-2625.668851146135
683.2405602881662
1515.1460010068026
3657.521393492205
-303.57670078045925
1788.4461107618417
-129.26351292366482
-257.3739835246642
-32.48390443209864
-162.79902859787654
195.00305279573183
146.14397080302518
-10.994674406744252
-105.7953330537002
-294.6947189934696
84.035014007574
-690.1807947272495
389.74672311458374
139.73800825121188
671.9859875356664
278.0946957923351
-296.0100511484598
-1863.7312528005648
-156.41478439457768
1694.038186059172
-390.64876287293885
-1137.7391041612227
596.1594618179059
-107.76121883361627
-718.8739144758684
-274.07404023259886
-553.1834359630276
2168.0100304067482
102.21356692869311
364.3778625381414
23.2303296060171
-55.65370296663695
74.11882262710915
-29.96173956716156
95.31187775245807
169.26952424576442
-17.84173888473726
-125.53397445281689
-988.4551643286043
535.8395809494814
-538.9428064785038
368.86262179995197
-628.1783725456938
-1300.5244387473253
-322.44707032857974
-529.4456195038013
-345.62267676837615
632.6837777522804
-12.884993962747625
-595.0004600611012
133.42580492457964
-305.64865846653476
615.3007003415979
1336.2390075326753
445.9273688075107
-178.4220082355882
98.64037006634365
-18.949316898446753
-613.049250231682
361.15287362497423
1083.5566160450137
82.84843106512612
2038.8188354262343
-2575.3083411245134
-3147.6877214492347
8259.273809033737
-4016.844425817893
353.81930897682275
1797.6969670482354
-5333.206680381454
-5030.988399053048
-2126.716532700581
374.6298436430408
1826.2587417297132
1494.7067157288213
-1603.9805323844432
132.31585133135354
6046.419191920024
3757.0640686758
4625.571486168217
-1215.4538736412649
-4105.094770803123
1998.1566859285667
5027.757336540438
-8959.881976488909
2160.0079641523043
-1942.945059061081
-542.9333453098827
-1394.9368798627065
-3758.385696600011
4325.692219804296
1873.073344035138
5531.179850496036
1009.4257822787931
1305.352160266624
4897.5263152774805
-2823.5667883502383
7535.942835345296
-32.677660972361636
5228.718783777011
-13490.70448761453
5240.493894242515
344.6949432097074
2204.9210495223538
308.92729364479686
-5600.025076954112
-257.22721226186366
-196.79419381670704
-5891.128313602
8937.080549981043
911.8484957555735
-7004.698279207194
-168.61180605136045
1017.8996345221024
686.5492386431646
-1080.7096286814494
798.2852276132471
5436.3652220664735
-8395.633914645443
773.3051504898466
-97.70138281040354
41.51459631806136
-518.1890910756506
305.1819422990892
19.80336550552062
-217.69521829605935
-252.32524585072312
164.07973832786453
18.277963165518436
109.77693601289315
-46.76042962941066
-31.44278543911675
19.268134306254403
61.353699072112114
-36.49177800306244
57.07391231533269
-68.24364967433839
17.445873607098317
244.00882558536412
102.52676462458619
11.606022964318703
-170.21862613059182
-247.8951173059644
-13.93914866701803
15.541030718123526
-31.263626078550253
-77.26066791818445
701.098503583214
-40.63815966742361
-21.989929015200676
18.802644058996815
2.798391037406816
-221.42105403225494
1210.3345916773294
153.50078700871606
-293.2458979900157
-518.4072330775974
-794.0111129845108
-19.923901745463738
353.382792975182
-1929.274487090223
210.1852066471446
292.0612644271433
-1037.2194653307756
-311.316146855389
-1805.6749571745045
-1590.4215041290063
-2769.4334895884854
1789.266037871521
-965.1703073825099
347.7126683497387
4800.678810274768
3199.1903060418485
78.0214772028879
-1113.887725534842
-1400.6312921614453
865.7474496403117
-1245.9681445657911
139.6910091201491
-2035.9303376783294
1214.0047469826943
-53.35269917431188
13.578617663444184
-71.29950395286343
-142.7823091045496
-1243.6817359778247
319.89353645410483
-6.536416276581556
381.96811946331405
-209.9193872643155
-205.99010458521585
-477.8950249595964
2149.4362673966198
1024.4459364901836
14.942416112452449
-187.5551228536336
253.16503362939528
-1133.6208573779547
699.8192642926604
251.36133307405976
-511.6177821319869
53.4980592219364
13.657003278121797
-13.611423928651584
37.84061864387844
96.57248495064158
-15.208812425916998
-79.41243212524765
-18.132404895520644
59.11883323069273
8.229025200533423
-210.5054260848278
-1537.5760298678736
-3837.73009230753
648.179838085882
-2620.348752644364
377.200930287247
11463.74648749452
21.920304515176294
-214.82099694707765
20.728001369827357
-189.4284022314055
-36.31797792010642
0.8466451912857009
-0.5253232574883254
3.2914876776659745
1.3124947977271626
-195.47578833400118
-629.7213177918634
-265.27271108024104
-0.4422065911996403
0.22327624786759198
0.6910879372647195
173.8734415534591
-0.7594280743445457
-13.22778073042099
-0.9021972041429875
0.7111708366415496
-203.5600250676355
-6454.920018124044
68.92788205612328
-9.937777563149622
-7.561369701791578
2.871021002371323
-16.139354437315447
3.8510115756886933
30.323913446339542
-78.21092272491902
-1.8996567253320134
-106.50525015008252
-63.45947170978842
3.050134242021009
-5.0891055032371035
-208.27282992444466
-332.11315687141945
-2.3236169200850623
-61.15835344095817
11.134570345196414
3.0386307639348105
2.3387653852692933
118.11653161599595
68.96166684567162
-23.164933291857302
26.15029078812273
-136.26400307924607
185.26459536363865
-41.40182628996439
121.688589225464
140.7034546654947
97.5051303997413
10.661689395219456
-245.31477947239958
31559.082331246263
385.2344521071211
18.07033994067343
10.977911732338846
7278.139905861287
8327.118321041093
12098.85880509765
9808.398489042258
1970.68045040364
3728.5174122947565
-5814.443798066502
-2473.5877968534987
2181.922766190957
6875.282117631019
-422.4152710791313
1000.1880954375163
159.62973612139402
-1318.5603108656228
1735.4463688692908
-192.43933930629686
35.74471928700984
3042.1587305421704
5284.091143498516
2214.351679263443
3.361249899409873
364.14474083863433
1048.9082423441437
-888.6216764666656
0.871254394590401
70.31592459048255
-70.44878543661619
-269.58587537373023
21.272187575264706
163.81722465385602
94.5244854407593
285.94995843752446
-8.599305591711813
1.1608745651360508
-40.28113343220483
-21.048578037253808
-73.06178904224511
242.99848173900816
-22.843068821295024
-63.311496104518575
71.64308988660066
68.4795030672239
55.682327297184344
9.643660204122709
304.31995712225364
49.96044951701963
-180.71747824308588
513.2285118345458
-63.22244572604718
-6.705086311119912
-3.0347229584564905
38.77663670552662
-45.2900444822468
41.99952556597063
-32.99736941453213
0.04195549954466412
0.04668750847031205
51.26319445402736
4.725701534910547
4.5936900985364755
-0.7770484088708904
3.74703859837808
7.278015168117113
-0.3025493368683582
13.895991457522895
0.7977502811653633
1.1718536087997202
9.449934240044524
9.073073601064056
-7.869980479321849
-2.536250038654341
-11.426156650725785
14.883044239975396
-3.5921342466452453
0.11882218104884747
25.02003796022033
-9.970955070192153
-1.001554910212714
-8.91630913024553
-19.96697185590036
-3.468236273767384
-0.15899849588313908
8.160470597793173
0.02715745978471237
-7.023623174099189
655.0323047350971
-254.4668606784692
1466.2970947955312
5357.301243950805
3747.7105756417545
-1386.908175762439
-3880.5674330544425
244.92353454651422
334.02601792176915
505.9100489463962
-88.30963406132086
617.5281407106856
5513.111083905723
12113.079407622408
-1089.0531029643737
2551.4439600082446
2268.9459821524524
109.87249186913596
-255.44777435801413
-1323.9156948089703
1053.0179521815378
-5.060612257394182
166.42371573365244
-243.62155991010246
197.25943709211276
-94.11173013222046
59.69195672071119
-278.15936152198844
199.88828022854835
-156.84075216069812
1.6267021225498701
-0.8494495067695462
-14.984026375194611
1.0499241337314769
18.59224573442347
-5.025114091968206
-4.225142475579468
-3.4308854030101497
-10.33726344872616
1.3160258607608137
14.792215576288969
4.810692862502584
-1.9722626312201745
9.557413159723538
6.078237003669796
-16.243227938191456
2.324637270476513
3.6765411016334366
1.4736367626611604
-0.2684712795364244
-1.0485121406819433
0.5405527377491626
-7.0651494545313485
-1.5407493271243795
5.700435966479545
-12.674429751461266
6.996845996277836
-2.565758447624625
4.877072896083634
-1.2067308948644162
-156.42928180577513
1869.3697744909957
14.860052086872782
-2705.774182696919
-1.054928098783788
-157.7368801065232
1502.4102990081635
-226.88795248028995
277.8260320874242
-156.8580063209176
-711.6792766903324
-1166.7752936732004
-1934.810816182685
-605.3563323247314
973.3260728107771
44.37151796710741
-160.58601900634682
-58.20928275333661
-3321.4373079248353
-234.039628718589
-55.5133119594329
-135.17658712726384
-2260.754329597546
-488.70484045781654
249.4331315265156
834.0979911091101
1220.079661823188
1836.1183871536994
2087.1132589931035
1469.7222964823432
8.062200933717248
2.0341035872660442
-0.24612411904816464
0.6526824455922027
1.8625562714325983
-6.042344528588308
0.4297689427027372
2.042515367869348
3.769037776193942
2.8871379193412046
-3.4626141816739966
-0.10948542305859729
-1.3635748404331305
1.0442118532316178
2.3475125155221566
-1.0071174103919147
0.7022551584264136
-0.1450402989842022
-0.5353707723754432
-1.6823582148241807
1.2127746315707655
-0.5951762133647517
0.35596972249826814
106.9600172435661
0.22746746704071308
-2.810882480394348
-30.644566565302053
0.14681562302955187
-4.938152537753531
5.343275216567535
484.76845001193186
205.2370820419408
-1148.3066614735276
473.61983645461413
391.8847293325236
-190.40777412616305
-24.22060052763393
164.88952461974435
2485.594946128056
-3512.480023584169
610.1125181120962
-399.9762870842015
-75.99582662906363
-159.659357734987
-379.37352648349093
256.0698155929
616.1521691596561
-11.806068903287997
-264.1327595487014
111.08543343535855
120.11633844943991
-180.62878069382867
-910.45093929356
-573.9920622364531
1355.6727584019766
-138.10700993759696
-136.43780050264422
-69.9488178031598
591.5495009479552
-1020.370506911048
-9.75480404534519
322.43174992134544
-157.54387138560483
368.06759589494726
-151.9299720736551
-514.3011920202142
19.154674698518786
86.63982301536471
804.920830881031
560.35705946861
421.52370788391056
-109.55199463088579
-101.41269862092155
85.50415507676317
-432.8517939357681
238.56958696168167
-151.84879618973278
445.0307848189117
-106.73337846872978
92.90541201145084
-462.5242087640654
-645.0853576163414
576.8084840101609
-1076.564738581689
-393.1122161936311
217.90778429896667
531.654598568646
189.63707867499062
-290.11352350435124
22.666501027805836
30170.04238361809
-4.810266446463585
420.3101571722939
4577.938738498702
-1046.9887843958147
958.5963546036156
-475.3195566367366
-429.7232716700345
1037.197942606307
7618.505603797048
4643.934986946622
1505.0439573579404
646.3500329509568
-115.39485011040841
2716.6126176219072
-501.07171602546885
3570.4563961945414
94.17699893168829
3516.4111384806442
-266.2951462900001
-5356.379108941902
29.96047889149135
4.337372622903947
95.12498725178567
519.4132965878281
-85.35691370294933
136.5435481162856
16.043268922168515
62.32553905488351
-116.72046502547157
1606.0509014261775
1.9030374211913688
-0.015980899911378216
-4.591266973539893
-677.4019114493975
314.31694388926354
70.50630832656039
-1601.0948319748716
2461.9275024358612
575.7705730038597
34.02877021045476
-368.09866172964377
-483.14112228023964
-1460.3933442725238
-191.9528587333822
312.779745608721
-168.52720270346495
-44.861834625868084
0.9967829748991917
46.45470114267829
0.3362709914581311
7.5650358071275825
778.3150019777468
57.08597119291322
-0.931634941879855
213.84484607777304
477.9085392656204
-0.9656924193782043
-706.5278202233566
-153.4197049490026
1034.3366302340205
80.91989586215587
266.746837725436
105.99112087533618
1158.3099009795926
-226.6980080446983
97.28863021443425
-907.4713872123488
-1000.5704019958471
775.1355259102936
-19.62190277555833
-517.3417202560312
670.3978270381022
-226.8769544619563
-83.623584664657
818.0239206310899
20.837685465458236
-17.86248354292459
-778.3583539718147
146.01983512262507
-2090.960592849868
1650.267544624762
86.0244687710721
-96.87592493329066
32.83615362885669
117.4297456154943
-78.13892886130606
-185.05165079742216
-3.8714204635603044
3.7955651995546162
436.2229329470856
943.3589535914556
-114.33718131248344
-368.11761165219303
37.282176717372835
285.6774924155828
-370.9846447383845
6.870340030819868
81.65969665214077
-715.0306378137626
1449.9076977477373
204.24313048627553
-123.7824005136257
2641.3749888844864
-1228.9028248871996
-874.2907441602722
-561.34646965937
-1255.0098624909497
-33.6261054884488
-21.35989740239653
23.153734810952656
-20.782337365385665
-19.984588902497336
-55.0327366402941
33.3861416073068
-141.19921948978254
-83.3601050068485
-5.272371738035224
28.139347198384137
114.26250011094858
163.37934979888843
-14.723458893229706
-344.6212325899479
295.58091568199944
323.41739225651656
33.14655497099326
-127.65583841180732
-135.89578446801042
-29.06857570620578
-104.92038879145005
-88.087377744573
-23.015691016950218
-145.58560868390703
-175.04324365142136
-9.669359338520325
103.34378548542298
-41.74563578232995
97.78901463288213
-4.197238550778762
-203.41038916414152
79.1628567262843
56.11857804792433
-2.257618895933038
-220.5849212061159
-37.148485811150465
11.24891980205632
40.72795778241265
-21.602355732172914
146.63379653766827
-96.4774861225155
-941.5707751786009
-355.9413467763877
1333.0769645726311
778.0465585808453
-1784.6188457546396
991.1035066420887
-1161.328467482122
-168.67775177179445
-257.2521529210842
246.0181387337293
1595.922230146342
214.36786671376595
-843.4020876618702
-357.1201001161507
-944.2911552542747
442.090419211728
-801.1554035799276
1053.4926967328038
296.35810358088025
687.1264872326601
897.948762029076
98.3166124065751
907.9763043999926
-165.02577788488807
-954.7148932257743
131.83802446447302
71.62961025462901
1166.434303708268
205.5233214655744
-760.78666218314
-784.5842093022301
1154.444887347944
-177.2573182513052
-319.33050349199635
1915.3518111120543
-319.49175737948457
161.4074072238305
-802.5240875461858
372.75703242591845
-673.2164085498746
-516.4483375581067
311.30075970073557
-80.1578979986906
1754.8495067760425
-254.64331165585384
616.1636628627448
517.0978027292375
-1268.3260405996682
608.9549242482689
360.0901208301488
-838.4082973719625
-0.562239572933743
38.386779862126694
-2411.0996237643158
600.5393760677326
-121.6900504343567
372.4316986567129
635.6090497077803
224.56815193090895
-375.2474398353234
-2.0999559275961026
-7.145484466633939
25.577685394461067
0.04165167974028294
1.62408036660614
9.427021623885633
105.37745848363477
-0.7740669340855649
3.8500960148529666
69.85891372270233
22.91029208723762
-13.216219090676672
6.761113604034784
-274.37983051705413
-39.50448479778325
-0.7443791253599512
-2.910102676395457
-13.382405580563189
-11.997470829953633
30.658731208459482
0.12340279607714828
-0.5725655129814856
-21.783480543098502
-3.4988830796740182
-8.961462186200233
60.794355305352404
-20.647883953168968
2.2872901341521947
2.004462943334216
116.9617139576901
53.39003333772642
-57.33068266067324
-109.93710386918889
-5.681627796596722
-154.65522410465357
739.8781905341915
-50.908385868906116
44.64244423913152
30.69290712191465
-112.8310328681438
205.19544127769558
2.742725449937901
0.09544197572540364
0.21097617061893975
-76.47229109884971
132.87306537354553
55.36717365898349
-100.04705037248121
3.9227068176055804
2.3831659823172306
-12.76700930793524
359.54062084086024
34.39226157038281
-803.096806752797
221.1873508260186
-720.9696230367166
-269.8153988889029
177.93597701693474
188.1034788437315
60.776840564737945
-290.5961661640193
2444.8247022403616
796.7303106738748
2217.6240050232573
2302.6129638673015
373.29795188983735
-1249.6737078081383
-627.924432479714
-873.0509956287891
-1050.9055354016698
-71.59073742618259
-4484.442509841804
-212.10880609521635
844.7854397628338
-960.6075200720728
712.7584400164809
137.14221292418497
223.3451175371734
171.72914768434484
-23.89161169456219
-620.4181953695804
94.75686601227673
111.73619143243782
-86.6495094109775
-379.90616991403834
-919.3817213486418
42.6180505176207
-104.7174123326034
-98.09243571721855
-381.53002437589436
411.99682324135006
339.86134514786306
129.68048715131584
-6.2332694292236335
43.61983408704132
300.7558720994217
-284.51076717303175
-32.23319891673639
-171.00682654999153
536.8770705322792
-88.47860258678215
34.17117921103243
7.787238560283293
-154.11286883091262
-33.16059326394491
-855.0062675416701
-80.46171507116816
278.5747333728084
-1255.9316149006552
41.919919024822185
452.7656999583743
429.54483118801306
328.0966067124238
-839.5583058521903
-378.2651563377665
-541.4718882578921
-913.7462067932357
-793.2218631337695
-53.170030049626504
-8.547969703076333
-0.9521668768618602
