6.917370526173087
36.456542023809256
54.07409603252634
-586.8410808272914
91.539419594112
-17.407070389656198
161.72628093963777
48.353503171191306
40.36809553700218
-198.10957591631507
232.37184172781025
-137.58128874760897
24.507249547954107
-151.4911245103196
-119.51472403541602
54.47179615781086
226.93715156004873
-323.5434788179332
-354.94952675153354
-13.77078478018071
141.2366282034401
162.55874239898796
295.906184661689
164.79280903338392
100.39946763544131
42.096887450650364
349.48403646286437
-244.07569293762745
-61.873199330832385
-321.7412851064819
5.85009282793892
56.539711907519255
-2879.5240959218595
2040.5973086067397
-622.2520189026051
687.2082163639366
-15.644148894210446
2227.131647341329
1622.008278691247
-959.2507045140724
-206.90977187406733
63.69514961726646
478.83913724233037
457.54292272182965
136.21230239013553
217.80478299455208
73.23902280076048
-2080.570336544239
571.3945908978249
-37.69054635547605
-1470.3546683160182
3308.971192911815
-201.82475169892498
-1304.204050275884
494.6391847397483
0.8437042415632562
413.2670599092979
-1716.9395749148548
-429.1767395134581
-141.94791688499726
-104.80793834032754
514.3406682097178
1942.7432238657616
19.759855314025753
524.9096806738304
271.95872628264976
-5359.2947780173545
-3124.1653998790207
10.617516422038538
282.35913934166103
1548.5556948436956
1863.2738955492005
10385.722606665287
895.4585700498563
2549.84356904288
-37.37639702335187
2609.198639649967
52.9233176588778
234.0540378692614
646.63641265428
3395.9274840371454
1978.4821555148962
-5.078751519278892
431.89999144321996
1379.2711154682431
209.36879774192514
-886.3819955472072
843.2486672704758
-822.5568152901293
-1208.0087955120678
109.60051366119774
31.363307562289673
23.29263144621174
-16.230026945866232
-159.9297130774864
124.27144585565358
19.256119874726117
28.252784008770085
9.600516381949733
125.4422813476657
70.89927601917101
-91.83271830983954
-420.19775075291807
547.1063161672955
-140.73942169391435
113.68133592783255
-100.06369983997205
-39.451495304008844
285.3192425073661
-296.6669169499418
255.1211049004707
-489.6839894849673
134.74130068810473
580.9213344986815
339.44179332504166
-289.06803010761956
-655.6809547345425
-83.85596240794816
-59.321668994094466
4.212676615899332
12.1754434334262
-25.4878635331514
25.962207770617542
-6.691627095175398
184.8082728873844
11.992691689655011
-56.48954997859017
383.1227776144022
-756.6940134379154
-97.8374925650521
-41.353948751849856
45.27857294796496
-14.336174241074477
-84.66978203074925
38.510861104043165
74.60566956761845
57.22450712215248
19.373513985142107
-156.16766957813326
-81.19931353836265
-88.37269430609679
107.36200920085801
157.388200205604
96.10539755153194
507.88205195632406
-86.690912226978
-532.8681483560392
-54.60912973960031
54.168868184077695
267.42203388073983
-205.89937130399787
141.54756921941603
370.22083829614087
-198.99061330419812
226.90493519723418
80.40923891283215
42.21522013065674
-362.9244537930002
1672.9251047916025
1063.685934055839
-242.54514249977944
-143.3502628091431
-334.3029946075914
233.2417681875007
-828.9750922149865
139.853327628165
-3504.4860155798174
-134.91682435706994
11.482088901836347
847.4590909857226
309.4431988987585
35.70544097021337
-1364.2276861987787
1089.9246412897967
241.28512252136252
-1069.142116869771
-23.07929889984015
2940.8207660210155
220.54015572542616
-496.4782020144665
704.9294693264683
3175.6738930573106
-97.65422489773103
-295.70486135812206
556.0127640846712
974.8635493120416
-15.557877969027563
197.63490348554902
1140.67587890878
-2177.5084465507443
288.3687706446803
-724.4861657696539
265.09785782565484
1039.5169075120884
-1906.409000212426
-8.356999686576303
-21.718903752068776
-760.7213653639002
314.8638708837739
-231.9982065745694
2344.492105972155
-57.22824931367993
199.1806320690113
-1536.6389236913624
18.677229093601895
564.1566842838416
-1411.1735757357737
-627.2467935074735
-424.0114302262454
-13.418245221269697
76.66659387660916
-83.06692425360478
34.769895020768125
17.288413752319574
48.67394712697771
47.53324316370182
-61.95780965244308
-6.005484491620604
89.59079323563435
41.85876424982389
-15.668244984863465
27.024617534984586
4.660825111493184
-11.764834150569586
54.65829899872918
12.235935450174251
-34.31282473580569
-145.6329186771003
-107.21601576311325
-42.444703806419774
-19.934170455262038
200.84252675240938
63.832949661129156
-108.26755109014256
-77.87465023667369
-100.90028437558546
26.76956858538886
8.039031649051479
43.357467216334925
-12.907191907696323
-6.2425123071757795
206.98234473260692
71.56036084529659
-197.44415123579617
126.13151325641806
-249.65224066782577
-100.79747917030164
3.6108763594425315
78.30470706634743
-28.361662925226508
100.53201343515583
-78.23489246478329
80.02458164529314
1.8394972718256666
388.1957614368519
-370.63661213743467
639.109815756042
49.23344652907914
-78.57603216051903
-189.95397424815596
-597.8326278549049
-326.0340505775964
17.67739556707243
-54.544337356454605
652.1648483198226
244.64901112768155
14.204724943674398
35.14122846532398
-372.69222062563915
56.005641423636604
9.980590223169074
-14.160255002735989
36.322352534014705
-53.733373077043225
661.9437106342007
6.986759848535758
9.775132820377689
140.7374251217315
-392.95519492896807
27.676649808559503
267.88225012013055
-14.298427984850246
-340.7357510406061
-32.0749366472508
149.0681820266282
-69.99240963420047
-242.57874082669613
-150.62342853886892
46.477263191689815
-113.51496623980705
15.851213723352199
-27.594121938567348
1.1038009034459049
-7.924398656676105
21.24462301414538
-13.791637799988367
-10.949287309456444
7.599571307627289
-6.610634239149572
0.37502318060708684
168.21001602096007
-810.4317179032632
297.6571385674802
382.08883710303155
-301.17784978280315
533.2859332620842
277.54709310303514
748.6055036277193
-348.39347002981816
43.693129585785975
121.03608647394684
72.37789367099629
7.301172618642636
-1.6171399130619006
2.6128693701749
28.137513247734343
161.5707696347214
1589.2254888834443
-57.695232140169146
0.08697596607575188
0.2693101471742108
-0.0789558659529399
-318.185362226843
-22.429343127659862
-14.319427245619746
0.008077957867466934
1.7442982270296412
338.4449432990433
-127.48824539899637
-58.536783375534704
8.75629547348357
10.518959225269366
-6.545732231324144
1.2638750544918635
0.49437935998988414
-6.805122962491807
39.83596865530927
-0.45224713628333374
27.5529987827452
152.01425094072638
4.063129381447683
-64.91981869671739
-247.83280889716144
171.52272462407453
22.866816193603782
68.8768424911251
1.1203609249557345
-39.34911272052007
0.8701497518874801
-32.88895150414477
53.192834847372666
68.6904845298594
-43.519705205629805
2.406484764714468
-60.56407544520921
7.246570958275128
-200.31971823924223
-17.136540932519623
-30.08453260695888
-3.200727241471204
219.34043468295025
8905.164943141202
931.4676432604101
-117.28686751250065
-0.9137090727805323
128.94199207785113
45.70939395835756
2377.3887576819156
-1676.8163603504986
411.75063700815844
-211.3424793865334
-1210.7977901500838
-58.648868814113236
1260.3224506608076
7032.360541397728
-3245.826778064332
44.920324257726115
403.3192309531415
-359.1921669914377
1450.416242372943
734.7157399766768
-1.5545386870835223
-1441.6488342175014
804.322983124464
-56.032568701990755
1.2237991783236264
-197.4252098374116
-38.10947515411569
-211.3139662296235
-0.8360550926556208
-8.059997372917447
13.828796906690519
171.39925069900434
0.669852256505606
-88.47516393721388
-46.09698766074004
-134.71093947403463
-2.090946992004656
13.062141216012824
2.981200970448133
15.37108797142269
-9.92019187148015
-56.1072383817167
-160.7393154349521
88.07192013387119
110.57070536476247
-44.36569819401787
-11.31162803266025
-2.155716293542621
-333.4327855836255
-10.46404168117882
21.51168379577489
224.63426727485583
18.69839781752741
0.9709528048337452
6.791194762188835
-30.015017209927855
24.98834813486805
3.809045323027712
-18.64020202379215
0.23362134349028812
0.17311574119901504
-7.393131707777233
0.8666507594955296
-10.230061137104657
-0.8164778267999842
0.413647462922361
2.9000987754470824
0.16406181672396
-6.668975472801068
-9.349791299907936
-0.1070652870291914
-20.928558022203134
-4.873421920421591
9.617082084255797
2.1189701734378836
1.7205468208681882
19.45596403468216
1.9712479777385694
0.12284704470824409
-1.47455372678731
0.7328462894386394
-1.920713173012562
-11.353657826885955
11.007826138118084
0.1802352769654581
0.11135217551819739
-2.4275108502061236
0.1314379675900121
1.5002639387914647
419.1373494276894
-161.3297985387462
-477.59673204693905
384.0765647561058
-223.42582016695903
1238.9037857251544
-530.7913666072162
-10.396012751074473
101.54110108992917
183.63202143642135
96.83248526787501
-336.05509673087045
-1078.0759455886257
-3054.897231877721
-1241.2324797228007
-1850.3036413855662
2081.8436159510966
-39.45977738691704
4.305475555582805
2079.838014264943
-1661.384400441548
0.8106655053084708
-86.84125612418704
67.95675511295988
-34.18050771850509
-67.34005312103601
-85.7264020247458
-498.5611326238213
-143.63931775545538
60.424079450024266
0.06561582638496087
6.303920358662629
4.431956623260579
-2.531634426218568
-3.387206656584487
0.30749866649497026
7.186398165457558
1.566757747970671
1.276936803536234
-1.6909053452330847
-10.013740909850931
-2.7713798129806597
-0.37743775794359224
-8.386474145481191
0.4603417549922505
4.98386362065455
0.1021273446185004
-1.3715962830736796
0.0690181507208946
0.38498551139983533
1.1112275611772195
2.16005131960922
-4.407065386510888
0.3682737331496305
0.6753767069005671
-3.6446436133420317
3.0252626075196853
1.4368528867958643
3.256043673817325
-0.32460685747110024
216.53618089684883
-175.687398958115
7.897022113284647
232.52571720523213
1.9130873046059007
-208.33927894436238
-124.12903637112004
195.75795447484515
-601.8989859512519
1263.3254676312415
903.4024813501737
1589.8054859694969
921.1162009836087
3898.185369896678
521.3100130558955
-28.696899140961616
-1551.62530818608
282.7526550518493
1830.9694683706562
-1907.2872224412488
135.3984490401135
427.36529545259174
515.1456482229217
-266.8404381206933
-257.68011385918345
-721.895350302784
123.79392986947713
-827.6668493745839
-2347.8277054648765
-701.0723157386846
2.9702963322918463
0.7917758244765037
-3.151637874575209
2.729947780799766
0.33772833527004475
9.263536921601416
-0.342970404111332
0.9399824034350589
-3.7936858135273805
-5.810661192636812
1.3484398183234676
0.10296888895799572
-0.498836539307199
-4.825213716249822
-0.1993981333501561
0.198857417970127
-0.47444889000766594
0.9235197684861327
-0.9846597241676184
-2.273714921548506
-0.2662355282632027
5.186997615458064
1.0102921085450323
9.66797597402912
-2.1479113016523566
-0.9027114151079284
-21.74448746137108
0.04112789657796464
-3.489100088205401
-9.721578127424502
-159.3866766160942
-64.48337306835279
371.2462203375395
24.264770004586747
-290.58813408260073
61.45718545044774
-29.39429201154044
360.21989348007526
-650.4316849405637
601.2343980060447
-53.941701730785525
46.33091474854948
-11.654562697428346
103.18854639507627
58.44726885227108
-162.97084583754628
-6.943388761269063
-51.46466736849748
-224.0480591065245
-69.98882964068616
-202.3257992565121
-2.4707776936133694
126.3524139206659
99.67259979619821
178.1860608198782
-58.81237480722383
-77.04475358901514
50.715362285229
-78.86261153445312
312.4053177928999
-54.94718245128176
154.88166563561026
-113.75480160337725
-156.7674162989993
3.1788981738540407
48.06274377655246
-270.1783568881311
-23.144318729715135
-221.2309247401919
-72.13354180825468
-280.56194938707125
170.58672114048133
-40.41079160437975
3.358258118853894
221.16586430663406
168.26529781640784
44.846194393368634
-58.167972940431035
40.697310614319676
-85.5261318935988
-163.04214867201
482.43701259869647
-398.99670495027897
333.77774270052885
-49.87005298202831
26.900885730037412
-58.4034162515052
241.50763562310445
-44.27283962484493
-0.4656574655005969
-2983.5600209101012
5.330744176013698
-82.1419768442214
697.7600955958053
3924.305781329667
-34.792473075894726
-21.475696648017117
524.420503015169
-2108.7129532506983
570.7217010554007
-1620.112787255046
-13.823562904897576
-2815.151803647207
33.69022811020151
-2190.7862584844192
352.7226140290439
-1059.2487900233566
47.098753772143105
39.388427510504485
-282.8315166189456
937.8927872468016
-646.5798695077059
2.494179007475016
-99.5700422552797
-195.88832711450277
-6.411967209399136
-48.7797238840117
16.640278443700065
7.324591076663081
-36.718129212237955
127.98117490660486
12.576038316492793
61.712561066353985
7.902543280768256
310.9909237866527
22.009641452481308
1355.0705813465008
-168.17430903558494
279.3205250614071
-1663.8004491142651
5.2330664966887905
169.10085179713695
207.38917389878236
-323.2203521067177
192.82877090291413
-67.44717882938315
94.96390151468442
-31.652774573976995
-1.8414083629826972
-37.29795068692106
0.556126234554044
8.131206182442025
-355.4941346266878
0.6786459681749005
0.6417088592825817
-182.98831891463635
69.76804924795086
3.4783976099704317
-346.3796761242496
14.735692078349825
-119.38520261959609
-73.31392491509528
349.51003750046937
43.54761699044947
-606.522390630495
227.21718808149433
71.01427867450214
623.9592131711719
-28.86941296187297
115.50946190072622
3.1301256895749336
-94.3186001939632
38.11260702428249
-2.5196951683181346
180.10632806432156
-532.5078118545597
-52.47187610784563
-107.79102986106687
434.33603898998825
55.59072610470763
277.2896463978206
-330.87404585624336
-52.30835201600836
-154.761916323393
-64.71983910781066
65.66773465222657
-14.880646388383143
19.703609897799303
0.04089133710392243
160.93947128396098
-72.32117948599374
-27.618740085600443
-121.60928224574995
-35.010157884910505
75.1088470308163
92.92247022513568
-244.623894068039
106.69694528242397
-71.59683596087416
46.62461985338736
-327.96113149355654
-3.8717946383365165
-13.257893200602101
332.74979866794206
91.71548247264913
-204.35659755352398
347.62237894540795
748.5993059397147
-75.52917168501372
6.457703262586006
22.799703773398036
-5.479597258770567
-23.011850039811563
15.522188284302581
1.4669994122469356
61.58438287679381
7.800289487310336
-8.441088911836658
-14.713138043019022
1.9637998949438045
38.91836373442013
-36.76766599503222
151.3820054374839
-141.15459260262807
-69.60193078846079
23.93636484040954
86.60365495696449
-8.434426282444184
1.3076285889585024
46.48603624810702
45.914982278653405
86.60437476884128
58.02655704169587
-60.21258659287845
-12.806672576253634
-10.411303915117225
-9.731058966261097
83.42715268813915
0.32508566482671153
-60.56715964534982
-3.588534817460815
9.724725154710528
99.2739967339268
5.419535418471759
15.936597407482617
-11.586210819472345
12.629749405878634
-6.502113831118123
-13.770952273568943
2.4958323856734106
454.963990058536
25.611612650544195
-509.0360948427503
148.07709078038528
-85.30850240743585
-856.6104487643755
2577.9113130827595
224.02405610817956
556.0553512554671
-923.0460659863606
-3797.8604739177536
686.9479188118704
314.6629963650322
-371.3408287589874
3404.590678212945
132.82200532500053
-644.9631602689797
-299.642713768648
-143.63262863213942
-334.67381876916636
-431.36842815658815
68.14861440798963
-371.0187230824345
42.52053638650479
259.3901938412726
24.96858306491954
-127.28527691474356
666.0801618110191
-231.6148489634735
303.0164581087648
70.74138389037465
-509.87276379928966
-160.63881607055345
1781.1899489003827
-721.7817441191212
276.278951082048
-150.51628640706673
-160.74439573428523
-176.55366887249485
123.49080493831529
275.76674690286075
63.296139795925626
-14.8155072796262
-999.9917744551942
9.599776950797105
1210.288531605534
-107.35055957771782
-40.98290070869128
950.7560504481689
3.0994413992276244
-472.6074562932548
1.1972821326448568
-182.28146825620078
1056.0459268719096
637.2880160577399
252.28837170918453
82.2224850950796
-498.14566577439655
-156.61886678896255
108.81233577459678
8.842243104212118
-2.236253240690681
-3.9541248061896686
0.23329658819850652
1.9547676130993363
-2.5674028491309393
-8.914261327937504
-0.9814224979636622
-2.8792096172262744
-7.33958474244534
-78.76463338702192
-0.6580551153711046
-1.6849950668247686
184.59452559688987
9.938343596847428
-0.47457820054286753
1.0220915486336422
11.970028420124287
7.844954312416941
-26.240756678701107
0.6756633958261292
1.4191013101090848
22.72716097193156
3.6896872616879026
2.2054101995550894
-18.939179028543563
-11.012869502871924
-0.6783429781578223
0.8170148919660364
-52.06412060216559
-21.560465374139966
1.8021868315754632
-685.9056392319105
3.776136359514161
-65.64884939709525
570.8778124586171
19.165052992792813
-21.84576855747715
-40.433349672696245
-73.83150025630728
169.82853877482344
1.0745184724610963
0.1391310370408757
0.10760095493621992
48.702647282518555
-479.20584885908585
-241.24540262185982
-96.09752302229674
193.32882753598923
0.23679013181636924
500.373439701062
106.8283518967625
-7.267398567806178
-158.35514976856356
-122.10906424271735
242.49695681439712
7.481230223348598
3.782611026238749
196.7335058129026
23.777348243799995
465.66012155335824
152.8143706724717
-426.64098891137473
198.52923297927464
758.6833925303972
69.44427248137572
-572.035677047636
241.35795785263625
90.37077446926139
241.9575117732205
166.720157796482
1734.488262034487
26.252376346224082
-400.5548936634763
1776.1831662499596
-342.831723049076
45.57483006899061
-150.61375465690327
-128.7956207735814
-223.50340885121219
-632.2677406106837
81.60286472856126
3.09655179368757
14.430184272154275
12.806788327095484
1071.669616482337
41.096889665861184
-39.07464177791742
75.51861945258362
-319.30546133981574
-597.2917253332673
-116.01135225984322
38.203485616592765
-0.611391731397448
-18.541464238548745
59.2815204032929
126.13422013543386
-40.500021223115596
-86.08651005638743
345.81898741803326
-29.157385727079507
-7.144023178565792
6.40667295121131
106.98281308888423
8.763669833116879
249.36095073549973
72.32995639941062
-557.302030136341
385.46723004526405
4.689614646865079
-112.93673343917017
-349.03063960639224
86.1989264630917
-303.34784706314093
-9.052211220478654
215.97401867351195
240.0017896129076
393.74258560556643
-63.46551249023647
-18.782138622659826
-0.7337494237306491
