-902.4157315985689
-217.7849992741188
835.733749807607
5313.800997543812
330.002674463505
-757.0435228409096
3134.198465462926
-341.23183796098556
-6008.600879183388
2222.6156884795532
-3654.1863566294273
2779.537545767887
-364.7004890835574
2105.5272343633515
-715.2592378744712
102.18867150160288
-3797.145233362884
-1512.0663952690297
-3648.3857986117187
-1512.7658359181255
17902.400072254077
-5430.366802287939
4037.598761141394
-2301.691349620621
1992.0235283611873
-1698.6819848655448
282.53243229892405
1860.6406270300308
-1672.2943516068083
2490.8435803683824
1232.6728371432955
-346.08501305143466
916.7102949894506
-272.35685108218865
54.775110330508035
93.00945069891573
31.250513296082552
-213.28600562185838
-122.18180191336052
74.01861151764126
260.0450408017804
-887.1452729134716
-139.06534607332475
-125.87179330584503
-12.222177623004475
-34.815185989638714
55.32742310353368
-37.082004075914355
-751.9478110214865
-111.92646714089553
3.6553042279868375
-3.5751250446065805
218.9980220363916
158.28938653122125
308.64591044326085
60.329306392997175
113.36206400578307
-67.03849056081947
-366.684911307626
244.1419763629239
-16.36387610612937
-29.16005074558785
24.917079385767433
-50.42805390835023
-93.42129153927426
28.744923269044744
-8.345280546794008
-7.379467271839845
0.3555949616888231
141.6269877598613
34.01261879655256
-89.7197883498359
38.05370885450238
111.4060879581687
-71.52783839780055
15.566604424262653
-19.714327758913182
-1.6227418997778156
-0.6471765444045066
-10.2456537083898
125.5335114389256
-36.03443549050377
-182.78470638164112
7.4207117877268045
42.00811170234307
61.81858895993133
65.96989870482935
293.8395385168195
-93.6788953007666
-81.29196341270021
1351.12905433736
-140.5689757298963
868.5312062368984
-96.08475571555643
-1934.8041219482138
1008.9775075316502
-242.1045133815026
131.65821598119015
649.9677694795771
632.9274559151503
-141.51538343961934
-517.8004042776809
76.22756373451391
-2807.360473220527
907.1852523856656
2538.7542825763676
1034.821296169512
-2460.391607212431
1910.9588561923813
-3198.4134734256204
-3263.2086424752156
1879.4162033821046
969.9638736027713
-3495.697188313103
1532.7467233235018
4531.070970735736
-868.6273376245348
-768.4553957436833
703.4066060964338
348.0316587416641
277.27995297801857
105.22288575997325
-51.822929330027144
-293.1521204354418
1593.6646724333038
-1328.5213045525406
-98.19523099565227
2751.67620201367
-4005.2626267472233
-2476.0971454593887
733.5765546058414
1451.2604997931492
780.6165438371983
-4046.1076318439
-817.2923016630608
-383.4154982296023
4030.022573612046
270.35901229723476
-579.3491880474936
-2764.0069783307895
2091.378523979745
-2435.3842728373747
5841.758000094808
-99.0956299447317
1497.6800377536865
-94.1864451252605
-1654.6286027585293
428.06740249533425
12.286023222765255
1803.3172409951826
-1794.5653004719115
9248.525516330606
11074.926031942507
13066.721014794424
-1898.4220226722284
4499.022513707225
9724.970161154215
2341.29339252322
1058.3921244173143
4032.5057443001406
5594.998343085395
1607.8620689501167
198.95479369132903
-4728.170437812232
-1033.7653463640868
-5916.323435071713
-749.6997830148553
-3390.1704610543866
-11765.192536829945
1993.2705922266505
619.0204869848578
-1078.3806240635533
3225.6821569362614
4968.532794571529
900.813452943179
-9125.567167751171
1022.6527297373304
-661.2340813793832
-2406.6682608217257
17472.982449647883
351.9547132121464
87.22871483019304
-396.3927771150633
-7.753384998706783
1018.5986105351253
1085.4824832175095
-94.207905442577
-57.12242057994863
-6067.361955408084
3434.8530120748856
658.6117435948178
-2502.6783220523903
5943.02551857246
-2723.9180605550096
-671.3534763416268
-0.8211431643376593
106.00474957030606
-323.12225484221733
-1909.1162003788072
-131.66775467565796
685.3813119471789
12.216572239801568
-321.87012253058975
647.5226919649641
629.5405407321124
-720.9175199111008
-359.20902373374355
570.8653175603259
-88.97328718184656
3.8921085658563377
847.2335277364205
-468.10353791660526
-76.01868474847502
1171.8705509827337
61.379790790786785
156.61718607430146
-358.88333918374724
-499.24768660226766
-253.42097545274748
424.1995809246565
390.68479295162837
186.75305564741862
-9.77201861619453
30.26637540170633
-43.16682409186906
-271.7006857093158
-198.145781550304
-251.33778068865908
-1109.1713903833022
230.63554454636528
558.9780796532997
671.5833163574356
-377.7449874448144
23.479817756865888
63.05123257871603
1118.971200620452
-2558.8658955680116
8.180737703884592
167.21011308472578
-123.69550212363244
-2225.7336722798987
345.8116404697249
-3587.673598825538
5352.815775372128
-1454.6105170716187
4732.685489531226
988.4948341631507
-283.61621923679985
-1536.007031812528
-14031.204009154195
3026.061451330566
-2200.281041971343
5052.902763284507
-4306.693721882149
5206.094832560895
5905.558543565896
-1209.6379747120122
-7.361332884255843
-3442.906418634513
-15586.0945278665
3273.5733828348466
-2942.9706226785233
-1545.9858671410236
1806.837973443906
-1169.1945511356623
372.2016013663383
587.1232686795848
4564.885603354635
8.35706573060491
581.1197209024971
-1134.2174920546734
-74.74486371538232
-159.20494499006207
232.20662927313282
5444.390045392991
-433.0896713357124
97.49781279847232
-4723.900251931617
-3122.542377139311
-971.8492420646933
-3554.262356648686
-1535.4062364656227
-9655.935589236104
-150.8618263965262
513.8847356390875
692.3413924844552
7554.61800418566
2660.6049283300517
3384.365323691515
-527.185123661022
-309.75155722125436
553.0053630391654
-244.91942453352274
1202.7577983080612
-421.35701987330566
-376.9761890442347
66.27224161476113
53.083077832183676
-2.524585219208353
12.848569168928103
-95.43011638203785
-690.8827061362404
-699.4694805755696
280.0123040895419
-214.1286605036848
14.684044451410308
-131.20382727992308
-23.65718086709356
2.502376608379443
17.06226572137822
11.706676459397514
-6.897841365553195
-0.24669302906255938
-0.12939778396394613
0.25347216782724635
0.09032160126915566
34.58035360053318
42.758866676732005
-11.985075043061839
-0.2456572044673804
-0.5471000921887873
0.306975362447712
-64.18118448245444
0.6973570234723632
2.8629733593461384
-0.2602994064990524
-0.17983988413440835
1061.1408326947449
456.5086141178871
-25.028795336061197
28.14089548569058
-15.506104723994273
-0.32039837337452637
-15.55663491323034
-0.20431614101848708
-0.6471525630751641
73.58240000180784
-6.910421452478521
-396.501184226361
-219.7558468489091
-5.259083129031805
356.37850589210205
-38.981063138384776
-454.36976396178966
-84.39902631817115
20.063488076167996
11.28204376339594
-35.48177206522839
-75.43163678396742
144.8163637219821
-5.592028772547206
-312.04072265885327
227.8962331567213
153.49862116370784
501.2838987907514
-5.726914120887589
83.78930245606723
-59.467630814684405
75.41815167961666
-30.7718442588117
153.59654410015395
-465.8255974680022
-66.71938229958988
21.38934955297619
0.19381720856105997
872.2581353612013
-620.6958899384865
-1119.2324953325774
-4.884997591664096
-114.79197519699737
-476.1876252672382
-110.34769322138641
90.73177146821466
24.477859775169897
-956.4747179375985
484.9814741670653
186.138998817391
-28.28520959598734
1185.1332569607912
-198.53830586587176
-99.70371593233361
14.271913969355078
128.1957555416146
90.79231700454581
-137.53516675191136
-0.11510465022679046
-6.182037510845347
-51.54975378373933
15.831249526241645
-0.3570033316715907
13.489072059800295
-5.0011959876458265
-41.17719708685779
3.5939106839645167
73.18999999154535
-36.9942629911671
-3.0127137259893946
19.612211286725657
-1.665139636505093
10.861402557517332
1.768662159723183
29.985725962616794
17.716037646287468
161.85143195555912
38.12765873538009
-158.41974463853998
26.987286850938577
-19.141161995152807
4.7323026279081155
-39.854121247893005
12.738143491062605
-48.37066144554906
-58.215959378519166
-24.576760534402027
-4.663915289765087
-0.19209263116508124
-0.19526670979006555
1.3171606696513594
8.377522479861678
-3.354552614274296
-0.46935870354803616
-0.4869900579267287
-0.038771661459594084
1.0350904160004268
8.663558795285805
-0.7149036069647752
-3.4082491082778295
-9.749113063515853
0.20627341341603464
3.8464920541375025
-8.678076648818069
-0.14304868606112486
-2.530002572106617
0.6142883209794139
0.9531710669944978
-1.4723064889349884
-2.6110435128078078
16.369201470528264
-0.4445217242156519
-0.27105723765211054
-4.095140433459912
3.9722498455839395
0.7710150259457069
-11.411124457552821
3.793870964047595
-0.6906653802840602
-0.1915962658602416
0.485530765540974
-0.25812717803826685
1.065317968498645
-87.89476010150749
644.1130853536052
775.2714268536195
-1293.68667872457
-45.59602155285527
32.12669302300593
83.42257816372607
136.38871890678377
-3.4512160945666173
8.457161739096112
1.432611481521374
9.951214166337328
173.27986292347993
1096.2373363488084
-4.191243719949886
281.9046816319262
-6.212853941333144
11.817168418607967
-26.481386076130132
-167.29686907993369
18.96672217524839
-2.4881365419105888
22.50878167693165
20.20095505832623
12.098761634056917
4.767316031169272
-21.00775981258159
-54.587918447543224
-8.77895231656681
-26.5372524866194
1.9482389916160348
67.10314611915526
-23.51973117131998
-62.02720960619879
-2.6103445389217868
17.506281835556543
37.33546864145527
-129.57621365125564
54.274099339271345
-6.3478721275598025
-58.87671107876602
5.120478820328383
-51.74490619932526
17.857395968439487
14.058198668464948
50.402350766946256
22.54128963791645
-2.979330188434251
1.0572161067385646
-26.2667802224358
-10.48453221910732
-2.935302383351595
8.676947329801363
-10.341161919774814
-39.15064353998654
-16.654061758784334
60.39192812492419
-31.499589024277416
-41.69567597229524
151.28287891981412
100.99580184202588
18.155973392027832
0.9875877743487074
-57.9469766002882
-0.2000090164470777
-6.605233406553868
-81.1851506935006
-13.682775724446085
34.161108900512
180.60194494782309
-138.55576960358007
-27.62784296725882
10.171984836091214
-112.44480261206283
19.950721049670094
0.39644363611514694
91.44936048182198
61.45419539985053
301.40119299129225
116.49355685316452
-14.897555318770332
74.33272499756445
-146.39182443559358
23.915682442462334
84.53974167434913
-229.9143874183568
39.23413660582219
-100.72405152910783
-147.21452080099002
-33.32361755221865
-0.23601892999782784
-0.37313354604154075
-0.3926030185685264
-1.1835897059353095
-0.36549513967199027
0.9440752263391509
-1.078364801940659
-0.8048088224046647
-0.9785466397604963
2.7627003343048497
1.091646191749573
-0.46744401974668276
-0.15350503203653576
0.5470361222646473
-0.21215061954711573
-0.11659004871790447
-0.22285356405151294
-1.0504350943590381
1.465872548008753
0.08937025410060795
-0.9461099253312706
-0.20412318722616266
-0.18660655934382395
-1.164066295370956
-0.28350554788144106
0.24566492957418873
-0.7696375774218144
-0.25656235182008474
0.027719648618229207
2.7842171902217827
-9410.93350699054
212.93220690397993
6530.979688198488
-2276.4633304247873
6238.26324511574
4729.8495324653
7444.719428554232
5943.3677362533435
1513.8608243202318
19146.45479549255
3522.403624067093
-1958.9791769843223
-513.4892913929012
2656.7852647103414
-15574.059825612196
-4142.05059651333
-2870.177073283711
712.1061998705188
-9014.429346819536
7738.639780451965
4672.256950671667
-2341.3031859464086
11704.397517180558
1658.5569623645215
13344.730255124861
-2720.4682956336587
54.97588248421286
918.5310542519466
-5992.208707121311
14881.079743543196
820.2480699627347
-3344.28823956972
813.5071796234649
3041.493590635042
1377.1021381857663
-329.6644557521116
11119.407468636493
5243.764122544987
2116.325153596298
37.75799031112475
9105.57640657855
-1519.2948191344622
2631.0083260163583
42.54242712524091
-13972.060424678784
-7791.979197080659
-387.7401196277333
5390.208609919542
-197.06917937910924
667.3966161025766
-748.2042917077124
-14549.608528680015
13994.102407954797
-7857.436512644618
5476.002798128883
4524.7581628391
-8872.05818195105
2760.8208040931017
3826.614397090473
422.328913170084
757.2009805287119
-0.3143298122716543
-0.8194173976147309
-305.66959346453
154.79600064410866
71.18436660484207
-31.36994102245723
6.392992025439157
-50.44393333434268
318.28912510968235
120.36027910706672
-264.34902609655865
-504.55917246076575
-11.238116375750618
-46.21406758985212
27.33438853826855
67.01017818041127
-0.020995215865048357
289.1356836543193
153.9976591527408
-101.77976970531937
-79.1262556075962
-0.329786783162304
0.6560425413214329
-164.06081398712047
43.65720403967225
0.817507237391525
13.261001939504364
-18.91464405320916
-58.87230579224136
-5.395938688984129
1.8037124419701607
12.608182173428428
-0.9839636191273023
39.63653884633858
-3.501855009247555
49.49081232987882
-171.62402295633746
110.78407715401379
-60.068162183210035
6.919789259719385
-13.6543618734304
-5.473984898263162
-2.4367925059146063
38.420548917887515
-1.0683017748400516
-8.817125668883326
-11.761396318240863
-0.28832532632168506
1.8306794977752017
-0.08916946802849067
1.402689487795631
-26.09883532948834
2.287818728047957
-0.5527167196263406
3.7348313249525282
-30.450587723767278
0.4336694429793878
54.17223266819893
-22.029737878159505
-210.10296759158777
-219.59219565015306
-2.7191830587133548
-644.4129237810648
-1693.2641443317764
3235.0752015181865
715.8920009759544
-138.42855262110982
-900.2254462883247
-153.092119080538
154.58301112663233
132.59308441787454
-1367.8505255491962
151.13035217628897
1071.2031617378639
2425.6562388693774
-2395.524466220106
-2524.099704438577
-535.8055660102358
100.14971298390401
658.0782836383088
694.1143710684171
-76.75283947431852
40.08238503984601
-15.175653586287176
-319.1229780030603
8.205042133301955
-106.83267267606351
55.130900147305496
531.3035429179712
397.8915838658317
502.3178892955402
-119.79917129688513
-461.78825175214234
176.4185551699231
-10.616752472787141
260.49782256781305
696.5992764620703
-116.11101595776185
-2.1020108389243592
258.0096788771426
-18.526455319622578
269.74944654698606
259.03916065071695
-1862.3554609259854
-1224.4394158409582
412.6944800134413
-241.14964990775835
22.33274487172217
-29.653620441050567
-12.89211670253476
-21.292293993191723
-13.746169005442926
28.096749613300616
15.990240717366536
-81.60614308204107
16.303961027941206
73.21248136086024
-79.82596894447657
12.798506039334196
2988.8912804659685
-696.7573826702328
53.971388195008714
769.6521323347653
92.17655839482303
91.32344499777537
306.9589106887887
-1583.738380573018
6.440213803140232
-128.75510091331984
134.40102088536545
5310.518108379741
-566.081661684279
41.371800906258215
19.190605669079503
-70.42185105336861
45.21416971175423
-770.7858120754921
-2.6420144712769145
208.41353643118313
33.75978087693985
11.568355148907443
-640.3224208030847
75.1571524769433
-49.22807718122455
73.40903123281716
6.171161228690028
-176.63460726977263
276.4861737148886
-8.752930742177064
3281.3432022407037
-831.9984805474874
23.842335385995863
633.029608328678
2067.4499634983144
-1226.7216284331794
-1880.2248832409057
-1613.524113449751
342.2855258184238
-1493.8353643131993
2402.594488468577
-1146.042007895683
-2035.8670965915912
3821.2519015191647
-816.5715527577227
-447.72491266712956
-1342.9483708549244
78.44318863402475
482.216515821307
-3291.443406755467
2104.263124798523
-334.9152880682256
-1833.8637979101884
378.12069352641
2040.0020396413047
-806.706303118347
-992.4396928124575
-489.40510177431645
61.31520074524408
358.69531689688495
-291.9668730027056
361.5205662509007
-1097.198288610872
171.5313376808677
483.14280431154054
-39.17092505663172
433.04358890519615
-507.36220857480214
42.99988844602599
109.11671613483678
-26.166592355314165
55.35273691044856
13.181780818247624
-244.38827398585948
-27.529975977943142
-512.0506824290803
91.04236459146081
-53.207531282224224
28.77451733438896
-7.780807713918957
-7.87698023344281
-0.5452245636348216
4.849964610308574
-39.39995637266274
114.5515963852407
-29.381218176394043
16.365683846898964
-60.644018913433406
19.564632715521284
-4.336351449420764
-9.947647458908255
5.390307577100486
1.8525185803866395
-0.4686439030880982
5.470851648630572
-0.24636487796025422
-3.5220577774588935
-0.8091643149393946
1.2320733175391931
-13.52106421464255
-17.51934209986744
-5.3086342110107765
-1.4658326183135157
55.32696111117921
11.305968847950652
-1.4760579522210073
-0.9469399239098081
-1.362746088997329
-7.753283335859555
-9.984014753235861
0.04289228337474158
7.418148559501646
9.58988879055906
-2.6421266629011533
1.858154719803251
-0.893047732187204
-11.822150181221575
1.4627140728308081
1.4535343641042142
-23.0920092991014
-11.701743613146554
9.042038105523611
6.358191699605106
0.5633379469248777
7.611991735566491
-77.35203633418236
5.903559717722494
3.302922718721873
-5.78824952872131
19.245113288951977
-23.300342807769656
-0.20535676135856976
-0.39113266459077206
-0.36144668236094374
-6.194511683873811
-23.506555981539325
-108.34225608872258
7.659876599251175
84.72712158489908
-0.15962679737958424
-32.13570392278475
370.1409052214636
-1.2427393537531994
-90.52388953291458
-47.51352780102595
-5.963200042507747
-0.7292186059273774
64.4567336163472
25.551990873996644
0.7359374437932679
55.88656550759739
-2.5685306390991336
-1.4292053893894483
20.258647859567738
20.542404418303835
-31.163450034871463
239.824764413675
116.91432242306746
-21.89739095804892
7.765492174981956
4.653181398906948
-311.0162112898839
-4.3246864275626375
16.859301636067016
122.80636580798783
-317.18924926680376
5.659781386133292
-60.013634581314
184.47408531554044
15.201433273369473
-146.31191431814992
-85.7440567651208
8.18779170073876
24.183295376928207
-28.531863862336383
38.655242105173585
4.542318207186138
-94.56275745719171
-50.342164265744636
-64.82673690411386
-364.89793991870414
-21.799260321080897
-43.25633516890218
27.132618811723294
-13.941817650373249
-2.188075040454444
-13.291714450459924
-4.5622997599422614
5.157167747597675
-21.70159001097277
40.555407553457556
-1.0978255475059104
-5.231576185571764
1.610362879502288
-44.09932752524882
119.82917366186489
31.36504629837847
-94.25597442184026
102.97627248898647
-16.890528850420452
20.630110928512764
-72.47915169931649
115.38863798210971
173.75085826228735
95.76554913864156
-269.0401149986006
-31.264549436319854
-111.98990926380264
-67.94704345552208
-19.7360167361369
-1.5349137994793567
