272.9715133387308
31.401858627378438
282.0882297045968
-2351.636243573722
-654.6039022678432
56.40400361143664
-1352.797387151964
229.2047656030134
414.989620734412
544.6247602361341
255.08082645180002
-479.6730658133052
-33.83252578619711
-602.031673889863
-2859.415923172912
85.80856912501123
974.9715323367648
1582.8647231161285
-496.27164898486456
1531.254075439524
-2701.033784119942
1610.1800357235486
593.2604358489974
443.1554058282531
1608.4621704732942
-453.37525055680027
-1508.2910793458252
2255.26890316854
-270.23892604019244
1028.1941899392928
-542.3628355644784
-185.20686695939835
-790.0361648737658
136.3367863326307
406.80395029384385
-229.9548422915348
-258.46115087230373
332.6065650244606
241.8838146035787
-283.7197056953188
-108.4087240192664
-474.74307778783475
-99.30983282664948
-223.3016177452865
11.645721430199622
-0.21784931226682436
-56.05634737002322
220.74043246601158
-400.27413903920433
84.1502101564499
-121.37182306716467
1477.9448109765449
559.5326143419165
-151.8755194161109
469.8748596335153
24.71601633439189
54.518494028788005
-913.8076290452387
19.652832216674437
690.071956589385
14.408628303196588
-29.694724276313035
204.62976882673107
-346.6922882450892
94.90475157576198
15.124311655358227
-394.2446253140544
-352.2794024464214
0.06448772504439541
-208.663533212459
93.2863152606749
485.2401395886496
1450.8836977344158
-150.79785514744856
36.2294032094721
7.025277063481537
168.12492337504546
-0.5454038744885756
38.044775099639445
174.9665600467213
-208.50195795859827
95.51358007244256
299.72616540764506
525.5522374163851
-190.2822481720859
-14.31802935981446
-48.84235257948057
-292.451658267466
-80.30714563429984
-564.631691837191
909.7550395426546
-686.2493704937776
-429.7355254131794
214.3441173803569
-772.0267010846391
223.7536997185624
1.7352013013611203
582.663166249201
6.122931404567293
1284.5529185467228
797.6493684068653
-124.69501655824318
-1726.5986642736175
2574.1072717951506
-493.46299403602166
-673.3118064032494
-1683.9198772934812
422.09360754675345
1324.7931997245164
-523.6255191856737
-146.56445165854487
-189.5936858599402
130.1404454078471
89.36964523305257
-1910.5342369064401
-124.769421345658
2981.9815218074586
255.1494752723169
-1477.3193113713223
535.9253691661631
95.76382748945784
27.25682614044618
-47.16619324519556
-56.05083184164951
-26.734068401594353
-223.1610197017715
190.79988842159213
-1181.3370844594895
1752.926132511393
2.077818128599274
10.531798803505737
-682.5276668723935
670.4004944975621
-117.18495168399014
-159.208004101169
-731.5620869061504
374.2808468428189
-101.63270428639633
-520.8610836317218
205.64252902135755
154.69151562851945
-209.03395034563556
982.8644664959832
-998.4541068649553
-1631.452424377092
311.97818732683527
2560.1450283009167
508.8728250440073
-257.4526098949598
-421.9806559717616
1042.0742082021811
412.29069146664966
7296.440377441611
848.5636399529725
-1822.6119804340708
3439.7923264070446
995.6645993328907
-2073.068900609851
2652.4003493839004
-3790.3877650634254
2147.8822843153102
-1319.8365445269333
-279.37736752337736
-3178.2344260130803
715.9752754100666
-764.2996891316054
453.41624865112357
1067.3847527766475
-4196.426236327306
1887.360284563175
1305.986138644781
-1416.856422637498
-84.56738254560973
3863.096361536728
-1524.1143061240523
-824.7515726909364
1045.2538192396007
-366.6739702558541
361.47364148119647
-1802.8255689568457
-297.23256954006877
-1600.665524208283
-705.1753630122205
128.88491574325576
-1170.6767760913551
-731.3006846062257
86.85731660289785
1091.3071471773017
1225.272295471942
-697.9529292466209
-215.05459535462228
941.3790856613989
-3396.2568631508375
960.7394488863924
2176.2253040221067
33.80204295100072
-140.76174856044312
833.6888186790221
-1444.8238363817472
-461.0435208621062
-804.8048902229497
-80.57420986593034
-1072.071641188958
2515.428595924873
-2263.971000437362
-235.24909999243977
2018.3353508027456
873.2440046018971
130.33772084830917
6.888806039745316
-96.36921087748016
226.99478205145863
59.08614192084063
251.07733415986226
21.2034122296887
24.71069858595397
-64.14469988202534
-100.75210360319838
84.1544282391255
60.7774217352758
-10.472482344367728
92.66453607333037
-9.457543218993345
0.3322261721604914
78.05683818304222
-25.18113452820668
-87.41857142937528
20.92844382607065
56.830579655854436
-131.42052215050896
254.72432906947512
-94.83811086639486
-185.33382566847715
-111.24205628150929
-178.96406720162432
244.73954598027174
-1756.838036864664
24.859110471551162
109.53979088377517
222.79749163473377
-30.18473236794104
535.9077585891783
-1160.4886765300532
-152.1138944378872
-448.68338867134435
-64.55920300378992
-1778.6174752642867
467.97193048291564
104.11270387236411
-972.1328379609723
-418.4352061270157
-981.012042674183
306.0057539057042
-301.63846637879635
4572.2181680071435
868.8133871577852
1242.9727755534789
-279.55937947682503
6888.270219158313
-2704.189093473192
-3944.6260900519287
437.1296748146925
-354.74643681784505
-827.8866825790575
1254.1858641929534
-516.0051872370185
-4674.422355547394
1154.0567951203593
88.20613790491792
26.211246973806958
4.0564137285640385
124.20712451635286
-102.59341346900132
-543.2977410331032
-659.2662711108599
-63.32930141437098
-68.97981762356514
-275.09793067500925
-406.9719511954309
-68.14586589931218
1843.2468354364962
-2245.198218865072
500.15613455057513
236.7286267337556
-32.468070602241255
-1112.095193833958
1833.6996830109113
-1479.2346409345735
309.01085666218927
-250.06830785944626
18.07494063453868
32.63193336854767
-4.438696488374606
5.455991056408886
-100.5502740533591
-124.38611195710432
17.182884294105087
-4.4635281499946755
130.39355493654406
2.775016182338485
137.0571626598977
-334.427907619213
417.28064860373
-363.03287497499764
-28.116265596009818
-5.352018649833955
-1901.5569644916222
54.941345024881485
5.631223198787477
-23.623858612297077
-104.24122938908995
-0.7637566328441251
-0.05538094343595132
-0.04446350071655242
-0.29103286824317387
2.2932337547398953
-22.81934416741905
153.2865521104808
-15.89636846553035
-0.08144326150107176
-0.14947787190408698
0.08190854717691469
63.747184371984126
-3.1426358775972068
-2.3980739306563983
-0.07375237409814292
-0.02037795974515526
831.164629482373
304.4795842638374
-7.916903190434174
-25.209343066933357
-3.494456220252203
-14.678076635068848
-7.281614730616017
6.505273839115111
43.316221268339405
-119.98862219174849
-5.920905624821701
-17.790678507570057
-376.99015287348556
-11.185322638253485
78.22659140168781
-16.941824835000293
317.71984346702897
-0.17292989712277268
-18.969386667812635
1.9172358675631356
71.94386311668735
-123.66849059904315
382.253160276009
-3.9709065554992207
-187.29550780994313
218.7549940483726
27.553593485259587
-169.29055942149748
-26.410589380908483
40.281545736510765
33.54501327511563
18.74439525558793
18.489498336353698
-156.30313815215433
-2549.5001539503037
108.81126433814393
-29.423153579642662
0.0713497725997814
-1449.012990527452
-41.28378630947548
329.03118315082446
2993.119099126091
531.3199440939073
1154.0457552606201
392.40600251810775
-1803.7835080465861
38.86213371016303
237.35243565153183
227.57415608214313
27.4446454592506
9.215151937816195
-181.6971305136445
141.36585457548583
-65.21003124551217
4.586038015585264
-143.07918520706687
-37.17587847758797
213.323595190222
-0.03934238113294869
0.55035387145161
-145.8966395129554
40.98678927834538
-0.11132234743192713
16.423180904028055
-31.091441902468567
175.6340788209362
1.9005506399888654
-17.488314146206676
30.252929747167567
10.01746701094272
-0.991273318534062
1.210431374769693
-16.47656342985255
-10.071092765382135
-107.25807373577965
31.59431984048192
83.40469519078111
-5.963981503068106
-58.79433497312809
-6.328654334857791
-23.955544509882117
4.221013231711291
4.124610643269382
12.491449951613397
-85.99667542030748
-14.399100802327368
11.302470578380944
0.4218815938541931
-0.3932835405582193
-15.219203321636389
4.326629869099009
11.396921760134877
4.2974320677222
-0.13084186254372324
-0.1528883433049632
-22.080578642558443
0.5940196398793506
-8.231977643296663
-0.09334225646145591
-0.9140707638415386
21.580770487635945
0.2548342428910534
-3.329701400624468
-4.402319941408622
-0.26983448935002247
3.0657700101054624
-0.42088365421290586
-0.5425113189071477
0.9573285711875354
1.1823452668591787
2.9335901631834758
-0.6540030779310878
-0.06479981633109602
3.0701071967924607
0.22588043494794124
-0.3205833012763106
-1.1748344788530825
-9.84014323291215
-0.7000267115841533
-0.07746795753406568
1.1135179090045257
-0.06371257924769508
-1.6004156795461622
414.9571881169157
662.5160844575155
-230.3586965991403
573.7051892915615
315.63503061850713
12.170241862539449
-56.02091832323018
1074.4666350735783
-90.11169154539328
-21.21545203111737
-65.9612008481459
77.50484068772595
72.43464642847567
19.920762265790888
150.9351596716559
689.0438440217694
-597.6751921735215
-45.83092578532503
-1.9481945229897606
-194.48152766448808
-280.5625078578397
-0.06842972721550677
4.945302571666737
-12.980466589776494
6.3003187128544065
52.2099668894538
-72.16677086784102
136.4748221410387
29.819412776689582
-12.266856909445444
0.7303793443415962
6.528206485109735
4.947086708998451
-5.2187251251100415
-9.087951543948238
2.860225868890753
6.427327564837436
8.434350074881593
-15.404417932267853
4.605951803599145
-24.007259359800106
-6.968541213972667
-0.6286936916911416
-2.7701888037930162
-2.393448710290065
21.939452845984086
1.9458626734696127
-0.44181673181026826
-0.2425523956239189
3.1807089727594082
-1.6165456067040216
-5.866647859278395
7.794418816124247
-7.872484304043092
-14.389624187697843
23.008923803625528
-12.925271301953673
0.03560396945853863
-1.0236047474648045
17.997766312607826
-122.03462111725885
118.97550274790115
13.862626023837578
-119.04114846609637
-0.03432954514684697
-17.523170854787864
189.84833519914167
14.555810308570546
178.3946916398113
-396.4185811307504
-64.7844534272129
240.65426938900575
190.50419652899535
833.4003042048238
-95.96291705757632
0.8566639734752598
-124.3887332727417
-189.61602880043893
-945.7714302895814
-91.43701620778589
44.12280679037481
-25.28626284262619
-24.047089933591014
-59.02228430854664
-94.43216902358417
-13.04890373824065
31.84957902400729
189.7740099058267
0.41756867104617434
309.3332137266229
-0.11595175813851467
-0.143115068760934
-0.1464079354216029
-0.33274169373698026
-0.06590173428949778
-0.6496545997161659
-0.3040595621073374
0.03165187056777533
0.41381176547906107
1.0614378343070061
-0.5506649164580943
-0.16594616253053987
-0.3092334840840114
0.7624651196270257
0.06962910596214594
0.1167161055303398
0.02325757476823598
-0.37044379534666605
0.4428312396325934
0.07186442337282906
-0.39758592638549217
-0.10783679048087119
0.1743814570797232
4.568030292281191
-0.20570120546981552
0.015484083202968853
-0.7692685235175356
-0.05492200969131692
-0.5425287377971869
0.07974332668910002
-474.41875656595823
68.17529564124166
1751.2326066372325
213.94397447830164
-1020.6485726683982
3671.6886204691873
-469.55727862809226
1635.032882480381
-2065.6155452547605
776.5133139178012
-358.28745701958474
149.95179330414211
-5.979949981032507
-85.34299574848119
283.9211632567957
-1237.7468197370786
-74.78693005592197
-170.7711667428799
-1257.4742954938386
1280.72164523739
-1005.5815442715858
-764.721125903349
-487.7686523609689
653.1150628626485
808.7608094786268
521.6290438465675
-103.81052039671671
634.1087161744963
-427.725369516276
-741.5101709261864
-104.10643247785265
1060.5674597623306
-608.6972510035623
281.0789221430238
422.3342453763316
-534.9499388968095
-497.4918995746489
319.7086245183557
267.48903115677706
-157.7722488706593
-1758.1005424597881
1147.739065719477
155.75573519168705
-125.4321855660519
445.73670881142596
731.05862748968
269.2707438091095
-296.6627894441263
30.165625303796617
-672.5456687471311
-257.7908521609623
269.292765311951
-598.5012754684243
778.22886417117
-459.3704596884581
554.8110551772555
-710.8884843014241
503.3633156198177
292.2798165986018
-5.197340219460363
203.46988148457942
0.06013108555943439
16.290498917488925
365.4548612788747
-44.93582403652765
879.8378329535142
-134.7934519124987
-70.76123792369083
-61.23625688039644
183.25978197882893
517.4430865208888
-254.61264947319026
-0.307917625311614
-7.753294485955052
62.336389231958655
245.9125925398056
-171.01097095480398
-2.1189762172926065
63.29079778849949
-172.70167356529987
-239.6215920684991
8.677227541080327
-0.08820811451864262
-17.602232257338734
-1131.872586431738
18.162438356056892
-51.74179370717309
-11.674847172999959
-2.033409893785867
143.13972331044485
-58.206244942447164
-23.52167076082127
0.3802085161087717
3.2451913054070443
-31.61000626922917
18.940080894181904
-38.98031932316463
12.199032022907277
-213.50111585438734
42.526613920211865
8.172162864801434
-35.20934207329156
-89.85635183375804
241.01878676714514
-3.2588115014174646
-9.044275759603115
-13.395954612346737
-3.1869141190555523
-0.4955843078872638
-17.04057739790789
0.08359805776851033
-0.01317779181132701
150.2367100101535
17.079400630934643
0.17514781976713917
-14.358708867627861
42.42789313181691
0.5422230380844372
-103.42367679270954
52.50863864130963
-551.5913500623508
233.40854402132243
1046.3806041628247
-101.92755906261763
-318.95833874762457
-37.05338869565322
46.833722882011806
56.33481921569813
229.582481577293
-63.15922350943056
24.46988274697817
-368.06879538904644
-234.34199054079286
-607.0561015158831
-2475.627729690325
922.1113445424705
-1914.9903138166317
-1987.5489477872839
6645.469070101744
-202.1497245111209
4519.194830238386
240.67816795236803
109.30426551594311
396.95134826638963
354.8855980563917
-189.21746022189845
-49.19258779063467
483.36435742067005
15.60361176466776
-798.2676562457594
-82.1364613357112
-1229.017472204044
-1291.8406056772442
1279.131255896951
-929.1021985156832
1223.842293239282
167.07153276399362
-895.5604838241126
250.95883241696245
-1343.7226400705279
5863.922556692905
134.1233666817475
-942.6593613121489
783.838107486631
4936.42653826437
-390.8911922561033
-76.96357504456094
2658.0094835428326
-164.89761660390624
-1.7302509851785788
8.53307301593669
49.86892815989297
-135.516237774226
207.91125687103582
63.57623719536849
133.52240498895307
32.46171099328949
-40.15259895524857
224.1111496112823
114.53887561692919
4758.86216733011
492.5602214218362
67.51880145878704
57.12775481449678
-86.3316512927191
-317.6681803205721
-180.06345511128634
2194.8347789768345
44.47704911356011
97.39693845984696
-396.93523956552866
255.69986422349643
-71.61728231028586
830.7403144008154
2.7479587900211815
-12.480637931923566
-1.8835566598488422
4.382391059591582
-0.9592749112920579
54.141640853485484
-26.909827992628337
26.038427260356972
233.22547072399217
250.58654430050547
83.52468934366675
11.485621828378532
-23.382213140497644
-138.8519459642419
95.33382380196767
28.594132804091142
47.07492994268737
-84.1371617808102
409.1378226458608
1062.9036657703564
472.03234866156214
-1924.4166659164446
3164.2061236241216
-1067.2387296169786
279.650167653727
-653.3241310196103
-2307.1055312579983
-1524.6837049471635
60.183940136146056
-2085.1393982032387
1010.86613488423
1963.0954717140269
3724.2835538152267
252.1482057368614
-201.84082576904984
-492.01166550368384
-2115.816774803271
-182.7535349086479
-982.274546724605
-19.614949170648664
1342.6621913846664
-359.789251807262
-41.274890161880066
1045.921055606959
-386.3452462161433
874.0561313516399
837.6062539163084
-449.3351552328738
-684.0633202620281
-380.19635135321937
62.03107283796696
-52.79543319007352
-91.07240899719935
-231.1213342600926
-32.05192823549468
-14.55195459411606
-8.64643125938266
12.424967825705771
13.05353289398431
258.8065415003444
1.5754626319228033
366.2641654098945
330.2136455430462
115.06752348902077
-2.9095743164588574
21.81515421143988
-38.02993602775628
-0.23732452294874037
-25.373455160104488
123.6705961226678
-247.66952629577227
21.037270787360125
49.47105293750609
-33.051266259564855
-14.057435358828178
-34.11145824305332
2.6421329711981922
-0.9123314994572017
9.751178454421819
-0.1306680762084322
4.7893907041793415
-1.4840402156364947
23.703681390023274
-0.37695015696316503
1.2025589590727974
-54.34852133473316
67.03720156871354
-3.63971158334341
0.009442955694212227
-96.47960989004525
4.2708012105407205
-1.0195433384325612
0.3240714892100681
-2.4144292107969885
7.637825791805113
2.0468582074140564
-0.1635710492498319
-3.543833869530896
-7.322073458309194
0.12725724980104566
1.8120878433167837
32.92103148089102
-6.828162426538163
0.7688366543598544
0.6446123631457868
29.637787637189632
33.91233653968099
-6.989587431425682
-50.78177291956841
-0.2536003824103898
17.020218563111882
-9.330372731716624
-0.4217997783801882
-2.5115135820317245
3.5078313556066743
-21.465431375114665
-0.937167017967164
-0.48048144998665276
-0.10912442646374024
-0.10079971064293977
0.5306307834804738
82.28169930803155
55.64071250675766
-5.998795950069465
-21.89388241161752
-0.03549551503802917
100.0798881973275
51.229070831288496
1.9514157638921694
-209.8830554515511
17.068610783835222
25.217658074746186
-31.88245893718077
57.746965123101994
-22.927558228204347
-15.021263410307268
-30.95948032691845
185.34514250771355
40.494819958114526
-78.22156780916751
-140.22845215154658
19.57041296825765
-46.08056019822692
11.481843301993694
-206.3785056465953
111.84130742341584
-4.846840312387483
-107.49473854930353
14.402500332670208
77.19933518380809
-127.89151484644579
73.23503984753053
6.35577337287352
40.98147847059211
2.1845737379899437
-85.67809699997653
24.168591254120912
-84.08364969981469
25.57639167854242
-46.6845525792247
-50.94103112744204
-37.0244623947157
31.138557555087687
79.45132605055461
15.740010580731417
-73.83695352000395
-209.6868503914336
95.90318067205357
-68.3923134506855
3.80563862309694
4.476388123762389
36.276695819664134
-3.4261674399267608
15.02163598970727
18.133582133932247
-17.0515690016438
-0.06920891656117728
-0.9193605782508153
4.089850550676554
18.898835509523504
15.18040223840007
-60.303456351637905
-66.56922834790605
60.282168368906525
-116.64163785169508
-11.179220864570654
-307.0274586181624
28.029597090403712
220.30416673435437
322.8337138371047
-19.87275756344578
229.48748337899204
41.954128014753735
-345.3852543702787
97.91683476692496
47.87982104733431
-1.1491082758626248
