765.4764191094039
100.10317009112214
-389.33339634836653
-1458.5588579966986
3088.062492148219
1366.8454606990547
2183.116867134673
-1002.2043919055574
2469.722624087826
1303.2662223593118
1702.4166690740403
171.98134118491933
-1002.1033581422737
-3054.094884987734
-1137.3137249136546
-1081.2114284931313
-4477.133402721093
-1929.9129108170341
-3535.370291604981
7742.550971729157
-4327.223086731676
-874.9764445090921
2443.2397182866043
2117.771256383361
-352.6859826304089
2330.325211288233
-5441.465916751301
2921.390294506147
1164.353618217731
5309.159282558721
-1482.1836089240198
-16.517187805400926
123.09017044167581
27.289217074633896
-11.229454382513238
8.788163322150918
-375.5030033313479
-136.62083561689764
-137.26602263956934
175.82724062664823
-77.26911057237093
485.67803691558026
116.70150033980151
221.53455806727837
-69.49692032186204
-88.51534378336417
-38.64433884688756
37.48054477617052
-322.84998631444836
-85.81924542107353
100.0101920556726
-1176.4381106145559
278.37017541620673
404.953910620915
211.60615009850784
-12.619959907374154
130.00941377565167
731.3400049114645
315.34363858588955
479.509549768329
-7.11829530397278
-21.87761416584723
143.50149022291248
6.517772789060473
90.17037321166939
-52.68504112566312
-360.7378143259159
44.025853241771735
-0.6261738314570311
-9.4780058147896
-210.4496436961733
152.14425601569775
218.05047499707433
-41.12929363916498
-76.44090558322796
3.4269064860551364
54.92476017022961
-0.547634940488886
-7.707970340533119
35.53792086413232
-188.989487746528
200.06170305581537
-22.642955776890357
-63.269407758520906
50.563778700074494
-9.706126320007057
27.20331022740991
0.6095837194255219
88.11736540031296
28.267231672165916
-910.517536713601
-260.3769590723046
-201.76672664795615
1538.8963479567522
-2860.5876550762646
546.131413856681
-737.1216022458128
699.1388889701228
2440.773864262531
-126.09796867443941
874.1954418522821
-1277.5675492745233
-4257.281144110022
3999.1304165644087
-964.0969468586486
968.7875774473507
-150.95200171821756
865.6073388437256
2457.6857860518253
-2897.350840689032
573.7068647081812
-737.1655172569921
347.7501918105079
1203.4043577086925
151.88868164901345
4997.823531031146
-3327.5738762904234
1152.9187454399896
-771.9839743848592
10.344020220400452
-85.17805573052986
-193.0420405987885
68.31716169318506
103.06059959774487
1425.4937361813036
-674.7779234907031
565.2556169624982
559.5468691657613
-1430.0596509651448
866.4260933869697
994.3870547428576
-1534.2173788646655
-2187.3444173239004
1302.4569513502643
-408.411320659917
-3716.143518282061
1495.1932576025135
705.3717556701657
4529.54856550269
-53.73717933945355
3053.293546267035
-3508.342440847882
-3229.9407013577106
-260.7888868071174
-1143.1764019735874
787.0732879402539
2015.0083855675264
232.40985238624071
-230.81665654886024
-4489.79899998773
-5577.693898649634
10949.664005930414
40722.34907667821
-3982.038639502283
-10837.74385636098
4381.571806708126
7014.580739795197
-1445.235120761741
8009.576797357234
-706.3268640076062
1273.7166762397844
-616.0986602742705
-1094.1224696932206
-2140.221850837351
-571.6349816293457
-1544.628259666229
-365.9396191382805
-3412.7112583619282
-19550.960235665938
1127.7484672781122
-757.0986407868855
314.8827553984298
-9705.243263775177
23039.93409792103
5730.311767538965
-4652.82886515981
-3213.3086243853677
-1846.6357594230547
863.7342582756644
-1318.35597151289
198.53351731492828
332.2764607845015
5048.173606934643
388.62885833622994
-1576.7733560144707
1761.8439152433211
-780.8031892801042
350.8895715208128
1789.223613655285
-3453.2554637260555
-783.6359667506264
-4172.071516894888
1073.7958244479323
-857.6136108103003
619.7567630933472
68.16573711701454
-1102.089275686449
442.1719926772413
-2848.873391942108
622.8343744593892
2803.8587675130593
30.041576726091318
127.85639505106226
-141.0986442849905
494.5966418876165
683.4906040429231
-2432.7700585431885
-206.45640379735676
-175.1534589067327
-13.789300314006473
443.8408057432853
-104.08314068210454
119.61550108009779
681.7889010288802
26.58132044172637
-278.2980863232581
-207.80584194346267
-650.4309992139737
50.88624693726305
606.3653851193129
-147.35276529172148
70.130547545927
3.3130889508472503
-32.91756251518947
-132.48381412755796
254.71014966196427
28.313794276028016
-56.2777754489752
-445.8312821558754
-477.1145399897659
604.5293982406871
248.08350500928498
-145.57775511334802
182.85835790211883
194.89052007737925
347.3624567722257
-204.90885176061323
23.32239294727563
-58.24878389997074
-197.85104068171265
-685.0929321100767
1066.1983248141412
5142.906281274604
2753.833388050573
-2794.7216101003205
-3999.5352687156465
-1102.8406769337107
785.6908252755336
995.4295124064155
-4246.253732168963
-3016.5891506464277
-954.5000566251027
-3525.2399646251183
-590.2770881029282
1729.2202884291473
-287.2329868481917
3359.394506320312
355.1519190300407
7161.959514110687
-17.170943481258792
-4199.068365634962
-2954.2551900364488
-483.6266151581921
-103.87013177802156
-1066.0427904853211
1658.3188276004462
3038.803621057665
836.0192472071805
-23.740256336956733
508.2731197894246
513.6500769576027
170.66814669241256
-158.23639900802664
-1042.3893412599868
-29257.897888357424
2816.3767349974237
381.1446103137137
7759.297115007062
201.88502855558252
-610.3831008158535
2129.6173480808975
41001.952455409584
16912.156983887053
-637.4378418244347
2931.0374820428306
-1114.895176953203
-5720.270864820297
2739.641256409334
-983.7820459821899
-1600.4236370672181
277.42771403494396
421.7732045258046
-601.8135166013349
1366.2732035110816
-172.20463787960617
3193.0880895916316
201.00988645123283
607.7551800032176
-1498.0062486904
3.4009050644373464
967.0273017466876
1809.4336914045282
218.8548915899835
1736.8053297383963
-442.07117990655007
-94.33789107348302
-247.73364344123246
-37.154914333907165
-9.225914149016763
-34.1042007674044
53.491504870100485
3.66190494868036
0.4122792288930309
0.29963720967570356
-0.6472569316523298
0.13036697232010644
9.70433447728869
25.77955614179355
25.335872477989565
0.538027981499229
1.0690247837891955
-0.5967168284721422
-3.914751482104197
1.291823569207307
0.2136989519988782
0.5094021294860446
0.2429491056262773
2193.872632003562
-2799.481768331841
-12.086544476535463
-18.57981141334378
-32.933767918710835
36.0636573003692
10.582590359622758
-3.306218671928674
2.1530552500162004
-35.05043581165458
8.46100819753865
113.33565510855844
-42.76554426989096
6.88602611715537
-221.95524228509908
40.67326278852447
291.9906795398696
18.9039133483323
-66.05764837511228
-8.20597077318482
5.8929610761851965
-42.95504554499716
269.1824060309947
32.141224710827245
-126.93019602562579
56.705783484222025
7.350283119924792
-68.59905086321623
9.070073483369518
35.333770800937884
47.188560872598345
-48.779809807436244
7.702513443374294
823.9864196595199
18.613975499509678
-405.42112720156837
158.55332360628256
-0.4024572846310183
1705.6980950381321
1524.714136808521
-170.35644284299815
-162.96494438476924
-1.724707489644111
-433.4083514821328
-332.70886749364547
45.029093814536665
160.1088173534945
-1659.4666164989717
519.0589105426391
184.72099821595884
41.440109966389755
-438.15563215236375
-66.83350218181377
-66.80569547064867
-7.6001879469344695
222.12234373853943
205.1082317216055
-182.9268667393547
0.2895526224136037
7.98380019899811
-0.032290213285643334
-5.27704985597139
0.5643353731035815
-10.163180877711147
-18.632169614944505
23.083790300725287
0.5883600526726189
27.318556407414807
-2.2474109910986773
1.9566367251545456
33.388501620516635
0.3406920596923931
-6.654807122503009
-10.733816876560613
-60.948730640222045
47.246936734747145
-17.767502746208844
-17.814917131395976
14.170623388505204
5.207980181116713
21.194809363033748
-4.400134859377688
36.45537814841897
6.804146607253718
-28.51889612664611
-278.41352800452694
-0.20641508178342077
0.9800745798556354
1.1399367451455926
-5.711112648506173
0.12856185477963247
-5.511200334061263
0.583540705164994
0.9196522613283264
0.935283304463092
-2.511520189573907
-1.0166872238774127
7.085730263587216
-0.15864427900430156
3.5600317014620293
1.1979547446377754
-0.46401587692420837
-1.954455491335945
-5.3069622899722555
0.4598411109873347
1.0427581120403657
0.3526309252565989
-0.2953704886426814
-0.025354224415050867
0.5582688456849316
-13.390707442950431
1.2068467512280212
0.5639109669600633
2.1068839238179704
-1.3539992831199996
-0.9833020370352715
10.064968803215494
-2.448574989042407
1.156943448495766
0.34788796672564065
-1.155155301411856
0.45375794081769205
0.4318698848919583
-94.76876469139265
103.26159204426177
-331.01408365437777
-377.1203219715731
-321.04651968631595
-55.78386597857981
164.40112033498988
194.7607357872078
-52.14892034230959
-241.40629626242765
25.446561734214182
46.455653588682814
-599.8097877124065
66.21048355999926
42.63427659252985
12.780959776274168
-138.20120297780755
0.6285349467114206
15.583884864977366
70.55529579443653
193.4376372324008
0.2323992409471042
1.6847679116238476
-26.69134995041248
-13.68046329525982
6.7167277011456274
-15.52582549170122
6.290826299069199
-9.526858627325817
0.5647126884793278
-10.162496731254318
23.61191411556375
-42.1174959052071
46.75082981518131
86.34328165654544
-30.385037716181746
-37.566057134413015
32.50741560303184
25.91720035707835
-48.43544468832557
91.14452741345252
27.482032978363065
83.5371099752783
-18.301817455767658
-25.1604556264838
-15.026039340448555
-22.114371691153263
24.26369477609335
8.657906525299628
-47.2031311585324
10.313642875317456
1.4503376806963135
-32.042292346505455
84.63909942432902
105.37654622245869
-275.0291305675399
66.43407354542606
-23.630062528997488
42.407979931666056
-131.12033525748257
-74.15135916284018
-19.112464426028158
-0.43163576547083765
-68.72726927830328
0.22540206183131492
62.91663331251029
-119.9092200441059
-26.91398673563941
175.2463257570359
-200.3665915837742
28.905580804390418
-9.834138927196504
-0.7129271473067028
101.64542616688722
35.37874274010359
2.9315082987564467
84.81949417953021
-7.641354980393174
367.83319847735567
-153.5378709287323
7.02638318907412
-80.12568311004219
96.38220168911575
140.13388311035982
-11.110136739976976
-52.33428428362223
0.7244526655896775
128.67692238339933
-224.82830585168477
-109.08547311312232
0.49156690509601186
0.7872195331100733
0.8149727528526685
2.4259486517872295
0.6650360596484637
-0.9052151208453291
2.1026858514400724
1.0474779550635203
1.154786471805099
-5.768019054652561
-0.8747553908697736
0.9703721030292087
0.6262293561652049
-1.6947111619678867
0.20102958545012076
-0.06772590034805476
0.30319015535460603
2.1459016203684755
-2.89757335942159
-0.21592554437597758
2.1922447440715067
0.49067052409780554
-0.044865284192496635
30.49774605593785
0.8547013425985681
-0.3579241827658359
3.273175629716828
0.48022267786415035
1.1881288144945021
-2.023991694248363
738.550405448429
1074.353244441495
5950.82300863296
-254.9663880194997
-2322.2923941887743
1975.1076128582156
-2720.797795886832
-1691.3714381408195
-17557.300778282795
-73.05383299947833
-824.0248840384132
-430.99016168468984
-243.4283989000393
3388.7263735724923
2803.9682190554054
-2025.737537586309
807.4149283870856
98.29835681683306
2283.208696011389
3244.6896676340575
-4697.1134312854965
-1118.6291117096507
-3528.4394218311786
3106.9365522665653
7903.276093682373
2285.678589918322
671.1724547545398
302.112149627664
818.1499641162354
-3856.386197194814
2246.1868284265274
320.24256036848266
1292.408334058128
-3298.311665893728
-1433.5194264869988
2063.938895509485
-2709.661946354391
-2989.9719074082077
-7767.928959653383
-895.3453290675479
-2706.048206465735
225.4899325678839
-1228.6789171720457
734.0738167799705
3995.9327204444635
-7185.61274727096
679.066710006537
3467.1118854349006
2047.5054112082337
-2606.0996865209177
4467.407827624825
7387.67123011263
-4523.946665761754
10419.471362539633
4354.718343420086
-4662.821323998188
-2233.59580891889
5214.133426170485
1277.5039549016801
-327.9846580851595
274.19893205868607
1.240293733707195
16.021394464127702
407.67893980565987
174.3906005405069
-204.69412994858484
-29.314645742985086
273.4175398777966
400.602577038844
598.1095550669882
-521.638945805617
-707.3776860908108
-315.181202971966
-2.425986744084378
-181.54948804558512
-1.8016480643821933
122.65524804928766
7.5018904601477
-54.374988244919315
186.7975301205611
-24.962425226710696
-150.49850098981645
0.6337171129578297
2.545601876005755
-1890.6664640814397
12.988752654498802
31.652177122306043
-77.37318925846891
-27.070132921744282
91.62558476157709
-41.180006018491724
25.775361003856304
22.688918875172323
-6.351460596376629
77.87558593044326
-3.9837639076911033
-48.18060892803193
75.49937140901964
-136.64906936761793
-11.427452163752752
-8.359405566903854
194.4634839449268
11.878815897532032
114.77329052884463
-72.74841604211389
-23.040761615185804
-4.228806464710771
-2.6729579607102942
1.649766745441439
41.50115993767843
-0.019323583608032175
0.12087404204874262
20.055635782759467
-21.124354970491318
0.07302035705129231
56.33573973778142
-60.186755856686624
-1.9774984251323853
-54.96072228134007
-98.77349464770603
-1210.3462109471886
236.05386560526105
-408.8988866242714
986.708706968154
-1038.4346230810388
4045.6838530160326
-50.53619070887057
191.7314407069767
-325.5564783310362
-914.7240138149695
221.06401700860016
-850.7167172017776
-812.4947657604645
-348.64289454074867
-628.1499469002362
729.4878712509478
-519.6253202264216
-2896.486314349526
762.1192605058368
136.43911849484843
1442.8651195213117
-123.49550084732724
45.70541948158595
357.02841505479574
108.73100615588694
-45.03090914136776
-12.775991698928063
316.8290978202982
-31.458255499794348
-617.9462018673757
259.03288991515717
-934.9219694655807
69.14732424854627
288.49207549825337
-115.39704876803623
-327.454246719894
-455.1535150576795
135.50008924847674
55.9564497547736
86.28579792063644
-1691.6960201870654
-36.07632764619058
161.2027847945241
564.1493690445637
659.2484622561144
-249.43973073671108
-432.56455844100446
510.32805690304025
-91.98871058921692
-1.3651356579242364
-41.96211731249652
32.45224574739587
78.28334975926506
-42.80406788305384
-42.02739693022168
392.3480321915464
19.203961404761145
42.55525323985528
-281.2007171027207
-58.2310253316048
-642.8352551149839
664.8566086662855
65.09867440867914
140.6977193863784
-1032.1112306579253
-118.05077600612013
-30.707678175215374
-385.966270726832
0.9598759195842015
-74.55217552242719
263.3664054876289
2817.8195027421393
-186.03034338785787
-609.0131537381936
-2.4240518348634335
-42.395721967566544
-45.76089739297568
-248.50066619922546
2.4742971057887084
395.0608140281593
-32.64948580390636
-68.97250689453666
64.98464327587617
642.4738501827214
-50.33563298562312
-58.97854641844648
6.643256979130342
249.74048768656888
-215.44925676325062
7.992297563393844
234.1910365258624
674.7816450112074
-325.0090518736018
-259.4413414833811
-322.0613341823151
-1548.2063007999332
75.31163887550656
1109.5023000331591
1004.8261845574161
571.7607439062566
-828.3730509081116
-6143.379233790076
-1989.876617673826
673.0531304076799
1060.1034769592382
-1056.7994839821245
2935.1694088698196
-84.49325037604389
38.18182194798048
863.660343880178
4107.25563965496
-694.740227157997
2401.9066994029054
8.29496279020918
3029.783297971431
725.5377944052186
60.600467739285676
-722.0680552406116
12.772761368046462
-110.58943619950223
-678.5802767374166
283.16089110863834
-490.45429629066837
-83.59642768551224
76.49084357669636
-172.58544787163757
379.80124304504596
66.39174764297034
-14.798059080099797
178.41587173038585
183.62156845954667
-74.5052282126414
-35.63671805372207
143.7276148191051
18.457626538512255
-715.3381041015718
-524.3645220345416
-0.4754112066451314
-80.04693479185671
22.606039162585294
-13.289900708234901
1.0366649737586873
12.806184845019983
-80.69514742917887
11.0876389991616
-59.11561437656701
-15.110525136497237
2.2652666670928148
37.729901339696816
45.89329196711713
3.409007532564738
-3.2923774114017426
-2.2225929287487687
0.9181531410393106
-4.961553975974754
-5.1390610447030065
-7.291012207648068
-3.116418951491482
-0.5255380720663512
-18.59046511608081
-2.3164241063220166
1.6603514914880004
-0.27316353914585384
3.2058441896232335
0.43032084467247916
1.027652898402888
2.225852125730594
-0.8161664170214699
-7.772688459154843
4.411465424459463
0.7438279889946681
4.090769593051888
4.458396609819012
1.4052790792351648
-1.3665353578783823
16.869018620902626
16.998378858172444
-0.7200005606659362
0.5938810377944488
0.27412533435830994
3.2414270416182958
-0.7340391181815076
-20.34482984150353
-0.017439808438086093
3.279772046375637
-250.2094778978615
4.334358572898984
-0.37769685290273997
-4.501430925501474
4.137339310226796
1.9209330360846986
0.8299264642136814
0.7663503603607024
0.7066233462762435
2.918394817765917
50.40612054632498
-31.419478216149027
-19.536789605954496
49.098864174520806
0.2959497636345246
13.96493963149517
-133.8822849674899
-1.490998951510379
176.01689128133063
-40.051688662995026
-6.65455924886272
-44.45637628750046
39.60136059212244
-78.10250007596741
6.0264992688549155
0.2422472723728682
89.36164223955535
169.7039467581001
-78.18133141482349
-84.27963802132308
-15.566164103936014
340.80255176973094
21.54224148042353
-159.8959111864946
-3.2990691856272742
20.304112266764058
-44.55281037807542
-11.94296425919508
14.98156286448353
-71.76293118036712
196.0720055674341
-13.700756584863711
-69.07923273782188
106.8472827858572
31.763612950771023
47.060537295054985
-98.36323082948857
25.399192178487116
27.755817860454073
-245.04764895925115
102.0234691218112
-6.887590799326646
128.42471115585766
3.9994821748475475
-80.84190622076807
143.38463927076435
120.90905719352936
16.00713880841654
-34.026195242324164
15.26320732211749
16.864752711426068
26.728276830303848
-2.4579883380790255
39.40060251902438
-39.52285770507315
4.040513459223549
1.3966512266957858
3.896505523846267
10.384522385611163
-6.78768436788364
165.41612715913703
-29.622703266889424
77.37950005658764
-94.43093372120418
27.829911549167512
-215.40741997627498
56.81341650085559
-217.70628169413888
-333.59162199115406
-131.53292252471917
380.1748903188876
35.98193058747086
-180.44547586037098
79.81595105570084
-19.355374702863333
0.048061060762575936
