44.16694976526682
13.746527021659768
-135.69901352653767
886.5137444332886
-279.2245497128425
12.193883051204292
49.06684783855221
762.9732357178076
-509.1343819516064
-1243.724021544387
208.8645674367523
300.8910472273278
37.78120355959223
127.78975141518865
169.5662228328941
-560.5753414509558
-50.418198134662084
-68.37372077980909
919.569762925255
-709.2537229963164
1095.4629360469175
70.12937588534943
-831.7064337315948
-271.1155810960723
-826.5389878114827
-175.52005381667485
1183.0282149866007
-862.1552852129582
-421.76492389600736
-570.2976986962544
1704.996989598682
243.60712849436655
-4179.467820181707
-299.0421335605153
409.0021476157073
-2462.7160714736515
456.07232638138845
1245.783838027537
1189.227782625679
-1219.3315584024892
-225.81892035040596
-2161.7081333531423
2357.7922261417266
959.8593323642506
-241.58179780968695
352.9006896734163
824.495988485237
161.6075653879029
1148.6749523673811
-647.4995673559108
-478.13160231905556
3780.8140716618527
1378.9197410009017
-438.7400237143918
-843.0756155882625
-48.86601303714871
638.2065369750366
-2226.0456751792935
902.3265428408166
-895.3626583599722
-61.681984380503955
697.6823898172024
-168.46426719647377
-435.14526732605526
502.1025746536302
-123.6564240394883
-1892.6125083739726
-482.25117135252543
6.835761383018593
158.75719994777023
-329.11046922326744
1317.2937473402772
2792.097853944217
-18.649827507501254
-141.98179088220212
-101.44311048882689
-238.51895939908763
51.08769113189379
25.623170489617433
581.646560824275
1417.1628374981628
-115.48192194148456
510.45354433582946
-507.88403760928026
-277.0470709816202
-365.7369634758069
348.7276010746939
455.42240111874503
-683.1187880724275
-208.55924770362526
102.29018246479545
82.16643543804318
-49.38999398608783
-180.53293937375196
483.6689895464764
-70.48260581833661
-54.72727989870901
139.83318543710274
-142.13142138971082
-136.1186677115396
-447.5177501649495
315.8739364592503
674.7769249836359
-946.7954443569289
122.65332627238065
517.8222222325977
-188.27763724668793
375.025961227017
702.1407411909998
1840.3175243100868
333.7480145098762
-941.603328057406
-129.41725244197855
1393.4893909746372
-1473.5245472698457
-548.266795149798
-1248.1440648885848
-35.76115901512721
-61.87621879474148
-98.07699825515941
-424.57872513420705
288.3008030890606
-76.29310673202298
507.03762742660825
-556.9930185109594
-504.73712747705264
-155.17678539606177
-1892.3647988635369
1012.0677059238006
921.3542722715487
-239.88627693051242
-346.7175717887553
960.5567359177146
-256.1679685828054
726.6754035763632
-606.6909071337202
116.52776148651664
-163.80316266792272
806.8238046963146
-46.16666512149812
100.44086872522685
-1013.5443838560275
1957.2524755175043
172.0285432417912
545.4319463990527
-147.6708489001208
-869.0845140101425
-132.84132395415006
457.4997979642201
-568.3594588368031
-562.8532739352863
-84.75958199001435
-4181.815450133387
-1643.6860946828776
3674.5683398719757
-3696.3295682219973
828.0884041427271
-1048.4528794127436
-277.5040839368791
-5848.091181842422
604.7996416542692
189.85797198080792
6.4511632683344065
495.80167399036134
3416.4085305485246
-899.5169848731106
1999.1133644959632
1537.133116176854
6851.767352662599
-2420.830218503011
-573.859277453064
1138.7705285799975
3346.4943683588554
-5492.524533145149
-1203.4921378724684
2244.4934870611637
20.1808231782299
2528.3885450689504
-309.2039803945111
-537.563251697635
-7605.487593439242
32.17891550969563
1425.6540531281703
552.2718149310657
8219.093172932451
-1526.5017407976047
7316.313047614483
-11632.074413937138
-8482.462942961845
6012.593094401796
1783.4044918909174
-4343.856013875218
2617.6061115564826
2037.0602642021843
-9311.703130476117
-486.1059380475171
680.2513428888872
-3381.7809181863295
22603.518532053098
-628.8465118647504
-974.5055128939672
-299.87988865024454
504.20145195295817
-3182.4647760700577
1774.4997700171925
1299.7359831426963
-4152.945612547113
-1012.676201339479
408.88149311602837
103.29795882656589
182.26825510670636
1563.3350793160796
-87.64790689794216
84.20832312299711
81.41338284504879
128.83669768035173
205.5002745510696
-27.677363879234036
-357.05803741943663
90.98248372117475
-79.5003196307428
3.883032305013472
-22.86439581119697
22.61661878633209
30.11597615253052
-63.47651315002219
12.067644414761157
605.2824227915279
60.048906141132626
28.651592392182454
-49.09768447537988
-132.93736419374196
-608.9312112775726
-96.82123038936975
-132.16226802260465
-1047.1385418469915
1041.9368255400411
-265.33095817701945
223.73095114278482
5.005250691196956
-20.992743036872344
-88.24886141004535
907.4812065258942
217.0199457750365
62.19384023072258
-249.71215579138322
34.49520876277348
246.20096459251897
-69.84108572200027
-157.87010969995796
673.6172451193628
169.00998129526192
898.7294474932876
246.05727308390973
-1137.8170156759397
-1502.0711400431055
-1822.122157314611
1534.9937379243681
5835.4267913274225
-448.4200123829941
3339.1910943318817
-2137.707899681915
1584.3514866355902
-945.7316285245957
1393.4304898401285
-1627.6815703557875
515.7807592415099
-743.2876141706091
-4317.091511450275
1492.0818633211045
40.915285009265716
-50.85967330905424
41.478803441256275
-80.71367515859203
-1809.2917204440869
-282.5494649795051
62.13230885731041
-198.91453381190735
-192.91609119627995
-40.563456675407345
-41.43869202551149
3324.4121990734197
1878.4014309108154
-153.50480240936776
1260.364515125592
-1204.2464342521534
-1097.7823179500228
371.2492869982111
343.640436435902
-567.1257399345523
90.85373280242737
30.63492307176657
10.56228940277566
-34.37038940679883
-94.35422465399824
42.764151922058986
67.42354948187791
-13.285989011277211
13.062781181760753
-5.528276718982523
236.27008252998823
18992.979704177735
-3272.6759202030057
1903.984560475069
1887.8988864207615
311.5617591553915
7534.6907600275235
279.6129429138128
-55.90024024328758
182.8670821023645
504.14506370712326
109.73414508915647
12.455636955443255
-3.5444279015527775
9.165612602633285
2.634979946184874
-152.8491311344635
1934.9854407712974
-66.84302806088343
0.6671006137145218
1.8507703920982466
-0.5995406011155158
358.36667632052905
-9.942648014687572
32.75476284033322
1.871177013712922
2.6128309445715856
13566.8732467783
-4168.158076821047
-49.890532030658896
-14.901134540491494
15.889229877230843
27.556972053446536
-8.233436791887616
-1.8236500562326177
13.813262552355557
-54.65260353049304
-6.87131312241814
-22.952339545814066
-382.2462566592845
0.02140847270130938
-154.38589416806752
-128.7493104937361
-293.6070858885482
-11.300363084334332
-165.5388984907434
7.28574341233705
180.2265836083185
0.6037432298780187
106.49424447578363
103.77022901960653
-92.56130118454311
192.90906118787854
17.674903192208824
147.7463413236043
-15.60956681100771
79.71064753099486
-46.9950880714442
11.574759529932322
-2.8860593600537054
1525.3836061324023
-2024.2003454462224
-926.4678755373408
88.5496936390089
1.6433956527871159
3606.47044120343
-9091.845531927813
-570.1518858923521
4929.3755855906775
698.4573459006428
273.0451935562448
1252.4755025932
-3123.184529650087
115.35467472447007
3385.6665382033325
-595.0196660952412
-4.136755690981614
93.37625450125557
-2208.23807088634
220.55164576637205
-135.35016304883135
-58.114562264818474
-120.64394654202408
361.7031431852975
-1233.3491776257786
-0.8654605490763404
112.05218599127318
909.9009546652268
396.29942126669283
-0.3072084961643019
17.071775667131163
-43.07420949617647
-50.605362303653386
-6.69323659555829
-63.513337275613374
27.51178492847505
-193.0540618546301
-27.37535764804499
-2.0149829256029297
-22.270677665210123
-3.629107090621606
8.94864749511606
58.85886144748781
24.629772428898242
-123.45205339079767
102.52840710986312
41.387698749636336
-12.452667871133638
-0.3431623597297738
-17.230373290661653
-3.0560953993556703
125.64433860342211
-357.48323961096133
6.858748245344521
-2.7282968444091056
2.317041049778161
-14.75906088536507
24.166497871125284
11.943221408555578
32.96483286472815
-0.09621576048765951
-0.04152113724372287
-0.5267159846207156
-1.17527601281358
24.144950273341703
1.8650979721954717
-3.6821551563066293
-68.74192305249312
1.4801290686797273
-4.722676248263013
-22.802649282175643
-0.12932477444213583
-0.25420750866591235
4.190654970220324
-10.837353199789925
-0.880026944764841
1.6935421906923436
1.6539491593213407
-0.8852754997106522
-0.05369280959711227
6.439740408081453
-2.5028012989591377
-0.7017521453993958
0.05682694912580751
1.1679149380603144
-0.49541004206804656
-0.02416450483075654
2.066996052636064
-0.08074989583457041
-3.436889883404311
-738.3547461874332
936.1535582759319
4885.016144961682
2855.1692707728103
3769.7210629378233
-446.0895349386327
-77.7852432734724
1076.8023738667293
59.5309440153481
-482.45879738548945
2.312340819656435
606.6025904741981
-1410.038200724056
5606.8881364547915
418.92653845757985
1139.2494078237744
66.68329238502227
165.5418343921708
-108.86314831911677
-638.6652875990068
1414.195294792154
-1.7009721417004524
132.15398629075352
47.17910310522283
0.48636509530925404
114.06730342149034
-43.182768793666284
-943.6540860206802
-215.38497178815803
43.847421057399686
-3.031251029110466
20.603943734639145
-5.344898846327657
-9.050175380096531
0.4652827091797648
-0.8951688053818457
9.658048814706843
-3.5763448195837184
1.3442340595840445
-6.590253107308592
-27.214003731926642
1.2887862261097618
0.34425977015275533
-3.179189527053018
-4.994358725910257
5.4189636719718415
-1.948728991607032
1.1483896817370323
-0.5659458656430579
0.3394925865495444
-1.4749670429240227
10.072895071339822
-1.7304887909565667
14.6299309326161
13.432921476691115
-21.603733219237736
0.09442217009177192
-6.236917500793547
10.958546086152463
6.853730370788939
-437.81376789935945
-372.15613617213575
-17.695792310125526
34.507161383368
1.6023937488287652
697.5013161142176
-1309.1794861896283
40.491555521194215
2685.748770530673
-2122.998759271135
-520.9246128212454
506.3355607069378
544.4981951158757
-1235.7886028933237
715.554884027042
6.219874218377158
-381.19288473611886
3.4471828360845143
-1022.3410541224347
927.0609945380363
60.23085995291017
291.4711686894774
-191.03973562160212
-802.3393915594392
-486.71989890868
-4.339333478645073
-135.74864383555848
3144.087801845588
427.0544612253762
118.172267708973
-4.0124634896740385
-0.1931551405702081
3.542241565420563
-3.0265769572259296
-1.3021232862244776
-10.254642461088658
0.004127034116366925
1.0851217543649974
5.325443720817928
7.876294220080166
-7.423879710320159
0.06827246451890419
-1.4173217413090236
6.378983108037436
-2.0303502824787993
-0.7286631845066167
-0.3916714761486252
-0.6623347595424309
0.6560016161838953
2.5156976415951715
0.9251699378826861
-0.551980687285707
1.3602588463653538
284.7690534430263
-0.8355570388124666
2.3505013054971773
41.2562783170075
0.13511460122809624
4.045577241868316
19.270004229252084
-630.3565168763773
186.49729892843632
-344.9876280819965
-423.60761506043906
510.736054588511
-86.36037052556944
408.6114967971143
850.3581728289355
1709.4233921236055
-1693.1416259465548
-291.44684300050045
278.1482046041569
-307.07512065342365
-370.61536056814253
-546.8971666238301
-764.3379382248712
-219.2865758786406
221.10567436906126
-693.7255494276471
448.538312359128
545.996196399001
-312.16095374793133
238.34671509651605
597.0717170729149
710.6214975874244
353.8537418998361
-328.99745983563605
-355.0765116377675
281.8907830915569
-12.432443236223829
-72.45456597220597
167.63145486871227
-483.040814093718
342.4923120131609
355.35607659341423
-718.2041571459455
818.1688208986582
603.9031838654922
1227.8994693454147
390.9368793836996
-1038.2642671666083
285.89595949608304
91.22115216151147
-34.21607671734798
-225.09393334363457
655.6160746029691
-415.4872168487221
-67.2325869911594
123.85590782326548
-481.1134313422439
-261.7656253747872
194.23745491720084
-605.5152882467515
-230.91447190831767
-531.4199049470477
93.02491980271097
-277.28490339259884
-187.64489781974393
411.89857769866893
3.0724934134812356
2343.716539007493
4.186428444094281
-84.68654174184327
-2274.1818677342117
-103.75818045273003
-516.0770715974538
40.98484591259333
236.99089048055606
696.0245208577611
-1457.889486858049
564.0325046439723
-821.16350936952
580.579928211287
-22.876751825885083
-261.99508341748674
574.3499185957753
192.23200792600963
-18.2758706109
-100.9844062651964
-22.406543208855222
503.38878550100503
520.048673140438
-1.5111609798199523
51.17751656271936
162.77192319936486
45.28416185127776
90.49114690278805
35.465694139956085
-36.663194489140125
-29.602951950590292
458.4177787801973
-69.7885637881306
-25.29507167872861
8.07800282316108
405.8703408642084
63.68250209663287
-800.9856119607417
-345.7820448757714
-198.7746511548089
127.16130999375794
-14.310851298696392
-204.21608335847887
-394.11083538813307
1036.1767875630865
-196.7616322933358
-5.651204427931646
-32.45850182672761
25.450055771983806
1.3090012433935856
48.73227670837105
-1.4211046258537527
-10.83032532965004
670.5784882955751
42.041519174907755
-0.13671865968210975
-0.42184346640946374
-203.82743945324034
-0.5128320561908714
166.78125210102257
195.4893042301794
363.3342936269336
-5.849929184680465
-308.3560955962548
-694.8667015830214
349.116112832248
-857.9843744722772
749.7822874866614
-251.3292432881385
-812.5714339740302
672.2643338986151
563.814275871807
719.1322753131701
-144.975392767804
-446.41214591878304
471.9524620004575
-350.06788019382265
-660.2674109461036
360.49245271812686
-995.1638269298385
39.29116576800585
2010.3765800821839
-448.5959919400067
-20.435203794502975
-13.65277161413737
-10.783493286398933
225.94316587821038
-33.627849955059816
-94.73588281505099
33.79692718603447
-44.56540863596625
-843.0553653289081
1248.6126874223198
-520.8532251068916
-169.13081662865616
275.3920346521404
-292.27540933395176
46.534866085820504
-400.324791016099
-153.86053369166993
187.14711701355887
2.9510993299971293
-55.28533136937446
521.5688534022477
-1256.530247135027
-1791.8749246791572
-434.83234469430283
2894.3347795201885
-1369.3246838679436
-50.17352044397392
43.11549094228353
-72.56630764044358
-14.812859182012264
153.74424524636493
-293.1749368623643
53.70538847655663
64.79062365165372
-112.43780222888542
-41.677629447957536
197.39435356706014
254.33129752305513
241.4718679044636
-189.3866628568509
-414.4330951167183
-376.0938767173747
-529.8947849080097
99.54616475439009
165.49633652036346
141.93252502113822
-14.335597163452501
118.34735022443952
220.7743129666362
-221.44867981813815
71.16794207236582
-305.6320696140908
3.3412938525275293
-45.87181775526287
-42.540502023753895
56.14570467241531
-5.789282034316118
161.67483143470605
4.6516895285232325
58.33211979176844
176.49483886337788
-15.356955333098195
146.8213904850817
-31.41798884595224
-27.310686070884206
-37.03595744504189
-89.84313277259007
25.567917724716395
-533.1825883384746
471.2159151076033
2277.3140238835845
151.45252913803606
5347.875638720921
6027.920922643075
4658.043990572443
-4921.0830975614745
1017.8349848525548
247.92893573767614
-4290.834398675938
-455.2859141622655
1376.7878856462535
-5255.848933145875
-1354.0529480345217
6735.972050222961
1666.672218612095
2436.622087407042
-67.76612259383688
-442.97606948320725
-5428.8161884892415
-341.6074257860593
-1603.4978051310018
127.10040937161484
1972.6645565411263
-568.8485699375958
76.00826636659158
2503.8372284572015
-816.913794330914
-306.46876692747446
1459.9255685069209
-2716.7170248598995
-113.13738066369892
-925.9260767738443
2265.2874023376344
211.05703689577973
-388.62393567591266
-1634.1684733990887
80.35870194063439
135.7080212167632
-1591.2099938927765
163.13205199045467
-115.82232329379708
-103.74539151388213
-31.74501679020521
1373.00948285256
5038.472614371534
-522.0441144362088
-379.8918343336872
214.85902908138473
-106.73301812027366
-0.31000710066395143
226.7099507812244
232.33262687837953
19.176750294088702
-108.62942073623728
-70.90494500994987
628.6124137308142
-45.13993514739212
40.856706553989525
-1.0281620982524193
-12.779576236183802
10.583721740441664
-0.09608101727931126
4.1243999506189395
-1.5370828192598396
-6.734405307492876
-2.086528123159328
-3.019164735846026
-25.001896603565168
-29.942736447031784
0.9072825885441895
2.6718901172375134
96.41149499699468
-8.161125976843314
-2.3632021362950235
0.1477658144596039
14.146600021899381
-29.443312729387085
-7.919032931833869
-0.8632084518791199
14.632135600812008
33.82159416664323
2.1511324239311365
8.52319571921387
44.91301357317489
-10.110769517042453
-0.2893436605825486
-0.5024067705695798
-17.802854544627802
-39.260444288239604
26.98593745646593
316.6000290059488
-0.3966508949833834
-64.4676947249127
612.1578604245624
14.994832404975359
-7.436522857996925
2.234499958387026
-26.395874877585097
1.888083126461223
-0.5616599170971408
0.176725624402115
0.21438320726277466
5.681878434488985
-111.96936093956757
-552.7660477247017
170.30181116217344
364.94735503422794
1.1624557204888317
-165.14762358213537
497.93673491537135
-2.6696637687537126
5.719555927480547
-124.61628980385295
-466.6541926918243
233.32099985648193
73.82948970433438
-13.494013227965288
51.044168321262596
-62.54446383393269
-180.0674210238818
556.8223335548853
-459.2595673955867
999.9653525915973
-63.3777666824968
-1222.990078418465
345.40691622627486
1325.0908074288777
-180.284107763865
87.92433021460344
-294.77641844750866
-62.56955775964734
79.29959694071174
744.9729375594561
-436.88183642783076
-89.73206024592544
-172.29500738120652
54.671036965675576
671.5406395262788
-1134.3605351103695
-166.0826185831818
-107.51086604369875
96.68761561654543
290.1176507078699
-448.06642067134425
-0.21616166337864554
179.0124629528303
-92.47196025787078
423.5268775982155
-1156.2790554243866
189.36459135132282
30.35450652328899
-8.014089592121834
30.662139108007104
25.672266284259383
215.43659769927442
-68.56936427123469
-170.64205181386137
434.72406418014265
45.843656589363746
21.534908941143772
2.488325753351977
-66.3428357508253
-35.51312529592844
721.4361399974878
7.845128063075196
-274.70172151613326
-311.030476346776
15.957680248189776
297.5878447603913
-67.78713936047409
-244.6284417149418
-685.9354050483694
32.1696581897753
-935.8718309536214
44.09974769298704
-651.5635308190689
189.3478745604056
45.37631478621805
-1.1096760429414645
