-5.404848686232825E13
3.858885545167548E14
2.979797835520889E14
-7.084750210610568E14
-4.9673782423683456E14
-1.1750026445064203E14
2.7592148348141235E15
1.8340677589703112E14
2.504276254291896E14
-1.5296102583397428E15
-1.0954698413180223E13
1.1756325822803584E13
-4.9736648842241984E13
-4.341732750638728E15
-2.396757149920622E15
2.848069889473842E14
1.9829991392015344E14
-2.7200732380029745E15
2.8162165718312444E14
2.592308840233121E15
1.2418454719775962E15
-5.222392346432073E14
-1.580381421377622E15
-5.7814491433834945E13
2.0530320156996465E15
1.3804101511940042E15
-4.216179712401146E15
7.257549600945693E15
-5.383654291689019E14
-3.321315991819603E15
-4.514640778568414E15
2.1501023576808048E15
-1.9990559291125545E15
2.0379298749855658E15
-8.27110263616883E14
-6.34875477123203E14
-2.876831702703777E14
-7.40941011279327E13
-1.288002535413416E15
-5.2941749695466725E14
-3.5772453780346155E15
4.192261950360131E14
-6.405217566863609E15
-5.955829461700375E15
2.5461439836378345E15
-2.8149934671330445E15
1.2947791073313395E15
2.7947087052334588E14
-2.7547102863007978E14
2.431522481701154E15
1.0046296043072952E15
-3.287463836787871E14
4.604211727513585E15
-2.6575119268298197E14
7.833915100147408E15
1.0028546428683122E15
2.0787287342501262E15
-2.1443080198254918E15
-1.986389679773361E14
-3.518255799371998E14
3.4207278537667345E15
-5.563505957590953E14
-4.1504971564390825E15
1.5741170810747192E15
-1.754624164585586E15
-7.124289814605635E14
-1.6402559550251055E15
1.501532859806537E14
3.7064936032203744E14
1.9396860104750795E15
2.3893243989527362E14
2.615664176735981E15
1.8104492553866642E15
-3.8018376272349556E14
-2.964468201479537E12
-9.6999443319948E14
-1.3568822982761458E15
-3.9779929233835445E15
-1.6813655927005735E15
1.5023148191901062E15
-2.3956844936832672E14
-6.961239021789221E14
2.310858762262091E15
3.036932462350105E15
-1.0911805418556579E15
-2.2568420783828805E15
-1.968007139573153E15
2.358781605612126E15
1.15958214840562E15
1.180987651265228E15
1.7999603954431428E15
2.8436483451446856E14
4.45799802425249E15
6.34081163414722E13
3.504422283913304E14
-1.2756179683026882E15
-3.290212651970453E15
1.6691838022769902E15
2.7119141784825066E14
-1.6204261834240428E14
6.598617489758945E14
-2.537600040355516E15
2.5274608727786435E15
4.05954075021818E15
5.842991704370714E14
3.878532838136331E15
-9.616192580935891E14
1.0778004022180962E15
7.18724522517547E14
-3.4730851574813688E13
-2.3024661703220165E15
-5.0551304629013875E13
-4.4256109918144094E14
-6.723778761331766E14
1.0225721054586929E15
-3.8904658385734695E15
-2.91421382999669E15
-1.6387254411738382E15
1.4409140252232362E15
-2.8224053196636575E15
-8.594880920722806E14
-1.7944595566210008E15
8.755279198824367E13
-1.0159396716816515E15
-5.968642652529195E14
4.620525607629286E13
8.586826669472589E14
1.5005002209511852E15
1.1263041112279628E15
-9.100730839178419E14
1.4955809519095522E14
-2.006727660773174E15
3.231643219745395E14
5.745701485712659E14
3.3149288863032544E14
-7.817371141098342E13
-7.995817678651709E14
-3.584582148370089E13
-8.722297994786319E14
1.5343865871528021E13
2.5183388935476684E14
-8.71128324081946E13
-6.917249958033214E14
1.462061955439354E15
-8.448395042326271E14
1.347604894221495E14
7.469993775296635E14
-3.3634175184115306E14
1.6088823832626972E15
1.2558234411102038E15
1.3328233387837278E15
-2.398109465059387E15
3.686265265570358E14
2.3289470358352316E14
-6.011333907594764E14
-1.409591468647141E15
3.864555601814458E14
-5.456423601914869E14
3.5971756694105706E14
1.3741496273589277E14
1.1881216086177948E15
1.266421923440315E15
2.997870093738763E15
3.0993031492743025E15
-7.42147076802063E14
-9.358721073260242E14
-4.95270077079515E14
-3.551745816103028E15
-8.786022513098042E14
-2.1586814516022445E15
-1.1341609352633702E15
-6.349687236419519E14
2.059043303070828E15
-6.957573070050048E14
1.9974136574732568E15
-2.0106243365271325E15
-6.692308410845102E14
-1.7288714626373152E15
-8.168988607534525E14
-2.349529647525975E15
-1.921858614731834E14
6.436020464137178E14
2.98639202842437E14
4.573937428905956E14
7.63418991881173E14
2.35477109460046E15
-7.842628334044491E14
-2.9235385740782644E14
3.940344690348564E13
-1.252444584171061E13
-2.8288148195950795E15
-5.942171325940248E14
8.78242425917002E14
-2.749244419300311E14
2.0587573287721038E15
9.066278810708184E14
-7.062291127396589E14
-1.539913111760504E15
1.9253939054615785E15
5.382625145675391E14
-1.5477793772356312E15
-4.787509285487705E14
-9.085036095399419E14
-1.8954568118818972E15
-2.1465075099641535E13
2.439552656274933E15
1.1667124403856778E15
-2.1338787273644908E15
-9.949439983660425E14
1.6934062738599338E15
-3.3319565360383505E15
-3.0541273172267035E15
2.714437666919095E15
1.3879440117713845E15
5.820926161711416E14
-2.317105812249151E15
-9.835923604881865E14
-6.337758957850354E14
1.6169738896057338E14
1.5501490004512858E15
2.590732627737811E15
-7.08704551603271E14
5.875121266870541E14
1.0052385002544512E15
-1.0004899174065302E15
2.0829788757489825E14
-1.5238082141735565E15
3.7684808056872044E14
-3.3976445709402606E14
8.589726449186205E13
-4.080938222718683E13
-8.712649361257615E14
-4.346036887046427E14
1.1921118565905622E15
1.2562164755603458E14
-1.9951568781581862E15
-3.9945686670739125E14
-2.0539520447986422E15
-4.318136235562714E14
1.3620809949988335E15
1.8442039763981428E15
2.5601068680165965E15
2.430392483892161E15
-1.980430809666573E15
-7.934094248997301E14
-1.2466333653176775E15
-1.8650045203093856E14
2.8260390353300805E15
-9.559603637021282E14
1.5104946036501478E15
6.91647922846396E14
-1.0834183706580628E14
3.014097564776858E15
4.991786853241356E13
-2.0453353304183472E15
2.5833444549056905E15
8.688125384843765E14
-1.524339261890361E14
-1.0338639545997112E14
-2.893483947762084E15
7.414584921607499E14
1.577247986149997E15
-1.174085865193463E15
-3.0777203206272765E15
5.937346948368459E14
-9.835339294203429E14
1.6362288633036032E15
-6.366622525783779E14
3.9567633778527406E14
2.458867619111006E14
1.4426809530529E14
8.489477502277462E14
-1.3265135841413615E15
-3.169663758878816E14
-1.4868669570604012E14
3.537369893720686E14
1.0624702778145882E15
1.6456084107361488E15
-1.2720872731093992E15
8.04969511954593E14
-2.3489017414954738E14
-6.276032666397104E13
2.1838795368333808E15
1.707749751174772E15
-6.62427846545709E14
-1.0210754228371518E15
8.747628202310015E14
-2.53674203622273E15
7.36013093877517E13
2.7618436444610675E15
6.756579302399761E13
1.1590606998131305E14
-1.882532463252793E15
2.226202018138075E15
-1.011980532694663E15
1.4697142654496882E15
-1.6201868312148552E15
-1.6277297240946172E15
1.5861419272450772E15
1.2347846360413645E14
-1.3960584186331372E14
-4.578027423544864E14
2.6608588514061425E15
5.073502080684182E13
-9.761430506811636E13
1.0351677752559308E15
-1.187183854683376E15
1.5421584909548515E15
-9.308008456684711E14
1.569449853045823E14
1.296298681559114E15
-1.2584203723879092E15
4.2661607765140294E14
6.503794793777404E14
-6.745431312379695E14
-1.427748753519524E15
2.3943181940364505E15
3.935499345589986E15
-1.1269550414636295E15
-7.934119528045311E14
-7.339496243430198E14
8.058245576500065E14
1.960570954422576E14
9.515554331643471E14
1.3319637716555195E15
-1.70688513042053E15
1.902687969449738E15
6.088664950612808E14
-2.8217464401303405E15
-6.987502503181244E14
1.2163145909868948E15
1.0243575810752648E15
1.0050184224228035E15
-6.690503524834932E14
6.6625260312523836E13
-1.3711233983422335E15
-1.1250877843057794E15
2.6511845851594578E14
-1.0765866647011145E15
-2.920643910354988E14
1.1932162006638936E12
-3.952342364901255E14
-1.2509720348761155E15
-6.315130452523439E14
2.635872303996091E14
8.979903775520584E14
7.620681235509334E13
-1.2222513469190102E15
1.0924943890746285E15
8.980365983693958E14
1.4190186228230248E15
1.484005954876976E14
5.3069500044217925E14
1.73005261445387E14
4.6618911435708806E14
-4.72542299203678E14
-2.7267517272397255E15
-5.755824356551706E14
-1.2767361180377858E15
1.6075667614377642E15
3.6151356656644406E14
-1.8282419855866612E15
-1.8911977958428498E15
-9.628258193493056E13
5.025874392407591E14
3.3604532064181244E14
-8.177645482861986E14
-2.31532405687706E15
-6.4061395098493E14
6.167967158570101E14
9.662744418016704E14
-2.2085983872280638E14
5.390771237488284E14
-4.6147929234193006E14
-9.791982334067269E14
1.843446824529015E15
-1.131862999522193E15
3.1447750875939055E15
-1.3098884149910375E15
-5.418244866614816E14
7.174120575593985E14
-1.8646213332224495E15
-7.809422662141046E14
7.358802199110348E14
-1.0283175534480495E15
1.1482404561277788E15
-9.113602075411998E14
6.269860229633841E14
-1.774320496462078E15
-4.015201825164825E14
-7.50300440579683E14
-3.225283395780811E14
1.4865773343179608E15
9.812442437642502E14
-1.2270187770386955E15
-2.27808758566044E15
2.5221800107036172E14
-6.154168047489319E14
1.0067408229242045E15
-1.3494626744084655E15
9.86142702063019E14
1.1837378826094548E14
-2.0883070509209862E14
1.5106198202523108E15
2.6756507186824125E14
2.1360251845588E15
7.373898619555069E14
4.9208865679013225E14
7.682713993508091E14
-1.7210943774292508E15
6.833471652374111E14
-1.113044995446155E14
4.007318912937948E14
-1.3527845942207064E14
1.1611400539386052E15
4.971803737432699E14
-1.0059556778743349E15
2.2233378575799798E15
-1.7792751036491622E15
1.5915134182915288E15
7.09141636000464E14
-7.549821204170346E14
-1.1047244226364428E15
3.800400674863491E14
1.557428158021342E14
-1.8145150299804538E14
-1.1688562502660412E15
9.441905875566189E14
1.5819218157672108E15
-5.600944041848574E13
1.975936620472906E15
8.705239800213546E14
-7.880582000747675E13
-1.4473461261880342E15
2.3749229353712725E14
7.602311365759288E14
3.25310955376159E14
5.934940924381714E14
1.1789799267003884E14
-1.013294413718973E14
-5.2198495394360156E14
8.470434435613681E14
-1.153876410131956E15
-3.956947135394196E14
-6.539235565396544E14
2.3251536752223584E14
-2.58109927351169E14
-1.5216237447633158E15
-1.200570220649523E15
1.179081466118804E15
1.746761743595203E15
4.732656427723727E14
-4.456910921178266E14
-2.512984472426639E14
4.4557744933801225E14
-1.7959552025262332E15
-1.462191832971608E15
-4.902100655521739E14
-3.233657023958319E14
3.0175869013722075E14
-3.76893800236881E13
2.1613891195863384E12
7.82718003094908E14
-1.2254645925507168E15
9.551489304347949E14
-2.1257405594442484E14
-5.617552836531194E14
-2.957799889825865E14
6.238781425124764E14
3.1856689870053115E15
1.3853534994681372E15
-5.750506853922545E14
4.510623729622187E14
-4.8805109978536856E14
2.4650200319550815E15
2.9175717579776994E14
7.603297338604746E14
4.394875033337267E14
-5.669697634550489E14
6.423152594539108E14
1.4055812761492496E11
-8.027889109629626E10
1.978478606466627E10
-2.5649112301057828E11
3.2987419462892048E10
-4.799280871289884E10
1.2787351274857747E11
5.0820060071225784E10
-2.7965574695602783E10
2.4351102147618537E9
7.850367146623766E10
8.922662807152151E9
1.2064687173105298E11
-3.3441053472473534E10
-1.863141793747079E10
2.9687281151869316E10
-1.4495733025503345E10
-4.321412824023537E10
-1.9044393205960758E7
-4.594096271732124E10
-1.7141123279261837E10
2.936233010127013E9
1.4822372193829576E10
-1.1144008176143028E10
1.708394246826598E10
5.278277016773424E9
-1.221236617525028E10
2.260605981103847E9
7.633600225049031E10
-1.2185961939158537E11
9.5338455618819E12
6.302484453715901E14
2.1618331052319407E12
2.833685183127509E13
-7.217632831974812E14
6.85061504976087E14
2.0340986483949862E14
1.0228368732509484E15
3.1441320004169348E13
4.593172102931324E14
-1.6990819442985444E14
-3.2575844776646025E14
1.306172175639595E14
-4.4829571225755445E13
-1.1391606002644511E14
-5.418190109750934E14
2.1316986151599978E15
4.310110480174418E13
1.7295643670973828E15
-7.043310231571432E14
-1.5814450952863418E15
-2.34846377943552E14
-2.775394532600743E15
-9.37620496125909E14
2.4478370165144634E14
8.778480932718386E14
-4.487384646911258E13
8.597041319280645E13
-5.092600909969188E14
1.53892439684479E15
-1.254007407379932E14
-6.546312158315101E13
1.2915735473016084E14
4.8956541666373206E14
-5.9662370023772086E13
-1.1759446146867665E15
-1.383326353235598E15
6.376084275651522E14
1.0687378598194168E15
-4.98308839431892E14
-1.1106813708680226E15
1.4255075309650165E15
3.246742537061867E14
-1.6287257420877738E14
-5.41533164442176E14
6.697515570214798E14
5.638652064653724E14
-3.09326586930119E14
-5.4181871124243956E14
-1.3821994658698255E15
-1.7563826587457608E15
4.863081390885447E13
6.91864161406139E14
1.9806412290818532E15
-9.793364711180531E14
-1.536788387178455E15
1.7794561747020002E15
-4.569835859477723E14
8.152677845795214E14
7.636406728405394E14
-5.635578881269872E14
5.2331094660885664E13
-1.0801559548301465E15
-1.1171894372700464E15
5.082323031057712E14
2.627019660503102E14
1.309807060878471E15
-4.9960696063768475E14
6.05360073984594E14
-4.105205922530213E14
-5.846655734489194E14
5.3398910151187625E14
2.0459801904551732E15
6.629988332895445E14
-2.5276961180822325E14
2.6633052543130366E14
1.7442636355230222E14
8.403444097385684E14
-9.45262220949062E14
2.087742697463251E14
1.2578454938730808E15
-7.095144368193601E14
-1.9804774840948552E15
1.5846253084511678E14
5.279068233760439E14
-5.106331785910799E14
7.136282703367278E14
-1.4548097450301365E15
3.359962816193295E14
9.827211374902518E14
4.731437994338998E14
-2.3173040028667425E14
5.78829841122873E14
1.945345210721893E14
-4.373922536916775E14
-1.175980341813712E15
4.022446571957485E14
1.2065950768264888E15
9.145308604154127E13
6.780248336102325E14
-4.922602890633372E14
2.4673315178727188E14
1.0380260908529997E14
-6.159304527369379E14
-5.0801640830873356E14
-1.2297275446238004E13
-4.5160807773533794E14
-7.868709658802215E14
7.180654988199484E13
-3.068034570759633E14
-6.195758757884519E14
4.533039754093926E14
-2.0345770318345397E14
2.1600529285415856E14
3.604673519349209E14
2.0744154806265644E14
-1.715237308377984E15
2.6575461421084872E14
1.4601703771945588E15
4.659068687857895E14
1.5498447914489795E15
1.4139542260962744E14
2.114430302692599E14
1.0347707318362791E15
3.9085237216100206E14
1.969998016181853E14
-1.1489504407220752E15
-1.1926673135160288E15
4.916388036890793E14
1.5290380607786782E15
3.128936663370192E14
1.4317248606814655E15
2.96714170590637E14
-3.141954141394828E14
-2.1761719066745344E14
-7.211295098239581E14
9.975298358671241E14
-1.7788296690002325E15
3.515425222322901E15
-5.47359846323517E12
5.606551791075616E14
3.772605770108361E14
7.92244088363904E14
-1.6022013167873015E15
5.388777781173073E14
1.2062983351614352E15
-2.1746736929782012E14
6.342784240111479E14
-1.2918586997269075E15
8.142400522765682E14
5.004050799643001E14
-2.273977997086606E14
-3.17499182318321E14
1.4533793669042366E14
-7.458834789667985E14
9.627281905319754E12
-7.191830416538534E14
8.213513471501581E14
9.327941595069022E14
-9.868986657415811E14
6.816077339685636E14
-2.6335585757673744E14
-1.1624134223938192E15
6.957735354140301E14
1.546867945617613E15
6.708367484530895E14
-1.303046543559305E15
1.8082769472032484E14
-1.0516250768438248E15
-3.444999177099039E14
7.970222258374884E14
1.220554363188155E14
-1.4167732571862125E15
-1.0629065970196098E14
-1.1586347049558235E15
5.451776102790564E14
-3.247500020344007E14
-2.3712141553071316E14
1.0353110446109151E15
-1.5570488516802768E15
-1.1905354180245782E15
-1.1308356425958198E15
4.576326238497168E14
3.0345922801263706E14
2.116902370369196E14
-6.131026107261247E13
-4.2306959206977E14
6.776672830835332E13
-1.9703162250060978E15
3.056555129513951E14
-8.130366694886365E14
-7.520388133416272E14
-1.3389797617037915E15
-1.5132041000689278E15
-2.6151809410106147E14
4.1502282667687644E14
1.507647426198797E14
1.8306482048755808E15
-7.771558379993729E14
2.4809430543716715E13
7.252089089902958E14
9.083099116385302E14
1.0875367851783718E15
9.885514143544942E13
-1.1221127306299886E15
-3.8416858521954925E14
2.1830630576729697E14
-1.6572657764413125E15
-1.4002671394855388E14
-2.5535903803220166E14
2.3751483340603475E14
5.642792268967306E14
8.721800286802466E14
6.72191028703948E14
5.996463870402139E14
3.9125950713326056E14
1.148350156899737E15
7.568129663499518E14
-3.842089912113197E14
5.011603130878417E14
-1.0619831646095851E15
6.71410275155338E14
4.672347735893353E14
7.37844028358748E14
-1.5517915846090685E15
-1.4214767690466578E14
4.385033111780058E13
1.0184622034696238E15
1.2887289156772559E13
2.8190181586255556E14
-5.2827563911606525E14
-5.645043389470228E14
3.8819529972750244E14
1.1646659904406193E13
7.252099948558994E14
1.7264202755271635E15
-5.423815800337296E14
4.1131434404145506E14
-5.428508745753714E14
4.803866021181006E14
-1.276057667290221E15
-4.713680972514892E14
1.5910662896626692E15
1.3470577606657878E14
-1.4559946289740658E15
-4.378883510063323E14
-1.1037889408763122E15
1.7246893478146866E14
-5.145536224642947E14
-3.380008186969381E14
1.347265789168668E15
1.2071858578662102E15
-5.15154528210501E14
-3.3123359686418706E14
1.2166126043609966E12
9.651054222784556E13
4.5428090858967794E14
-1.174666522280624E14
2.0304190653296448E10
6.363542752245671E13
-2.1699180381754762E14
-3.3259097403007918E13
-1.632891054333279E14
-1.7933864640893553E14
6.470972655339674E14
1.3893351212656835E15
-4.697574957342076E14
-8.98165086891498E14
1.811523056637914E14
1.066674400574181E15
-5.994034891003938E14
1.0308706931066455E15
-8.914290878302508E14
4.231744567472363E13
-1.0383819339988181E15
3.011114989233007E14
-8.230504452768385E14
-3.4093991921799556E14
1.7811696470833558E15
-1.3213470587354328E14
1.1452717580573015E15
3.0580159677581656E14
-1.9287531562292242E13
1.5603589534197684E14
-2.904203532670497E13
9.195286325795817E13
-7.557234297350051E14
-6.198405303145482E14
-7.218866501640905E13
-7.38026005497234E14
-3.622624602161725E14
1.8270903801492507E12
1.8085791692789956E14
4.691721575046825E14
-1.1086342095456589E15
5.4884168000294744E14
-7.107209344840105E13
5.811745460565658E14
1.0516905536512208E15
2.1770646404612906E14
9.463489802622218E14
6.528682005622525E14
1.6830852929803732E15
-4.265026103788901E14
-7.99569920286741E14
-3.0945138011351075E14
1.678409989627325E15
6.0622611053844625E13
-6.638926876227088E14
2.3955753110332688E14
1.2782344307706273E13
7.241880147152016E14
-1.933185023563242E14
-5.0709608222437344E14
-4.1657575091524E14
1.0474815617666008E15
-7.369431779601884E14
3.0874194665898E14
-1.9790012107929952E15
-1.3199058135852523E14
-3.6272530283186606E14
3.737574042057804E14
6.052353146381694E14
-1.6537838975442053E14
7.205988302110788E14
-5.000765875497063E14
-1.4575155858053868E15
3.403627911431715E14
-1.333229423330386E15
4.441411255935117E14
1.087934985712839E15
-7.293308478108189E13
6.153205778845441E13
-6.130522553437763E9
2.8061165566218652E13
5.652022372444661E13
-7.474585346282489E13
4.34038719007148E13
-1.0314297050590606E14
-3.2059655000492406E14
6.439305164892522E14
-1.3161286380944531E14
1.0050385683191302E15
-4.397096549382965E14
-9.046985921062571E14
7.638505710624253E12
4.804355230339207E12
-1.1201930712507061E15
5.017434336441877E14
-3.241819914076078E14
3.967096680084451E14
5.205271541591883E14
1.127166602603295E15
-2.3556459527287344E14
3.936284637548419E13
-4.512366048917645E13
-1.1626493004484662E13
2.8027988784790725E14
8.25995283557886E14
8.273258099816072E11
2.4654686942643965E15
9.308363945303766E14
-4.1248845581553656E14
-6.881725993385971E14
-6.453626469708477E12
6.082031873675644E14
7.753499252155755E14
1.3992402137041436E14
-4.4797684309886106E14
-1.71561160198883E15
9.02537424859118E14
-1.0731474937237045E14
6.003561664071475E14
-4.6342516223448044E14
-3.853546131825871E14
1.0289009821616006E15
1.0397810507763819E15
-1.628843882028443E14
-3.393671406802245E14
3.547522097223175E14
-1.1172485933486372E15
8.968750654357244E14
-5.071429376758245E13
9.87920389803683E14
8.167319459795895E14
-6.338063394132646E14
-1.4616727209909632E15
-7.720584107191614E14
1.7958631852435997E14
-1.3529637350841822E15
6.895532116060678E14
-2.3821998151017412E14
3.520108066709304E14
-8.337871659809751E14
8.812062745150766E14
1.634224056687169E15
5.877411111671285E14
-1.644816908873795E15
7.786138933724424E14
-1.909551398656656E15
1.226802922773179E15
9.344572067587744E12
-4.3418385428892325E14
1.4815223973367685E15
-8.76649730134999E14
-6.641739213773421E14
1.34457113775759E15
-6.500422899111726E14
2.823231147880696E14
3.04790217721744E14
-1.4063052745551242E15
9.018690555772455E14
1.1857452293962238E15
-1.9351405934445575E15
-5.633214689463806E13
6.892506859240635E14
-2.095066083571022E15
1.0636849954242868E15
-2.6546214111677497E14
3.851287616935183E13
-1.188956095754308E14
-1.3165985678688905E15
8.074448991361174E14
-4.747185301905674E14
-6.079675607819766E14
-5.022732632017767E14
1.5321212535532932E15
2.6658173148427372E14
-3.87621762712829E14
-2.2382831741311072E14
-1.0115589605702255E15
3.6018615501389425E14
-2.4357549509918534E14
9.662878627018154E14
8.71042807577454E14
7.674868600485426E14
-2.673615039643879E14
-7.63778792105358E14
-1.3317063291013988E15
5.644482988822429E14
5.0098985334618356E14
6.97189540757057E14
-7.67188228181898E14
6.630267514880706E14
-1.833150031078998E15
-8.081214294127086E14
-1.940441849824031E15
3.981017572568455E14
1.1677927903210735E15
-1.0247481801487248E15
-948113.865618034
