7.535273015521806E13
-5.763007288128936E14
-4.924435303106906E14
1.381907941189937E15
7.779349409665199E14
2.3443474382702366E14
-3.500324796790011E15
-2.749703495483291E14
-3.6777256816925544E14
1.6215581943822852E15
7.360442163880439E14
-1.4118249033597889E13
5.232592931021685E13
6.066957430386277E15
3.478955000178165E15
-3.5268797059991975E14
-4.316472453404832E14
4.1413819320435655E15
-3.102584052023387E14
-3.5621859164298935E15
-2.859195566773131E15
1.6494327435124844E14
3.007909844319856E15
8.735088668678827E13
-2.618077279016515E15
-2.06720993352548E15
6.61893138272821E15
-1.0490443858228806E16
6.569659916376639E14
3.8985621650032575E15
7.687801778887587E15
-2.827977747887011E15
1.9886922221813032E15
-2.6197018696374615E15
1.9826416217474335E15
-4.56359652952042E13
1.8558693666402545E15
8.738063767799341E14
7.67591810406391E14
2.5454767013765984E14
3.997469375080431E15
-1.4529493595940565E15
8.769125964540769E15
7.8275109912712E15
-3.42089980559541E15
5.747792614932478E15
-2.7953555149427295E15
-8.046264689510382E14
1.0472155295368948E15
-4.356434837734135E15
-1.1111661450362419E15
9.40855680808119E14
-6.311111200864319E15
9.523851672023312E14
-1.2081360274895174E16
-1.9714493733358292E15
-2.6163957475570965E15
2.484011098043636E15
1.0212934823378454E15
8.221048443379869E14
-5.206095834468497E15
2.053107965034933E15
4.610305356152735E15
-2.821299179603181E15
2.4581037653624625E15
-5.774327573721825E13
3.0757606540311035E15
-7.359134946871124E14
-5.094791579911881E14
-2.0146511764939732E15
3.3585610724940703E13
-3.6848799361384565E15
-2.2450432003037692E15
6.146625713716212E14
7.477557417623745E13
1.286393369257037E15
1.5224228611436055E15
4.670216957586701E15
2.74091799604151E15
-1.8714187761910725E15
5.4065524422784225E14
4.9486162334696175E14
-3.0314472812612415E15
-3.8784122430856395E15
1.9019884495374498E15
3.574197492281855E15
1.712527540320168E15
-3.937255251524852E15
-1.6833616972459785E15
-7.213458507589389E14
-3.4328201730592705E15
-9.53501448478787E14
-5.831261176480779E15
-1.7686916530247744E14
-2.8630015799734325E14
1.5623126238583282E15
4.4434002555245765E15
-1.7802558898952562E15
-3.917423944925062E14
2.1508985337098722E14
-1.9310275696205202E15
4.0580699934717645E15
-3.5830900673359315E15
-5.107277713009614E15
-4.579236509416101E14
-5.374044286773668E15
1.8312938819477765E15
-1.5091203108773838E15
-1.8607584612492845E15
1.0220972049869281E15
2.60953671213004E15
-5.899817448331043E13
1.3286179592566325E15
9.540363895751476E14
-1.4038749193313075E15
5.484654721372577E15
3.6823613204396735E15
2.395729435472699E15
-2.36718055094075E15
3.9048501969511575E15
7.443172674073096E14
2.944391635844713E15
-1.2573714863155139E14
1.180261307999428E15
1.1914038700473515E15
-9.215125050300825E14
-3.3906190728498306E14
-2.2867056280519165E15
-1.64786234663093E15
1.3779562032242985E15
-1.9342017452897956E14
2.7128260319010225E15
-4.451629097625322E14
-9.838612110138365E14
-3.745174219321651E14
1.3370016285311612E14
1.2708527684093192E15
5.77239902579319E13
1.7608488324100928E15
-6.16250980676119E13
-3.4073348706760756E14
1.1311908169114903E14
9.817410359780874E14
-2.3062937662449425E15
1.1308361962327355E15
-4.11397062530747E14
-7.950929522948651E14
5.1367416146945244E14
-2.575425396458607E15
-1.681310911251793E15
-1.487137013652003E15
3.530280948887465E15
-1.1408940014760792E15
-5.2090544410069256E14
1.2592057237642682E15
2.080403568364024E15
-9.192065736971738E14
6.560876889388912E14
-8.777324757739658E14
-2.6817039721519938E14
-1.2078520276182065E15
-1.1807684962366738E15
-3.578707857737086E15
-3.641943860458133E15
4.0161491240252194E14
1.1995662244456122E15
1.0117893149944492E15
4.255936883216152E15
1.6761707783622498E15
3.30983841870125E15
1.3101283190120995E15
7.608907102114259E14
-2.8273832268146935E15
1.0602830473717291E15
-3.111736618368684E15
2.6737942903007235E15
1.0592625029971209E15
3.0790392460012985E15
1.3837225174476672E15
3.674413931092678E15
4.78146697301519E14
-6.775975013363429E14
-8.604943548045229E14
-8.101106678911796E14
-1.2164147572430085E12
-3.719283835166785E15
6.804472898620919E14
6.691168282571792E14
-5.691956976092694E14
1.9745872722115372E14
3.6048886897709205E15
9.816390063386724E14
-1.549724807841649E15
-5.4422424019635644E14
-2.620826700190741E15
-8.335504631921414E14
1.0403267566549522E15
2.0588276538026995E15
-2.5566334790787085E15
-9.04055296616523E14
2.2258460270283775E15
7.677925120293402E14
1.6883414666900015E15
2.314055734860519E15
-4.953583000194995E13
-3.2009553659666975E15
-1.6017376196253602E15
3.2027683442227945E15
1.9363309991649508E15
-2.332458049514376E15
4.086350602849099E15
4.4262184148179765E15
-3.8398198042405485E15
-2.5660290867442765E15
-7.432228388483119E14
3.5465299700873915E15
1.6078833390495578E15
6.374769184877916E14
-1.0279240555391538E15
-2.477850540526975E15
-3.2459881477464375E15
8.835035669793312E14
-3.8972137770256225E14
-1.8590615773326312E15
1.215561690046497E15
-2.2385312374127888E14
1.773072187587853E15
-7.215109421944041E14
6.541335657664866E14
3.3402844173604506E14
3.3880095628796E14
1.180352693917352E15
1.374483795261142E15
-8.810455430560459E14
4.013248786822867E14
2.3013582863846705E15
1.0618934208974735E15
2.587865669622116E15
8.469856357716908E14
-2.1812706019191392E15
-2.286404256088761E15
-3.638242844051342E15
-2.902572650748409E15
3.531804708399822E15
7.986262966693172E14
1.1017932960628604E15
3.848137089090066E14
-4.052490439458206E15
1.1590150366916182E15
-2.2679534746380995E15
-9.424122985495448E14
5.831106804279661E14
-4.367404857314906E15
-2.940192350420197E14
3.022962573897895E15
-4.128994553900367E15
-1.8194701084277752E15
9.96629125814791E14
2.984620326785748E14
3.140472934343325E15
-9.241439231770461E14
-2.0627205069351132E15
1.2457999004874525E15
4.1766950963864495E15
-6.435945655971244E14
2.0583065086644238E15
-2.6747086841799155E15
1.2305605998066608E15
-6.231729610563831E14
-9.940642926854171E14
-7.203885307985994E13
-1.2580875043849228E15
1.768063510230408E15
3.1656800537775975E14
2.5293672917916344E14
-5.634268522741406E14
-1.3709765767761768E15
-1.6460566483818312E15
1.6234527170885818E15
-6.744388257590926E14
8.830591548957074E14
3.079189607936442E14
-2.473499146235118E15
-2.864050825311834E15
4.4457227106629344E14
1.5523149422644072E15
-6.924378722657362E14
3.3012334126143335E15
-2.0646111511385762E14
-3.353058468311167E15
-1.302109558294109E14
-1.3352216255687173E14
2.2512766508362222E15
-2.9459975676755945E15
1.1434569921185218E15
-1.9044761487688398E15
2.1415940638667282E15
1.524529286332278E15
-2.0027645013680058E15
-4.3923808760653696E12
1.8376456080930978E14
2.0385319379388925E14
-3.672971104670352E15
-3.397988402138312E14
4.521318508619581E14
-1.1233523099419039E15
1.7100825551293592E15
-2.0976489515889492E15
6.028312678200806E14
-2.8482144416373306E14
-1.5770433610836748E15
1.7749191800687855E15
-7.991012013081481E14
-1.214672768649121E15
8.9820573535055E14
2.0906766130247122E15
-2.975152476938786E15
-4.850612311260145E15
1.5713962106298492E15
1.6447069401394888E15
6.334013223268348E14
-4.73269714732466E14
-8.59204249333588E14
-1.6129186727878992E15
-3.0947959039879695E15
2.7957004871943005E15
-3.015034399838755E15
-8.529155182736545E14
4.3762423395829565E15
7.848056548176691E14
-1.8438868298562115E15
-1.2547280626887892E15
-8.651644996659085E14
1.1206724688291304E15
-1.4853858760166784E14
1.9005379746200705E15
2.1498327507228178E15
-3.788232150618529E14
1.304272900387186E15
3.490336452425104E14
-1.582989753443126E12
7.377234084191024E14
1.9967741746139202E15
6.541879047892068E14
-4.930000169805943E14
-1.173323542738056E15
1.8279728384213984E14
9.595516721380681E14
-1.6386211973255778E15
-1.3220190671289548E15
-1.8222437532828915E15
-5.347058843632568E14
-5.334734161966693E14
-2.3781384844967212E14
-4.8464265298251744E14
3.617057910846785E14
3.668550734867461E15
7.028657446842565E14
2.195842555449636E15
-2.888868412217267E15
-5.651434996765053E12
2.71073606900131E15
2.553237498960182E15
-3.427585313958867E14
8.984985187171194E13
2.489475321248006E14
1.0203621816313009E15
3.5984954651075085E15
8.960318950846284E14
-1.4720135086391938E15
-1.8199885968597638E15
8.107890064864486E14
-7.669354650735834E14
9.151725647130071E14
1.1417749662266848E15
-2.257450958938962E15
1.4130436475123498E15
-3.866146324049864E15
2.0919257386806062E15
8.965230009487022E14
-1.064691484675574E15
2.4572626906995825E15
1.3829164245076542E15
-7.564165340666714E14
7.463243428524772E14
-1.4254472464816942E15
1.0797494257287924E15
-1.4813062944969312E15
2.67535137398001E15
8.584822934768991E14
1.3654503084824368E15
1.0393797780533935E15
-2.3086542849936085E15
-1.5956313008668678E15
1.441602177515533E15
3.2407365821289265E15
-3.475184719626593E14
7.497841926800405E14
-1.602385074365857E15
2.0168353131329712E15
-1.2526617503646188E15
-6.500727953865396E14
-7.503202523901873E13
-2.5921158787989245E15
-8.599723105716321E14
-2.4324716843121435E15
-1.1528859627821878E15
-7.53396994747012E14
-9.565293678214708E14
2.111664507122198E15
-8.764275065006065E14
4.654135084215555E14
3.3293574572317348E13
-4.3127710702705556E14
-2.0982858057204978E15
-4.892212984874804E14
1.6209736329622218E15
-3.650583805489089E15
2.420331764811751E15
-2.4083666254205345E15
-9.476178770884986E14
1.4371487771315548E15
1.705140278458211E15
-7.224898929663916E14
-2.1738040359443488E14
2.021615557995558E14
1.6588320378354625E15
-9.003421269937929E14
-2.1951292587507668E15
1.0734908331621914E14
-2.7305863349974965E15
-5.10589080570543E14
-2.3286876416632925E14
1.8801057842058778E15
-3.947796889961433E14
-9.488114097617131E14
-7.155235985857494E14
-7.276269790874824E14
-8.322255977409795E13
1.564201975632156E14
5.891890672368804E14
-1.465270164482073E15
1.6419988188989912E15
9.250144836598761E14
1.3699505227580832E15
-2.4584949305722353E14
6.772591011666249E14
2.5513948339125485E15
1.673156878533991E15
-1.4924239879124488E15
-2.6663258576843975E15
-5.580683127230549E14
7.058773906016162E14
2.2423362462409072E14
-9.435998015391895E14
2.51537584800209E15
1.7428805380768608E15
8.683970596852266E14
-8.231382580226804E12
-8.336197004580006E14
-9.447846767194715E12
5.155176154327581E13
-1.1508462174387085E15
1.7414614835955465E15
-9.969638264351861E14
-2.4229803217519875E13
9.705555627816822E14
1.5686168311269188E15
-7.749034503760368E14
-4.614610983712562E15
-2.0321086420763652E15
1.0423738260694228E15
-6.453264585677611E14
7.913185950541045E14
-2.923436469755061E15
-4.6560189771556325E14
-1.0166365459305474E15
-8.818287827543964E14
4.652887549926445E14
-1.6671490690102144E14
-1.8957156101328552E11
1.535776046687902E11
-2.853888481680386E11
1.8242952740439975E11
-9.538235841316286E10
-8.899131963570396E9
-2.34653821490193E11
-5.3538085578598785E10
4.8246319454332375E10
-1.158033677042014E10
-7.391686826006738E10
-3.585430726384354E10
1.4894283002851942E10
6.376686783782369E10
-1.6087631125559394E9
-3.905106234049459E10
-5.709887669923454E10
3.0973258698382366E10
2.5684763649202082E7
1.0870493763624963E11
3.835103909531337E10
-1.3516532711763102E10
-8.46774643831212E9
2.739668843082038E10
2.7057288367734485E11
3.472666796667546E10
-1.1826921385886698E10
9.347056661295059E8
-1.5474546881034176E10
1.606054610953443E11
-2.768517643174033E13
-7.11132465642406E14
-2.536555313871218E12
2.6273279824914344E13
8.35995714053707E14
-6.537802506255142E14
-4.1237366168095806E14
-1.4899045044228982E15
-1.404877614723389E14
-7.897655486121954E14
1.3408362889693719E14
5.3764674247320325E14
8.222268569380394E12
-5.018527565536573E13
4.8464846457024594E14
5.451300352347219E14
-2.9212733642202855E15
1.0761651051825927E14
-2.409367172140678E15
1.27920370648325E15
2.5597370744069465E15
3.150804727246673E14
3.7668634381522675E15
1.2889921412427022E15
-4.2759358819180225E14
-1.0274295681171608E15
-1.4524021060998072E14
-8.055798005631276E14
4.4449254501747325E14
-1.9107922009884352E15
3.9256953647453194E14
4.7651804635757094E14
-1.7761819455016903E14
-7.892797159490422E14
3.7527613261908994E14
1.5246667764654912E15
1.90275910847627E15
-9.534834312981169E14
-1.493162536502197E15
7.059499026840946E14
2.080445128560909E15
-2.5025858791681685E15
-3.601239540918845E14
3.420839355337168E14
9.628425057752375E14
-1.0260717470178635E15
-7.758201496728335E14
4.405098956673766E14
8.673135603400342E14
1.8895208640685412E15
2.3006750200367835E15
5.657337034339285E14
-9.631019822075699E14
-3.20788767311016E15
8.028569710463861E14
2.2624265150307335E15
-2.0632462312784655E15
2.034881313793884E14
-1.6599346904138182E15
-1.3238077722274378E15
-1.0609702953934105E15
7.022686792274192E13
-8.623189842881999E14
-1.5563314255020662E15
3.4974751346969625E14
-7.173400022645816E13
1.9636611245623795E15
-8.004978069672449E14
4.564919952355599E14
-3.711976425397581E14
-6.347605372737052E14
6.85875245005341E14
2.814447550725952E15
9.746603390273839E14
-3.1358524448326975E14
3.7090003513156144E14
2.8767535740710394E14
1.3144544141274898E15
-1.6208460306280145E15
4.055440113762548E14
2.1156255200074998E15
-8.73887815483693E14
-2.7497006433469445E15
1.8964508155281284E14
6.200497877328569E14
-6.644329535063485E14
1.1276832962558252E15
-1.8261126980748625E15
4.4491235241742775E14
1.416171556873789E15
-1.0845275410499655E15
2.86640463044601E14
-7.880937641185225E14
-2.2434978584288684E14
4.6292164550614875E14
1.680093653501812E15
-7.682658287659681E14
-2.071638106514706E15
2.0854798766329828E14
-1.4934383757919288E15
4.355229410645178E14
-4.437315134986381E14
-1.2443369095496925E14
7.516560780456626E14
3.517764467208423E14
1.0552853857906486E14
1.3947162956738308E15
1.0593711443394049E15
8.408228333997867E13
4.430042395182339E14
1.307247850432787E15
-3.303743788989951E14
4.9121903158140194E14
-9.358404568826216E13
-5.782680987878286E14
-6.129917124107402E14
2.6784089789565695E15
-2.2686302462342544E14
-2.0245758292987035E15
-6.531848364445809E14
-1.508812985800628E15
3.0502325543140644E14
-2.362772364485036E14
-1.4665249683764608E15
-3.360902195626728E14
-5.5242454945626156E14
1.4350864662340042E15
1.5481465444325555E15
-9.18843617148532E14
-2.360341275957382E15
-4.207249796435366E14
-1.4494142832575945E15
-6.372846490730265E14
2.9755429212714244E14
2.871679009390145E13
9.196279664527021E14
-9.40836263318711E14
2.492522893750828E15
-4.650555782746752E15
9.232950265388415E14
-1.159200917507611E15
-1.9117824556845988E14
-9.294712100502319E14
2.3221800002897865E15
-7.762512183523676E14
-1.5632822243878068E15
3.671289970520548E14
-9.097152506057229E14
1.8438761485622735E15
-1.2761242171408338E15
-6.418783904441194E14
3.033030963155141E14
2.0360915701576366E14
-2.1662728555229203E14
6.835994087421565E14
-1.0216888851529339E14
1.2772883430059785E15
-8.674377669176335E14
-1.1073090202740398E15
1.4686043192484335E15
-8.269347948149955E14
9.520090194508628E13
1.274616503915698E15
-1.124772111877306E15
-2.2583184017827765E15
-1.0762796421291096E15
1.2493246592533608E15
-6.504284883763069E14
1.906154644913425E15
6.203005447765684E14
-1.0110498784160864E15
-2.918069148742394E14
2.096267566797848E15
6.685391995193192E14
1.335592912906087E15
-9.414257719501641E14
6.938442867080224E14
2.52041067523216E14
-1.132702382579197E15
1.813464309415632E15
2.0840801659330222E15
1.9826697233968392E15
-5.591693601577012E14
-3.654233761894032E14
-3.103526804660155E14
1.428910077057718E14
4.901124833050092E14
-1.0498190776507348E14
2.7979173363086915E15
-6.730255931601979E14
9.775939032747561E14
1.1123639121306606E15
2.1265963194302882E15
2.1812858064729892E15
2.3576376007211022E14
-7.869090023451589E14
1.523927744268735E14
-2.414525640133521E15
1.2483250795315358E15
4.367224907422611E13
-9.262073004359448E14
-1.4117412282432575E15
-1.5738302124457738E15
-3.2924582011533194E14
1.5336038016662478E15
2.1925864108528016E14
-5.894310701392201E14
2.0058210141202162E15
6.010432424232029E13
2.2494833310951528E14
-7.825966426844251E14
-5.977881034987209E14
-6.84072898871104E14
-9.687671816869141E14
-6.01704092847515E14
-8.315958428725385E14
-1.6293480106412355E15
-1.20457537567394E15
4.9258891965633375E14
-9.458830070202622E14
1.625929269457429E15
-1.1650184391411998E15
-1.0040372651679028E15
-1.0359179867778791E15
1.7556570513755405E15
-4.728235238766233E14
-3.3865943912492256E14
-1.4005486894749222E15
-2.0022931218564034E14
-7.813383960581582E14
1.2270067832707935E15
1.3523918816637185E15
-6.319347985903892E14
-1.3986610856805706E14
-1.116643762665122E15
-2.399853998157218E15
7.957537775524188E14
-5.851586602442552E14
1.0842415160642222E15
-8.436316896634338E14
1.951045908283006E15
1.0416681928642039E15
-2.2376025119075812E15
-3.052758769988255E14
2.0457890743810308E15
7.654164221934325E14
1.3935584223175245E15
6.5574183032129E13
2.9884127954989356E14
3.1624340446817625E14
-1.8678329663014422E15
-1.7293929647569278E15
5.875140698405626E14
5.799868152897504E14
-1.3493135485473157E12
-4.962294485468095E13
-5.831216965358702E14
-6.098353139795459E13
4.630925713195395E8
2.533127237205777E14
2.0590631062973003E14
3.871091271618505E13
-1.0271381420579872E14
4.518222725344908E14
-6.591566014239138E14
-1.9085941118787185E15
2.9092336500601375E14
1.0330959208414476E15
-5.687105262698974E14
-9.61299001818821E14
9.38732700047016E14
-1.27092319761577E15
1.1834193699405975E15
-1.435454198328995E14
1.2192137642042015E15
-2.4392075445316644E14
1.5571032198417215E15
6.751765838867012E14
-2.145791838128725E15
1.5773890113547834E14
-1.7707643711861232E15
-4.405532644683984E14
-1.534575273280134E14
-6.1556425135661336E13
-2.1396742297723934E14
-4.569637893295305E13
7.717288469426828E14
9.068544940813278E14
1.5764252679230678E13
8.071843900459656E14
4.957809270710352E14
5.625736658155372E11
3.8328522538276555E13
-6.324459349381265E14
1.2438314718565708E15
-6.896300967885596E14
3.3155285523008305E13
-7.763208872184874E14
-1.6094355445765035E15
-3.6985313169280275E14
-1.1870763405350048E15
-6.681535398625944E14
-1.917407964906877E15
3.9455397570720406E14
7.099785700598298E14
-9.73196863532234E13
-1.9518715647588495E15
9.166690095860361E13
1.42355746751473E15
-6.655121417715966E14
-1.4410802991405432E13
-1.278373748679605E15
3.357638446848339E14
5.802839340270958E14
6.654651308537391E14
-1.4396850914916432E15
9.83973318443259E14
-5.619956767314329E14
3.024891172398491E15
-2.9164787482885062E13
1.1439284143739895E15
-3.133512736189007E14
-9.28320479330912E14
1.3801303511957183E14
-7.254292166917529E14
9.340157934143856E14
2.0027604929433008E15
-6.10624361620131E14
2.173664559924392E15
-8.335903749049848E14
-1.8254162842121488E15
-1.9775022490853366E14
8.84762554641049E13
-7.811066748918193E9
3.4302885666903188E13
6.458108580825363E13
-2.3123491406201633E13
4.936684067776178E13
-1.585256491037052E14
-6.637162904638259E14
5.235944815675129E14
-2.2382451530225966E14
1.225875646928271E15
-7.14629100853035E14
-1.0607279528902065E15
1.181418620524759E13
6.551190738462796E12
-1.56469668502309E15
5.3375766140463694E14
-6.562994271654004E14
1.0612897073262872E14
1.1694477009449255E15
1.7445157939880695E15
-3.165653754745247E14
4.996027284781457E13
-1.0357917387822312E14
-5.073191034852287E13
5.877908716470178E14
1.2515003306406E15
-6.391139453451337E11
3.2823188465876105E15
-1.17524146154427E15
3.044548469128398E14
9.749598086643094E14
-4.412773715660949E13
-9.247535302107265E14
-1.2739151889704502E15
2.0713205903639784E14
1.5910965197548497E14
2.65228430174458E15
-1.0348298520852046E15
1.7637076021466166E14
-1.2068571581053058E15
8.766484895638331E14
5.103907323586904E14
-1.5577960053978932E15
-1.6250596261098218E15
1.4876715780508912E14
7.045937520646579E14
-3.3967463307965744E14
1.5179252488031995E15
-9.838794986674106E14
-1.484423770024566E14
-1.6035009571512648E15
-9.507361033537001E14
1.0395700220623446E15
1.4524045555913668E15
1.0580398677889142E15
-7.308770987164648E14
2.384958580283487E15
-1.241181253843319E15
8.239126705252664E13
-6.701854043559361E14
1.0315225045467839E15
-1.437621195392791E15
-2.205391202034585E15
-5.2132539382071725E14
2.472051022036867E15
-1.0259366558953192E15
2.8544765306238785E15
-1.9940123621154092E15
1.5337071318107338E14
7.705621588378792E14
-2.2276312231999952E15
1.3243678790543775E15
1.0290348454696462E15
-1.8529690510770032E15
1.2848529443057978E15
-3.958781037033035E14
-3.7076257598058375E14
1.969301607809211E15
-1.4371409732823702E15
-1.5300090540396998E15
2.7547262520094525E15
3.425365931115575E14
-1.201061426616753E15
2.748955055214171E15
-1.588981897781603E15
6.979679051750938E14
-1.319533489112009E14
2.3008209154969484E14
1.739419064551387E15
-9.365674857013095E14
-1.9542007636026538E14
5.2735436302518844E14
3.9802013991589606E14
-1.9410258738607538E15
-2.9426289027747194E14
6.95028680969569E14
3.78671724208732E14
1.5744613088800088E15
-7.082713064000642E14
1.709747106030342E14
-1.2752955801956662E15
-1.5638747172174922E15
-1.3019427844925322E15
6.859801054596456E14
8.568884431320014E14
1.3052309007497668E15
-8.943139654071199E14
-9.020704861778662E14
-8.724882341672741E14
9.029056174732304E14
-4.775832764463731E14
2.0616490009144718E15
6.301054090155869E14
2.6930476991369405E15
-1.0848043677790899E15
-1.9392473756833258E15
2.1221928214821942E15
1483345.4267065495
