-3.5161423104797938E13
4.257332420145175E14
1.8331383912263773E13
3.38872446631506E14
-1.8634382958782347E14
-1.2018072238756922E14
3.9578795427651085E15
7.242164929758508E14
2.507351138706465E14
-2.3934206324519755E15
9.934564374682466E13
1.5326219206743455E13
-8.618552286773772E13
-5.388518201598713E15
-4.759864588384654E15
2.7792300237197003E14
-4.504343519901229E13
1.932591800021727E15
3.248788198499246E14
3.93811554467378E15
-3.3614780845281544E14
-1.837470740193311E15
-6.588378598058082E14
-1.9418487450172953E13
1.2635787799884098E15
1.2313139590658158E15
-2.991516847993758E15
6.627697243001229E15
-3.96138467757725E14
-7.00866313429161E15
-1.1316844482864522E15
2.4256203087178435E15
-1.706196832359509E15
4.3712057242885385E15
1.5576626423369448E15
2.3199653928167403E14
2.423144246042276E15
-2.5505315504182887E13
-1.9296216871728818E15
-1.3041703895379662E15
-3.82856066228608E15
-1.0611609330786421E15
-4.515926960727771E15
-8.076205299202374E15
2.3563050840075735E15
-5.139113677311731E14
-9.349478496784119E14
-1.7903855453157838E15
1.3311040578776E15
-1.1666638306284664E14
1.7301576794558035E15
-1.2016051268944818E15
4.3742858269791925E15
1.4042305361267185E15
4.102749733486481E15
-5.804094498684202E14
2.247020340325402E15
-2.316726970183488E15
-1.2696795898768308E15
1.214341205343715E15
2.25353229664924E15
2.160643056802014E14
-4.799639745573174E15
1.1074158494702006E15
-2.608170794975915E15
-2.7164023002984405E15
-1.9269432320871925E14
-4.589902780394971E14
2.114267309104935E13
2.0700897089943015E15
7.261878990322336E14
2.2563324080450575E15
4.4191298659122575E14
-7.83390021515526E14
2.243135013098923E14
-1.6708196099377372E15
-1.5313779330459392E15
-5.458892103899971E15
-4.555121346944283E14
9.54919160922897E14
1.4623731994571468E15
-2.459758281016169E15
2.388108815652813E15
3.7926900217583955E15
1.8471714372742116E14
-1.9203055461402322E15
-1.1823936219489522E15
1.9476240522054888E15
1.3747232377332245E15
2.6179795340823175E15
2.234251041266384E14
6.078354552551142E14
5.635459785142239E15
5.091626135390125E14
4.779955978670893E14
-6.929428493668158E14
-2.4892730916640345E15
2.017091740825845E15
-7.172477856254436E13
-3.090100754214019E14
-9.666861322827472E14
-2.0959094198276668E15
1.8288264884643932E15
3.840449325120486E15
-7.541572345794398E14
3.8258984523296725E15
-5.346925884447908E14
1.2332789036184862E15
-6.772500323118578E14
8.695170707256761E14
-2.6386041108420665E15
-8.257041400550484E14
1.6606482171220795E15
-6.761926327740309E14
1.172254166358217E15
-3.65959071129694E15
-2.852817024782955E15
-2.2805349355178205E15
-2.7977930535368056E14
-1.5888735165114048E15
-8.681276184477649E14
-3.760840306656139E14
1.2607428603632512E14
-9.534383848571009E14
-3.3387192677802175E14
-1.0648547742558192E15
5.2507370147751194E14
1.6516585995575475E15
9.493172028233741E14
-9.134909013714856E14
1.1233635127582795E14
-1.514677570000786E15
2.783525122591948E14
3.086958208557129E14
8.303346298413053E13
-1.7569434947836053E14
-1.0792337174771246E15
-3.36859765258112E13
-9.325842476733889E14
1.3365731277351753E14
4.140064459747054E14
-1.3047512207060645E14
-5.907887813006794E13
1.6243143375924805E15
-1.7923080155149884E14
-2.6433713477515147E14
1.4136830148422255E15
-4.646571139083121E14
2.431232811131948E14
1.0579986836498016E15
2.54850421617058E15
-1.6283810434771172E15
-1.835701417501026E14
-3.104228766073712E14
8.274561347583839E14
-2.2459554574881118E15
-1.1811438010423428E15
-1.6383878701186148E15
1.3079850920241688E14
-9.68549045494264E13
1.6203768905302598E15
3.048604515025899E15
4.074281276574392E15
4.4841494165310635E15
-1.79477483710673E15
-1.0309928575202134E15
-1.0362129431161422E15
-3.1289686544834175E15
1.9643828534466362E15
-9.862165083376866E14
-1.6890795062386362E15
-1.045091734445037E15
2.1799283590177495E15
-4.641098380290816E14
2.5703487134611065E15
-1.5185459574378298E15
-1.976323681608031E15
-1.2566385462518555E15
-2.4612405746593038E14
-1.8083915571799528E15
-1.839369784250184E14
7.84285810653514E14
-1.691924803346315E15
-7.747213504268456E14
1.9838144803137682E15
1.7601616064319915E15
-1.179031295281862E15
2.7043983007064622E14
-1.5082739182891352E15
1.9260502040221484E14
-2.923359934476325E15
-6.79343934510636E14
1.1488445644832385E15
-8.978428659268488E14
2.631478862468543E15
1.3096892362668125E15
-4.569732296600331E14
-6.440399304410621E14
8.842050921594641E14
-1.0483110253168127E14
-1.8232441161323512E15
-8.447979674054052E14
1.632849954353479E14
-1.2955159852166775E15
-1.632971987957568E13
1.9343588854091372E15
1.2932923968724835E15
-8.927400691631979E14
6.328549279199191E13
1.400336710130292E15
-3.7297515601549275E15
-2.0503944528058918E15
1.6212533153652062E15
3.97211781021256E14
2.925472145311892E14
-1.89261942712171E15
-9.272948681998521E14
-7.235147711295321E14
-8.141045232073385E14
1.915650384977052E15
1.9006767347585068E15
-1.2684031446705938E15
5.827844255694782E14
2.907349968066559E14
-1.2445256874249392E15
1.08881085642507E15
-1.0207519849145619E15
5.77820862739959E14
2.087250501230183E14
6.2109306230743414E13
-1.0670696934763933E14
-1.8013288617536802E15
1.5078973683819092E15
1.8454302799180462E15
5.510790146287277E13
-2.278083690087325E15
7.849551784029269E14
-1.1839154528883082E15
8.283178673229695E14
1.1005255969004138E15
1.286663128420566E15
2.3326935908630685E15
1.6805287527885302E15
-6.743978270586939E14
-1.1651604952459735E15
-2.1968750467301172E15
8.809319286463864E13
2.395783463791592E15
-1.408597211853972E15
8.008777488075759E14
1.3902985775972268E15
1.510365850848881E14
2.1569193337494578E15
-6.305244933199878E14
-1.178527795361384E15
2.4925003922574945E15
1.9772908020152584E14
-1.5020452756226E14
-8.031057497983297E13
-2.7564527688193655E15
9.640090349787484E14
1.2502344103544432E15
-1.0323756127734572E15
-2.564180316093968E15
4.6940085614256094E14
5.021393571424474E14
9.039830186073831E14
4.4184962151702656E14
3.431448736693849E14
-1.4178452990036965E15
-6.8820009174999445E13
9.08370847589975E14
-1.2353367389216065E15
4.198044626344069E14
9.030123064768082E14
1.1357658699221478E15
-1.3613146190130825E14
1.4888154178718772E15
-9.232847627390648E14
1.3129860583702565E15
6.678086923144562E14
9.43020290346931E13
1.827610918726671E15
6.985164060411885E14
-1.555708313955578E15
-1.1355618180930275E15
7.430566164247044E14
-3.5712397048754105E15
1.123057695885325E15
3.145346123141164E15
8.182697843117306E13
1.2717986743888053E14
-1.187700517204264E15
2.1639663157872722E15
-1.4346965576259902E15
1.3477856561321358E15
-1.1752972247338455E15
-2.1956277272139488E15
6.491185331456315E14
-9.231461591937625E14
-6.026429849530424E14
-1.6421305076770028E15
1.6662590496996095E15
-5.3466769894913356E14
5.74270284904671E14
1.8922715788042435E15
-1.4256227505176848E15
1.0484927007102502E15
-1.4790404952556158E15
-3.033908845212102E14
6.217926673382799E14
-7.913633543006506E14
-3.5208243581873106E14
1.5889307360600072E14
9.376584597751545E14
-1.4827240949216798E15
2.4385316988889185E15
5.546730603404704E15
-7.442255663323034E14
-7.969803217518574E14
-7.915486301862576E14
1.8705541423782702E15
-4.8882453350637525E14
-3.867865042187339E14
4.740778880581258E14
-1.0939934367597412E15
9.657507515094716E14
4.831091780667959E14
-1.543569915416188E15
-7.194673524331861E14
8.14072768398801E14
3.583753702776505E14
2.1980979756054642E15
-3.3257446238141506E14
-4.55420706665852E13
-8.239315345643561E14
-5.614162863484656E14
3.944191238131401E14
-1.0274724697066155E15
-7.655551344457829E14
6.712650151330192E11
-6.68124513620101E14
-5.717483023187581E14
-1.0416148286472456E15
4.618925913795973E14
6.741141769368474E14
1.883170753931761E14
-1.9943340259269305E15
9.700339945375026E14
8.472456615096589E14
1.3812787917040738E15
-4.450698422479518E14
1.0228689586343779E15
7.531226254707516E13
1.0712611478747658E15
-8.494273299754799E14
-2.4512586376772135E15
-1.1600289250154372E15
-1.4520855616265855E15
1.04814877836389E15
5.3318376375916075E14
-7.711179984085539E14
-1.6882276139749645E15
-3.282067792359016E14
1.6450544522679108E15
1.75050346775093E15
-1.6168113083001838E15
-1.5493352107636825E15
3.478614464164903E14
-5.857673509249513E13
2.2282766405723438E14
7.881833479660571E14
6.720581681505498E14
3.395941260080399E14
-3.40024043810884E14
1.4145052529972588E15
-8.157165812356861E14
2.3372424822275535E15
-1.155803507940444E15
-1.1455369217793118E15
1.882252531018999E15
-1.2993183030789058E15
-9.012726570528752E14
1.3258617471017148E15
-1.5985940001285088E15
6.848632580678379E14
8.79076398866449E13
-4.2807737078848894E14
-1.6491727870191248E15
1.1109506268826821E15
1.7481506035060592E15
-3.109565669266821E14
-1.8241239177697012E15
-1.1020416728839501E15
2.185019996187695E15
2.3625990822433935E15
-6.439674029411889E14
6.493789557999598E14
5.100007745466944E14
2.1909574782386956E14
-1.4104333332093015E15
4.543205557081859E14
-4.0710111181291344E14
-6.031783897539906E14
7.140877510697359E14
-2.932255160238377E15
-6.169647110243094E14
4.781036591183223E14
-7.167299399260339E14
2.0474739728292445E15
-2.5346881071873784E14
-9.813405186839885E14
-9.23045518521865E14
9.06984571031078E14
-7.910294286380501E14
-8.968461252581105E14
1.4188123619333888E15
-2.2582471713385985E15
1.1827926414255178E15
-9.043037069658292E14
7.726989493592606E14
3.410032404384309E14
-6.777599370927086E14
4.27880816876752E14
1.6680929530443383E13
-7.950160484839148E13
-8.31233932095095E14
1.277915177815679E15
1.6903103548290118E15
-1.7835365592403475E14
1.4774921606254308E15
1.1604706918985818E15
-4.0799336993511725E14
-1.6628457986687998E15
3.3800275439321E14
5.946180776286849E14
-5.5944038221618575E14
9.105533381217859E14
1.285578969630338E14
8.41737526376733E13
-5.946059879141336E13
1.0638540383715519E14
-7.965624927585548E14
7.156592566493416E14
-4.169169912467392E14
4.218308285582456E14
1.2534031000987648E14
-7.644516603186768E14
-1.1496894113941898E15
1.7707068367458922E15
8.207800278976331E14
6.115082895170356E14
-2.8980926347287594E14
-9.883655379873476E14
4.486145065991462E14
-1.1031435179311622E15
-1.524223176548737E15
1.446142428858783E14
1.5656391924011034E14
-3.062923848486735E14
1.14736017727266E15
4.039396208235306E14
1.0099969822199028E14
2.1438903507756853E14
8.700667316489352E14
7.687718526271388E14
-9.3532951443682E13
1.0906905129563442E15
3.138969335464944E14
2.2209613732572062E15
8.723003201715032E14
-5.5687624147673094E14
4.818508217633408E14
-3.320361735583692E14
2.49813572071657E15
-1.1123592163065808E14
4.5660101946219056E14
6.120896642735234E14
-1.7371176357810035E15
1.5573409977579872E15
1.4814025086464426E11
8.77928851151071E9
-3.6155780539746576E11
-5.050463639050492E11
-5.057274786416687E10
-1.592861269333642E11
5.043925369387194E10
7.766637747414452E10
-6.777594108775505E9
-9.29691066214555E9
9.964343874525096E10
-1.019349276541615E10
3.9586981950742914E11
1.1573095318540363E10
-4.51961529815279E10
2.5952666889625633E10
-1.4447019573445764E11
-8.768491613398283E10
-1.966381006175478E7
1.1999975839542933E10
9.03392638779418E9
-1.3154279110981026E10
3.294391456839738E10
4.589888728480771E9
4.2814980588167694E11
7.573595251803668E10
-5.345623438093157E10
8.883740132299414E9
1.982484092242843E11
-1.415299825988704E11
-1.670091068717031E13
2.8108730698303075E14
1.0302393809414299E12
1.3949553548194019E14
-7.849904773785851E14
7.803287184950051E14
5.217194422308385E13
6.795905749566736E14
-9.31271611559694E13
3.876781362100221E13
-2.08305081214487E14
3.1969651446515206E14
5.169993137020681E14
-1.0847182693100877E14
2.590017711988235E14
-1.0294465178940979E15
1.832934545217109E15
-4.759131940430656E14
1.3739129669258762E15
-2.4342245431495125E14
-4.654574436949227E14
-5.911876775291722E14
-1.5391096061733985E15
-8.852409980525592E14
1.9859102885498903E14
8.342818827807551E14
-2.5777854871933727E13
-1.069205995333355E15
-6.147157067231895E14
1.8285710971634725E15
8.488721497001365E14
9.074847342670061E14
9.765560319470927E13
3.033865686364497E14
-4.548519902076087E13
-1.459235601825075E15
-1.4418160106564815E15
7.155577173377235E14
9.570574528433431E14
-2.8880903443772556E14
-9.028734401258378E14
7.401741838023138E14
3.316530096382238E14
-3.073981797057133E14
1.902381200545404E14
8.300274029557188E14
6.005145724890212E13
-2.111844236614427E14
-4.782336332224613E14
-6.67092262175521E14
-2.0757070509030302E15
1.638036944070441E15
1.0385591896324294E15
1.5481353826285632E15
-1.943514253376034E15
-1.2805382457989248E15
1.3010109157479485E15
-1.5405028755343652E15
-5.976030236594631E13
9.061861792529554E14
-5.093236440828755E14
3.615796488946729E13
-1.0925377398369254E15
-1.128599767343558E15
4.3534266078129925E14
8.075707896218322E14
4.216668015535597E14
-2.8843599540976332E13
1.305590776537196E15
-9.769595838498322E14
-5.497552689284008E14
1.672234073799183E14
1.9319891460603502E15
1.0263227436245732E15
-1.5034919989036047E14
2.3688420200042725E14
2.975054596028295E14
4.714785660958799E14
2.3913453012850883E13
1.8735750046153888E14
5.861751992106396E14
-8.428547235530714E13
-1.6825550538824685E15
1.752123030112837E12
9.24338815948998E13
-4.2372084454890906E14
5.5240771484591425E14
-1.5466477705734555E15
2.1169319277358634E14
6.633009414050464E14
-2.3598688033338034E14
1.071576408822399E14
8.670107543785255E14
6.520399626237305E13
-6.172807945195921E14
-6.866640926829116E14
1.6439617303711212E14
1.519584264075096E14
6.323243888577972E14
-2.7869768653029803E14
-5.64268713446575E14
2.0305170694037197E14
7.130634873969986E13
-6.568548639054034E14
-8.288431863870099E14
2.2633285328247784E14
2.5904674929866872E14
-1.0498857027526415E15
5.9252802957483664E13
4.907848822399278E12
-1.452879883437064E14
5.610161477372771E14
5.338853260966791E14
1.540287492187533E14
3.1420695495259676E13
3.346750400243003E14
-1.4184637559636105E15
7.423200486658889E14
1.256863292250385E15
3.8395467511194606E14
1.8149482775584162E15
1.3401611101701716E14
5.576632322125817E13
1.2999272633927025E15
1.6563888189916504E13
7.784246011875056E13
-1.557610085478354E15
-1.0958658238845312E15
1.637678325186289E14
1.3970430385876662E15
-1.0758353036210067E14
1.41504410586364E15
1.6133653261681047E14
-3.3374399435687016E13
-1.3111394812548022E15
-6.876256611233221E13
2.1392225824616558E15
-2.570783081126379E15
3.1527391162537975E15
5.932294429448102E14
-7.421497014209048E14
1.6883030712989462E15
7.303872149077256E14
-2.503050293338701E15
4.5194851736003794E14
1.8560903840955768E15
-4.90617244116637E14
2.3591731952985066E14
-1.8240050586730378E15
7.891158957224442E14
-1.049453601949198E13
6.663122669911051E13
-3.277976976778549E14
-4.486031920880758E14
-6.936945663665045E14
3.194013279717162E14
-4.6978974523281694E14
8.830965613361978E14
6.056278587616286E14
-6.514342349380814E14
6.689575681230942E14
-9.86171679132447E14
-1.7819661624645342E15
1.085225348807077E13
9.016970586562886E14
1.1595279890863785E15
-2.0729918867043108E15
-8.3169278890001E14
8.68888612733536E13
7.490979134636736E13
9.252645690260374E14
-1.6364601159989588E14
-7.85307768296588E14
4.0403491485968394E14
-1.250830917153333E15
2.342695558381272E14
-3.7094765659570125E14
2.973348048326479E14
1.738456866762272E15
-2.8144831923294765E15
-1.1060225886728026E15
-1.6280040121762922E14
-2.8023153418301457E13
-3.7339331780073494E14
2.1070957156989522E14
3.707945640427414E13
-1.5266654259643052E15
8.250204267412284E13
-1.9876066483836672E15
-3.1186196105260425E14
4.050740393127072E13
-2.9062445377484994E14
-1.7765842164678218E15
-1.1296833486188685E15
-4.1483454037779756E14
6.912253981022038E14
3.4783920206915175E14
8.312788755668016E14
-5.074471917181013E14
5.023271124477054E13
8.491940235325634E14
7.590821725291306E14
3.994901302825017E14
-2.920411833290544E14
-1.1419434132103878E15
-6.035562408114758E14
-7.406116906237492E13
-2.155780312702909E15
-5.745761895965489E14
2.0657955969506156E13
-4.990839966254614E14
6.015613862655935E14
5.918750838842752E14
-5.044618283161457E14
1.4245304847550548E15
1.1621224443423208E15
1.6837776380349315E15
1.2667932918189381E14
-5.2818510624075E14
2.830933969842349E13
-2.6505231518313644E14
2.3130018342408766E14
-7.01994451651046E14
7.651193535166391E14
-1.3088702226345745E15
-3.835618534778233E14
-7.172972619846999E14
1.67981127199071E15
-2.867865408091683E14
-6.802566340958996E14
1.1543114311365884E14
8.655829006616634E14
-1.256133796763004E14
4.422186607365687E14
-1.7118983959845444E14
1.2010326003515945E15
-7.412502221458272E14
3.05073909625176E14
-2.3080107422991544E14
2.0333248568638252E12
-6.467481378684718E14
3.4463511909371906E14
1.6381424158432868E15
1.6592184687297984E14
-6.184131946727981E14
5.4182241790698695E13
-1.2142398281145115E15
-5.129026525524713E14
-9.527860512741026E14
-5.5504135243432575E14
6.163580901379432E14
-6.777558640253234E13
-6.957278207557178E14
9.488559208677526E14
6.685562006199806E12
-7.757103600444895E13
1.2405523851862012E14
-6.930884755850765E14
-1.7462896694624838E11
1.9072698143625488E14
1.0605652806569808E14
-1.969948950798757E13
7.220246209702425E12
1.2799565480665989E14
5.5047789728504575E14
7.577437030798264E14
-8.90100048112951E14
-9.987533682796236E14
-5.755434321511182E14
2.4038153776335875E15
8.783387375551631E13
8.885647947394458E14
-3.840232910864569E14
-9.704011161399774E14
-1.0424536156982616E15
4.9182381672427625E14
5.789606759850849E13
6.81027095493652E13
1.708701694038849E15
-4.657213300158995E14
6.325748728050382E14
8.93399636588075E13
-5.465210216260677E14
5.927239750093175E14
-8.17696230546216E14
3.7738708277789675E14
-6.20822815069441E14
-5.960053661415365E14
-6.664977277823269E14
-1.0373714691137096E15
-2.1665429794086047E14
-3.166721969049758E13
3.3043182690286544E14
2.7487054647921766E14
-6.834572133789548E14
8.641439669475052E14
5.603740071455347E14
3.8149931146655006E14
5.3011869770518306E14
6.082366592678602E14
9.007872585733219E14
5.1023861903672444E14
2.679867722238374E15
-8.220161256766059E14
-1.13856813323822E15
-1.2601752919126218E15
1.6287615700386055E15
-2.9130867194074344E14
-2.4834597912365625E14
-3.362614644104026E14
6.606757937213452E13
3.3771521644914275E14
1.6658913444736566E14
-5.847001495805818E14
-7.087802606193748E14
9.595743429656789E14
-7.946615179173354E14
7.563703778064729E14
-1.0205227288949735E15
-7.216964629668556E13
1.192433694828837E15
3.537627630521752E14
6.556789853040305E14
3.190646924333501E14
8.653325752640311E14
9.509810414085423E13
-6.192019961756354E14
-4.118361195918045E14
-8.632066536817329E14
2.1945016284407862E14
9.141933597691189E14
-3.1463006820815844E14
-2.3775892809918875E13
6.872455944241768E9
-1.7177635720482918E13
-4.833542006602521E13
3.70681781793645E14
-4.45617912374401E13
-6.4727557653623125E13
1.5898942042700638E14
-1.1589967553462405E15
1.3981271888594375E14
-8.513925269807659E14
-3.931435259918765E14
9.051352324900266E14
-6.615081578541556E12
-4.72788636870579E12
5.250354032949546E14
-4.764696000894884E14
2.0846429362311094E14
-1.2104213653545122E15
7.056042670952926E14
-3.974969509033127E14
1.6600918771062203E14
2.281454818344033E14
1.4477736943361288E14
-2.6242724031718644E14
-3.830300276566555E13
-4.3119926166375925E14
-4.565073818908017E12
-2.2383347142341302E15
1.2667385085630895E15
-6.934119423550709E14
-7.866308956002075E14
-7.380783182353934E13
1.6443117200656088E14
4.2666563966345856E14
4.507372381845289E14
-1.1040136138832126E15
-7.207889056893654E14
1.1977804543188415E15
-4.19830136164025E13
-4.3800211497776056E14
1.6147772399483253E14
-1.130778762151718E15
3.347920416093212E14
5.867391405840234E14
-1.7619942784680706E14
5.61463965924558E14
6.123586340359814E14
-8.351614334119655E14
8.049599949339445E14
-1.3249799075009755E14
2.2684009409189256E14
1.3457413854714925E15
-2.259289605226825E13
-1.7871262857671252E15
-8.929702551441744E14
-2.5785873684713962E14
-2.6481217445550562E14
7.728980034647556E14
-1.271273577652173E14
-6.133178856246938E14
-1.1597246111459352E15
1.9791917780864388E14
1.4042775112267315E15
1.3614477840549475E15
-1.4301241976486552E15
1.1191460625489769E15
-1.7699388559553498E15
5.782484700154685E14
1.7449876119382538E14
8.882338322101173E13
1.2968425591168012E15
-5.296290484488326E14
-3.8788902989701606E14
1.2004343103933112E15
-2.621426611124008E14
5.325809399735628E14
-4.004646091590012E13
-8.841509959521536E14
7.323950662130489E14
1.2150665102705868E15
-1.0511657361545766E15
4.6793438605130956E14
3.547564918135757E13
-1.8719633048246928E15
8.425835792351774E14
-1.3016655162092158E13
1.9679075211711312E14
-1.2304377233790448E14
-9.830768587327785E14
6.518037486443271E14
-1.8378332525147405E15
3.579449092396778E13
-5.594485331089163E14
9.975529912870594E14
4.094389310512687E14
-1.7621356549505206E14
-2.7594455726939822E14
-9.578951600237948E14
-2.414108779303982E14
-1.911870316893904E14
1.2766058368972075E15
1.3956647745776398E15
6.453905066519295E14
-8.269692461636765E14
-5.970536448301529E14
-2.1221226990305068E15
7.559238847768549E14
-2.7717985996516884E14
9.74430400830639E14
-9.087236554773038E14
1.209286310843927E15
-2.593106244277758E15
-7.256905322487379E14
-1.6127673028444812E15
-1.0601685793028284E15
1.3348725185895055E15
3.341093351828916E14
-3111036.33238852
