2.4028631264264688E12
-2.1638529552447128E14
1.272345587568489E14
-7.234884967074922E14
-1.0577083045394488E14
8.30653449947981E13
-1.7936440361821072E15
-2.4713008288340816E14
-2.1509214885444206E14
1.2960343028208345E15
-1.104042836983271E15
-7.523669247484036E12
4.669910604397573E13
1.5703773770353868E15
2.613066063710558E15
-1.1318924955469111E14
2.3164698659563597E14
-1.6799983994869335E15
-6.15502851933429E13
-2.2160513718709358E15
6.368323836423002E14
9.308498741415285E14
-4.8593733561974275E14
-4.2743493663796025E12
7.370767838152051E14
-2.71894544768161E14
1.7354308681945894E14
-7.456718830167019E14
2.5220007534464066E14
3.4385982641710085E15
4.225008097839895E13
7.869444317522432E14
-8.130579868266811E14
1.7098371933405588E15
1.131278576715729E15
2.0753359112017778E14
2.425429285982029E15
5.945273989008019E14
-1.356014910696885E15
-5.618171368061558E14
-2.47967838934212E15
-1.1447673905237148E15
-1.4048508944844368E15
-2.949491683222739E15
2.1396634600722328E15
6.405624723360405E14
-1.2995625383796362E15
-1.4983784092744595E15
7.999988900842185E14
-1.0934865205800416E15
1.1686593011913352E15
-5.562160424880569E14
2.0043768474506095E15
6.448747043877802E14
5.8092942482835305E13
-7.605770572050506E14
9.505318630387068E14
-1.0160333647219954E15
-1.5411261433770282E15
1.0776838179445152E15
5.673844719865852E14
-1.313073554773159E15
2.3491398963257425E15
2.8482542870523975E14
1.5223527708122365E15
1.9415919503991592E15
-1.0573420972319696E15
-3.5200135193415344E14
1.6225169020895814E13
-1.2434505444342048E15
-8.218508483707E14
-2.131243575718333E14
-3.4791815023533694E14
1.425543566119105E15
-2.3644427939471762E14
1.1003674989469974E15
9.655323272096051E14
2.799005078564369E15
-7.939884620746086E14
-1.9038171904487078E14
-5.027915128244599E14
1.3269913375054578E15
-8.293753616618518E14
-2.2462022730607278E15
-2.730140068052487E14
1.0037054518896424E15
1.5957414181027348E15
-6.440707597372486E14
-4.407399484285442E14
-2.725571320460127E15
7.194164859833911E14
5.776857981418659E14
-2.2724067166152825E15
-6.042587362177826E14
-6.232111905316374E14
-4.485816551494706E14
1.152892285339867E15
-8.303690205565809E14
7.999420497840147E13
-4.047966038132771E13
1.654196533003519E15
4.921822206039889E14
-5.5933097716993694E14
-2.0639688728857495E15
5.0466258538395725E14
-7.927410330720241E14
3.3202638101951956E14
-7.504725776641466E14
8.135472269455219E14
-1.2394868507377932E15
1.8299567384940868E15
4.748777105207893E14
-1.3831344192631325E15
3.977498068223773E14
-9.725492751386642E13
1.2376219268265378E15
1.1004208300574846E15
7.496317961704815E14
4.277028855176752E14
-2.935737770786899E14
1.054105169499539E15
9.913330675743934E13
-6.4295308435838945E13
6.17119718203563E14
6.039520585491113E13
1.0726004640510896E15
-1.0583143743123259E15
-7.268387504148219E14
-2.3342883095787728E14
1.848739276917036E14
-2.599376197044515E13
6.63222487798605E14
-1.8837589843787312E14
1.0898347538133706E14
-1.3936638950244153E14
6.0804770296488266E13
3.116440163583211E14
-2.7181636729528276E12
-1.411045295819144E14
6.362166039226257E12
-1.7660439332726956E14
7.62611795851811E13
-6.083603464265851E13
-6.229218846561486E14
4.471562143470805E14
9.433150301832756E13
-1.2566957267535868E15
2.3998759709467853E14
2.4702177702847675E14
-4.4936632356472806E14
-1.208979685037345E15
7.713431196086582E14
8.601934399872196E14
7.872747269277756E13
-9.769634887205452E14
9.993485581033596E14
8.976940093182331E14
5.947947852466569E14
3.255668766881808E14
-2.03102061476762E14
-5.760752596461589E14
-1.6715915938593012E15
-2.0306264829400585E15
-2.643068004077666E15
1.4054861962550795E15
3.151142502834261E14
3.12398963966589E14
2.0260368364007148E15
-2.1081750791741908E15
2.0019805093675828E14
9.660304818151291E14
4.054157878613051E14
-9.854096074335796E14
2.720459206207744E14
-9.923172033364624E14
7.25157975796382E14
5.87130184868942E14
-4.56252970307246E14
1.8236195188431012E14
2.168983971925212E14
-9.536617069226483E13
-4.611959241870391E14
9.878139813043191E14
5.4392565191936994E14
-1.457101821754022E15
8.835309095945248E13
6.908832074510026E14
8.561514524814692E13
5.522748552647571E14
-1.7819532757478644E14
8.805310908585248E14
2.488386368504316E14
1.481929069950858E14
1.0427766491389205E15
-1.6213674859497348E15
-7.741723546417019E14
-1.394934871025629E14
9.79895604879473E12
-1.0589390849830961E14
2.4644664216064234E14
7.740250054186789E14
7.690495121669644E14
-5.430584938970036E14
1.1741774841248995E15
5.058467266275716E13
-8.510051821883724E14
-9.043167116249228E14
-2.0225912071533475E14
-1.6821290334891806E14
-5.595225532464638E14
2.0219593035092762E15
4.982071221844726E14
-3.833269608867684E14
-6.508576214986438E13
-3.758710824200535E14
4.4453162121491525E14
5.835358575672693E13
4.319835056848731E14
6.703224860942942E14
-1.3002740873823648E15
-1.0322752161329802E15
7.768560362280081E14
-6.669319604234836E14
6.472317743368795E14
2.9577731416717775E14
-7.60170826787769E14
6.703056869656225E14
1.1189854198140047E13
7.055114953456286E13
1.5692590760843062E14
-1.2773901511861756E14
1.2120860786476108E15
-1.4217804676736172E15
-1.4383508758286905E15
2.954366232939871E13
1.4608920489511258E15
-1.288751160524402E15
7.577963896186546E14
-4.830708044321146E14
-8.099543649983153E13
-4.474626197264018E14
-3.5507586991874844E14
-9.575696339915368E14
-2.0573643828132416E14
3.677909539341045E14
1.522793389491325E15
1.0866320785866875E14
-1.0931066822487642E15
3.9799711793128675E14
-4.604410116981011E14
-5.732880893544515E14
-8.572582999307592E14
-1.226608194960848E15
2.5043734547462297E14
2.6856695473924984E14
-4.573690656112371E14
7.576462439481998E14
-5.806434384153489E14
-2.6428669288006616E14
1.641840276099101E15
-6.426302320891559E14
-7.750862239608979E14
7.179185904987955E14
7.810369174544315E14
-2.1285215567778478E14
-8.087900668280662E14
2.1206006700534622E14
-6.315681574265952E14
-2.0936966740629003E14
1.307031094080137E15
3.561407483130229E14
-6.007865884689318E14
7.358376309550526E14
-2.8974459132674445E13
-7.317290248296912E14
-7.653956418561261E14
-5.28762034863609E13
-1.1483906755710978E15
1.9809188071101347E14
-8.665691586266398E14
-8.727956592875941E14
-6.562556655015631E13
-1.0292557420552792E15
-6.421015250838985E13
1.1035298790047634E15
2.389961973538502E14
-7.98342590331611E14
1.935330360537437E15
-5.902861931229918E14
-2.0160012680975948E15
-1.728827322257111E14
-7.313440609680973E13
6.868676439500004E14
-1.0544291179864256E15
8.503020595857054E14
-2.734378666624415E14
6.083459599785129E14
1.425008188091032E15
-1.7010030145627184E14
3.2320505036124056E14
5.680413200304881E14
1.122452620392363E15
-8.669992465832279E14
3.463856378256908E14
-5.4074889806132394E14
-1.18023873780551E15
7.03020879095989E14
-5.614405283665643E14
1.2081055915822235E15
6.08726909763016E14
-6.187902597567018E14
3.0035565324420944E14
1.6241523665284888E14
3.584616500521676E14
-5.627485224428097E14
6.387294839131116E14
-1.0103326249484654E15
-2.771211750144301E15
2.2599754054020775E14
-7.945336673598325E13
4.642432815803933E12
-1.292814622426695E15
7.874230875647779E14
3.238963640051591E14
4.1657886381263594E14
6.642415461778474E13
-3.1163100433309008E13
2.988250643287363E14
2.7709449578684375E13
6.305806760841489E14
-2.264018506306249E14
3.7543657572430945E13
-1.5377357309304225E15
1.1622598651413945E14
1.0716275913365498E14
2.6214937443914622E14
-5.758233786691914E14
-3.2372741287620306E14
4.1747589185537656E14
-5.441721707005023E13
-4.728263775223934E11
3.380011486243503E14
-2.2512372535828972E14
8.642195135957375E14
-2.7939284871895178E14
-3.8739907053219906E14
-2.973538777581533E14
1.5127447353104175E15
1.2227669851667736E13
-2.0439295144077766E14
-4.226829460654989E14
7.609191729906585E14
-3.6866508545967194E14
1.7322380794109975E13
-1.0087439099124351E15
5.2500547904231775E14
1.29549925430056E15
4.9046215923883856E14
4.7252354864673225E14
2.4890568744293856E14
-6.184848249873444E14
2.023725736190256E14
6.365117351116352E14
8.62435438776651E14
-1.3063136414743682E15
-1.678850413187665E15
6.315271814875104E14
4.1085923454479156E14
-3.0506474696613556E14
4.3020410338761244E14
-3.2608500007300504E13
-5.665706447002149E14
7.830494023620369E13
-7.331175524821668E14
3.470538797811081E14
-7.316066518865229E14
1.1179965320336808E14
-9.973923938943306E14
1.857964110499425E14
5.631752084025669E14
-4.831864016079187E14
4.4740185433276944E14
3.425855750534248E14
-1.0254463517541304E15
1.0776657770005415E15
-1.3602492014018997E14
-3.491169273739705E14
8.38964663854991E14
5.2359379546413025E14
-2.882315416306803E14
8.430768055608025E14
-3.7690754749476075E14
-3.61926534244517E14
-3.910772351720443E14
1.7315502278045805E15
1.0845099981801786E15
-3.3806081658997175E14
2.9314951562303494E14
6.13550310465547E14
-7.631668666480856E14
-5.981425859966144E14
5.846602282788885E14
4.4143483013199575E14
-1.3707427597866958E14
3.9336873284449956E14
-2.1298492850612512E15
-1.5682712460513076E13
4.729146822430525E14
9.804755122740733E13
1.0217197022984059E15
-1.5774606729924803E14
-6.332802405011698E14
-8.162244603387578E14
9.771772173256728E14
-2.4270792827597525E14
-4.84671276501009E14
3.0673396060819825E14
-5.5844905356807675E14
4.316422649732704E14
-2.224528901928754E14
-2.7008041445318372E14
-4.832834097492276E14
3.448863772606863E14
-1.59922024813925E14
1.9098318558948484E13
4.26237936597071E13
1.585029379067658E14
-5.807973646799049E14
-7.235839633420595E14
5.412821932583287E13
-5.650851279397314E14
-1.0636639871876115E15
5.633058561013791E14
9.595739639379948E14
3.200216369598771E14
2.1855509492005223E13
3.7107358262145375E14
-4.38017016214793E14
-1.2683962642797948E14
-1.0814243765050372E14
-1.733804103367076E14
1.5174986142200444E14
4.840724576151394E14
-5.802416287849829E14
-1.0676037989535467E14
-2.732716002698533E14
1.465695935545729E14
-6.806569040773991E13
4.680018754492487E14
-8.514720405613939E14
1.9498847464354926E13
-6.140884075659731E14
1.9652627664714116E14
6.451571665467236E14
4.5887483012949475E14
3.1031688979725156E14
9.595978791553949E14
-3.911558172254823E14
-4.0540582927661544E14
3.3013260166130856E14
-6.921948974889075E14
-6.40686300124138E14
1.0321440552742621E13
-4.920295704518805E14
-6.89594866892157E14
-2.924250987362351E14
-4.252384454046475E13
-1.4170828904074252E15
-4.196913267306894E14
-7.345421373891162E14
-2.6577263682392338E14
-6.425977099659749E12
-5.608302864320093E13
2.1053379926988978E14
-1.3642269164291222E15
1.5659297030077897E14
-4.554816373958274E14
-3.621241583576743E13
8.393420717983776E14
-8.824247026507681E14
-9.061700266714389E10
-4.521448039879115E10
4.415882864051854E11
4.4157039739960645E11
8.288047277895316E10
1.723668072915851E11
5.3082235451328606E10
-6.455294402925229E10
-7.941997247541074E9
1.5318145122623724E10
-1.1140100332985803E11
2.2517594687793423E10
-4.120326382667483E11
-9.286724673216787E9
4.438167282545956E10
-1.074188246262088E10
1.5533606012167676E11
7.270521290015288E10
1.6235580081831723E7
-5.564973244977016E10
-2.3994424103402584E10
1.7349813045262947E10
-2.931227635276294E10
-1.6486290089411406E10
-5.135899917107472E11
-7.755440354404099E10
5.593614475861058E10
-8.64738307874487E9
-1.9282316110320007E11
9.57556519626472E10
2.7994661747507582E13
-3.24490337709372E14
-9.584523026888049E11
-1.6355872302869434E14
3.679800846830565E14
-6.788686319279972E14
1.5469933629327612E14
-3.094713815291383E14
2.974187660876183E14
3.3377713199272275E14
2.756134778356812E14
-1.3623748071236875E14
-1.0164146496853496E15
4.9910238639886475E14
-7.556847517241196E14
6.458151861424645E14
-7.510822341888944E14
1.2976541170485647E14
-1.5415025338100034E14
8.15375732391934E13
7.978697390745056E13
6.070222614086456E14
7.050403209876069E14
2.6299319265919516E14
-4.670693127186557E13
-4.91008104233217E14
-2.080184781829041E14
8.528253721408749E14
5.77224712014831E14
-1.2285988134740575E15
-7.386791252042719E14
-2.619560155462167E14
-7.216547595768E13
-2.0828773323363412E14
-2.86357040259977E14
5.771754015957815E14
6.704001111048052E14
8.254622825773973E12
-2.3439530405436988E14
-1.163470466731927E14
2.6526729321938372E14
2.5245494333870688E14
-1.9579826840057228E14
-1.0522555765062488E14
-4.155269808354297E14
-2.145574857025441E14
-2.1270435027047294E14
2.256688050329942E14
-1.501497454519228E14
4.2585892413663356E14
9.448142000286164E14
-1.6707105102335622E15
-5.0655236206474894E14
-2.9728379338060425E14
1.2488075716293542E15
3.3918864780438E14
-6.737456450218464E14
6.891181947797592E14
2.8712501551981656E14
1.8074958574760684E14
1.7318619993182356E14
8.671017637855102E12
8.970391629411012E14
4.634807523177774E14
-1.8867759290837325E14
-2.115690182093463E14
5.0448468683265156E14
-3.7161679486143756E14
-7.88874137329133E14
6.252298261061012E14
1.1519537153952128E14
-1.6286876266769728E14
-6.58922986932422E14
-5.1223923361961206E14
7.372200916116066E13
-8.382680861126506E13
-4.155392819500876E14
2.4334990533695754E13
-3.90610249019088E14
-1.6735595987042072E14
-7.962874322401755E13
1.0750179101458872E14
4.464399020997185E14
-2.8905361827798766E13
-3.692744527200702E14
8.818303233690067E13
1.1944464753382E13
4.391427581529609E14
-7.325883302731544E13
-1.6703624577713894E14
7.861950874679644E14
1.9479657449389212E14
-7.280429845835249E14
-2.80925400746944E13
2.987288269102652E14
4.771619464874583E14
-3.1997129476969375E13
5.822473815455072E14
-4.08128597114487E14
5.724834830841025E14
3.0797268114639556E14
-1.3224097858972767E14
-6.6153879410517164E13
4.494441569068419E14
7.448505859523704E14
-2.863913628041117E14
-8.120903356989638E14
8.218698946979432E14
-2.2269597078696525E14
1.0854964850938884E14
-1.8088985265355922E14
-7.347959366629004E14
-5.513619209526804E14
-2.2573672235577453E14
4.656725794759484E14
-4.748732958377989E13
3.9824149650632694E14
-8.28296898319972E14
-6.317596695505732E14
-1.3505038700314497E14
-1.0037486842670259E15
-7.73802300111897E14
8.891824773533122E13
-6.179801485884571E14
1.632069997691867E14
3.0927586592491075E14
7.417382149410398E14
5.2244616929751606E14
2.110992614192926E14
-6.436172067770904E14
-2.387062086336199E14
-9.61470111957668E14
1.4500418553929262E13
9.940283889454203E13
9.450895009566435E14
-6.78516144714224E13
-1.2926783862736275E15
1.169658939984456E15
-1.0686921701123724E15
-1.3184759128920715E15
7.775480727603648E14
-1.1308819651450282E15
-2.9379080858592894E14
1.305658077087259E15
-9.419028406386425E13
-9.132469694913311E14
3.915095831876881E14
5.374817238067903E13
7.966477608853614E14
-4.080269421671719E14
-1.1199065153740373E14
2.4706393304701945E13
6.2549799855742055E13
2.603134156402645E14
1.8188383921273047E14
1.5946812636685666E13
-3.418836612247623E14
-3.7906858959746925E14
-6.272740108139718E14
5.222810996160687E14
4.272281965474284E14
6.111155799615976E14
9.280003577461931E14
1.7546310874430812E14
-1.673492363955039E14
-8.203037005611861E14
1.5357196276587462E15
1.1612319007037815E15
-3.012014217147134E14
-1.0990055266470794E14
-3.035703942021853E14
1.4857992745290238E14
-1.0228509535818424E12
-3.564078402986733E14
3.6730153840723525E14
-1.98571644580773E14
-8.596418622522619E13
-5.003577766881551E14
-9.648850281793505E14
1.6582083411272518E15
2.2591528402199994E14
-3.3396418702204106E14
-2.924323422694011E14
2.3923025806951322E14
-1.5766077085612522E14
-6.300011779206662E13
5.4405369808221006E14
6.506235555623037E13
7.527551843288819E14
3.315077546539873E14
-2.5668950295561512E14
-1.2014344451810355E14
7.31557438277257E14
3.230679504706341E14
1.4580480988936238E14
-2.3115152912288778E14
-3.3221311773667075E14
1.238166936119991E13
-2.6401032620418276E12
-6.797098657036022E13
-2.1852956845530562E14
-5.486926121397966E14
-5.19335266947772E13
3.4384057401216825E14
5.29366293680984E14
5.382060102935318E14
7.410938485884248E13
9.778979903888104E14
3.156447948727375E14
3.808631813472857E14
4.775878121211324E14
-5.25522849013907E14
-2.0269971027663506E14
4.054319213630912E14
-6.738317614352135E14
-6.934115861774569E14
-6.264598083385492E14
1.2829472109365272E14
3.265236102325333E14
2.6730844507579022E14
-5.660391236557684E14
3.879466143656104E14
8.909085990694799E14
2.256851419479958E14
2.861385605477024E14
6.414547600453982E14
6.269395345425159E14
-7.964410011967478E14
4.9403420495789144E14
3.653887806361141E14
-2.153980918802257E14
-1.2146599229276588E15
1.1897213120485381E14
-1.779696943339889E14
2.1068415211102975E14
-2.6654058661255938E14
3.4327322755447953E13
-6.197885311585564E13
-2.0479992763981766E14
-7.611654855812234E13
2.76445883548136E10
-4.2796411598442544E14
-6.138968928391536E14
2.949699036900826E12
1.0802969337979175E14
-7.946080836613412E13
7.69653291391734E14
1.2508192709169592E14
7.204689522599221E14
1.3984601222694319E14
-2.6172236842622496E13
5.2544752321265656E14
1.9614099233533912E14
-5.023188270512711E14
-6.389320576319621E12
1.562193898234463E14
1.67161292033131E14
3.660612275641456E14
2.2472357898947034E11
-1.2284522383616188E14
-2.2704892354476612E14
-4.3794004781044634E12
2.6658895014270753E14
-1.2687512929147895E14
-4.137135399428379E14
-5.0356833394649275E14
5.485485231973338E14
7.870994500168254E14
8.575106103173161E14
-1.2651037395544625E15
-6.165258969057109E14
-2.8986163709720794E14
2.633144769714164E14
4.236779618798327E14
4.287041615608223E14
-5.0669919721035175E14
-3.606423651569106E14
-6.446989042719358E13
-1.3089578379230022E15
2.833700625584513E14
-2.9530563512073434E13
2.6515170880613125E13
9.164105199170966E14
-3.801355790834926E14
3.304408982662468E14
-2.9490320123074625E14
5.379558031311356E14
2.565216620994687E14
3.4020142844813894E14
5.305692457809521E14
1.118886673274678E14
3.057719571113068E12
-2.162811820778777E14
-2.1421134684987953E13
5.174012210453057E14
-4.007790606612643E14
-2.211100251949458E14
6.671483457834323E13
-3.868112862193205E13
-3.947533714625464E14
-7.720180223592946E14
-3.1909664130508E14
-1.5185182368370148E15
5.835473661953848E14
9.837537947563158E14
9.093082677122825E14
-6.065981353295249E14
4.311943664846233E14
-1.0282594610557834E14
3.68761808578345E14
-4.804900491161505E13
-1.0004925729069838E14
-5.058706505904763E14
3.274782083383799E14
2.8972267682462402E13
-5.390665562096029E13
4.892477028883909E14
-3.2788040967988225E14
4.591018276332619E13
1.9423999236992825E14
-7.13598014385537E14
-2.9647298386341375E14
-3.6332422457186206E14
5.230623967600564E13
-5.037258824631277E14
-7.030148231294404E14
2.0887378640809078E14
1.5652123986211644E14
1.605360054062754E14
-1.3904175954514406E14
-3.245476294519187E14
2.863077231337868E14
-9.572365439157504E12
-9.981468134109634E8
2.7486531495478062E13
2.216417538051286E13
-8.39051484200564E13
3.8290954101551055E13
1.0056888570275475E14
-1.0530993561218153E14
8.051043464357435E14
-2.5104374143160878E14
-9.226868199194417E13
7.302626183525514E14
-4.3875928679534906E14
1.6700522718901714E12
1.96060047372865E12
-1.3644584359514362E14
3.4645304714131375E13
1.9780108182969925E14
6.667637497071899E14
-5.5076123965090175E14
-2.3583030403220462E14
-6.962868983279477E13
-4.957108895986495E13
-1.965115579478833E14
1.6581715128130547E14
-1.288574561478327E14
2.1809092800882694E14
4.538970654467906E12
9.156209138208634E14
-6.487980349958865E14
6.912885595133168E14
2.7380528796939922E14
8.497081029549523E13
8.23628509572697E13
-5.133758023813675E13
-4.1265184211391206E14
5.3712357324050675E14
-1.468583899000641E14
-3.8168782182831206E14
7.969073876574386E12
2.4597892814182525E14
-1.4798894884009244E14
7.390866078655811E14
-1.1897076446280755E14
-3.922982524830162E13
3.9349828255870856E14
-8.546587787362181E14
-9.133965938308766E14
3.847095464164977E14
-4.144819284069391E14
2.0977944980945334E14
1.5867717841433653E14
-6.792767429521979E14
1.3830540427917734E14
9.607281359250462E14
7.209976419604152E14
4.6449282539256525E14
-2.8181656992175975E14
-2.465467157711635E14
3.921075470968046E14
5.057543214667149E14
7.093043705938465E14
-1.492169031417464E14
-6.976541641141801E14
-6.230388771635471E14
2.5613902012733025E14
-5.349739059134926E14
4.175966942430017E14
1.87027163477238E14
-2.4149103825319916E14
-9.244981479097705E13
-7.188053444378415E14
3.2722883391810875E13
-1.2138540987059764E14
-2.8091098733297847E14
-2.6652939381190025E14
-1.7381885923210747E14
2.5561432764018222E14
2.5585215602375453E14
-1.2712957095533206E14
-4.5332477446893456E14
6.9167217696106625E13
-4.6305978944084656E14
1.6568600699661338E14
6.496307978734712E14
-3.269280919165672E14
-1.1342277909458925E14
1.1688493577924303E14
-1.4710807443520588E14
2.2734060019310866E14
-3.375662495719359E14
1.4860341318674168E15
5.353460888058607E13
3.753875711804799E14
-2.7199415503811662E14
-1.8149506975731812E14
-1.4673662940166826E13
-1.0533174720633417E14
3.270815894281092E14
3.758897456853796E14
1.614360624934645E14
-1.9648837991346516E14
-2.628123716343111E14
-4.0670019119594894E14
6.071109746500005E13
2.1844743773939053E14
1.3803251605568512E15
-2.887051629495523E14
4.8876940396905056E14
-2.0790148244359966E14
4.092364275894778E14
-8.260273864066724E14
1.1647170479339855E15
9.440775882505811E14
4.0653098301649425E14
1.2641543181075872E15
-6.1369633300069336E13
-7.056293832604369E14
1655017.6558587404
