-7.805523175226525E13
5.340451265556793E14
5.641778292404106E14
-1.6488206647053782E15
-8.415948576364575E14
-3.531598878340423E14
1.8312007999651765E15
8.636515982990628E13
2.7149001581171775E14
-3.015107865854062E14
-1.0051567933653734E15
9.551791783756428E12
-3.113458681501479E13
-4.45489073273517E15
-8.332347700710534E14
3.395311591445613E14
4.351389226236992E14
-6.023297027968544E15
2.4227554140249697E14
1.6212217400491782E15
2.6034083600553715E15
4.257755801008157E14
-2.2573238904860975E15
-8.815440589107888E13
2.1989510142499655E15
1.9498098016266672E15
-6.248790252101991E15
9.302405132044788E15
-5.5479107960134456E14
-2.802212289370985E14
-7.24159105435058E15
1.4426221428604832E15
-1.5058742920391765E15
7.705896356460708E14
-2.686547938968819E15
-9.18474173561423E14
-1.9911336235156495E15
-3.506624018006479E14
-8.58808122666066E14
1.164080480481379E15
-2.329772090183613E15
1.5134238230521722E15
-7.770750644746074E15
-5.52112679833212E15
2.8698170548287945E15
-4.993872527788251E15
3.6211612491277395E15
1.4462994553683635E15
-1.8107755213759888E15
4.3734126495490425E15
3.2628580628364375E14
-1.3856666862138327E14
5.33417328875395E15
-2.0276183794650595E15
1.1948641940419534E16
2.4849547995645285E15
2.4867068813981205E15
-1.746410743808085E15
-2.05372184068394E13
-1.9332292012950112E15
5.295696940998656E15
-1.647603419160277E15
-2.579321331439296E15
2.2390454690842782E15
-1.3311284832089915E15
9.803806589551106E14
-2.907543085890913E15
7.474391134082838E14
7.591939157156551E14
1.3570162159189235E15
-7.256076380178331E14
3.6621025710778605E15
2.381707537643036E15
-1.4815294738188244E14
-2.5667028758856197E14
-9.265035597420832E14
-1.1852224088018778E15
-2.3666930058529855E15
-2.9067623247141775E15
1.8969256380050838E15
-1.8698060104595662E15
8.960219221411776E14
2.398475037260204E15
2.062096719549933E15
-2.748713811681098E15
-2.36307347576432E15
-1.60847532915488E15
3.0964129826922145E15
1.163141954731971E15
-8.943697058031745E14
3.1536393767456815E15
5.2099002637667356E14
4.023679538646724E15
-6.518334456236162E14
-2.64840484885143E12
-1.9005097811688082E15
-3.4649281171567395E15
9.66073038978168E14
6.203192078876516E14
-1.1670960026258188E14
2.587866559464679E15
-3.4157471681753755E15
3.0133533629767615E15
4.551852153173748E15
1.281882992722257E15
4.685448030317964E15
-1.765229208267694E15
9.495667269901005E14
2.06857839583174E15
-1.4371176586565972E15
-1.0727183121875734E15
6.096629147224639E14
-2.2236964454930928E15
-9.381543109153864E14
1.1253841436577239E15
-4.695568193853534E15
-3.34608642504781E15
-1.2848312126115918E15
2.927261779248193E15
-4.037802251323444E15
-6.896498922524348E14
-3.195278570760408E15
6.737009217093252E13
-7.982307732748344E14
-1.19477870386428E15
1.6361784443211082E15
-3.600768640964493E13
1.6237383743616448E15
1.2706097729028485E15
-1.1537623147035928E15
2.6424328604259022E14
-1.9905668645366182E15
2.818154798357271E14
1.3303967032233285E15
4.142304236722697E14
3.488771194743749E13
-6.105295818256242E14
-4.904927848449568E13
-1.484581933175461E15
-3.0469293225105562E13
2.0063595936896878E14
-6.515120915598544E13
-1.6882635279920498E15
1.912686281952539E15
-1.2943880554067425E15
7.020613433222509E14
4.7834991624335844E14
-4.690965211901697E14
2.804149611438578E15
1.298339741135934E15
4.945076614756082E14
-3.4230312250219465E15
1.1091763473046084E15
5.462834047443018E14
-1.9303960384594485E15
-9.721411684876635E14
1.1715219041846195E15
1.9528628624160734E14
6.748488902402799E14
2.4654973144182275E14
1.0080473601495419E14
-1.033627702789467E14
1.65336193125139E15
1.748486695024098E15
-1.824516672277124E14
-7.966487407634696E14
-3.7438384167142775E14
-3.2964257348273365E15
-2.781018257153457E15
-3.1240599126182555E15
-5.6133212946435394E14
-1.5550499727444873E13
2.5421651578338355E15
-5.734485827501654E14
2.0420550626624288E15
-2.496093073418377E15
2.6666766357538628E14
-2.9188471581084125E15
-1.7598832100452275E15
-2.798052164086627E15
-4.2551636411204306E14
4.247968835229734E14
1.6098057126093068E15
1.862059477271562E15
-2.9167922138798075E14
3.576691173140935E15
-1.1328507816562878E14
-6.742190603382076E14
1.2978675937166572E15
-7.340355157728012E14
-2.875844550950845E15
-8.139785813463344E14
1.249187096077644E15
8.130744012537248E14
1.300642381299728E15
1.6773655852181334E14
-1.0551475352507372E15
-2.222705061578058E15
2.2493827805936528E15
1.1624867138679562E15
-1.4991797821217688E15
-1.5440358409904784E14
-1.7684843587007045E15
-1.877466494765746E15
-7.922887946080875E13
2.4905186451395325E15
1.0961701282374642E15
-3.142409281514933E15
-1.5907074619401255E15
1.6431551372149295E15
-2.9459106332027005E15
-4.1466698107060215E15
3.8629301942103245E15
2.1802616772946892E15
7.944476474591329E14
-2.905355374882395E15
-8.703337489402764E14
-5.934234612236159E14
1.4383899403285795E15
1.2951032750646558E15
2.7183303351922365E15
6.363033084724E12
4.546694720740111E14
1.8165217602679132E15
-6.954595055361425E14
-2.6583260955589606E14
-2.1710209268131932E15
6.013054371738108E14
-8.389757351677415E14
-4.024754718958221E14
-3.2060035387551156E14
-5.239591509098647E14
-2.337301855676878E15
-1.6489817508428697E14
9.709906785377961E13
-1.4638453285862825E15
-1.8263078946876705E15
-2.2171231362365065E15
-1.2864465052183095E15
1.8087250354693105E15
2.2176292219547832E15
2.985075646816167E15
2.1675442340476228E15
-3.484885242461085E15
-5.97901394664085E14
-2.951899567115305E14
-4.5096710737031944E14
3.2473668986683165E15
-4.240328884872055E14
2.1982098550329668E15
3.168906999865139E14
-7.579664818129514E14
3.9561489838075525E15
1.1412199876265978E15
-2.855062090670603E15
2.978031264511252E15
1.8149597776457012E15
-9.653907451883646E14
-1.4591403983892838E14
-2.557914915941695E15
6.752360355014541E14
1.7917429375851255E15
-1.1852743333220275E15
-3.4199415795750415E15
7.074113811800188E14
-2.1092771308712982E15
2.0855589131022572E15
-1.5273912679206462E15
3.745289920056872E14
1.627753215259913E15
3.60350716450834E14
1.1782017756591358E15
-1.62060368313347E15
-6.963508837267835E14
-9.027205607690281E14
-1.9639835231720972E14
1.6548144183184248E15
1.412893592609558E15
-1.4772083430524205E15
2.4136694106056112E14
-1.3420585197206825E15
-1.2736529678956873E14
1.913337664458662E15
3.0357453258259485E15
-9.195317848558227E12
-1.252749564795566E15
-7.507782380108683E12
-1.7507463390111335E15
-3.708721645336498E14
2.1648027357668235E15
-1.037557971253679E14
8.64599320327705E13
-1.9333627477642165E15
2.032180208799628E15
-8.233524640883026E14
1.4534996968767455E15
-1.808512120599761E15
-9.147738989703612E14
2.330793519140521E15
5.724633988267556E14
2.6421376259078222E14
5.331276327952041E14
3.658542853836777E15
4.910395449169111E14
-1.0645676727851044E15
1.3190908308522648E14
-7.475054113833054E14
1.8390207198306815E15
3.1062356371539825E14
6.653815276278361E14
1.8576027394256745E15
-1.9189880686513445E15
8.285434628283379E14
1.2425360235262492E15
-1.7547904237444398E15
-1.219748191431971E15
2.1268568311850188E15
2.710875024220235E15
-1.509435601468442E15
-1.3279227257703328E15
-6.461101176036009E14
-2.1580819793279078E14
9.683876111152812E14
2.039125068700559E15
2.7296550295219385E15
-2.5786564911270725E15
2.8453160766459685E15
8.181926248667756E14
-3.8219607126495065E15
-5.761872555767671E14
1.81231925994083E15
1.7287182658943002E15
-1.2773112561119425E14
-1.0535748062877455E15
2.3145872619764653E14
-1.9347585401998105E15
-1.7490817266200785E15
1.8702522297782403E14
-8.756600861852798E14
-2.564296383463507E14
1.4653744677800637E12
-3.968792099380817E14
-2.2171855843356335E15
-2.4245756756282138E14
2.332798028428152E14
7.10648710315512E14
-2.83607607895979E14
-2.0417504332859694E14
1.3022427378522008E15
1.0721093660952092E15
1.763559247644594E15
9.265225565655791E14
2.943545351836612E14
2.4653964922138772E14
-4.912755482891927E14
-2.1483996740267047E14
-2.4899274258715645E15
3.1327073322017805E13
-1.67628513934779E15
2.571579780418201E15
-4.462569409473263E12
-2.727501220859714E15
-2.324422298285814E15
3.184600045226588E14
-7.703237562787474E14
-1.2099794202485132E15
-5.5745374067315856E14
-3.0437166779777345E15
-1.3220700002919252E15
1.2917582004126982E15
1.8886640899419785E15
-1.4297945949986355E15
4.121181138124531E14
-1.2277046944991432E15
-8.623344452874836E14
2.1320684119327015E15
-1.4262977522617022E15
3.839225754100997E15
-1.795114052664366E15
-3.591851559472721E14
4.264326197882836E13
-1.9590940506388975E15
-1.0483231962674135E15
-2.4117288978310634E14
-2.3995571968736247E14
1.4446832964725342E15
-1.4481609581692428E15
1.9390966263998378E15
-2.2410769953033532E15
-1.4315506980581518E15
-3.835991947875205E14
-1.0262767450222992E15
1.6581982368448595E15
1.425371813641501E15
-4.4106279441816994E14
-2.1570912044806235E15
1.2676257017081012E14
-6.004781909739419E14
1.9801107469898975E15
-2.364985452369235E15
5.1727957086444675E14
1.1132390190713965E15
1.586975473112841E14
2.2362885364948555E15
1.0635887254463118E15
1.131330153695169E15
8.969192169507199E14
1.2219470316624418E15
1.1507928240067832E15
-1.384664422008456E15
5.87574876855557E14
-1.1220539685262862E15
-1.9328942084816038E14
9.569214653796986E14
1.459690015495279E15
2.568276030859522E14
-1.1221201765493199E15
2.6360442899693855E15
-1.987977120250309E15
2.0906298284581358E15
6.321650290547421E14
-1.797418441088703E15
-1.428332954642198E15
5.511332933029643E14
2.3286155832936862E14
-1.469869129183464E14
-1.4102243234405355E15
5.0740760061822375E14
1.5666188466708832E15
4.1400676438345164E13
2.664952741944151E15
4.852512952333695E12
6.040747404607854E14
-1.0836820577273469E15
3.3821646700170906E14
9.151974584157996E14
6.583838014095132E14
1.737436821555631E14
2.3061495296531097E14
-2.563972784612967E14
-8.860868101891184E14
1.4133070629703082E15
-1.4410750737373552E15
-1.2849756984932275E15
-9.838437460387915E14
-4.411362387909633E13
-7.808945016242568E14
-2.3545480113867915E15
-1.263576317652082E15
4.865897898187706E14
2.594880756965389E15
1.0392933178261102E14
-5.153440358332835E14
4.3712921716253106E14
3.5045681944731225E14
-2.2662817348082675E15
-1.1652035573939818E15
-8.636046566502194E14
-5.141582739887228E14
9.835494462895326E14
-8.228592353763018E14
-2.1682382012026325E14
1.4559954801130705E15
-2.550167412448084E15
8.623556464669448E14
-8.23045783866192E14
-5.251848469403804E14
-2.370268397745851E15
4.0128285772782844E14
4.202536095829986E15
2.0297799668093095E15
-8.316616816667975E14
4.70689487078211E14
-3.905475178962834E14
2.2118368959316622E15
6.506235903151861E14
7.362898802050652E14
5.982153670342434E14
7.344013298654631E14
-8.319850757172259E14
1.3265668963204605E11
-1.6266037049009415E11
4.821271841257109E11
4.86628847562901E10
1.2579583430538736E11
8.897720563477461E10
2.276661070128895E11
2.0176556064357784E10
-4.728616704885717E10
1.738308339526094E10
2.176586292774412E10
4.676910564154938E10
-2.0651096099021985E11
-6.851137440057864E10
2.784397254274058E10
2.7531969969114525E10
1.2755755232906982E11
8.975845757022953E9
-1.6118874935010005E7
-1.2456577277943454E11
-4.441757952527087E10
2.0188912231450703E10
-6.875111091079207E9
-3.2543759525817387E10
-5.032900643823507E11
-7.209590864224217E10
3.9200563542185616E10
-5.015430986647577E9
-8.217280880257132E10
-1.0632206052578441E11
4.135489198837071E13
8.859408154810401E14
2.7145619954024824E12
-1.0972884053897534E14
-5.746284363102468E14
4.3879390625460706E14
4.681041505000072E14
1.2326331737889732E15
5.53462258951327E14
1.0597864714303331E15
-2.2047802634317723E13
-7.21160444063626E14
-4.839894232847891E14
2.909856675573389E14
-7.963083306715934E14
-2.7039203313906288E14
2.297640163622807E15
9.332788940676931E13
2.0819297530714392E15
-1.2667512972091228E15
-2.442227053680044E15
4.645481489650965E13
-3.6155682387579295E15
-1.0662124134554606E15
2.1037050294419544E14
8.699831736373779E14
1.1142658433349778E14
1.092339682343177E15
-3.850402203861392E14
1.461617116593852E15
-7.948482154194399E14
-6.763604903822812E14
1.3254020228654344E14
5.295626721135573E14
-2.1865443839784588E14
-9.143287738098076E14
-1.4751675864691212E15
7.399257791046494E14
1.3845856150534292E15
-9.352533428402958E14
-1.599823503849994E15
2.4527571255364835E15
8.228465177807733E13
-4.5381717891219806E14
-1.0815846929045025E15
6.347995956478384E14
1.1320424980189682E15
-2.8660482901405375E14
-7.782152263464076E14
-1.6792999885281275E15
-1.745653087534624E15
-1.6091945287411772E15
6.252426758344258E14
2.6278717737815035E15
-8.303377765071481E13
-1.6894439697027818E15
1.821808205668062E15
2.688282177349796E14
1.5232735861041265E15
9.062544247598446E14
-8.864696373686715E14
5.504670524288434E13
-6.104121133241366E14
-1.0208518209312598E15
4.0743987814736E14
-1.2011783070283355E14
1.949720875582917E15
-8.122758602632562E14
2.91127702129769E11
4.6383002023655055E13
-8.095177705900326E14
6.433722001736879E14
2.121184124622015E15
4.5105454699002606E14
-2.163867823249162E14
3.2431693822958856E14
1.705729035642234E14
1.0380257581536695E15
-1.9049508451893308E15
3.7686193258663225E14
2.3593460748148865E15
-8.265479428514495E14
-2.2734951303826745E15
1.1420472496268136E14
2.974216325190111E14
-4.6140640421354206E14
9.63433483108168E14
-1.4859306529569358E15
3.7192494258280794E14
1.1727538360918982E15
1.3708700773599178E15
-2.5714325221062894E14
3.001931147176224E14
2.4858394828596525E14
-2.055130974444496E14
-1.7479457802042305E15
4.660470301139155E14
2.3444179708887575E15
-5.91918244566768E14
1.6942383701065832E15
-4.7454176683873594E14
6.058935277195536E14
9.900567742417492E13
-5.294057863692115E14
-6.805471186947966E13
-2.5017382316382884E14
-1.3023677063336235E15
-5.341589813068635E14
-2.476794922931384E14
-4.418594613404635E14
-1.0389423451765596E15
1.6072801494430884E14
-8.779037592906456E14
5.704161223844869E13
9.24985374387977E14
3.6043755361504556E14
-2.198875365289527E15
-4.0913071382819675E14
1.7351765452627232E15
5.624095328396117E14
1.0824846896814475E15
-1.106836343096698E14
3.234852426364913E14
9.155642218586605E14
5.212756976459728E14
2.7831377050135378E14
-1.04545188465904E15
-9.665080175888069E14
8.508012412197141E14
1.9340778984856458E15
5.914502204957892E14
9.874390173390898E14
4.88573763083495E14
-6.015365776432822E14
3.351019190447811E14
-1.2426634050972912E15
1.4117029108528647E14
-1.5765537144879722E15
3.7490759610577475E15
-1.0896873467636321E15
1.6057909105709978E15
-2.8710971132940175E14
8.476879701768949E14
-1.1752461978371558E15
5.410046871122626E14
6.932417934167742E14
4.4988792297484695E13
1.1498700942957198E15
-1.2889120637214522E15
1.1545923168653905E15
5.731702684506374E14
-5.073094448472352E14
-7.1244323161687E13
7.250011951071429E14
-7.202835143035345E14
-9.77932648342297E12
-7.82706365541174E14
3.96296274543516E14
1.1127769032553649E15
-1.4558095362359238E15
1.0310526379210271E15
5.152510024492373E14
-5.5829962755491325E14
1.4400776724978402E15
2.2496301790350508E15
3.2259278565987225E14
-5.25458805781774E14
1.0724669524879064E15
-1.7936604096780145E15
-6.189587443171238E14
8.68493771940075E14
4.1576507008317794E14
-1.951570443023533E15
-9.906519516939208E14
-9.429162017062076E14
7.846521046750929E14
-5.276995111850386E14
-2.1048738558616053E14
5.393647052046544E13
-9.050648880484719E14
-1.4732728408350968E15
2.075439296154126E15
-6.460900294862541E14
-5.652029763719108E14
-3.401528598533821E14
1.49553808381856E14
-1.0859417568520272E14
-5.427432248808428E13
2.1730752354479545E15
-6.164843473924908E14
1.1835137169501245E15
1.1306788662093122E15
1.2627267844150405E15
1.91521367687809E15
1.0430283416660336E14
-4.094204484108067E14
1.8226129716202956E14
-2.4348023007797085E15
1.166499001170797E15
-1.0881679934463127E14
-5.913803759037485E14
-1.0621693571197014E15
-1.5641469875298575E15
2.0277547558798987E12
1.099219013214691E15
-6.138999935978379E13
-5.208792094180776E14
1.150498719249143E15
-6.824230754332823E13
1.901590687473512E14
-1.0012795800994621E15
3.436771217537652E14
7.807654111870846E14
1.580941994704912E15
-4.1849410056447016E13
1.0380819195518617E13
9.803598800323924E14
1.3231050246539848E15
-2.7079618547496416E14
9.936614637839024E14
-1.7089082385737442E15
1.2746177573520222E15
1.598638069843388E15
9.438564157644736E14
-1.6196509046072895E15
3.534330373214717E14
7.796277691913165E14
5.936710730541609E14
5.1195612606838656E14
8.597862613910242E14
-1.0939975060195118E15
-2.0002147317988775E15
1.0612458803682585E15
-2.0488459812015875E14
1.1572524663139202E15
2.1183751996671872E15
-6.151593998647005E14
5.058473107563321E14
-1.2358870146493042E15
7.360482001936821E14
-1.6520242212609E15
-1.1170404501505359E15
1.7285626136850342E15
2.1123451619176756E14
-2.1849532389496918E15
-8.071709556011179E14
-8.303832619362632E14
5.475341051784267E14
1.0701464030915889E14
-1.8430753160446906E14
1.6706870098642952E15
2.093918334052914E15
-2.519135279537406E14
-1.0195632551351116E15
-3.8081574824246187E12
2.31723881598093E14
6.372533487457482E14
2.6699168527082088E14
1.2223718944084781E11
-3.409364478868429E14
-4.724372480234463E14
-3.3508040134632586E13
-4.0230983671742336E13
-4.1950959872377425E14
5.93217765898774E14
1.8104734177637672E15
6.5259647344240914E13
-7.223428733895611E14
9.615641928827916E14
-6.5475620883927E13
-1.1797172335601202E15
1.1059331553967541E15
-1.1105634379680498E15
6.298834831280406E14
-9.261293586243411E14
-9.26613434020084E12
-1.6838152088946132E15
-7.424087023527698E14
1.627985828309854E15
1.3493491292501842E14
1.7437911470160112E15
3.339732427616934E14
5.907655011971868E14
-3.006865957652509E14
4.735151442415863E14
-1.5982970790672247E14
-5.558258129821954E14
-7.265843538851702E14
2.781277745616203E14
-5.671078108810374E14
-3.797145888705338E14
2.083369086017163E13
-3.173392532048E12
5.659492974586574E14
-1.1183449336219752E15
3.8612083186876275E14
-2.491297095437077E14
7.361250317855092E14
1.427919784923173E15
3.5006123437463746E13
8.429314077078248E14
5.632706784831609E14
7.683712649780911E14
-4.8923131587827025E14
-3.920014936453396E13
7.983420558783096E14
1.252095783855491E15
8.001365751811058E13
-1.4542745849003538E15
1.2685883092633975E15
3.7439538242514546E12
1.3489984779423622E15
-5.374848736833126E14
-6.035322978948666E14
-3.802129552039151E14
1.3293792504410332E15
-8.901737946860284E14
2.6388070134117262E14
-2.987911182654437E15
2.3375576936851534E14
-1.6657273953798095E15
2.5730460032423522E14
7.271836685225072E14
-6.27976406949639E14
4.792253423648819E14
-1.1426820000871832E15
-1.9678983278656928E15
8.821556974169341E14
-1.9258756060714455E15
6.219351267944424E14
1.3407913715191072E15
4.20898232469208E14
-9.499275284485378E13
5.118872239351059E9
-2.720248940741058E13
-3.921936112879318E13
-1.189526119665866E14
-3.877928439637478E13
2.4680619427207912E14
7.567976068794794E14
-3.104660617247013E14
1.582870482646224E14
-8.553117889610434E14
1.0261340750370421E15
8.141046410414556E14
-8.941887211001549E12
-4.725872476853307E12
1.5128007230573078E15
-5.843280998416498E14
5.587865535020334E14
4.5274820427633756E14
-1.3379903401714435E15
-1.5139785974103835E15
2.5347109105223697E14
-2.1463842903928553E14
-4.0787738816561375E13
1.6668794102667816E14
-5.809813758199235E14
-1.271094254638952E15
4.3188434994554995E12
-2.6214660195674295E15
5.5750321229751456E14
1.0579055721704477E14
-6.556281690830291E14
8.820039064705539E13
9.26670370024576E14
1.1670339583229848E15
1.5479193636846096E13
7.22395123098457E13
-2.810235267442313E15
6.713599411127934E14
-1.848559538369528E14
1.3931277129268885E15
-1.1934584839070092E15
2.550977652056946E14
1.5580950081597708E15
1.5810712415268778E15
1.1474884272173605E14
-1.1617596634687215E15
-4.108269214792479E13
-1.5162892836358678E15
8.415029819451756E14
1.0907916312956267E14
1.7122415540635318E15
3.051141000205312E14
-9.926911153870616E14
-1.2606768739025368E15
-5.569002519094247E14
8.16187282184429E14
-2.5567918697652405E15
9.085617691747728E14
7.214020396855447E13
1.1671444296778728E15
-4.801484634986218E14
1.4954686439731028E15
1.7399631703450975E15
8.788167470048073E13
-2.294503955333533E15
5.803549663489305E14
-2.2010562089258882E15
2.1307669364684175E15
-2.2499967503825044E14
-1.1081640768609351E15
2.1124264139247432E15
-1.179219249850179E15
-1.0124094601822371E15
1.4662637692025788E15
-1.6607017289302015E15
-5.624396353886385E12
6.101683107479021E14
-1.9992760952947902E15
1.1203431083571641E15
1.0590450921183825E15
-2.715261912864434E15
-2.1043663881295494E14
1.1426059411521802E15
-2.3525987438463835E15
1.4354337828202185E15
-7.519554102145276E14
-1.4751923445117494E14
-1.8576422254581634E14
-1.622974488852413E15
1.0402190186330325E15
1.1482360628580815E15
-6.643601459691279E14
-1.985203319139148E14
1.7294968893229585E15
1.4665239576391994E13
-4.3336451249580656E14
-4.9293688113204456E14
-1.2759424100219505E15
7.660199107619895E14
-2.997372323099456E14
9.620181922666398E14
1.0379034564155795E15
1.076021306137043E15
-2.7413082177256662E14
-8.303151426738599E14
-2.5767923406114353E14
6.845159682111684E14
1.238182869599553E15
4.688945758105865E14
-5.904280593066082E14
4.0044181259590016E13
-1.2191799660237525E15
-2.828327061468375E14
-2.2152503292572418E15
1.7067928979309205E15
1.486589846302287E15
-2.1212710133164382E15
423913.06438983773
