4.8532456301660875E13
-2.0492932393694097E14
-3.4867639096238194E14
1.0622027508576341E15
4.750159028316185E14
1.432573752623442E14
-4.454985884533177E14
-1.3082724291756818E13
-1.8655482091349656E14
-2.8203537701011175E14
8.6989651835696E14
-8.842017679459463E12
1.9639959056134242E13
2.0652018836790442E15
6.381232542357597E13
-1.708445838062095E14
-2.992928735506307E14
3.3539419185503555E15
-1.0546775719777088E14
-1.582591303886834E14
-1.6062866531816405E15
-4.0853574474970625E14
1.1670989632745292E15
5.331955136685397E13
-1.0874303565923314E15
-1.1670251425259195E15
3.499884929713498E15
-4.995666615108379E15
2.862721664676737E14
-8.901375256240988E14
4.869188767702715E15
-8.497427178074422E14
2.932394013767392E14
-1.4487936973289853E14
2.1800075564892598E15
5.610848171813443E14
2.419658390108769E15
3.858914494361092E14
-5.7237067478158055E13
-1.0393938075180936E15
9.032258318704679E14
-1.2051554353833445E15
4.325895871290019E15
2.1200987203088925E15
-1.0909263548384204E15
2.994820168737853E15
-2.2051179630480268E15
-1.266211330133847E15
1.2735318400928942E15
-2.4676158700970295E15
-1.1359416742564923E14
-3.0893955182297977E13
-3.2134439295127275E15
1.6293334824680625E15
-6.143801609680159E15
-1.4708340128715545E15
-1.119238322380749E15
8.178347060649195E14
-1.2317164487124708E14
1.2126330779587222E15
-2.9334326021727595E15
-9.417742220107288E14
-1.1313160033006272E15
1.4058713630022228E15
-5.3660122844425206E14
8.926848151409048E14
-1.6536362606506275E15
1.966743115942303E14
4.077784129264662E14
6.494589250275204E14
-4.885520787483058E14
1.7863213333432798E15
1.1293780592625965E15
1.6978100640960016E14
-1.645172084382811E14
-9.755427043281328E13
-3.12682803532655E14
-7.524615324472826E14
-1.3024308986245295E15
8.699731872358919E14
-1.1639492389313385E15
1.0236019176231972E15
6.993175394436319E14
1.1005234358695264E15
-1.456231882575249E15
-1.1304031362517548E15
-6.747167356848952E14
1.0671957397690428E15
2.8506056699915175E14
-1.0636966381524462E15
1.8861705115676538E15
-4.082838751557493E14
-1.407275623190698E15
3.763444689837274E14
7.608183551173889E13
1.2290797846506192E15
1.7615315095185275E15
-5.3047180550539994E14
-4.7495110119036194E14
1.1184991308457831E14
-1.484676615069125E15
1.773621254516502E15
-1.5638692025943805E15
-1.8951282187580472E15
-9.308375596524541E14
-2.376056146451192E15
1.0818521643541836E15
-4.632440866311463E14
-1.54931944573364E15
1.0599801134300569E15
7.594001268969709E14
-3.739078334981803E14
1.3362233107756645E15
1.5879841065317703E14
-6.215623209148186E14
2.1400366664168235E15
1.5620986929980575E15
6.009573892998091E14
-1.572491397517787E15
1.9665527608551185E15
3.574387737075224E14
1.672124422546359E15
-2.880608051217506E13
3.655406171598179E14
4.311291133284542E14
-8.1572374861525E14
-7.454911032939952E13
-7.936751034892981E14
-5.239388739580587E14
4.906960132689064E14
-9.806108260785952E13
8.753669910477609E14
-2.4471311564588553E14
-6.368462583028348E14
-2.3438789276574256E14
1.0748231334020293E13
3.5942821823279125E14
2.62550341239398E13
6.192951990954488E14
7.929399500125472E12
-3.51762113010099E13
2.2624328007835957E13
8.353032187211235E14
-8.37910712284957E14
8.221960914529464E14
-1.4431184813741938E14
-3.593355738629748E13
1.4571557582779072E14
-1.6337113351784405E15
-7.074409938853022E14
2.0103914088972884E14
1.8407573111258492E15
-8.598128602874814E14
-2.8364876907852606E14
1.0801243170528211E15
3.057642387015349E14
-1.0466528310304229E15
-3.248101945556087E14
-3.8891957206996525E14
-1.837305526023844E14
3.226474387708381E13
6.144103768648678E14
-7.105683843472298E14
-6.06222476067803E14
1.0950482909946975E13
1.4526287328625684E14
-5.06229100640031E13
1.8274158454093862E15
1.7011252461182228E15
1.7614669366802368E15
3.678464648797706E14
-1.838889989696495E12
-1.1095361752425248E15
3.1098261598554456E14
-9.702196104322469E14
1.0557434033208215E15
-4.352535935120559E14
1.4693836794913628E15
9.818977320251571E14
1.426299011040198E15
2.505083575693609E14
-2.7288050047314712E14
-9.701654796593268E14
-1.0841090470025211E15
7.046857378019644E14
-1.7995292023896402E15
-1.0580701586644455E14
4.0534791058661175E14
-8.280274499479752E14
2.980201731712205E14
1.3727245350633145E15
1.556750552328671E14
-3.0918809180924756E14
-6.394741449139329E14
-6.453962923144654E14
-8.83673701064303E13
5.329304326983333E14
1.1890138336931738E15
-1.5432826631769288E15
-6.857314456558656E14
6.692502531445514E14
1.0448309804459623E14
1.0177918751482995E15
1.1411290591002895E15
-1.7694631153870836E13
-1.1600980840254292E15
-5.5590775765498125E14
1.5487611904315032E15
1.1841284653245185E15
-9.315125443494994E14
1.2681322453258538E15
2.266697943459192E15
-2.0499638200498698E15
-1.2687543715785822E15
-7.20831194431087E14
1.3454339716832862E15
4.837712706202674E14
1.0128069531134075E14
-1.14065631703136E15
-7.052439984914585E14
-1.6114769010569295E15
1.123844136320689E14
-1.6663396678766325E14
-1.2228474458454242E15
1.704680946515653E14
4.690620259186786E14
1.1117874667976521E15
-4.2254108774079356E14
8.509966106433991E14
2.6407955676351506E14
-1.0423626583918962E14
-1.958436553413525E13
1.421991198571574E15
8.384406237159814E13
2.2832537671128412E14
6.339198808254814E14
9.875790739967821E14
1.0357906591794641E15
1.1210535773090404E15
-7.805685912630486E14
-1.0644454494072134E15
-1.679091820148188E15
-1.1282010952200145E15
1.9198142409610545E15
-9.907807889159192E13
-1.8858662566676766E14
2.1568723217570006E14
-1.4513052188994192E15
3.298312026583323E14
-1.0357640559776971E15
-5.095575475167456E13
3.739609226573446E14
-1.9837474854029502E15
-3.335694110976303E14
1.5429932108407822E15
-1.461485008980927E15
-1.17952566270319E15
5.659013680428406E14
4.323356204669483E13
8.11097400661982E14
-3.381674497465288E14
-9.443214486269566E14
7.219270219265571E14
1.6378911318613678E15
-3.5594778164920356E14
1.2908558472726302E15
-1.0864406061430548E15
9.246502302444382E14
-2.622145920274919E14
-1.0217158477484942E15
-1.2636601224389312E13
-5.857671829887568E14
8.409503798415405E14
3.8658751629604225E14
4.683861749270797E14
6.7210598392571E13
-1.0457771360539892E15
-7.06125201948683E14
8.62840290881004E14
-7.292439644747327E13
8.417992690828106E14
8.799114725439462E13
-1.219191982452218E15
-1.6890803009309995E15
-7.640418079773638E13
4.7340786569089994E14
-5.9584590778520195E13
6.981735656302655E14
3.5712746359071594E14
-1.0187772749047174E15
1.692322663136036E14
-3.6304477770168516E13
1.0710725839659166E15
-1.0185415202885515E15
1.059029419204805E14
-8.70212362203706E14
8.16611943526704E14
2.818730414628779E14
-9.472250450085691E14
-2.7670008553458006E14
-3.723715645338965E14
-7.122460059438778E14
-1.823645212866445E15
-3.079619331316401E14
8.984774161015224E14
1.2484564586452053E14
4.104664820140748E14
-1.1071442467716184E15
-1.6904701424373334E13
-4.3337841269819356E14
-9.454576373000559E14
9.323845442504842E14
-8.522267635105949E14
-8.317639430953685E14
1.2541322457824975E15
7.137442282725704E14
-1.1727338165919482E15
-1.0840690967554845E15
9.166599220578389E14
7.200166904351494E14
2.4184532830607438E14
2.969647866972432E14
-5.1555664110884956E14
-1.2337084644527488E15
-1.7933155554747432E15
1.3975044727420795E15
-1.4649725754576982E15
-4.6112841507334594E14
1.9970489320628248E15
2.5815790206255103E14
-1.0525430622262348E15
-9.394221304729679E14
3.632722220745377E14
6.697579278228856E14
-1.2470344721213603E14
9.528885352254549E14
9.247767020153564E14
6.198312004421047E13
4.6086962909855694E14
-7.925137836468527E13
-6.028082043773448E11
2.635269840965996E14
1.1664858528085012E15
3.680461578444419E13
-4.951987339885988E13
-3.3963640242735106E14
7.025205519177385E13
-1.9776520633875422E14
-6.671002398401569E14
-3.958371416876847E14
-7.746461513376369E14
-4.964925859607339E14
-7.996662577497228E13
-1.1620304168282395E14
2.8229384394191256E14
-2.9226319241271543E13
1.184118647303878E15
-1.2882202687298528E14
7.684299206509592E14
-1.3244894531903332E15
2.928234299020308E14
1.607269911724357E15
1.146245618552913E15
-1.2586545312632772E14
6.679162346551944E14
8.859007381809481E14
1.78314637622017E14
1.7557549025840428E15
9.925140425994679E14
-5.843764600152455E14
-1.0870378652022998E15
8.416828819698751E14
-4.135910177498398E13
6.636459693078382E14
4.471071907670756E14
-1.2246384190199465E15
5.2160872337843294E14
-1.8422116323879615E15
9.70728252465101E14
1.2742639102067145E14
-2.5721526350322633E13
8.990253807165202E14
3.16719800472812E14
2.2866353245911506E14
3.9340920221659625E13
-7.62010639646567E14
9.115307824806486E14
-1.227462873644324E15
1.0477830397921218E15
8.995311033588126E14
1.4245715251800684E14
7.053796252825474E14
-5.520222362083738E14
-7.101071215260721E14
-4.754745079922261E13
1.0635060419904474E15
2.9709271286838137E13
2.0534561279915747E14
-1.1602303380727728E15
1.2576645833870415E15
9.838663820222245E13
-7.037720493852079E14
6.563893784275784E13
-1.007841942750464E15
-6.446179182939901E14
-3.2932546756119206E14
-4.2734418018093444E14
-6.64552857637946E14
-2.584910425996988E14
5.812086921454709E14
-3.882023365624345E14
6.534660531795955E14
2.5987614820607133E13
-6.098368158291265E14
-8.225787974283862E14
-1.0381836417987269E14
5.6032788123656856E14
-1.3532367099048422E15
1.0554191094748054E15
-1.0172055511009036E15
-2.4291516569849147E14
9.235172703691514E14
8.292263876563111E14
-2.337689397492025E14
-1.5926541888973475E14
1.4591660308758575E14
7.398970321960201E14
-2.0776046954538097E14
-7.493789062070536E14
-9.16903302175743E12
-1.25296216111214E15
1.5522892982169762E14
-5.9101353261265945E13
6.000776530286429E14
-2.823384057523563E14
-6.400378112475642E14
-4.84067037991747E14
-1.808309677849618E14
-1.3463364284996205E13
9.969208180877236E13
4.375370060916567E14
-7.831762709998482E14
7.032935658937622E14
8.597263036357062E14
5.564488523995248E14
1.5358440140755512E13
4.894293014097611E14
1.3775122662506175E15
4.8576060695861756E14
-3.388363271434063E14
-1.249541274857604E15
5.059883635309073E13
5.066627805601641E14
-2.9545919741860744E14
-3.2299775084491506E14
1.1107554697231174E15
4.4220991764920525E14
6.120337539111608E14
3.130310359653059E14
-5.1809337708302094E14
5.854315855055266E14
-3.97082773220112E13
-6.824206551225582E14
1.509995209962485E15
-4.2060598801279256E14
4.895659998421133E14
5.326806776299108E14
1.4518922686858562E15
-2.257287050664737E14
-1.9855840077720188E15
-9.002369605266278E14
5.465230670282496E14
-3.1073019706498556E14
3.567578976680305E14
-1.1455188439230168E15
-2.543382142470231E14
-4.64955529861896E14
-1.7682786960375478E14
-5.998363024603719E14
7.63987437349735E14
-8.718896000487024E10
9.168501034354115E10
-2.998047503325366E11
-6.40465604202051E9
-7.400298471884894E10
-6.5926428068150764E10
-1.5017931138604935E11
-1.439226251852831E10
2.826279698521501E10
-1.1929259768707714E10
7.118470613708589E9
-3.514667572136239E10
1.177761954872122E11
2.841599597626996E10
-2.561943306051547E10
-1.6371455078960749E10
-6.946083695769995E10
-3.8619076508661776E9
6135136.288238341
8.863632160229723E10
2.7691588583616703E10
-1.162574778278779E10
2.842217577904918E9
2.2759594281965797E10
3.2260559025730475E11
3.3889146596091328E10
-2.2239347981895985E10
2.3875380860260773E9
5.04817699532949E10
6.89210267610965E10
-2.1049397282203598E13
-3.099586750613695E14
-1.2816475192892314E12
5.8437468930995555E13
1.9627588632475703E14
-1.4560396643931644E14
-2.985256466806782E14
-6.562852955165111E14
-4.072883325112876E14
-5.574236219248809E14
-1.31523109633283E14
4.311430247419647E14
5.1946004784453606E14
-1.8460233743567316E14
4.3665026835876794E14
7.456741758960334E13
-1.1870973261598695E15
-1.4609018394421834E14
-1.1255789358900608E15
7.74416303512842E14
1.2526229947493418E15
-1.2727225540501694E14
2.0571072817956845E15
5.222284274590302E14
-1.7046958042624734E14
-4.753128909783256E14
-6.3422753184860914E13
-6.849515052702295E14
1.5109245983233653E14
-6.045921104266641E14
5.498349597383275E14
6.518038722728504E14
-7.843902361301102E13
-3.4446053534606225E14
7.088762192323442E13
3.5951972236530625E14
6.45891942235895E14
-3.8538448491459044E14
-6.699573749657282E14
5.1255340014935075E14
1.0550171430559602E15
-1.2599988276576495E15
5.2476264930766586E13
1.8413350228254466E14
7.015606445468782E14
-3.9868219421614806E14
-6.350212659509956E14
2.1613693506414172E14
4.0903150849905825E14
1.0281509179516781E15
6.546923686070546E14
1.1492370587832442E15
-3.5401024416926025E14
-1.3867509751385035E15
-1.2912788867788564E14
8.564344710623138E14
-9.691774872764305E14
-3.0712865280916194E14
-1.1196886773952796E15
-5.6215236396330056E14
3.8219589332025456E14
-3.3841392388607723E13
2.077660282822195E14
6.310411144295705E14
-1.8099984310003116E14
2.4490813552360412E14
-1.0340686004823762E15
5.095631892387391E14
2.3381525037925162E14
-1.0389285750132545E14
3.292111893372149E14
-2.1106757396416212E14
-1.0905124643707392E15
-1.3684194762411684E14
1.2353606547752188E14
-1.5145345507509928E14
-3.658986144964443E13
-5.653773648174884E14
1.1667101889324808E15
-2.857908852602507E14
-1.2948674520609492E15
4.888673175641641E14
1.0803971640098326E15
-6.25355660328584E13
-4.367902328165333E14
2.4412537124713556E14
-4.494734444325005E14
5.5327672727683606E14
-2.0640606382377553E14
-5.893210843720155E14
-7.774391453630001E14
9.254213524676203E13
-1.0160201902461783E14
-1.2921503425628312E14
1.67734551002762E13
7.523984458958176E14
-2.6197566287432534E14
-1.3568047998546422E15
4.606557963907448E14
-9.832195421102296E14
1.4897918767694762E14
-2.6502336999964122E14
-4.690226479809492E13
2.622503405924454E14
4.1768906689163594E12
1.7349123618553366E14
9.183221170072984E14
1.4014466426988175E14
3.018387183197885E13
2.186460310460821E14
5.822104324984515E14
-1.034555757168035E14
5.493343274062689E14
7.753792213451683E13
-4.5730798589187606E14
-2.1498625346731978E14
1.240776916305246E15
3.13380251957012E14
-8.309921378058191E14
-2.730713558891666E14
-5.803602859469399E14
1.68342271901667E14
-1.3954053144128653E14
-3.3740704321549344E14
-3.105518476098922E14
-3.057630621757311E14
3.194164536497239E14
5.623148008499084E14
-3.2943505207838244E14
-1.0142902876896809E15
-2.0557834581397372E14
-5.977007652865549E14
-2.896421836679892E14
1.9809937324462078E14
-4.526214880624351E14
6.895283248330465E14
2.962916410429479E14
5.008726788840801E14
-1.90101950192089E15
5.209728668179524E14
-1.0090408979216474E15
4.0586735490709244E14
-3.8236661080006425E14
5.5199039944909806E14
-2.1919860901781116E14
-4.335784045747861E14
6.735781715214712E13
-6.642583195959664E14
4.1336131669382106E14
-5.299076964245899E14
-2.5912253498752472E14
1.9820388043144006E14
5.4338625597347375E13
-3.6088638664497094E14
2.3960103243999512E14
3.455196072466773E13
4.425726235807884E14
-3.556383859816454E14
-4.830912935910919E14
7.466691253148909E14
-3.207057699663385E14
-3.972094988076129E14
1.1395944513483925E14
-6.922944806158441E14
-1.292596289599217E15
-2.2200013473698303E14
-7.255761492382534E13
-7.211562897378958E14
1.1385930654882372E15
3.07353793755342E14
-3.838615406297472E14
-2.363099468953191E14
9.698540986307231E14
7.085190754886704E14
3.952951630335293E14
-5.069279048559852E14
2.2574999772385066E14
1.2046864262096172E14
4.248846687477146E13
3.038336706883212E14
8.113505769342336E14
1.3189305407359752E15
-2.8322231469346344E14
-4.8094001285212356E14
-1.474298398246071E14
1.0552771657589767E14
-2.2608973916454756E14
-6.2975628496694445E13
1.0029836794123584E15
-5.680695895965076E14
6.985642175614682E14
7.530327888643278E14
4.3686501143982356E14
1.0389372579431394E15
3.487625037566264E13
-1.160736637228904E14
1.2773024796367549E13
-1.2725527807872492E15
5.931616659020108E14
-3.8276904803345176E12
-1.7168483085410444E14
-7.277124492050482E14
-9.2477442348496E14
-2.2527231803615412E14
5.766543070977585E14
-1.3612344742648498E14
-4.238385376650383E14
5.73768701855047E14
-2.756273485608845E14
3.178390139662464E14
-5.361094609105431E14
-1.8257780085610156E14
-2.641185641644746E14
-8.729112418415224E14
1.7798001345971628E14
-5.896496170722758E13
-3.701816983646499E14
-6.804622131524762E14
3.51387208211506E13
-4.1093094733065306E14
8.513610734573101E14
-6.337033521766471E14
-9.53621155633301E14
-4.678911817953788E14
6.655682093214009E14
-1.3090449637549003E14
-4.779646755513592E14
-2.7855335836511388E14
-3.7637049467381075E14
-6.458712333545749E14
6.270656478169221E14
1.3654550161305922E15
-5.654666528964108E14
2.0503368860142538E14
-6.571868292279505E14
-1.0204332100935715E15
9.844034151318034E13
-2.190396384464516E14
7.225672835354509E14
-4.888976397351717E14
9.796256899416068E14
8.010711560158014E14
-8.140040308521608E14
-1.7000370462661034E14
1.0979499734064434E15
6.574425006159148E14
3.514127291428993E14
-3.155098589479875E14
-1.2734245815728588E14
-5.348747602363931E13
-9.416645760014341E14
-1.1708679375091608E15
1.6108304396079338E14
6.207411510336896E14
1.7799491046824057E11
-6.05533314937733E13
-3.565591304572046E14
-2.4846222416032588E14
8.351825472197238E8
2.840055447738466E14
2.0312786081225466E14
1.8000043654642637E13
-1.597862801179983E14
2.37929785543213E14
-3.6606619724031425E14
-9.201187967900552E14
-1.17047996146171E14
2.8126306846151656E14
-7.466095262910879E14
3.19611773767824E14
6.948355683515604E14
-5.6048670920990856E14
4.5081902848683344E14
-4.9151813996883056E14
5.055766704338499E14
4.628550706285014E13
9.93410227193275E14
4.9017852135915744E14
-6.986252490884798E14
-2.3364415182703247E14
-7.476235466656859E14
-1.2855825950912684E14
-3.350899328518054E14
2.4152113069987356E14
-4.699013142113226E14
9.009781858060472E13
2.1588089674947912E14
4.50581182687367E14
-4.607759642792446E14
2.5979384668780428E14
1.561569726320595E14
-7.886178751057535E12
1.0135812300481342E14
-2.03216581283447E14
5.958626012476689E14
-1.5760684819086444E14
1.8330499478896812E14
-3.555011808215268E14
-7.368448649573915E14
1.221281145724265E13
-4.5514297188715244E14
-1.5137881267773238E14
-4.114581373272421E13
1.4101307645142478E14
8.078947504770667E12
-6.358273421303271E14
-5.2496432821965544E14
-7.52879191626509E13
8.392783295139415E14
-8.208117734118445E14
-1.535294037251608E12
-7.379508702104856E14
3.6515066793544156E14
1.4754890239997362E14
-2.632990594857071E13
-5.007411085572474E14
4.5987980837282175E14
-1.0873072363598958E14
1.6634874773096385E15
1.6149587840773975E13
1.0594069069887744E15
-1.2456329771617297E14
-3.023862845724016E14
3.4319416779955925E14
-1.1722875979687756E14
6.274562686053889E14
1.0419245800420486E15
-5.2154460663488906E14
1.0056399194635476E15
-4.03518197597059E14
-7.536146166276624E14
-2.6697931525160366E14
4.818619856256139E13
-4.0949063338281355E9
-6.425797424674145E12
2.459652186197772E13
1.5499900218638112E14
9.22667063439331E12
-9.556400835821686E13
-4.0760646131895244E14
1.3626128238388222E14
-7.09378247951265E13
6.66962832377357E14
-6.121713796748029E14
-5.129760145177901E14
5.941107213104943E12
2.6327835482457925E12
-8.124278370473542E14
1.2174007358490953E14
-5.254367433322171E14
-4.1453108220362856E14
1.0047639156672574E15
9.988475114898191E14
-1.3441739442425836E14
1.3301650770557011E14
1.942615700717448E13
-6.592859161215959E13
3.816203522329317E14
5.87245969030456E14
-2.4205979525788145E12
1.245665372523872E15
-1.9145405364134447E14
-7.200065396707486E13
3.424493462151348E14
-9.295869194517075E13
-4.0531441263040856E14
-8.803032011661116E14
1.1559762702681328E13
-1.1753008040260533E14
1.5871899752027688E15
-2.631987067103155E14
1.2541724662291789E14
-8.592157133622006E14
6.68066681070981E14
-2.7173297739466006E14
-8.808927818258802E14
-8.986567140183101E14
1.020734004381563E14
8.082103399880886E14
8.350474372026245E13
7.250503676227079E14
-5.753025350315715E14
-1.977268669438767E14
-8.34789388155948E14
-5.4345064212343164E13
5.84550480466929E14
4.637521266745118E14
3.574470078546622E14
-4.476046912327173E14
1.3854003305306352E15
-4.940845759970784E14
-5.026271976952E13
-7.931986572054195E14
1.947733534665866E14
-7.764958629738618E14
-9.534907421255126E14
2.7504911927023212E14
1.1228186535981279E15
-1.1678894671580603E14
1.1173238218401315E15
-1.2207553156873892E15
1.647911215795569E14
6.304330216052648E14
-1.0141582022980608E15
4.121694639882268E14
6.630706582521044E14
-8.820803328937606E14
9.731200742996666E14
1.5937774440766555E13
-2.8728199730667475E14
1.127794205836765E15
-5.3606012419534344E14
-4.3524519477007644E14
1.5219519863655888E15
2.411397983974449E14
-7.386939566761794E14
1.1108631508640684E15
-8.326713803552852E14
4.270484299396085E14
1.769728741807592E14
8.658557466256306E13
8.103053637308194E14
-3.935030428262198E14
-8.539631006412098E14
2.8951436999053756E14
-9.005984036204616E13
-9.142253565730298E14
4.636970730948909E13
2.288177010671151E14
1.198717724143153E14
6.710871454939949E14
-5.672294706917818E14
1.0639780929664881E14
-2.7685731847781738E14
-4.432128225536687E14
-4.8788757820580225E14
-1.246405333714136E13
3.369468862611241E14
9.595950161904489E13
-2.7896289846622344E14
-6.134202679804768E14
-2.6395403621806038E14
2.527867974312646E14
9.333696513043047E13
2.919185912814385E14
1.972136136315277E14
1.1780891664667645E15
-1.1953090615692098E15
-6.284089501236795E14
1.4018883414892085E15
-343878.8314609756
