3.382577195365303E13
2.832902128779864E14
2.2823911126663412E14
-6.59592566803614E14
-3.470013047068571E14
-1.7310552146359597E14
1.1975057094397628E15
1.2112832873346748E14
1.8217455307166397E14
-4.866469326343788E14
-4.056214797564551E14
6.150084313355988E12
-1.8629698411691668E13
-2.494529080922949E15
-1.1646795373125198E15
1.4564735919445062E14
1.98236857757241E14
-1.9361467074126232E15
1.2856635445624952E14
1.2887050635033475E15
1.216112807171881E15
-2.215109241159381E12
-1.2592385601551238E15
-3.821857175637626E13
1.2018830798705198E15
8.788816058820891E14
-3.025266546289417E15
4.541969822246923E15
-2.4987431626077366E14
-1.3005559340089725E15
-3.321849224537808E15
-9.214676209797292E14
6.590820562162572E14
-1.0427693832620619E15
9.605178545695069E14
6.710475350271275E14
7.613559053433751E14
7.092740433229659E14
7.498272775642601E10
1.3984898861464219E14
1.4294363151006135E15
-5.68570238182298E14
3.5384491584191275E15
3.032946268385696E15
-1.1572337493119712E15
2.1062894869507565E15
-1.3872331058875532E15
-5.837495143447714E14
1.2032282081857625E14
-1.7830631200520482E15
-2.7933070988946353E14
6.715346108025105E12
-2.821596132227017E15
6.4010718741735E14
-5.230077187495161E15
-1.0323916979129149E15
-1.293725667497007E15
1.0497726240337029E15
-7.961598229806622E13
6.384942586107382E14
-2.369214272762518E15
8.131475034267292E14
1.7954309298847355E15
-1.0631934894411208E15
7.406172641162902E14
-9.806248707156502E13
1.4219308118723038E15
-4.5658579289679945E13
-2.4064862239043247E14
-9.324964633998071E14
1.7040415739043522E14
-1.7618727447573428E15
-1.0392704257334769E15
-2.3904271398724275E14
6.089904645195722E13
3.817956997510155E14
6.331537828101004E14
1.5131641797088655E15
1.3475903121684228E15
-8.823214697710679E14
5.838519280705249E14
-7.102086497980233E13
-1.1666441468928218E15
-1.409830479241697E15
1.14736933203276E15
1.1202208121915455E15
5.779286381036949E14
-1.1863384939390432E15
-6.25466164450003E14
1.7743402406488078E14
-1.5691316792709255E15
-2.1403106360553844E14
-2.2802650330345865E15
2.2499721908268478E14
-6.4031257793968484E13
8.764470324090645E14
1.7322479708854352E15
-6.795488230722748E14
-2.7326696789139372E14
7.81818423277999E13
-7.5976131577961E14
1.4497263914601208E15
-1.5298948106693762E15
-1.9634633969707922E15
-4.1593029449152244E14
-2.2239515330132678E15
7.960592084058122E14
-4.7820220800369875E14
-8.961938763497481E14
4.833272534268127E14
8.083668680769158E14
1.643378638834514E11
6.33365037394822E14
2.5984029489132847E14
-4.520328771146381E14
2.0992631576732858E15
1.6260503175497275E15
8.264941602065925E14
-1.2139809494832052E15
1.7571771227666545E15
2.733771888213633E14
1.2157971543885662E15
-3.6935301929258766E13
4.6063455646259356E14
4.4834665322221994E14
-4.004727282475687E14
-1.3639831457171333E14
-6.520700086988615E14
-6.665202217179885E14
4.0622869391376556E14
-9.36201686920243E13
9.092902889841768E14
-2.3054002731003012E14
-3.749975446138744E14
-2.208789029580476E14
3.1104218679000555E13
5.252037833329884E14
2.5002088943025703E13
6.474182590770338E14
-5.02727504432923E12
-9.143566851654338E13
4.4200050071554164E13
5.0213553441198644E14
-7.75913532639753E14
4.6411774604271094E14
-2.6567775607112222E14
-2.0381492544776222E14
1.5079266442875562E14
-1.0861792395228108E15
-6.626883477068894E14
-4.105656092157634E14
1.4588296697634672E15
-5.478125795852086E14
1.139376382558217E13
5.532546028354963E14
8.14360993342364E14
-5.835549203190642E14
2.0902773902865597E14
-4.404032264663582E14
-5.7528422589486875E13
-3.588795532626213E14
-2.6721959718771478E14
-1.3454827195512838E15
-1.1275211112575458E15
3.0868577978817975E14
3.254189629742324E14
2.5064560513160466E14
1.7756259534819598E15
1.0470736704296369E15
1.4110607725592845E15
5.340397074482991E14
2.1468556766531122E14
-1.0253457140232655E15
2.8054310758308053E14
-1.1083690258876391E15
9.212995014284959E14
3.8048398781943975E14
1.451250667900589E15
4.738413478664249E14
1.28851716417449E15
1.9951779061953394E14
-2.717858847781536E14
-3.908317431671651E14
-5.083151667675906E14
5.59954874283542E13
-1.592503870087594E15
1.1467334006559612E14
1.2331356859524858E14
-1.1739951046259856E14
-1.932671440861802E13
1.4619001738762552E15
4.13930167966367E14
-5.140346915989207E14
-2.1143746872926603E14
-8.460216563420279E14
-1.7336887607104997E14
4.63750349966386E14
9.212352327534685E14
-1.1758620171214682E15
-4.273093013624796E14
8.487138029564182E14
2.2633336171744622E14
6.869686851261669E14
7.336549090868291E14
1.8274720758729223E13
-1.2804482836005708E15
-4.831434946924508E14
1.3194486961849842E15
8.099799070234791E14
-9.794136365176975E14
1.5927189377835605E15
1.8883542979032128E15
-1.6185228922461985E15
-1.0375276300015924E15
-3.3648411094937275E14
1.360955635847801E15
5.717985493879689E14
2.5091682948726222E14
-5.796226728217406E14
-7.342982888344358E14
-1.2826474710706065E15
1.83722507783395E14
-2.549943357448132E14
-8.057875630980985E14
5.0692618127504694E14
7.927508117650839E13
8.460689239786355E14
-3.763628438952416E14
3.0860048137178744E14
3.875182035997753E13
1.3820151525655623E13
3.279649841355262E14
8.307662671085436E14
-1.733323022850191E14
1.5121713639605044E14
8.824398259724175E14
5.634639991518716E14
1.0440626497293728E15
5.258824200715675E14
-8.549687876235124E14
-1.0742550560564549E15
-1.5575892513047598E15
-1.0792052953520724E15
1.3535560141791448E15
2.804182983435844E14
4.1871807672577444E14
2.184158595974808E14
-1.6838560501069868E15
3.6467021404173956E14
-8.606832341772918E14
-2.7321667849456512E14
3.4505754903671694E14
-1.7560120210300248E15
-1.7452289060450544E14
1.2910896715265322E15
-1.6032068796599098E15
-8.30866583434832E14
4.680000888382129E14
1.2178337712140136E14
1.109450412833573E15
-1.6160106038532694E14
-7.171154955545168E14
6.309846226679256E14
1.6491456411101092E15
-3.249734758610688E14
7.657483225313678E14
-9.374089675381069E14
5.467276382536575E14
-3.6470100511666225E14
-5.0294167537722544E14
-5.8912861145632664E13
-4.842875474654962E14
8.197711972491915E14
2.6143837276593006E14
2.450766757637788E14
-1.473701301800907E14
-7.24986558647833E14
-7.45439933018543E14
7.003198853775372E14
-2.6694860466556747E14
5.083930763154127E14
1.3983603295586367E14
-9.96939558122561E14
-1.176510322147372E15
-7.932586788676057E12
6.150870729942455E14
-2.361744344278645E14
1.2209610408994108E15
1.3920503376536384E14
-1.2377135522690325E15
-7.953359162611466E12
-4.4127519179156484E13
1.050474842047396E15
-1.1217644473485281E15
4.509028919124858E14
-8.992102236779339E14
7.745034672233472E14
4.909758586912059E14
-8.737199167224141E14
-5.649243205033597E13
1.5653979190542166E13
-3.8192941119572055E13
-1.5897208292016598E15
-1.6481858475978784E14
3.299023778029267E14
-3.030002398599803E14
4.950384635271773E14
-8.133030691865894E14
2.8980988983792594E14
-3.081340098708599E14
-7.176831971623301E14
7.000438987993315E14
-2.9771528164949906E14
-5.6262919693021875E14
4.9064561806127156E14
6.478981421805055E14
-1.1819724083183118E15
-1.7710090893755772E15
6.560845809047932E14
6.100126665351298E14
3.556523650042481E14
-1.2896027129317366E14
-3.149031190195098E14
-7.32551286155556E14
-1.2349960563014402E15
1.2230046031507505E15
-1.2974249408649838E15
-3.837855898527069E14
1.7361881077022608E15
1.9940037782055594E14
-9.453650498603444E14
-6.328851210737699E14
-1.7283716018677116E14
5.342622967538257E14
-6.276705027231896E13
7.426663880810729E14
8.557885445785484E14
-4.627226595296274E13
5.108677634202655E14
7.967730124551961E13
-5.82615516616434E11
3.025380108956783E14
9.823584536917596E14
1.4320507089418356E14
-1.3190972144639905E14
-3.9703441041144725E14
3.692834323989913E13
3.193803983205357E14
-7.476336895084491E14
-4.9375174898413825E14
-7.211722447893104E14
-3.4118532752325025E14
-2.5754572532540188E14
-1.0541092004314995E14
-6.527819228505469E12
1.2587486809042569E14
1.4023090355604858E15
1.734781186844622E14
7.82997276756903E14
-1.2093230531853015E15
9.727950832203938E13
1.2024525517488832E15
1.0417812821702552E15
-1.2273621216719462E14
2.730465852649347E14
3.270352487955074E14
4.5524492025792106E14
1.521717781151556E15
5.2519890992325425E14
-4.202429227098154E14
-6.785546454377936E14
2.0787586243172528E14
-2.2204731476557525E14
5.536840053707205E14
3.798645926185002E14
-8.632951969673982E14
7.244968155269438E14
-1.7395348912488298E15
8.689771676694409E14
1.412149505386927E14
-3.135606409171681E14
1.062844611319842E15
4.289403257843309E14
-1.5041530842697597E14
3.592932117998954E14
-6.400051135767791E14
5.4999474222280494E14
-7.782808442836235E14
1.0898700660503189E15
3.7428498645228625E14
4.637197381269025E14
3.531548433345577E14
-7.739813991622024E14
-4.918011899006046E14
3.8255542702765344E14
1.1565634448574955E15
-1.5646781318207925E14
1.6868405090887675E14
-7.007798587383771E14
1.0242084012865496E15
-3.925400001051875E14
-4.099651409912603E14
-1.544340163665112E14
-7.709241626756748E14
-4.704056762703436E14
-7.253487961333438E14
-4.3483499503651456E14
-4.7576403542434956E14
-4.434883569953852E14
6.93250994884702E14
-3.349361138486537E14
2.4685224315815806E14
1.544266482228473E14
-1.7226809746810184E14
-8.134738454114379E14
-1.9678480166667184E14
6.420315097931191E14
-1.3544288165476008E15
8.942439827251934E14
-9.824110904463671E14
-2.2168878032628138E14
6.86847485226305E14
5.573770593330506E14
-2.6410958069493666E14
-1.285440971058287E14
1.3053267336012022E14
7.554482925833682E14
-4.52029192095209E14
-7.825245582257266E14
2.839162902754352E13
-1.0899324482634102E15
-7.262148689914486E13
-8.197102857017214E13
6.856940041995751E14
-3.412272698604214E14
-5.3040209638178256E14
-2.0237973759830703E14
-2.8612118937631194E14
-6.944391452108163E12
6.772289898698759E13
3.1758727722699625E14
-5.69353608929392E14
5.93462596696558E14
6.367428902759481E14
5.285501591001424E14
-1.0027195894434644E14
1.1905423295197838E14
1.0910925369093018E15
6.062302436219329E14
-5.133277600035353E14
-1.1509003861875715E15
-7.100547702405492E13
2.890387238890958E14
-2.5653697845218273E13
-3.181442452690264E14
1.0346816873496179E15
5.943223980442468E14
5.308268490779792E14
2.967350682064265E14
-3.8218083883395875E14
1.0830210411827795E14
4.005294674939827E13
-4.406594879946064E14
9.355844445037716E14
-3.84348070486192E14
1.271825364177508E14
2.7690773216452884E14
7.687967844660695E14
-2.980230415826748E14
-1.8139145564846778E15
-8.793614277698979E14
4.484638414470149E14
-2.8202160833020606E14
3.0047543806068694E14
-1.1175981078715221E15
-2.2799187725104747E14
-2.4449276088198103E14
-2.943925680124636E14
-8.854235846846162E12
1.3144322849422419E14
-7.525994322269136E10
6.852800111209878E10
-1.5325575278619305E11
4.592939352144656E10
-4.758300376553516E10
-1.5376458580336391E10
-1.0782919890798817E11
-1.836096091275129E10
2.1460776001726948E10
-6.194057560679206E9
-2.146682783999696E10
-1.7232921751108536E10
3.7308977961380264E10
2.6692295221453815E10
-3.302626373159009E9
-1.6002395295028019E10
-3.5602568929023056E10
8.863686964120314E9
1.0116140491935685E7
5.073737440343426E10
1.829112527228411E10
-7.1344479585250225E9
-1.457651011930077E9
1.311332867617301E10
1.526938596336768E11
2.057608541449812E10
-9.079957899173532E9
1.0833512712536314E9
6.9584142776028185E9
6.254507055084559E10
-1.172487161910122E13
-2.3201322087269256E14
-1.0036669372553042E12
1.9063124225461957E13
3.4701492608185675E14
-2.146872697285048E14
-1.9785828674268853E14
-5.95159193747155E14
-2.3783372195737522E14
-4.4598255225328694E14
-9.30826428977502E12
3.5247890408726056E14
2.26868692443251E14
-1.3612582942802147E14
3.1831217837865175E14
1.9963009498718466E14
-1.1725803750771638E15
5.0289744349073484E13
-1.1896617687164468E15
5.941337316265458E14
9.655891310889365E14
2.147872286426E13
1.5666927461839248E15
5.4640334808909275E14
-2.4795297285588572E14
-4.8900152781790075E14
7.563958424870778E13
-3.015903393075834E14
2.0954907735900153E14
-6.968163062326725E14
2.5173862892970544E14
1.8636501732374028E14
-6.239270049360933E13
-2.9464919300923006E14
2.241886752019773E14
6.3929034082765E14
7.127331658842498E14
-4.129167266566258E14
-5.967502696750945E14
3.344826329064653E14
8.40427723830521E14
-1.0579639000283035E15
-8.832641168969427E13
1.6692268014232753E14
4.1492876208260194E14
-4.3977180526245006E14
-3.7775232836921156E14
1.421289096617926E14
4.391874429930486E14
7.945283937256186E14
8.9646450944603E14
4.261504533808561E14
-3.3594135097642944E14
-1.2804391329757805E15
2.643691260001669E14
8.309751787358209E14
-9.734889271780035E14
1.4223339460784612E14
-7.266288187934408E14
-6.022171205561691E14
2.996026928695279E14
-3.772078199666131E13
4.9888880647181075E14
5.3020725482725725E14
-3.009558982471151E14
-1.0393308007023966E14
-9.008197711307279E14
4.003383500456053E14
-7.897784484738811E13
1.5147491188220853E14
2.596528890895741E14
-2.6576062691920906E14
-1.087040601484394E15
-3.4322806981928175E14
1.1793003642125253E14
-1.9210338747554853E14
-1.3771447900391765E12
-5.773666112129838E14
7.731544693280381E14
-2.1661599261432266E14
-9.701580053510709E14
3.3602366094888225E14
1.1178456090116228E15
-4.41542612331933E13
-1.5790301453997516E14
3.232008322137832E14
-4.8717204772245394E14
7.328889117372346E14
-2.002739831471457E14
-6.293449127716525E14
-5.5154549902760875E14
1.9089323784603168E13
-2.2632837050803128E14
-5.953457911886896E13
1.8354204421882553E14
7.531810552979555E14
-1.7747157947391934E14
-8.688730417782964E14
1.406184966508966E14
-6.284454789512344E14
1.9349694155429378E14
-1.7058172023138825E14
-4.353790015979514E13
2.5545942241457175E14
3.3880680441127266E13
9.032816169995362E13
5.850214830862421E14
2.5442211114922797E14
-2.2950860192376E13
1.6724185054865194E14
5.399863705105161E14
-8.778572157700678E13
2.547944043064462E14
4.746824442787256E13
-3.610452155125963E14
-2.7222719382079088E14
1.0940949139131891E15
-8.63081882515495E13
-7.499560700333005E14
-2.350558255860864E14
-5.992662736062061E14
1.2925904448613973E14
-1.6154250045320756E14
-4.826308016781298E14
-2.6879690182496966E14
-1.2382531572273456E14
5.981780144833405E14
5.461150917231704E14
-3.247401928956177E14
-8.227325390463546E14
-1.497009291505817E14
-6.6292343815905E14
-2.4032872272696612E14
2.2796983627848953E14
-1.1372230485440905E14
3.622084071315858E14
-3.0172120649021806E14
9.989345776272579E14
-1.8775816350917162E15
3.5629690027784525E14
-4.942365256535409E14
6.728721848064265E13
-4.48521910916047E14
6.987668970487455E14
-3.147442045787133E14
-6.308070093148481E14
1.565811794697813E14
-4.4593171904751625E14
7.122264894393891E14
-5.339172932110868E14
-2.309865973334262E14
1.8418221438287053E14
6.821291883106002E13
-1.9481828904175462E14
3.1023493677807406E14
-6.7230270296056305E13
4.9373249524050525E14
-3.153015897580403E14
-4.103601300724264E14
6.231233715424584E14
-5.4433974969125994E14
-1.6485266655027228E14
3.52592823768594E14
-4.8975939050559725E14
-9.737948218685369E14
-2.3848291263178953E14
3.806151848494077E14
-4.210547095715455E14
7.175887121073066E14
2.6075605946631366E14
-3.4232456870860956E14
-1.4875403789498503E14
8.654945478870966E14
4.559028808502705E14
5.143039015865238E14
-2.843334334234298E14
3.010386292562643E14
1.459665974267712E14
-2.0397799413553706E14
5.956817240535738E14
7.675019755676106E14
9.410535449409748E14
-2.2523333142623788E14
-2.181907866475221E14
-7.373127116869202E13
5.984721942205765E13
1.0830791602223738E14
-3.923267942092457E13
1.1119273509224884E15
-2.5800266503420934E14
4.712131889845389E14
6.162607674132708E14
7.517665943151734E14
9.664151931979185E14
1.045072489904342E14
-2.7267074538962572E14
1.436188150405478E13
-1.0011550840761351E15
6.568182389881024E14
-4.46189618246176E13
-4.512791446975845E14
-5.592823458836111E14
-6.183176361970444E14
-1.0471140134089297E14
5.827545434682944E14
-3.0412281503387344E13
-1.754012248903561E14
8.267843080643864E14
1.2219085845824176E13
-9.230145710678511E11
-3.3522756695390575E14
-1.5546385892678012E14
-2.5848103243423225E14
-6.080288287570034E14
-1.9203882876685872E14
-1.123498339434782E14
-5.770877049661656E14
-4.8139868949882525E14
1.6042989331450862E14
-4.2457380610028594E14
6.930987533307868E14
-5.1793452722196775E14
-5.4744244308957225E14
-5.5500999592651575E14
8.067117984293111E14
-8.604751817976198E13
-2.2403484047947534E14
-4.099972053118206E14
-2.4422515323616784E14
-3.2141666960757356E14
5.3314672214589394E14
6.532745732031149E14
-3.5446118635268775E14
-3.217460216764462E13
-4.326625612517054E14
-1.0439051584364265E15
2.463918609689214E14
-2.660904877447663E14
3.6337662539501625E14
-3.382024662493295E14
8.281058981575581E14
5.793474276118028E14
-9.347787590493056E14
-1.5153170999877788E14
8.88574178171131E14
3.3618862448617425E14
4.2417541810915856E14
-1.5859316825852928E14
5.24702303783521E13
1.6422766871503988E14
-7.883020245442894E14
-8.23289690905828E14
3.2910864308165256E14
2.750840518604197E14
-8.278135219026157E11
-6.460317282699774E13
-3.058556947178668E14
-6.952964343609805E13
5.735947048832829E9
7.438924846167911E13
1.4680841396780516E14
2.0856241737331227E13
6.570430087838468E12
1.2424307242250202E14
-3.2877528680457206E14
-7.882634617670658E14
8.8447753588036E13
3.7254584767526825E14
-3.5401632632543144E14
-3.27742521201748E14
4.1292936590608025E14
-4.7981465386449206E14
4.4393413435180994E14
-1.1957816676206823E14
5.93859366008513E14
-6.659171277137058E13
6.757764435299764E14
3.3523008413275925E14
-8.026874496817892E14
3.0293996279746344E13
-7.539716857989169E14
-2.082872093729311E14
-2.2171246132722056E14
3.0125761907279305E13
-1.7723478879864147E14
-1.3214037865181748E13
3.121647669861518E14
3.303737172604516E14
-1.0135162034216331E14
3.8233079855235956E14
2.518130177386936E14
2.0697628238679752E11
2.808842448483723E13
-2.1498355259420106E14
4.9127020436985244E14
-2.804454763935627E14
-3.722627353465089E12
-3.819972169657877E14
-6.510361634068899E14
-8.791063978501644E13
-4.6207763950897325E14
-2.4243984151617362E14
-5.812608420318098E14
8.064131579449081E13
2.2655018890035312E14
-1.553086435809027E14
-7.465380342710608E14
-2.103730198299342E13
4.736142483414538E14
-4.9532933668390406E14
-7.465625120801329E12
-6.327722999204321E14
2.146368774185322E14
2.978525513663653E14
1.4475943589745666E14
-6.97775341227342E14
4.4509433161248E14
-9.779705908621197E13
1.271902394436652E15
-9.323788156909666E13
4.9158681068415856E14
-1.1451767939412669E14
-3.050222235427256E14
1.0080519372885217E14
-3.082701127172575E14
5.4633193824556856E14
9.54023887525922E14
-2.4298552182116725E14
8.917235329114884E14
-3.349799084463568E14
-7.047765331591245E14
-1.3822285994700966E14
3.73086796385959E13
-3.79648329752704E9
7.105292869557035E11
3.6067207678517445E13
-3.2473091807119582E13
1.6191586216501012E13
-6.7656822914676234E13
-2.0849404968882297E14
1.959093571166954E14
-1.2458632600373562E14
5.707539596367738E14
-4.081192724986526E14
-5.1759020601025775E14
5.458971745422477E12
2.661557584422076E12
-6.65834307083357E14
2.7101642081393012E14
-2.99557549840835E14
1.109940274779737E13
5.2315600372659075E14
6.87595651383987E14
-1.3801777774765519E14
5.59717474851986E13
6.727180233049124E12
-2.8617604584632332E13
2.4624591965345594E14
5.1492395056916075E14
-3.763207819616143E11
1.2847806571596065E15
-4.234610806177043E14
1.6143995871191744E14
3.64961299535844E14
-4.158652023169222E13
-3.83847755397798E14
-5.5872698920354156E14
2.8317188956945684E12
1.1620612040420917E14
1.1895970521251052E15
-4.416645738177208E14
8.53017649296878E13
-5.0542286356088875E14
4.0982221318959906E14
8.485188077159384E13
-6.71881398025956E14
-7.077844135969828E14
8.21533617148322E13
4.6432612285707106E14
-7.765967252641606E12
5.5518810805248075E14
-4.922996733901144E14
-8.146553311911864E13
-6.185915315451415E14
-2.875096836858956E14
3.663058419891592E14
6.934003696162358E14
3.714222054484674E14
-3.033331445286765E14
1.1212686344554456E15
-4.4250555374190375E14
-8.230162495903147E12
-5.4190804207112625E14
3.357720646418752E14
-5.901027717182739E14
-9.256023321456469E14
-2.4046130289647512E14
1.0786598728121158E15
-2.8329501490051256E14
1.108925618866036E15
-9.09995622137509E14
9.731234124928461E13
3.3226045781748794E14
-8.685788186992882E14
4.7958527128943175E14
5.0102928705504956E14
-7.817433760163641E14
6.279665030685701E14
-3.9861850719501805E13
-2.530957500086487E14
9.387699813771058E14
-6.49900044345428E14
-5.162970767897767E14
1.204887511098565E15
1.5681111724127634E14
-5.676241547353091E14
1.190933220832076E15
-6.877113417262829E14
2.8175783196935525E14
-3.438846116771937E12
1.9041534853671594E14
7.273003888448656E14
-4.7152378054881206E14
-2.6100998701402272E14
2.0989049838822516E14
5.462839992673617E13
-6.969114142026749E14
-1.4502051254645347E14
2.539645035657145E14
1.5207891972422278E14
5.870919032730421E14
-3.7140219511864206E14
1.2913390240579306E14
-5.705833201648438E14
-5.552613815263272E14
-5.020506498091536E14
1.7830486900335022E14
4.327936901714133E14
3.160515276212586E14
-2.5089246823444038E14
-4.170910509083377E14
-4.2423516170694294E14
3.102816505881398E14
-1.650622104188569E14
8.521570292021568E14
2.437465494910076E13
1.0397095077078924E15
-6.441837960106931E14
-7.233434968858429E14
8.923776316957339E14
817652.8305136282
