5.86642837741505E13
-4.1775075419239156E14
-4.330961163251301E14
1.3012038305555558E15
6.08138551984181E14
3.35037573358465E14
-1.4105972670013325E15
-1.4997245679677203E14
1.8588209051110432E12
-8.62544933110414E13
1.092213010980859E15
-1.063127518157634E13
2.9525970651129105E13
2.601755634047443E15
-1.3608529143987655E14
-2.3148049460339322E14
-3.220873891818478E14
5.201737204351225E15
-1.937955811096073E14
-1.1185285934129832E15
-1.540557471622368E15
-4.964084936068033E14
1.2142961514775908E15
6.859041066352078E13
-9.535449726378984E14
-2.2770559420217545E15
5.202390550052627E15
-6.752244187688073E15
3.7567117708471706E14
4.113214375079264E14
5.762255378721016E15
-1.5423464509760315E15
1.5273350880367625E15
-2.7460453335554972E14
2.2547265065702695E15
7.076072055234768E14
9.47219792030677E14
-1.3695306160485911E14
4.894826750671633E14
-1.0325744032409164E15
1.1172106340650424E15
-7.751857039144666E14
5.578578969686945E15
4.37992793205438E15
-2.0466893438456042E15
3.9816707155270685E15
-2.453403904134848E15
-8.226305425318889E14
1.2724018279098898E15
-3.349935235702522E15
-3.155504950376839E14
2.9563808810716925E14
-5.645653922517049E15
2.5104209056676195E15
-8.644584352842594E15
-1.5077639977028538E15
-1.686781873261928E15
1.164566008120691E15
-8.547163201205354E14
1.360302680891797E15
-4.2890265511746765E15
1.3159592145104975E15
2.0401596542944012E15
-1.771121901460225E15
9.63926890709919E14
-1.0323915827181261E15
2.4032473232746935E15
7.78548680028119E14
-5.102189112188812E14
-1.278924760207426E15
7.102998355652001E14
-3.358714070994605E15
-1.972333106785806E15
-1.4720022182168805E15
2.645335975741395E14
6.402321241546802E14
4.8849626350786994E14
1.8259740828921228E15
2.740440533468167E15
-1.5749379813043248E15
1.4778307436299685E15
-2.4550828914601034E14
-9.672078919486592E14
-1.784392718661607E15
1.8960328831305702E15
1.4082302470535525E15
1.3578870128402362E15
-1.591835580653784E15
-1.0968095349433236E15
6.455548196804565E14
-2.607724177732538E15
-5.2153837105222156E14
-2.923425502547474E15
-1.5784541149280611E13
-2.174767066736981E14
1.8052285138553878E15
2.732644700077905E15
-5.293684721939673E14
-1.2334497863368528E14
-1.156826783454779E14
-2.119024329659512E15
2.539046338688167E15
-2.056075106358925E15
-3.4717448581185935E15
-2.0264935516103388E15
-3.9481324626518585E15
1.4760822309469545E15
-8.412993339225488E14
-1.4310745557403642E15
1.6709373790273035E15
1.1372371423615172E15
-8.049282553794385E14
1.6338230210668265E15
1.07307368976873E15
-1.048633399342516E15
4.0102204730692895E15
2.972586543275107E15
1.0974135372666781E15
-1.6814687837690835E15
2.832702540804324E15
6.026410571398188E14
2.5984778100131935E15
-3.129572936441675E13
6.400430912045176E14
7.256145999420538E14
-1.1376990791078785E15
-2.282429617372272E14
-9.678641247690898E14
-7.651234621755404E14
7.596695858404908E14
-1.7963431005371184E14
1.1762515814242605E15
-2.561900936773924E14
-7.455282032074645E14
-3.800984197412464E14
-2.3982105277623156E13
3.93802877297687E14
2.5757612408258887E13
8.512333117721918E14
7.24821596304483E13
-1.0817594002430964E14
2.945375056915852E13
1.0900491731458952E15
-1.2642183269609495E15
1.1014306459588351E15
-4.63180214228576E14
-7.913709657551492E13
1.8700143240247166E14
-2.370952714440483E15
-1.0194660889975165E15
5.604486461237212E13
2.576852920170322E15
-1.1089444292923508E15
1.1494775077163706E14
1.5139532207225962E15
2.328515621480394E14
-7.640975191174818E14
-3.0208743538541794E14
-4.388472953542488E14
-4.147918063669644E14
2.2065718861574425E14
-8.249798534717974E12
-1.3516214379654765E15
-9.26953525486984E14
-2.681493013700987E14
3.716081936962072E14
1.3404795599618992E13
3.024291590650996E15
2.2228877476095212E15
2.7505430909235665E15
9.844527497531401E14
3.651885360715343E13
-1.4987647953575258E15
1.67456863003072E14
-1.3054293146430012E15
1.608098807218208E15
-2.286496610041287E14
2.058564040203793E15
1.4706230910602638E15
2.1355449027374438E15
5.3779443039977606E14
-6.033089899381034E14
-1.2858063417767818E15
-1.1445010632371158E15
2.8587770938799356E14
-3.019413385215119E15
1.580290277621207E14
4.672249726308856E13
-1.0887970408960079E15
6.701594869205532E14
2.4037537102512895E15
2.4069463937012753E14
-8.364141553644091E14
-5.0395605879380006E14
-8.622065737156271E14
-5.874687820291026E14
5.848270977561551E14
1.7595321889466538E15
-1.9252823209887555E15
-1.0271598603961814E15
1.1950609850556418E15
-1.9739614876378025E14
1.6923311334958042E15
1.825915387444704E15
7.55867303715238E13
-2.0488634261808012E15
-7.32493638730297E14
2.1476768505891958E15
1.291037049260779E15
-1.0920800479561348E15
1.6623589321686812E15
2.8999391216282145E15
-2.8367927275804295E15
-2.046535942762991E15
-6.965556590248102E14
2.345662206710345E15
6.872146441498958E14
1.7772628131308375E14
-1.0821998509207225E15
-3.117756057112188E14
-2.0499515166019455E15
2.592009118716394E14
-6.428829206587E14
-1.896310127156012E15
3.5203469571245525E14
3.338145210394044E14
1.5749867046460855E15
-1.1594469267347735E15
1.1144343617307134E15
1.2135303868775461E14
-1.2330530733057707E13
2.521873951913321E14
1.8803372821725838E15
-1.7230178383619162E14
2.883265595855364E14
8.581008201706029E14
1.2700680903216798E15
1.5215548138784818E15
1.3903186591612642E15
-1.2480057797550252E15
-1.6317694384951978E15
-2.4749467999678005E15
-1.5113506077304628E15
2.827201927655957E15
2.4869390180418338E14
9.404400462710189E11
6.28374374573681E14
-2.676417038878653E15
4.437708032554154E14
-1.43277521965212E15
-4.275922311696261E14
7.275351991244745E14
-2.9223277536382895E15
-3.038682797236907E14
2.1568208995216258E15
-2.2633225384360815E15
-1.7150858239929238E15
6.080167747492619E14
3.28254158815215E14
1.678061533552092E15
-2.702885980543787E14
-1.190214014544784E15
1.0935881936403189E15
2.981767135869991E15
-7.707806681813404E14
1.4644762139189658E15
-1.6567403514871538E15
1.1373818842109835E15
-1.2278267077157089E14
-1.2633823546517115E15
-1.7894155068245638E14
-8.689891067462106E14
1.5067784601291705E15
8.14153282812786E14
5.574911698008489E14
1.0794635270375562E14
-1.2801856311216945E15
-1.0328364284341972E15
1.183387167857127E15
-4.4400726810622444E14
9.491292869730709E14
-8.437412431744186E13
-1.4195644223581135E15
-2.337341431957066E15
-1.741997438259076E14
6.886355452925306E14
2.3398727384382722E14
1.0712451724856416E15
3.541571151580598E13
-1.485170230877674E15
-2.824897664785838E13
-3.4463318680643E13
1.8886471807121892E15
-1.519884109962746E15
7.792837290867136E14
-1.206266278992564E15
8.858240918768718E14
1.097427566767453E15
-1.3551391269453548E15
-6.66671085782153E14
-1.3122537299272969E14
-6.719098160183884E14
-2.8937702063151325E15
1.5880228171289697E14
7.533010216518012E14
-2.018559598166324E14
2.833519210697948E14
-1.13296266236261E15
7.805966173776119E13
-1.02092430719648E15
-1.650454958197046E15
1.6462437395537815E15
-7.080694799029932E14
-1.2479730824319142E15
1.6231582354383492E15
7.45099508794786E14
-1.9291293604894808E15
-2.1612351993371552E15
1.2463979594661258E15
8.895229167108261E14
6.679662894944512E14
-1.9929857340925375E13
-6.317333397999491E14
-1.1465446840136742E15
-2.1596128217341635E15
1.6217831897487425E15
-2.0517064257509185E15
-4.735565556670114E14
3.0100029841480785E15
2.5063862625544875E14
-1.6350012144528958E15
-1.3929817553245555E15
2.6935058263204612E14
1.0680646103069278E15
-1.601590956311307E14
9.681953179194335E14
1.715023820052786E15
-4.501310828552097E13
6.040632918543835E14
7.801047191896872E13
-7.491287652627607E11
4.286296328592168E14
1.669264644607904E15
2.843384063928471E14
-3.6369579096856055E13
-7.203877062397155E14
1.008075497665937E14
-5.722808829900571E13
-8.887303002969524E14
-7.118338711259786E14
-1.3945350780437565E15
-5.117040132033938E14
-5.297940119461448E14
-1.5707914550171434E14
1.0100308403846102E14
3.08688780337205E14
2.288696821223347E15
-1.2458876649136392E14
1.1618152292445768E15
-1.5384768249704732E15
7.066748678679458E14
2.3090636849064265E15
1.820535823334903E15
-2.43434433352241E14
4.2783802101102775E14
8.285899768014428E14
6.450663191726655E14
2.521998660080293E15
1.0226102236329642E15
-9.43579629096848E14
-1.593684892879553E15
9.243755364055049E14
-4.053770985444496E14
8.783194852046719E14
7.750271413032522E14
-1.6582951472147345E15
9.542984194648384E14
-2.736965661980333E15
1.1975475501747235E15
3.1317442798910925E14
-5.239246445711267E14
1.278536080397735E15
5.827961257112316E14
4.035595120043575E14
1.805899938223782E14
-1.44398150011988E15
1.44944410019361E15
-1.7337111570447902E15
1.7814141684018628E15
7.76730292660306E14
1.2529590929366092E14
5.441149271663005E14
-9.776356565750368E14
-1.0190143091648778E15
-3.541103424844605E13
1.927476847877075E15
-6.426186342854023E12
7.678731818030178E14
-1.4422908713552238E15
1.5659429683814888E15
-1.0429209120497756E14
-1.176661895029034E15
-2.119771240205132E14
-1.2089518623759638E15
-7.446949073055119E14
-7.901560485763395E14
-5.821713624660954E14
-1.122125140756098E15
-7.465784807450975E14
9.556154398528458E14
-4.1950400777030375E14
8.601435079582019E14
-2.444005529909735E14
-8.764004386189681E14
-7.399511465546201E14
-4.4407414716990325E14
1.2530738528766785E15
-1.8562144574761598E15
1.3641471597984265E15
-1.6587217486511725E15
-5.442454836626571E14
1.0633417733407085E15
1.022157517016835E15
-4.344322274701936E14
-2.1018341817189412E14
1.741825361688702E14
1.093369619073249E15
-2.1405103275022784E14
-1.2852399254034478E15
-5.216596197186522E12
-1.773507656531761E15
2.6301388403062895E13
-8.379891397526158E13
7.493445080241404E14
-4.906634079924512E14
-1.0990234270723116E15
-6.624353526920955E14
-4.6660359320064706E14
-1.1161287329816736E14
1.0797065136273317E14
4.147924729105675E14
-1.190268377830925E15
1.0482698318417151E15
7.603382869063948E14
1.1203463865592845E15
-1.9044016965317633E13
9.763130081750228E14
1.6857033012166388E15
9.540865000649828E14
-4.471127986667475E14
-1.9093729741066218E15
6.848067427438E13
5.5571143367799275E14
-5.4377075532978256E14
-5.927275167205844E14
1.6229728457691075E15
9.282927183258396E14
8.628009046034936E14
3.324237307664383E14
-6.8332119541196E14
3.35786313199287E14
1.6204953203145766E14
-9.082325444764956E14
2.125270304773373E15
-6.444086380832034E14
7.819182723360752E14
8.911943552212711E14
1.6736815061373322E15
1.1000312639334589E14
-3.1222788716410215E15
-1.6281875307098355E15
8.586823871010281E14
-4.163965265764808E14
5.349521523073966E14
-1.789013181945178E15
-3.760152630646892E14
-3.230224542572326E14
-2.7925203207867534E14
-5.2243927261900775E14
8.041273254260878E14
-1.1837638016155606E11
1.0308579267517264E11
-2.8137234000151215E11
7.322329496611774E10
-7.35561879892721E10
-5.176263102071274E10
-1.6850949574208795E11
-2.7431011855405167E10
3.2806452513170147E10
-1.1789990664523005E10
-1.196775247786782E10
-3.7208435607590126E10
6.8154068361043976E10
3.2259001352978943E10
-2.3063319190492767E10
-2.1969798091087055E10
-5.528768290389533E10
7.318720161051819E9
9575136.602184892
9.743325918967085E10
2.920732223060015E10
-1.0881535243358055E10
-2.1220086487196915E9
2.437678794544319E10
2.949411921564276E11
2.552352538669691E10
-1.6208012382760956E10
1.3100687975445487E9
2.5760385093255486E10
9.543657887870918E10
-2.4128098389325734E13
-7.723773778668305E14
-1.8502437595259985E12
5.873787105876479E13
1.8279770377073234E14
-4.1155237530605025E14
-3.262031313637252E14
-9.754958078338656E14
-4.2693967741027325E14
-8.548481053283659E14
1.1074428241946989E14
6.93454765015767E14
6.569573852847958E14
-5.783858730374585E14
9.357677792656518E14
1.635378856480599E14
-1.824405575437445E15
-2.9868435327025825E14
-1.38551191582351E15
8.391459174854246E14
1.6968259571108292E15
-3.1350478074804706E14
3.096848219598613E15
1.0400336154034221E15
-2.856592790379676E14
-6.946535721957039E14
-5.269749353983606E13
-4.910374077189428E14
8.57423423027131E13
-1.1321785560294648E15
6.247985203469224E14
3.458577571074101E14
-1.209272133288811E14
-2.907338266481347E14
4.724284428280886E14
7.295920803981672E14
1.262889008093118E15
-8.879541364810708E14
-1.439867177823995E15
7.74582926177291E14
1.2014043722867985E15
-1.876788205949732E15
1.051943821470752E14
5.484793137351161E14
1.024165337079347E15
-4.022207992848787E14
-7.923658051728428E14
2.925383651118644E14
4.9192713046791444E14
1.3178401066083442E15
9.166854854400315E14
1.5402795884391552E15
-5.54647835279985E14
-1.805192116051709E15
5.297504514406328E12
1.1915811231749045E15
-1.433473643221585E15
-3.277201251381247E14
-9.282291074671161E14
-8.129194553434698E14
5.3956319459376175E14
-5.2848743406359734E13
1.161716938567393E14
9.301298090524882E14
-3.198450741810086E14
2.848695996313631E14
-1.4167226250915708E15
7.884606794687595E14
-1.7215686678396506E14
-1.3745226545043984E14
4.7927526526789656E14
-3.3610200100435825E14
-1.5748375948020902E15
-2.6458462445317572E14
1.211547679888029E14
-2.236348263122038E14
1.0725403544038422E14
-4.7587844083310025E14
1.3381652594098435E15
-4.771951944479089E14
-1.8483117601471902E15
4.353339668036295E14
1.8765089396967335E15
-1.5375428469031252E13
-1.801329773642172E14
5.6135223073631664E13
-6.363546855438546E14
1.136510688942155E15
-2.9244207140540456E14
-7.440174293892434E14
-1.134596280714425E15
5.3493107173593695E13
-1.8527981750748388E14
-1.619638463930228E14
3.076356873378315E14
1.4591996861468988E15
-1.016406639764118E14
-2.0300486087495398E15
3.9746612113713256E14
-1.3368968968916322E15
6.671636285365808E14
-7.465502944674932E14
-7.304494747935644E13
4.218083845134881E14
1.4709469625950916E14
2.201262910801827E14
1.1211516788016526E15
2.0591100002004512E14
1.3187895238101131E14
2.790563423533553E14
7.674713072477416E14
-2.4897901100239794E14
7.415284781094451E14
-3.0007719396288106E14
-8.407060415585064E14
-1.2457803774049412E14
1.9055664477954092E15
2.4700657848025272E14
-1.1930301782761848E15
-4.087811399805118E14
-1.2304235060019108E15
3.095859701943178E14
-1.6779103784456828E13
-3.964711185220804E14
-4.5200906935711175E14
-1.2910541032131838E14
6.127519122515319E14
8.751541979890228E14
-9.056232498166898E14
-1.53666691509857E15
-1.7897024714892103E14
-1.0904931800253308E15
-2.1947117968510622E14
6.4947436239014234E13
-8.610891493149508E13
1.153562596432147E15
-2.460949455785051E13
9.684848378684688E14
-3.0798565588855865E15
7.591193185055315E14
-1.218359243951201E15
4.3544848897619156E14
-6.103360660106459E14
1.0300619841390368E15
-2.7241659006734647E14
-8.655870208758434E14
3.79029805824136E14
-9.621439596624841E14
8.38478643761179E14
-9.069331528219631E14
-4.4947334347137125E14
-2.536861676283581E13
9.566778606704312E13
-4.090197921755685E14
3.8861546105187225E14
1.205400013838893E14
8.736961322195061E14
-3.4363014814747856E14
-9.263914875100104E14
1.3882489559886442E15
-7.153838303857042E14
-3.140571590415604E14
3.0020515163638744E14
-8.299009724077846E14
-1.8216136856629535E15
-4.224026376567022E14
2.87301622218704E14
-9.620369152848796E14
1.200455981069196E15
4.863969469895355E14
-4.9141368052770875E14
-2.8348832699030475E14
1.351218969498299E15
6.48726923924443E14
1.0852338377141408E15
-7.287068739868611E14
1.8361340039207984E14
5.447247900596415E13
-1.127238661795697E14
8.610331717748166E14
9.121820283492961E14
1.671430410983781E15
-2.2568656214025406E14
-7.396731147615785E14
-2.6538533641630256E14
1.2645084825928189E14
-1.9257468761463047E13
-1.4957276803474738E14
1.8103867586441175E15
-6.730151577040434E14
8.935946767048855E14
8.951899158859074E14
7.966133090070724E14
1.3950849947537702E15
7.549788273269086E13
-1.562715654554246E14
2.244838206378823E14
-1.886709892993289E15
8.356360553503252E14
4.3053918902997914E13
-3.8713552371073E14
-7.621916604375808E14
-1.611819940603508E15
-3.4766546617441062E13
6.221991647768984E14
1.851897924699677E14
-5.947298746596424E14
1.081473818919014E15
-4.2092485550160055E13
1.8969922882706562E14
-7.72303389185805E14
-2.133061882148555E14
-7.376202217843834E14
-1.038917281610864E15
-4.339771475065159E14
5.174482414697504E13
-8.589968588043908E14
-7.479026916350635E14
3.8691328546299744E14
-4.615468471424356E14
1.4311146919298685E15
-1.0611360184972425E15
-1.211071081296083E15
-1.192764125665831E15
1.244530235810138E15
-3.527621958955679E14
-7.914964332252094E14
-5.3436992545291775E14
-7.263362893672931E14
-5.952499919528988E14
4.3218864903576875E14
1.3999793324974635E15
-8.497130450810469E14
2.6039389714285947E14
-7.072231501601156E14
-1.2979582779407968E15
3.248926651444164E14
-2.64944958599947E14
7.656405073596419E14
-5.377279478646477E14
1.3281163111974402E15
-9.387407813962481E14
1.5482048591635595E15
2.095269638339592E14
-1.867648466185297E15
-9.071231084327919E14
-6.940047588813855E14
3.1529089037200044E14
3.358992632764824E14
-8.99287423909912E13
1.334286916388899E15
1.5433315086697418E15
-3.1171398565231944E14
-6.321717829605435E14
3.392305274316117E12
1.4905679630983544E14
4.2597121441363694E14
7.785844072803077E13
-1.0313736300450476E11
-6.669959526623268E14
-2.4559357328976653E14
-2.7125965562283645E13
1.5464882251165144E14
-1.905555634832481E14
5.987129356227264E14
1.453013437586042E15
1.7171748469649872E14
-4.986103220175381E14
1.0612657058935609E15
-3.52369843140947E14
-9.118141020341228E14
-1.067428579145525E15
7.298374879817549E14
-6.07126544319631E14
6.264619027983349E14
4.139615691351738E13
1.2045702617986562E15
3.831154631262197E14
-1.1698317216456038E15
-3.19970937732091E14
-1.2418186405414398E15
-1.0800826150434406E14
-5.0864995645497444E14
5.640452370536945E14
-2.8892785508827956E14
2.0368018503760494E14
4.640297146051087E14
5.97843330843489E14
-2.284621651507384E14
4.8852497583847956E14
5.247504824011467E13
-2.719605212601039E13
7.372047472657075E13
-2.4364365168547438E14
9.644761391716769E14
-2.394879623837177E14
1.6184824348757747E14
-6.629313747791261E14
-8.154021537691978E14
-1.7445199647599597E14
-8.624250912846348E14
-1.628863531991571E14
-6.380801335914568E14
5.765170172803568E14
6.553986831870016E13
-3.661118321185727E14
-9.093692583158644E14
-1.502413660704236E14
1.1119007070749239E15
-1.0568504877595431E15
1.3037964613899768E13
-8.029468957802875E14
4.2027672547414306E14
1.882235145430595E14
2.217078077114242E14
-8.931692551700106E14
9.714590584672021E14
1.0097880141019494E14
2.3969987423632575E15
-2.939507405765561E14
1.0962695869921889E15
-6.448455755665696E14
-5.3630554778702356E14
2.9931847660749744E14
-1.4019652445513305E13
1.1066919697307745E15
1.4139971466392658E15
-8.288907271402438E14
1.413774935750965E15
-3.491255775683334E14
-1.059892799943657E15
-3.312270906695818E14
7.011657595430268E13
-5.851961365881919E9
-1.1749927573682049E13
4.6832086239988195E13
-1.3066089856899594E14
5.552356092522306E12
-9.890379167501719E13
-5.536725845927175E14
2.4199348810053403E14
-1.4708108601640216E14
1.1146735147382492E15
-8.957436406451354E14
-7.87204490421453E14
1.134985508117215E13
3.799773943286001E12
-1.0319353338482676E15
5.894369296910779E14
-8.555739345295119E14
-1.9856374431796125E14
9.936349014215658E14
1.264579623683623E15
-2.042601540519783E14
1.5553364655483578E14
6.946954942028234E13
-8.826210481130808E13
4.3982917107253144E14
7.268746505120579E14
-2.5391817429294097E12
2.062291976958008E15
-4.33394340364207E14
-1.2819103280939438E14
5.516228248239625E14
-7.728329182221383E13
-5.3856443914797575E14
-1.1818591784444125E15
1.2619246394966384E14
-1.444456047880537E14
2.6505259167101545E15
-7.228260875056146E14
1.605039832598691E14
-9.450730350450692E14
7.171910064513939E14
-5.2294548161850525E14
-1.1104357048155779E15
-1.3468367754060168E15
-2.0907515950805394E14
9.390443064685764E14
3.7735696339876525E14
1.2271101850984498E15
-7.631232393351708E14
-8.031366286111177E13
-1.1402169061991352E15
2.0388227484180216E14
9.555978092390792E14
6.495800436687469E14
6.05789718983689E14
-4.628785304953972E14
1.7149762251033012E15
-9.233567805613876E14
1.008508105722567E14
-1.1831361621350285E15
5.4458156145707344E14
-1.2478128993430515E15
-1.2615122527428345E15
-4.142078925015314E13
1.5978105857969008E15
-4.339783797782179E14
1.8903616779078145E15
-1.6048037108117498E15
1.5273003819395453E14
1.0321673781102724E15
-1.6087268217427118E15
8.425182403194672E14
7.932769035995409E14
-1.5671348911535238E15
1.253632986154032E15
1.5597537447219137E13
-4.719712276397015E14
1.6494118968571488E15
-9.663620010027875E14
-6.088757932720982E14
2.23787085841044E15
1.2668940301824484E14
-7.036283655007049E14
2.1140503419798918E15
-1.1486178325369115E15
4.373229969074947E14
2.7737109014218834E14
2.1222794138990734E14
1.1679186606982818E15
-7.441000847843202E14
-1.1707193323862478E15
7.174264066566165E14
-1.3524905432419836E14
-1.0857143439501492E15
5.722588742999439E13
3.496857467023357E14
3.405187983695855E13
8.890773591617365E14
-6.695954264256959E14
4.22334169861427E14
-3.2608097622962206E14
-8.248084650721502E14
-7.582324881792659E14
-4.729075870322103E13
4.909649245319784E14
1.778850917293328E14
-4.3457103889403425E14
-8.268375370440631E14
-7.399429052835804E14
3.3346753058793625E14
1.790806742249265E14
9.375915383530999E14
4.490298505787859E14
1.91310088613855E15
-1.2590820863148365E15
-1.0817273028669394E15
1.5309353214386832E15
-106916.01272204805
