-5.806738581010069E10
1.2887635479272493E11
-2.5395669802092694E11
1.842213277058029E11
4.399452634856912E10
3.410472065019078E9
-5.580080246270437E11
-1.11088227849497E11
-4.650502497776427E11
4.0876481274077563E11
2.991636635309935E11
6.661099845461474E10
2.9831431201352764E10
3.267659412754602E11
1.532882010071882E12
-2.2885670320228342E11
-1.0509196140098244E11
1.0375069365524342E11
9.547506732063855E11
-5.53885447250117E11
-3.7793992479733484E11
3.142202351365609E11
-7.053287720925118E11
1.0288524808655199E11
1.3129318193149864E11
2.8748118039899754E10
7.621064822492796E10
-1.5919991002808157E11
-2.8973121838520985E9
1.1727450717351411E11
9.430640656356973E11
2.0275217637021458E10
-1.8476830138785098E9
1.9897224172608347E11
1.0835188574671555E11
5.4753679169509636E10
6.4692664314233505E10
-7.19493012984838E10
-3.815280950971404E10
1.8357680399565468E10
1.1589120205621468E10
-9.70603186833962E10
7.727869442456624E10
-8.483229534846852E9
-1.0307841982733976E10
-3.910235674653949E9
-1.6209833456520853E10
2.450245516169562E10
-1.1243089615539168E11
3.58647731316926E10
1.925965959142147E10
-1.4334522641814304E11
-9.565683403745808E10
6.277062467280906E10
1.98756918387986E11
8.152642447379634E9
5.1264078230985916E10
-2.415573973296533E9
-2.226559996493026E11
-2.5847952637628976E11
5.932650193840375E9
4.398958807140705E10
-2.056656859777611E10
4.914807510092154E10
-7.648391263503226E10
-2.1257649613548347E10
1.501651014480473E10
-1.1824184823672456E11
3.3472731564102132E7
7.054529571959637E10
-8.757974087511877E10
-5.130336599565501E10
-4.099925816732324E11
1.770528436085429E10
-5.491898625085229E10
6.632105748630692E10
-4.308071987371142E10
4.407764690609084E9
-2.0421392715522064E10
3.53134374641266E10
-1.1381470705886436E10
6.626774660858013E7
1.0465775695479228E11
5.54324185436195E10
-4.248732941090702E10
-2.1538594085034985E10
3.047397935244673E10
-5.787821279383729E10
-4.607090137510581E10
1.1823279571116803E11
1.0370489324155162E11
-1.431154763345997E11
5.83816124955461E10
9.833331272456067E10
-3.1132124937241064E11
3.570942253493427E10
-4.501388154009014E10
-3.107299454463298E11
8.836733861901614E10
1.7982899940106647E11
2.7497257163325726E11
-1.515773652412156E11
-3.007168663115745E10
-2.071262171380455E11
-5.134960858196048E10
6.93374879638648E11
-7.260285460786794E10
-2.798336957876296E11
8.47767434070863E11
-3.3797022557877936E11
-7.490946344282382E11
8.113559034659047E10
-1.585955315808528E11
-1.3587246714379358E11
8.770005068224773E10
3.64981822381244E11
-2.6845427301303302E11
-5.174171431181856E10
2.1482708102308942E11
2.459754372716024E10
2.0810127110383923E10
-3.1040018068338287E10
3.2642099811222105E9
1.7892918679110115E10
3.519014048802634E10
-5.8194186013122795E10
-1.0067249553595161E10
-3.925262657836614E10
2.642811093510245E11
2.560049782460154E10
1.9375697534156998E11
5.646954751433093E11
-1.7014159615699358E10
-3.0586636132651914E12
-1.69673689659614E11
-1.3974082002127693E12
-2.893523807277149E11
8.659777712870465E10
-2.1047901877401926E11
-3.547132694409647E11
1.6747313673806614E12
4.612663054845297E12
-7.675672177499368E11
1.923710206267073E10
1.9968471377926643E10
-3.996523352861552E10
-4.938580925784948E10
-2.8017945388616932E10
1.734556421656495E10
6.118907649671781E10
-5.05347237512565E11
1.8368516089345825E12
-6.030787411779705E11
8.719213332532433E11
3.6222383143073936E12
-8.435774074515524E11
-3.9186898930885803E11
-1.4078049111448154E12
3.973182787461003E12
2.135393368211258E12
-8.55413476507126E11
-7.025186366146257E10
-3.35687160195209E11
6.125046484276982E11
6.391861292109851E11
9.162308889331564E10
-1.2474627262057498E11
-9.605243172216417E10
3.834081612127577E11
3.34438579788722E11
-5.558794360574451E11
2.533067768248301E11
-2.8712626477322056E12
-3.2100108804203384E12
3.0925531420136066E11
-2.3839069124022925E12
4.675113016882267E10
-1.1363144309259397E12
-2.752557128203133E11
8.586883510791078E11
-7.468893927501054E10
-3.328228879319491E11
-2.718150813440314E12
1.732819285598678E10
-9.050659923631691E11
-5.012596472505574E11
1.5850463870630133E11
6.853779594759294E11
-1.0376830213065286E12
2.7576020804367656E12
3.034366526217406E11
3.010352935431942E12
2.0150362898035005E12
-8.971685850243951E11
-6.450417680309204E10
-3.62417700644071E10
2.350999087346321E10
2.857462787423679E11
1.0200812217863202E11
1.7672199485606134E11
1.0040304887804926E11
1.111388534811045E10
-5.66700533159405E10
-1.8776003417149838E11
-9.845024949365969E9
-5.5268747436646645E10
-1.163970036239702E11
-3.2913851396539127E10
-4.737391666312185E10
6.271783255414549E9
6.312289079114313E10
2.781071813392501E10
5.415571132255445E9
-5.08943192945452E10
6.669293226587577E9
1.1755274497202282E9
1.351621756376637E10
2.884917368826948E10
-1.7019709410752518E10
-3.785630217725569E10
5.781142996030707E9
-1.6490732497675543E9
1.276166112522656E8
-1.0680079756710822E7
-6.116336321186508E9
4.320700842052891E9
2.4695791389944777E9
5.058578677097016E10
-3.6683068029467995E10
1.6523931471438103E10
-2.368410172536849E10
-8.884177388254496E8
1.4124934260899725E10
2.442173042379285E10
-2.9936382460384922E10
2.812227369885025E10
-1.3584733839757803E11
-5.647019090500258E9
7.979429779305907E9
-1.354494128490108E9
-2.9141583933264435E11
3.978936332524826E11
-7.124130643275833E10
-2.809222676161495E11
1.0573792837650151E11
8.957664309721622E10
-4.0701952761601465E11
4.829146133484519E10
3.702107109465014E11
2.8811237668805896E11
7.478662751623267E11
4.9690820381462195E11
1.1157309528343086E12
1.4464259488874683E10
1.4490378417054562E11
9.478134914605934E11
2.1614914190124814E12
1.3062059446620743E11
-1.5462269224416577E12
-1.33345093584678E12
-6.564689242132206E11
5.315197375897282E11
2.730825482370658E10
-4.2617797771856555E11
-1.7635275656542004E12
-4.5367191726182367E11
1.5055318560512988E12
-7.294537042612751E11
6.704118280570547E11
-1.0831205678159256E11
3.12200382822958E9
6.563594180984739E9
-1.6830664957918077E10
-7.76703669035252E11
-4.1689825074061835E11
-1.982874553661241E10
-1.5980739298788643E9
7.519433918368224E9
1.3082972140863452E12
1.3776343428196393E11
1.5161191448849063E11
-9.533535580398137E11
-1.4672259523573018E12
1.8263441336171803E10
-2.6602103587359525E11
8.843852039962396E10
1.4139466327721519E12
-9.92851094302656E9
-7.105788172741988E10
1.0501754391261375E11
-1.1314616984652445E10
-4.8487091153049515E10
-4.982216638016367E9
5.490127030756659E10
5.090626792972069E10
1.1089296472453513E12
8.969384114991497E9
-3.888534988507868E10
-2.9879979682815607E11
2.5713937759268818E10
-3.3061459453448253E9
1.1048639466059868E11
-2.676605635973151E10
8.965036641122072E10
-1.908768503578676E10
1.012711718033743E10
-9.165659432201273E8
-6.102836381101895E9
3.7544399710681516E8
-9.88904426717619E9
-6.911050157872186E8
1.4817705647973363E9
-4.801227883104673E7
4.245683413312676E7
-1.8561413505188145E7
1.2327164336539875E8
8.499510213286149E9
6.29082369172546E10
3.583197249799458E9
-782486.429313825
9627344.310790168
-1.9053337160402413E7
-8.0460372238184185E9
3.0238523520550627E8
-1.1851294573665645E9
1.1802147397971768E7
-3524508.791073665
9.730979983451349E11
-2.993680936217781E11
-1.9688246993096043E10
-3.922732040033125E10
-8.600743134062624E10
8.326292015059596E10
1.5733318394636295E9
-4.831279666300282E10
1.2861530734693875E11
2.6710460691026318E11
2.2424780573426888E10
-3.3546618464780347E11
-5.08587649130691E10
-1.6368099203771489E9
-2.7391368971896023E10
-1.420771492503857E11
2.1986649105429512E10
8.859675714237116E9
1.1580834676529138E11
1.4274703914189285E10
-1.2833644759123749E11
-7.417741298893668E10
1.8467993089360217E11
-6.37387154254041E10
2.52763574765525E11
-4.980951184870768E11
3.621494781194887E10
3.178801547013195E11
-6.0665387577761E9
-6.175778818847229E10
7.178600605929628E10
2.2490860648924137E10
1.871987353804909E10
-2.6540344257505295E10
1.353240944403812E11
3.4184329709399803E10
-5.665507044278063E9
-1.9231579985427827E7
9.459488681416385E11
2.3465446033382187E10
-2.4116410471843693E10
2.910188404606215E10
4.478039701413584E10
2.6302788268264352E11
-2.3623199699987167E11
-1.4316829578640461E10
-5.910182788368001E10
-3.1948334412983902E10
4.552366462549082E10
-8.366282315667771E9
-2.0882561161173704E9
-9.633265817782196E10
-3.744156145887884E10
2.270080054114294E9
-2.8488753714865294E9
8.559553544394378E9
2.9267585576595583E9
3.0364582941062653E10
8254428.230752787
6.472078472412355E9
-6.35360763337723E10
1.6256665540636969E10
2428732.366515073
-1.6971425238861673E9
-6.872199714295639E8
7.686273767391415E9
-3.5134806019745083E9
-6.513113937318597E9
-3.688835854493252E9
-2.103325041872102E9
1.643393435252957E9
4.972313025963003E7
1.5579636401761168E10
6.26135723019064E8
3.803225492151276E9
-3.5938238853103213E9
-1.1265751507904554E10
2.9407904251131508E10
-7.947506995862562E9
-1.4184154781525435E9
7.10653421411092E9
-3.225265401945043E10
3.7970338900188007E9
-2.6353031693514752E9
-2.3904217506089363E9
-4.294529091050944E11
1.8807404933264296E9
1.1082918908195065E8
-4.3247610737942226E7
2.0930747546909091E9
-1.1256154971238174E9
-4.8523200158618224E8
-6.042434178847296E8
8.443102843496886E8
-2.5866775164672732E8
9.622044926631328E8
-6.545302291977643E8
6.223294792634997E9
-7.497277164301443E9
-9.500774769774902E9
6.937620600945061E9
-1.0474663345868676E9
-7.114874461189872E9
1.0318177002615515E10
1.4747186429848504E9
1.0550237929657662E7
1.4300784104951515E9
-4.7628871848107505E8
-2.1522802802097034E9
-1.6118567478556743E9
-3.2857153747952933E9
-2.8465362618339477E9
-1.5364555411625457E8
2.4902189406860204E9
-4.899230428684285E9
2.8894825953476167E9
6.27404495601512E8
8.978726888702949E8
-6.814869051530733E8
-1.886588177930696E8
-4.9609062525621426E8
5.993595272575586E8
2.0856748765911648E9
-1.1959691157645639E11
1.788643199663573E11
-3.010913654648677E11
-9.752071121679312E10
6.660891590930846E11
4.938499111195038E10
-1.290527265039328E9
-4.3841084774684265E10
-2.7014326998665104E10
5.201734054967626E10
4.180600491752037E9
-8.290164327110538E9
-7.54042830497086E9
-5.554326844504672E11
-9.392647840145065E9
7.890179069127022E10
3.823255988905138E10
2.925256738009895E9
-4.83126682855133E9
-4.563156567329356E10
2.200178724834028E10
-1.8552455602781478E8
4.914931675289851E9
3.3691351895600843E9
6.250235092054945E8
-4.495390535280499E9
-1.6065965113455775E9
-6.620735747881199E9
-2.1445052533354578E9
1.0604215534856926E10
-1.2628524725322554E9
3.9926244999287506E10
1.6564699265622847E10
-3.3271592076186623E10
9.800526418701273E9
-9.439660693221634E9
-4.7526388184467125E10
4.065409972673781E10
-5.252915028343031E10
1.0075722531160109E9
7.3043411672309E10
-1.3612822708667614E10
1.0673670779166426E11
-2.7703512605546394E10
-5.9937270153064575E10
-8.016975674481481E8
-4.740398531837109E8
1.6023762879492958E10
-2.8808403218640337E9
6.237211352984401E9
3.965561950714868E9
-1.0900795677852133E10
-2.092225968787095E10
-3.6637141867219444E10
1.5219916827416204E10
-4.970647827723565E9
1.5621640811153933E10
-4.847067790122048E9
1.6312410011374775E10
-4.6019829043322044E10
-1.1560911800638748E11
3.64412168756457E10
-1.8130330540190816E8
-4.225569928303978E10
-8045724.018574794
6.885484611750877E9
-5.050057469015912E10
5.912047661667333E9
7.895151585021419E10
1.1390267042355822E10
4.369745832049663E10
-7.633059799508118E10
9.077094783066913E10
9.728634648575369E9
-9.372337255642784E9
3.0072346497172874E8
1.5362398132057903E10
-4.56235008891842E9
6.5724802889250435E10
-2.7185809894368553E9
-9.417066348189201E9
7.42726621094397E9
-1.8662877277663453E9
7.148797275315031E9
6.7878466602670074E10
2.9544680868064426E10
-1.9690956428072147E10
-1.7555931535701508E11
1.41175507139667E10
1.2290872918963106E9
4.140822832274048E7
1153396.5890773777
1.430466527557389E7
1.2376243466976369E7
-5725055.702716358
4.0061176818375714E7
2231200.242301071
3.580747867000454E7
-9459857.504282068
-5.870348612641474E7
-2.193707606212795E7
1271854.8107048515
-1.9444482896722447E7
-75870.3084121802
2.448044917120074E7
-6277665.387088239
-955355.5977782223
8087356.570986905
-6421349.002351144
4157577.0086665303
3.1245289776299637E7
-2.066597604101643E7
-3.7703605145857915E7
3.423502015954008E9
7380949.195839198
-2.8619849063052233E7
2.0741440426337728E8
653917.0994816754
1.7905411372595355E7
-3.75368877936115E8
-8.7060920443686E10
-2.275688763977523E12
8.820966327641211E11
1.758946817385244E11
-1.3158783866476685E12
6.716818218864312E10
2.2704031863085052E11
-3.36978059446102E11
2.240194147564216E12
3.316609340162962E12
5.4016038398769904E11
-1.2885291182455902E11
8.557805712384549E10
7.514216357907437E10
4.558125581825026E11
-4.758400323198823E11
-1.3365912675790625E11
2.270736045924828E11
-6.835483776765984E11
4.370014250820537E11
-9.741136257191177E11
-6.94135053374871E10
-1.64477921785449E12
7.77012567827288E10
-2.7100525866277314E12
-3.618643880560243E12
2.640455588432347E11
3.9155809748541724E11
-4.5754652680696655E11
1.6120225938567596E11
2.998173338967466E11
3.699035441705328E11
-1.3396891109280452E11
-6.6408613455472206E10
-4.2291377227786934E10
4.393036570571459E11
4.171849384122313E11
-6.441509489817156E11
-8.246846135890851E11
-4.6215960792756946E11
-1.615583937643818E11
1.8185489738359653E11
2.0993451218545053E11
-8.178688677857755E10
-7.335216845270953E11
4.603483561237148E11
2.245406749006204E11
6.942565247845375E10
-1.0135121220770618E11
6.78506728585683E11
4.890516570400057E11
-4.824238736396034E11
4.989235084798179E11
1.836114138257512E11
2.3072340303627256E12
-7.583278952984766E10
1.3472260458906293E9
5.955991817535912E11
8.837621232718771E11
-1.7938114811522793E10
1.6121119641706796E11
-2.8671334973790023E7
7.185188257215617E9
-7.149034988010832E10
-3.732349089318761E9
2.1954717024951706E10
-1.4429954824682251E10
8.862952746391626E9
1.1948493389352248E11
7.513917989954346E10
2.142311719976564E10
1.119100455249114E11
-1.7926479526647464E11
2.9356686535742598E9
3.696971485726446E10
-5.078570088090747E11
-3.187375481911872E10
-1.0480480003517711E9
-6.73159789715142E10
-1.7478632994691864E11
6.7019095317957985E10
5.4114994831367487E11
3422937.907709822
9.183490009696019E8
1.644311797942822E11
4.647149075737352E8
3.539772675804294E10
9.170570074506283E9
2.1618913432990265E9
2.729907035094068E10
1.5695127462271277E11
3.5042088286459583E8
2.1870598196121807E9
-6.031664950326234E8
3.376093659423729E8
-1.6219227161109907E10
4.2700914078778824E10
2.301853617718122E10
-6.886557381829857E10
-8.309285705304404E9
1.3006597030042655E9
1.1586969000493464E10
-6.928224722860331E9
4.1122396209800514E10
2.0914494262988693E10
9.086864307276622E8
-6.408063118055016E8
-3.9005116503291864E9
-4.373493652745231E7
-6.549573782646997E9
1.3576494461785836E7
4.0793491125271326E8
-8.947976644676247E9
6.694404697422056E9
3283397.799571203
-1.4581026278229713E9
-7.174101460648075E9
2.4581917103993785E7
-6.624709220683079E10
-2.530760131635822E9
-3.971817853387678E11
-1.719040308399379E10
3.446690998849295E10
3.38255002732607E10
9.45651228324462E11
-6.0374921230482864E10
4.354449682734534E10
9.5085328474302E10
5.505001315335351E10
1.8753180921420374E11
1.112501105013096E11
-3.586203659303851E11
1.4783855307855066E11
1.7890732722473003E10
-5.175138738266055E9
-1.5035388353209283E11
2.808925907686635E11
4.2490149733897833E11
-3.879850946776522E11
-1.1740654913912793E11
1.2216574503762689E11
-6.580879555324329E10
-3.387808479559424E9
-1.5425854993939507E10
-1.4285600709922044E9
-1.3640029250948578E10
-1.5685867845931892E9
2.682849519826355E10
5.898649019328667E9
1.2373198698622889E10
-1.5648707033472882E11
-1.1227948220650763E11
-1.4523239628749826E10
-3.227075211380951E10
2.350198180142162E10
-2.22927644801087E10
2.422286994751301E10
-7.589081389383986E10
-1.1125644610625076E10
-2.083899748871974E10
-1.094606101037204E11
8.938267754765013E10
2.7071379967644382E10
-1.7819501898236954E11
3.2973877272498315E11
1.444619518708187E11
-1.637793700655859E11
8.608103724702667E10
1.6398473762392983E9
-1.4040889879915464E9
1.7024606426343715E9
3.659814863353893E9
2.1403863267105143E9
-7.563042892902763E9
-4.2407409782193766E9
2.600133259219307E10
2.0687091501584084E10
3.2873870754253227E10
-1.1973133375260692E11
-4.7327166244178825E10
-3.3796662112210392E10
-1.5501951153055622E10
2.0115439394714157E10
3.2179769631683376E10
1.4400072577103204E11
1.1670330926284044E10
1.2605318406925947E10
-4.4032809975565285E10
-7.391441466672017E9
-4.730122868527564E10
2.23076017013045E10
-2.6445556135453638E11
1.0173023549279793E10
1.580964151876591E11
-8.474595670224177E9
-4.686173152877411E9
-1.9681609081943737E10
-2.8690151939008213E10
-2.1354703480828568E8
-5.766677643977923E9
3.2966891207158268E10
6.107868374436651E9
3.52549523288948E10
-4.370338572730949E9
-9.273491115396346E10
-9.062588032515658E8
1.6359264373982475E10
4.080952141837975E10
-2.0414961270847538E10
-2.306981524968325E10
-2.789278773935225E10
2.431295115109914E11
7.991002661880469E10
-9.014285396197249E10
2.1160924701969397E11
8.46566097100278E11
-5.895254163043914E11
-7.566453294253119E11
2.993228419407924E11
4.5823825959233406E10
-3.891381505952982E11
-1.8300659911268314E11
-3.33825027078087E8
-7.212462189111075E11
3.619481777280074E11
8.317406527858469E10
-1.9148304843739185E11
-6.076476123190932E10
1.7313004736665E11
-1.4318598304477283E11
9.185159701465675E11
2.6748101441596855E10
3.9613470706819476E11
1.564739199825095E10
-8.259684967678707E11
4.769720632516091E11
-4.501175050914996E10
-1.0297946371713576E11
-1.1074355247650327E11
8.998803271161942E10
1.4089397149433226E10
-1.5831255996875916E10
-2.785541048129929E11
7.859901204558818E10
-3.1145908676530106E10
8.075646390210641E9
-3.783282470287997E10
1.1226227427788829E11
-5.945776848150784E8
8.445156515783583E10
2.63685002617561E10
1.5978805075156496E9
3.715438961797738E9
-2.8580637607922928E10
5.422861022690581E9
2.7327823683836533E11
3.597367685927304E10
4.749787400014486E9
-1.1250922662249304E10
2.8265900098369346E9
-3.403670880702257E9
-413788.12047855736
3.1805748281481977E9
-9.267340740363306E10
-3.532993734262591E9
-2.439237656589717E10
-5.111992235158631E9
-1.8153276678330715E9
1.7093567846930925E10
4.934429796453513E9
4.805063427806487E9
-2.6107307902815833E9
8.969424033264204E9
-2.4693863961890183E7
3.684206506288168E9
9.020896092133144E9
4.94974612600856E9
-2.9140791351207767E9
-7.67522355946279E8
7.204059653397437E9
-2.7655080298215797E10
2.170305304736099E9
5.421564391782026E8
4.572985784265625E10
2.999297444112926E10
-4.0070899384316707E9
7.939868869262114E8
1.0138655355459806E9
-1.2300690835573744E10
-7.188677788285549E9
-1.2388955998810315E8
2.9788080340073645E8
1.8198181088155067E9
5.150074851415916E9
8.383999966703393E9
4.492609778983028E9
-2.154860287790409E10
2.8713351419270487E9
8.645447049547982E8
-3.934290066643645E10
7.472996369083481E9
2.54061727605907E9
-2.2198345802731987E10
3.1831390612383324E8
-1.9311176720930238E9
1.318598496226561E11
5.235443182177909E9
-2.52941227607775E9
-1.1219167076407478E9
-1.9135424800295464E10
-3.951928112718439E9
-5.116389237265683E7
-1837123.3797469726
-3882070.8762964276
2.888465328701943E9
-6.4306856878695625E10
-1.1255439217542883E10
5.347294642852921E9
2.8878231160812445E9
-8913665.265104072
9.34837290600479E9
1.751444744515494E11
-1.8944934022868109E9
8.507106697249944E9
3.544327471418159E9
4.226192857175014E10
-3.7715027191475005E9
8.374854321737406E9
-1.1817613434162772E11
5.40572738678033E9
7.954305878222368E8
-3.645844148906997E10
8.849904946286652E9
-6.953196726164772E9
2.5623530868083275E10
6.562484992626608E9
-6.1275272897779366E10
-2.353714488571184E10
2.914690918295883E11
1.111973201532475E10
-5.429896750077671E9
-1.066498484261255E11
-2.793797673984444E9
-7.872926661900909E9
2.4307463178165405E11
-2.16596603700151E11
-3.049119705270547E9
5.442499330853804E8
1.9455285032372536E10
3.5266880205972445E8
-1.9981602213608676E11
-5.939559339689729E9
1.828464424856125E9
2.02469703655305E9
-2.1897632885294476E9
-2.999039938524347E9
1.421953552240161E9
-2.927243431197679E10
-6.75831289506532E9
1.0343348778720487E9
-2.182796828017334E11
2.1910788955873523E11
1.9550104007357723E10
-6.786961649404998E9
1.1856627061539009E9
1.9789406041581085E10
-8.47249904977101E9
2.1235030522564116E9
-1.595164015091077E10
3.48659555473644E10
4.2541056061148286E9
4.517353380645594E8
1.3072766785215315E8
-8.672236046148129E9
-1.2366436559200672E10
-3.7476534220405304E11
-3.6346145055532804E9
3.1025701511882603E10
6.00554156114599E10
-8.708165299703764E9
2.4026287873947723E10
3.7928702223717926E10
1.1101663215616438E11
1.4386040391929504E8
1.1920923281851807E10
1.2318963685785896E11
-9.780806753282286E9
1.3868057020885684E11
-4.159862105352018E10
-1.7176677924225482E11
-16099.52748538207
