-5.800864415516962E9
9.002560648673851E8
-1.5009958852905958E9
-2.934350434693024E10
-2.3852550198337097E10
2.0248899710828312E10
8.47979246402964E10
-2.3542235294830883E10
1.0231687523811724E10
3.7238735751388493E9
4.587940929570209E9
3.9738576670156054E9
7.102486044932492E9
-1.6031168342977352E9
-8.882148520619571E10
1.0669660545745375E10
3.696066180436219E10
-2.2879701912151066E10
1.1600527703522072E10
3.5399969564288475E10
6.0545939948170876E10
-4.0590236689881935E10
3.011379597430189E10
-6.962470872778702E10
-1.4317903284234812E10
-8.099979913257881E9
1.002547051399597E10
2.5047987533365215E10
1.5598986223073818E10
1.6955208754439615E10
-4.999584952968842E10
3.870506422699822E10
3.160597258200645E10
-2.1868666835377926E10
-2.7883530019010418E10
-6.883231765648821E9
-6.005106499977244E9
-1.832051926015028E10
-1.9141776546405968E10
1.215855002560636E10
2.4649076598312073E10
-4.423523951085823E10
2.7952924994115047E10
2.5739563054069042E10
-1.6713777274753351E9
-1.5745099754057622E9
-5.659662934395818E9
3.4061007299659653E10
5.3469626133142265E10
9.318702159063272E9
-1.047863347114505E9
-3.1410578488425953E10
1.869597048484518E10
-1.417858886177628E10
-5.571896426529181E10
3.7113552004390874E9
1.0703052970717176E10
3.499010090254437E9
-8.142405528916061E8
-2.3821694719372646E10
1.8008451440782213E8
-1.22048018945122E10
2.4888472083503117E10
-2.4007009632054596E10
3.9626395296520615E10
-3.8834561153156915E9
-6.7980929145436005E10
4.930949396038882E10
-5297051.446255649
-4.395268921598474E10
2.327313859195343E9
1.2241349169029453E10
7.696327334676067E10
1.130443787492473E10
-4.318935574059538E10
-4.2109719770414085E10
-6.063959498856185E10
1.667461987570428E9
-6.984667234863755E9
1.4921944695954123E10
3.256366892527568E9
1.4756395145897049E10
5.48065509906763E9
-7.112538992593688E9
-3.5837783166455567E8
-4.549673443402967E9
3.396950461227468E8
-4.388202118126419E9
-1.4271483398470848E10
-3.3421101031884686E10
2.5380687670587373E9
1.7655548046257093E9
5.046593794845948E9
-1.8742953352044542E9
-2.1785332932295975E10
2.3810047480567547E10
1.8392369283428413E10
4.841995649678287E9
-1.9773510823335438E10
1.4030039212378666E10
1.57084134565484E9
-1.6200007534130949E10
-1.1505802919339441E10
-6.724868329014585E9
2.3767702601566433E10
6.7325333591165016E10
3.0157104542025776E10
-6.270309499913017E10
-2.2811048706233326E10
-3.601534351418984E10
2.529933477936565E10
-1.6783378349811663E10
2.443228713517236E10
4.642781469566168E9
2.8185828935176678E10
4.9866056476566E10
-9.777016144114444E10
-2.5989348452137628E9
1.51275222273639E8
2.640746797004977E9
2.2411263180799174E9
2.2736649651001787E9
-1.5030395000233061E9
-8.959786223783497E9
-1.5872436643859829E10
1.0576353190707909E10
-8.870103246111929E9
-3.6059791053431854E10
-6.59895966483783E9
-3.762657133069998E10
1.5580993978260577E9
1.776994356081048E10
-5.446294404403784E10
5.5237614913895E10
2.7161073954141823E10
3.5391608051745636E10
-2.0407681669933483E10
-5.225149342497943E9
9.127324143996179E10
-3.965883367910398E10
-3.0668874684142885E9
1.0845061190008063E11
-1.1332860047780956E11
-6.940883190069108E9
8.859172901342514E9
1.1717110092800564E10
-2.8753388805308604E9
-1.4302299788915408E9
-1.2346497095021486E9
-1.2839289423676317E10
3.593342488343394E10
-1.1944371957903905E11
-2.1636816688710907E10
7.430015160719835E10
-2.510902991710608E11
1.1491951427317822E9
4.60415113952087E9
-1.5250291833149167E11
3.0891823252302563E11
-9.874515420864246E10
-1.0791121955677063E11
2.9250354779847847E10
-4.749508612493953E10
1.4294265924255466E10
-6.098411575012803E10
-8.08800780810786E10
6.51168564828249E10
-4.9199223018422035E10
4.779771644873593E10
-6.742272377883635E9
-8.113576975079535E9
-1.5336990458619946E10
3.139980184144581E11
1.64315377858121E11
8.092276597090054E10
-5.200277484680138E10
1.9578837736744335E10
-7.130084839017403E10
2.472812637802265E10
2.221012534748391E11
-2.9502862926599113E10
-6.91580744694487E10
2.0977355206300607E11
-1.6988562620543531E10
-7.51240746102481E10
9.753723117479497E10
3.4243205793826183E10
5.841997301627183E10
-9.175073515828427E10
3.4267056555402795E11
-2.0642939649230676E11
-2.848621909390335E11
3.1407975655968887E10
-3.4132324818150183E11
1.3791851718495215E11
3.007017675576788E8
1.6125284397156857E10
1.0283963594612749E11
-3.4874990578397455E11
2.7754659266966095E10
1.3452071341084448E10
4.394291662857385E9
2.6989978228653873E10
5.849404672942784E10
-6.59187596543511E9
1.7233834248076458E10
-6.24646820480284E10
-2.7351902059116528E10
-5.211658706033416E9
3.504204000496282E8
-3.354537262172056E8
-7.505080285735227E8
3.3103849003483815E9
5.963321044132413E9
1.4049236829902787E9
1.8072967725973554E9
-8.169353676580802E9
-4.507609750812206E9
8.283737117603345E8
8.284280328368572E9
9.644356765430146E8
4.729527275831266E7
-1.317327889659423E8
1.939832461891071E8
5.313106080365323E9
-1.6974256344436884E9
6.254160124812405E8
-1.031796733725752E9
-6.104960282310623E8
-5.374777700858021E9
1.0125941841077818E9
-1.0962616097555528E9
-8.358065548358053E8
-1.1137870805081654E10
-1.654432335291936E9
3.490589706801741E10
7.729366967044934E9
2.0755819838552616E9
-2.57920157199652E9
3.3843652054190607E9
2.7895202677513702E10
-2.0938255423891716E10
4.156548670684375E10
5.574858896612795E9
-1.1497513591472025E10
-4.466277171533083E10
1.3117552226468765E10
6.620599142462726E9
1.818049137925466E10
9.181999051033503E9
3.3841215941695553E10
-6.061408724975673E10
-9.00584289441306E10
2.218158667889804E8
8.183636097754263E10
-8.510448025758817E10
-2.1280790931624305E8
1.6714136106474432E10
1.2838324589446481E11
1.7348942539216238E11
-1.2257179744856726E11
1.6250696309942422E11
8.834152327496451E8
-3.063296333433421E9
1.359917001335242E11
-3.5844137248898766E10
-3.2604931609912494E11
8.484257642392937E10
5.336330502537023E10
-4.379838374547855E10
-3.7081650376265483E9
-1.933539321989987E8
-5.324186860230771E8
-1.0163215742436632E10
3.1411394975569046E10
-2.809095252505239E10
-9.7186024716351E8
1.4012651383108276E10
4.691356974554058E10
-1.901900129556573E9
8.210821791146935E9
-2.931850564412281E11
8.634471798546558E10
5.42196956722442E8
5.090748431428485E9
-1.9152731966004434E9
1.238114542102873E11
-8.487148578036675E9
1.0851977023535807E9
-3.94963899105627E9
1.2592218263183409E8
4.3558524126808E9
-7.610076754468662E8
-7.567717728962813E9
3.47178075494392E9
-3.192038861819235E9
4.1893953581380177E8
-2.2864667328277926E9
2.310490635192001E9
-2.895955240239225E8
-1.2033483686783583E9
-2.246404661959131E10
1.449485634275859E10
8.005908669487031E9
-1.8119804034978683E10
5.19198058362525E9
-7.116433667037685E10
-5.375853191897427E9
1.0952432088929346E9
-8.273122039026793E8
-1.3068887422978969E9
3.35176851144071E8
8557941.181907183
-8889229.498873241
1.2546158431990875E7
-6.092558562613087E7
-2.4014082968350353E9
5.110920242420045E9
-8.714441519749801E8
447855.27776129334
384270.1914613489
-500121.5484901032
2.4501365210160747E9
-3.2851578845770672E7
4.226382967572026E8
412678.7350604763
3192448.4860132453
-4.6160659777266235E10
1.730472746481829E10
2.3519256099750576E9
-1.8151243755657654E9
-8.831597763008965E9
2.1194074461943085E10
5.809561115076707E9
-4.069936921360362E9
9.979838791013496E9
-1.1207684356393978E10
3.610605235223018E10
1.2724982177053316E10
-9.595885276917776E9
4.883211826586906E8
2.2091183652060593E10
-1.0669343171704504E11
-2.090528955806839E10
-4.0290821729065645E8
4.873072841455844E10
-4.0885032919308915E9
-1.8273954405019997E10
-2.473672605066416E10
2.6694208586358406E10
-4.1479688105481973E9
-8.934110829072621E10
-6.03525675972112E9
-3.136192718822728E9
5.53971926271599E9
5.143651597668031E9
1.0796129616291147E10
1.3046205516541939E10
3.79680098069999E8
8.910057053024806E8
-4.624598044258443E9
-8.445737101220282E10
-6.853431719452917E9
-1.1627858073589926E9
2289847.73879527
3.8701015832533527E11
-2.736670432430018E11
1.883783608743382E10
2.7509119970687042E10
3.0779944470528874E9
-5.554796027032794E9
4.421585324305196E10
-6.641812895908633E9
-1.1151922844825773E9
-1.0062550169437259E11
3.999811833272815E10
-3.1236403507692604E10
5.821761745386188E8
-2.4040660254599333E8
5.8453993377889534E10
-1.1136892507932507E10
-1.6703222913581452E8
-6.036482021893105E10
-1.744821991481138E10
-2.867830031396478E9
-346510.7264805889
-3.890146524966792E8
3.2553378071514214E10
2.6107331708283052E9
581005.4715702743
-2.0904348495887773E9
1.135591983093026E9
-1.6347555282652042E9
1.5471526813988383E9
-7.422718630332296E8
-2.4133351376474002E8
-7.15110877228234E9
-3.6030316944910365E8
1.0671367491203923E7
1.480991128913048E9
2.1917543856440565E8
2.2305241087669554E9
-1.9643999039046457E9
9.329762051902475E9
-1.0252714081640986E9
-1.700094050954003E9
7.29030761767751E8
-4.789086734681374E9
3.5556403604053135E9
-2.1909265577263497E7
2.8934317808266125E9
1.3447630094672518E9
-2.7172934004882923E10
-1.7781492668814342E9
-1.7034931436324838E8
-2.993349091467511E7
2.300885492444265E10
8.170731502112745E9
-3.4220282418410575E8
-2.403364565752907E8
3.627063895262112E7
1.6537538027509785E8
4.1410715880066476E9
-4.097845064122019E8
4.775165887901748E9
5.026520581478561E9
-7.784035224899131E8
4.2801992373837223E9
-7.194082312229242E8
4.861801445333123E9
-3.9914495257084184E9
-3.930115126058424E8
1.4023778189322264E9
2.4921147108950529E8
-8.69698115831434E7
7.732098054151291E8
-7.644108922605524E8
8.072308200149617E9
3.611856807013121E8
-2.523570047250127E8
2.2393222275969486E9
7.354856523797067E8
-7.095847295672206E8
-1.8992394258698876E9
1.0126489778344287E9
3.162999664357798E8
3.0297563956321377E8
-1.4162173321948966E8
-2.836687279127069E8
-8.950071896949285E8
3.2382049923043594E10
4.649498683667596E10
-6.675696813974239E10
6.361475392305194E9
-2.0446535735445053E11
-1.5986025971088821E10
-6.659268559903715E9
-1.0641275084901413E10
1.1473724650699928E10
-1.169324676214696E10
3.2692648263752666E9
5.732343695429208E8
2.714340237905326E9
1.8967702708468604E11
-8.020328351435369E7
2.7433447759640076E10
7.23865777704412E9
-4.2175052803339753E9
8.777218549022895E8
-1.3870521542986315E10
2.320284082804359E10
1.2443277331316186E8
2.7930328173272985E8
-4.6833355896101373E8
-1.8665358938227372E9
1.6833138733660767E9
-2.941767720732087E9
-6.409012289375232E9
4.394975720254784E9
-8.425916562737093E9
-1.3946829584400785E9
4.728949786077269E8
1.3238634725892036E9
-7.351933968133755E8
-2.217546152696494E8
-4.6226742232573724E8
6.971450065438064E8
-4.1977101422337776E8
-7.78200229688943E8
-1.187318579634038E9
2.6249531113290477E9
1.1024986728565373E9
-1.2585618735399737E9
-9.118523391207237E8
8.596407650559007E8
2.15182266588512E9
1.9053966107480657E8
-3.4372758832937803E9
4.681307252861368E7
-3.588316860283376E8
4.620743382820922E8
-2.8682824870976834E9
-1.7562789859564495E8
1.8764844257305481E9
-5.638801395643358E8
-3.052125297812419E9
3.5514138415140214E9
6.124844314765825E8
4.051961404403498E9
-2.2464847922845182E9
-2.3156464437802814E10
8.651074994574377E10
-4.337913223412249E7
-1.6810341616046404E10
-2093064.8166771212
2.964163489780476E9
-1.3951145561085022E10
5.132007832148747E7
-1.1219721963150644E10
-6.2879440981279205E10
3.9869914067784133E9
7.402378855754733E9
-3.6855415730296364E10
-1.4491004129540127E10
1.1942656500857353E10
-1.7440444563074097E8
1.393744287142107E10
2.3107150245174084E9
-1.3280583195251268E10
-6.756898360724387E9
-2.1183714583342443E9
-8.551526447592639E9
5.798205578465771E9
-6.610142214596665E9
-4.1963575056007557E9
1.1069514467407888E10
-4.729003346880862E9
7.643789713006541E10
-2.3618975293255184E10
6.22319829446467E9
3704077.9664338683
-2076376.4567038391
689298.1720738339
234879.87811517133
1752660.2871811867
-764738.5618026796
-3952579.9477429707
-1.6567800876118118E7
2692303.1869463613
445498.5112622412
1.4273319507464841E7
1390213.856411031
3184391.405844173
1.4892064931683203E7
3081349.405121389
-4776401.62914886
2703483.076742054
498539.40631294705
1566358.1159339256
-5218461.4048225405
-535262.2108865657
-3774271.111831175
-3809071.826329821
-1.3748694415928867E9
2484497.2303975066
836927.3351203772
9.457276200571027E7
-238273.66844841442
-4967686.128319862
1.9439204947363427E8
4.124753719403706E10
4.9209731693337326E10
-3.790499280080382E10
-9.61137959789594E9
-6.368360911561713E10
-2.0517712485580006E10
-1.1203948193894638E10
-1.4049342574528141E10
-1.130630619468423E11
2.483109599089392E10
-3.073660411358765E9
-6.244293068652079E9
1.6144869900968113E10
4.031427973026443E9
1.5165220867583618E9
7.367137326050556E9
-5.479968913777494E10
-3.2930559261522526E10
7.558549938452014E10
-1.8600059787284847E10
-2.179059017238868E10
-1.5657686011435463E10
1.9799275913561573E10
-2.6503340084216812E10
5.449037149446061E10
-7.658372172061026E10
6.276501162637564E9
-1.8250079668838978E10
5.844782419790053E10
-2.6124615051036903E10
-1.6111643205996375E9
-9.481697950991589E9
1.571920644031021E10
-2.7784394177226996E9
-6.13870167507507E9
1.5013646231474672E10
1.924916483009676E10
-3.76300759280655E9
-1.2520647380886118E10
-4.172511490853534E10
1.3369501974835602E10
-5.899610092572778E9
1.014105426696168E10
-1.5461797713930926E9
-1.1351210558355005E10
-2.628152876444528E10
3.481786684687178E10
1.1932156935190002E10
1.7482422135193436E10
-2.394647088266305E10
-1.005368643374313E10
-6.423912365285084E10
5.289520498092966E10
1.8915614447423004E10
6.40707328575614E10
1.6397824830405777E10
2.3973396244378822E10
5.626426298479246E9
-6.13293690701838E10
-1.0242945193499776E9
1.019473645544805E11
-7105483.870122797
1.4389484036017005E9
3.3217830290653114E10
-1.1955531658378902E10
1.6127245413067171E10
-2.1456418414862661E9
8.322452721192168E9
8.348429031503331E10
-2.8716485725879578E10
-5.5179518854456024E10
-8.653613961022255E9
6.1558674897593796E10
4.855123537784574E8
2.4104933281885387E10
1.2080378391212395E10
-4.879033224823712E8
-2.2126262815098342E8
-1.3368118545063786E10
-5.509125337013761E10
3.757004379824463E9
6.2565810679003136E10
-6138851.412734976
2.6732151938796526E8
-3.93391625925688E10
-2.0440005850934892E9
-1.1500050082235611E10
-9.277987743120277E8
3.625629809559471E9
1.0060190603436549E8
4.110961261027233E9
-9.882365090184283E7
1.7379679614439076E8
-5.1305162379377246E7
7.92331307697705E9
5.065546760691108E9
-8.95395856651086E9
-1.8996901374625164E10
1.7292405242526739E9
-7.916044546688884E9
2.013125088390868E8
-2.1359378584529974E9
2.7058958547390485E8
1.9318508289230114E10
-9.162295967623554E7
-3.3344870278704804E8
-3.55145362814111E8
2.0113069469432774E8
2395409.338147684
-2.2684392914909825E9
-957251.7717532876
-8.102524210266133E7
-3.3660543049240077E8
4.766239270889175E8
2025677.0263961654
1.2238487287844989E8
-4.508139122729675E8
-8259135.019715194
1.2784715350507233E10
4.00176524682968E8
-5.30368721329454E10
1.1663444365387144E9
6.746930863423326E10
9.322372997408836E9
-1.733442513562882E10
7.179322067413403E10
-1.2357479391161251E10
2.7113189867264545E10
6.957595584919215E10
-6.26986753924974E10
8.308404988825871E9
5.72061409445153E9
8.524067250337315E9
-6.937536010814091E9
-1.4572379355264729E10
-1.302559586033324E10
4.596000657615803E10
1.0931773752508808E10
-1.083607792990615E10
1.753292021752447E9
5.0159307195736E10
3.015291137224983E10
1.8519158321261415E8
-2.70202938851418E9
1.317756806318573E9
1.673525543834276E8
9.851227734733714E8
-3.178663855747814E9
-6.837481850864799E8
8.48464688953135E8
-1.9327561720360928E10
-3.834604156255575E10
3.429548718297762E10
-4.92393882019647E9
-4.538018807522585E9
1.2522027516079199E10
1.5076487080929718E10
3.1458308064221277E9
-2.1670680780086217E9
6.9666027756631155E9
-2.2624500373127113E10
-9.308321584003763E9
-1.2146757443221281E10
-9.5694720903692E9
-1.07957830085445E10
-2.5414729270670742E10
2.720601278601914E10
-1.0155884466526352E10
-4.830361176759844E8
2.7255370260459507E8
-3.7142841822754525E7
-7.499527799419379E8
7.068893415582304E8
-1.7561651285291636E9
1.8722003305828488E8
2.6845016407453103E9
1.5878559652593286E9
3.608402022694098E9
-3.5851620264335814E9
1.7044484688527198E9
1.7174587902745222E10
-5.367970098499231E9
-3.7256067810712285E9
1.687344498539317E10
-7.665128867909659E9
-2.750305564904505E9
5.484157703988294E9
5.80598733048391E8
-1.5419227597817475E8
-3.651138927620271E9
-5.7195369173240795E9
-4.1816624934108915E9
-1.728644113011926E10
-1.04265707396679E10
-2.782576228035823E9
-1.4787640341422434E9
-4.233770450590907E8
-4.359825739551421E9
2.307683199743262E8
1.651206864432889E10
1.60222577333261E9
1.8033620151156428E9
-2.477726992524359E9
3.1155991256462532E10
1.6739639887120922E9
-1.004804533229857E9
-2.3603189038420632E8
-6.052536529717159E8
-8.143639934950298E9
4.228447819037176E9
-4.927189594265249E10
-5.022367539115377E10
-1.016737905454798E11
3.185721044132236E10
-6.530698696737802E9
-1.4283391637358503E10
2.7201887370115186E11
1.5391572784361637E10
-3.346521554222613E10
-2.3157247476297737E10
-2.372995839763715E11
-2.579511650393349E10
8.004767116808556E10
1.9656528012922388E11
5.610572974629905E9
-9.335857809501547E10
1.5977135996005507E10
1.7548604127473072E10
2.1985848673933304E10
3.7517086389345604E10
-2.4125731653084674E11
3.6268888647023964E9
-7.14746840805299E10
-2.4141659794310966E9
4.1880092031668463E9
2.377508640106936E10
7.68525954879276E8
1.3712925867535396E11
5.8632343936819435E10
-8.06430725978137E8
2.7158808915643757E10
2.3777420544423943E10
1.2257037114885246E11
2.6633681173594276E10
-1.5053838644383905E10
1.3283645960768692E9
-6.697720488373874E9
8.177199911108628E9
3.9635413483193164E9
-1.750383432120124E10
2.8473910445562916E9
-1.4550627581874483E9
2.4013256343354774E9
-1.259245114452146E10
1.100127306799193E10
-1.380297803687455E11
5.601802372530553E10
2.181163893762484E9
7.009215516383169E9
-7.661707142229431E8
2.0060273699872403E9
-648817.8204830231
4.334741429510068E8
-5.783076506145632E8
-1.0809580880174488E10
-5.173485099561098E9
-2.531456166071908E9
5.871318757624788E9
2.6425332078075147E9
4.920052483620664E8
4.861405422859708E9
-2.729459114510619E9
-1.0464029435611022E9
1.147276656890157E7
9.198734630532421E9
3.2093718640342183E9
1.826784748624525E9
-4.718256131740335E8
1.8745639305411357E8
2.267748486843729E10
-2.656542413011615E10
1.7451295306009846E9
-1.0251179156855643E8
1.0914338770593861E11
-1.176278020281787E10
-3.520592516039943E9
3.1203884944385004E8
-1.0974111878086626E10
1.0986889826746761E10
7.459787575357675E9
-7.563886296466368E7
-4.470919356950212E9
1.82395018779303E10
3.061537358854178E9
6.120687518021545E9
1.930007727461741E10
-2.2736552944694122E10
-1.396552943113831E9
6.230606372777097E8
1.7558972168227592E10
-1.3830504908755238E9
1.0296783013990359E9
-2.400846607847156E9
2.6591705230431783E8
-8.870970635591571E7
1.3714301721987514E10
-1.9649077927587256E8
-5.569243859955437E8
-4.007701627363929E8
3.6965683630884695E9
-3.1233406747764933E8
-8072865.5637287665
-413664.36908710486
-560578.4796812964
-2.113382439118617E8
1.51461056284452E11
-3.235461040370936E9
-2.670380280696189E9
2.4179018978663673E9
1263673.0067399535
2.7005112523291674E9
2.9565487542736546E10
8.502875575358257E7
-1.5100212662316223E10
-8.126591282193142E9
-6.606235354267881E9
-1.0705034726581585E9
8.529317693152802E8
-7.400377511104456E10
-1.5706565132777774E9
-3.78943061692906E9
1.0414982688443947E10
3.256816327149479E9
5.015401863580236E9
2.4710794348037477E9
-5.461269934694617E8
-8.998446672290467E8
-4.780823888073781E9
-1.699814544928087E11
-1.3430042729107235E7
-5.659210549829972E9
-2.1515786549532013E10
-9.918350737763214E8
-8.42861768174147E8
5.7781454544290115E10
1.0062422410279883E11
1.7681365712535667E9
-5.960346324370599E7
8.6362437097853E8
-1.6246642720557153E8
-2.4792194150648785E10
6.614662004896837E8
3.1382436768868166E8
3.330004695978013E8
1.4452959933860223E9
3.145839217404616E8
1.9130651517766675E8
1.461141312886161E9
1.670656215487311E9
5.693313019977662E9
-9.404242428247931E10
2.0489426090703953E10
4.885531694431303E9
3.111547423561146E9
-2.1599423524015045E9
1.8879717949454258E10
1.4600556114095592E9
-8.040163553138347E8
3.588951460359102E8
-1.401722344804339E10
-5.317859559351583E9
-1.1419517135460486E9
1.0048960745257632E8
2.0856206828613296E8
-2.8249100671286285E8
1.8125242141621143E10
-8.513524547171023E9
3.742331652256589E10
5.49560441159259E10
4.55967647101368E9
-2.2473827528677475E10
1.5489380654856646E10
-1.9781634415732456E10
1.5658387138028362E10
3.010324195188862E10
3.409747670210054E10
4.614696012444707E7
2.977442520039111E10
-3.335941348574364E9
-2.1340654944633648E10
3566.3445024233656
