4.975896229142425E14
-4.617535496375097E15
3.57512208927711E15
-7.467380612129458E15
-5.425629932198313E15
-7.290452258218574E14
-4.2852504963747456E14
1.5634871435649328E15
-9.225096289761324E14
1.3356933898922068E15
-1.0155168400504045E15
2.2836371253778895E15
7.829066550391099E14
-3.3179944617907075E15
2.9398209840044675E15
8.231760851350026E14
-2.358349018110544E14
1.5482230399870492E15
2.8402472487085115E15
-1.0053960264184011E15
-3.0799934797906244E14
3.0335691642363845E15
1.6042820027224225E15
2.6486844406117162E14
2.2751611464605875E15
2.3488988877780635E15
1.2182059446540475E15
1.452849831890584E15
-4.328626005837794E14
-1.827345646133782E15
2.1191653451181718E15
-1.719527605439877E15
2.1187007276237632E15
3.517604923303438E14
-7.163035919682835E14
1.8321826127314858E15
4.926715736041919E14
-1.1130038749714968E15
-1.026244387662534E14
-7.43130052061294E14
2.5688049197900125E15
2.0474187030002445E15
3.3363200842557344E14
-1.8407048093133282E15
3.609039692684186E14
-2.955459973866914E14
-1.9680667975976765E15
-2.705533715725472E15
1.2794075926512522E14
8.961584810226014E14
1.3811149564425935E15
-8.665036977136749E14
8.636712504183998E14
-2.7210977967428788E14
2.6875251072951655E12
8.114066388323051E14
-1.0087031307048058E15
-2.209571404990126E15
-2.2116902349041284E14
-4.4729619233401225E14
-7.668638723763654E14
-8.130379741173766E14
8.06537322120973E14
2.1570921692669875E15
2.575590923770514E15
1.2224022441922425E15
-6.270598428186095E14
-2.1391485802683392E15
-3.591149384093855E14
-3.546452600704877E13
-7.394908315896768E14
1.2572002266820418E15
-1.2690044937325558E15
2.4268292834968656E14
-1.1575880639353612E15
-2.3318243478282722E14
-6.352660738159495E14
1.139642994853106E14
-8.315369582299762E14
-7.229696081727066E14
4.421268123547277E14
6.959476447568358E14
6.701752055842205E14
-1.6396674842875258E15
-4.409602407738418E13
4.331251644846046E14
5.588552030136997E14
4.1191057989298344E14
-1.666030049261269E13
4.5835269218472594E14
5.804022723365748E13
-3.386005716447484E14
-1.1051866128478892E15
8.979696464601715E14
-8.510364988767828E14
-4.873613602879492E13
1.072019281381123E15
1.5605636574917892E15
1.2319457758573945E15
9.846783878661588E14
7.44682040341942E14
-6.954566556078306E14
1.202969269092103E15
-2.4255247440027225E15
8.383851126884316E13
1.7982176897478662E14
-1.3431389179860042E15
1.1907241001681761E14
-6.107004557512852E14
-7.154891444777419E14
4.4447807577231206E14
3.93064699638688E14
7.000630874240189E14
5.720604162871192E14
-7.122083785762195E14
-2.9133394606266506E14
6.602422140023011E14
-4.355516280362764E14
3.914234871761233E14
2.950264950742031E14
7.468023989998404E14
5.48395305155615E14
2.309318334419976E15
6.861174713981034E14
1.0640843080748495E15
-1.255321734240626E15
2.86245192975646E14
2.7076433598975762E14
-1.881156227114235E15
3.154414458821548E14
-1.5961655657114553E14
-5.702196835167939E14
-3.808288709542961E13
3.0102548328263894E14
2.5671481089566055E13
1.1156374245394642E15
-2.5977763119606522E14
-1.3912797102635036E14
-1.0854399632926366E15
2.665020159657728E13
6.277901140818234E14
2.7150038591088722E14
-1.59856609140896E14
-1.198859038294336E15
-5.212546041325419E14
-1.7938837326792992E15
9.119263560884286E14
6.504412296978716E13
9.432754227861059E14
-5.823931009032855E14
2.7360459836474925E14
-1.5870741747187688E14
-5.723820912404931E13
-1.1711635941775318E15
-3.610019480277297E14
2.6147615608806084E14
-8.686010606694175E13
9.428244169171182E14
-1.66581229101688E14
-1.2321892114602932E15
1.1846830157039598E15
6.259093980752498E14
-1.937298675118302E15
-1.9391330133095322E14
1.1843740380338784E14
-2.5039419758357944E14
1.9042564637023845E12
6.768000813482302E14
1.2507540500135855E14
-4.94785316001902E13
7.175009592527999E14
6.03436915944764E14
1.6312414629647642E15
1.1369583627015282E15
1.596734572207061E14
-2.7857084940224284E14
7.398731172547464E14
3.304256604965445E14
-4.6186718430718806E14
-3.2215596033035725E14
8.278277060260322E14
5.2947152394471994E14
3.1446022009098344E13
-1.314832699627217E15
6.946916533844054E14
7.498670550052418E14
1.5726860211847142E15
-1.2890442710238688E14
-7.571872602908264E14
-2.835146039589464E14
1.7745193780916347E14
-2.258247015116376E14
8.024225616508275E13
4.0419608667379775E14
-7.241060861622425E14
1.4113921784927647E14
-1.1473324663657415E15
1.6178931670610622E14
4.0305821429867575E14
6.687730925475509E14
5.04791347879708E14
-1.9778845484756478E14
-1.3065506502527805E15
1.8117855553979062E14
3.8375452679666144E14
-1.041191567228711E15
3.8190447103056744E14
1.0318430501437969E15
-9.477461626422761E14
4.1076654402832594E14
3.2929849223467875E14
-7.68952484986635E14
2.862717640110672E14
7.242592425639535E14
-1.1784131223330853E14
3.4558343211769975E14
4.4043409820119925E14
-2.471422433553887E14
-2.1621704677409162E14
-7.13648534453405E14
-5.88563452789472E14
4.579616134217681E14
-6.680340203504829E14
1.0123044869837225E15
-2.1618448921137816E14
8.396242987564595E13
-1.219934243584908E15
-3.6831827032264994E14
1.6753335783427755E15
-4.30015885426103E14
2.0295966827798544E14
6.592713725154639E14
5.901546348411412E13
5.503025871795012E14
3.610293843144629E14
-1.162861751434234E15
-4.3123658595849175E14
5.308202415114561E14
-9.038367618099108E14
-5.399184238205127E14
1.449323663617027E14
-1.1466107092839955E15
3.0925403663471225E14
1.8257818842728872E15
-4.497158874566903E14
-2.0409005387210022E14
1.1389274400193965E15
5.951802739599399E14
1.1473291080224442E14
-3.4682448807582035E13
-6.854332999049275E12
2.175188747825606E14
7.079647353083062E14
2.82699184691951E14
2.2679180694735516E14
4.7984701134393206E14
2.790664862335063E14
-1.153595896064134E15
1.1237281663862605E14
1.0183225501654248E15
-3.136920106848575E14
8.379448214145531E14
-1.0278632535208662E14
1.958549353820171E14
-1.1758749997936685E15
-1.0038606482428122E14
3.174767921309871E14
-6.669761085041661E14
3.004400699859709E14
-1.7850315597232306E14
2.515731339907629E14
-7.525634539675334E14
9.778179581494385E14
-9.151838681467731E14
5.8074726297159805E13
1.0798592070796302E15
-5.0086169534672675E14
-8.343123932268778E12
6.368527158518181E14
4.4470616121112244E14
8.965801387039036E13
-1.0435841276728072E15
-3.768010623070305E14
3.531277702470161E14
-6.090708535591274E13
-8.392708426375048E14
-1.1427105559832502E14
-6.917683141004003E13
3.775594795421397E14
1.5554648391731728E14
4.164775502798516E14
-3.7670464199390894E14
4.7173055096414506E14
7.664805280583522E13
-4.152994768385795E14
2.5905561610281422E14
-5.6288306226792144E14
-6.323718072668326E14
5.000944747725054E14
6.966337694170546E14
-1.1079657573143816E14
1.0222426486153315E15
-6.235896429262175E14
2.504135464000103E14
-7.007663195476635E14
-1.6020701533707353E14
5.374470141260349E14
7.85069513860335E14
3.1472045797085934E13
-6.562122137994788E14
3.58656340626275E13
2.4538699991357672E14
6.356034761750335E14
-1.4787819404739228E14
-4.4122035231421644E14
1.5636332177047434E14
1.0427701532508569E14
5.181104378984897E14
4.372573394789665E14
-5.476637619849415E14
-3.278065743211245E13
-4.936082881071895E13
-1.222338624065211E14
1.7178578791016888E14
9.112988676985551E14
-7.010105519448241E14
6.033168121090768E14
-8.492991950697894E14
2.1242718496983744E14
-9.836904974035626E14
2.987249876844615E13
2.637776833644545E13
-2.066755914582271E13
-3.227572122979695E12
1.9165551252035288E12
-3.961300346337211E13
-8.849406490154916E14
3.601927713098193E13
-1.1981155556146682E15
-1.3052187418858058E14
-2.060164145759323E14
-3.229297369357586E14
-5.850236622504914E13
-2.055520898690397E14
1.2053450404006792E15
5.973731343290218E13
-4.2187281735882E12
-1.725844278670147E15
-1.5908325497858728E14
-1.3629784894860395E14
1.108553266215226E15
4.7812265483831044E14
-6.707166750102189E14
-1.9891898579105215E15
5.85776411053398E14
2.7122310594031925E14
-7.835674045448133E12
8.301346440650608E14
1.3794914858036205E15
1.1375468879321694E14
1.631699182522433E14
-2.7394284204601788E14
-4.194582810370566E14
-3.513643350892457E14
-1.2698098790186247E14
-4.6231667753690094E14
1.4806083370991747E14
1.679895232908236E15
-9.925673871875829E14
-4.614572548873874E14
-6.589287340190651E14
3.424786737810631E14
-3.162634685705943E14
4.862666221489873E13
1.49569131947923E14
-7.221734362860784E13
6.13483632689887E14
2.6851380914776203E14
5.959655409910626E14
-4.1277113648549414E13
-2.926806427378997E14
2.176379943289309E14
-3.331569085024782E14
-2.940547237220083E14
-1.975463386025912E14
3.4841179359381806E14
-4.5915549830932975E14
3.113187930424491E14
8.87952871660708E13
-2.3970589136094528E14
-2.950664903225989E13
3.8746555724650294E14
2.7205510424587125E14
1.6379271118749675E15
5.953390865581581E14
3.794314492607106E14
2.2854889575884675E14
1.7474372699841288E14
-3.421160964369069E14
-1.9591684463278422E14
-3.2063981325719194E14
5.1904552917401494E14
-1.4744589235881035E15
3.2514588243135356E14
-1.916337481120496E14
-4.8561880085246506E14
-1.565287743947695E15
1.0545618614187861E15
-9.615672769755778E13
6.4786693217242E14
4.7948111639164744E14
1.7078805822494084E14
-7.551760896598154E14
8.333337133028666E13
1.1813799420611854E13
-2.405744431202771E12
-2.866166561826491E14
6.5974935236643125E13
5.350671636284732E14
-4.7532986380092506E14
-2196325.296415906
-3.505683669083221E7
-1.981209299929215E14
-6.095014940911168E11
2.914343479017598E14
-1.0765606701635402E11
2.7034206978365903E12
-7.009633113832098E14
1.0361266046553637E10
2.3083267198107104E12
-1.5902975374985625E14
-2.7411056079778687E11
-1.4078202889154175E14
-3.2600812181636978E12
4.1177955101491394E14
1.396924852447927E12
2.3633428670271895E13
1.653388953840194E14
2.6387711220200537E11
2790253.246417132
1.900353318630202E13
2.552926693652791E13
6.026738906754863E12
8.580440488700305E13
9.030693306249304E14
-5.729374437325145E10
4.677118319366913E7
4.209122024160083E11
-4.0298637509888E7
-3.6938963732020786E12
-1.5669535524193242E13
-6.863609789391995E14
6.955678936114421E14
6.19459587296312E14
-7.010846071542417E13
3.658717733996726E14
-3.3662479458746652E13
3.527265608092E14
4.242131809770804E14
-7.504200781177795E14
5.0319575107400356E14
-6.555867101618955E14
1.5278474833262166E14
-2.966746440544146E14
2.914828111239999E14
-7.78063984060034E14
1.51280716373911E14
-1.1739101449357003E14
3.42843911830784E14
3.720724626547506E14
-7.414472302911856E13
1.3844381740443129E13
-4.7597288888882894E14
-5.26895676147046E14
-3.178148556324818E13
-7.225669726449629E14
2.4605704388370234E14
-1.3091914741262425E15
-4.2884010268816856E14
6.010523532299998E14
5.463432672108674E14
8.452336310483279E14
6.094699566987975E14
-8.828706181884469E14
-7.110671293302912E14
9.320667466038419E14
1.2101065866263053E14
-2.594258792988499E14
6.047466650904289E14
-1.726244916499497E14
4.743891030184316E14
-3.9050082376238164E13
-3.47712261893744E14
-8.705411584800086E14
-7.795358419977129E14
1.638448166119955E14
-8.346526934125991E14
1.292730440759641E15
1.4714438578768672E14
1.233721453535552E15
-8.105658654390785E14
-6.40992431909039E14
7.845339306290217E13
-1.8504813645188672E14
-1.1447008657342264E14
2.4863464248586832E13
-7.097353475667759E14
3.149528411251115E14
-2.9224962130207375E14
1.2566540337748211E14
4.673892911638182E14
-8.158715847702879E14
5.707020354570878E14
6.026150087478744E14
-4.673011017366972E14
9.96321057153942E14
-3.969747426877013E14
3.383997335440854E14
-1.1714605898838169E14
-4.7272218767226694E14
-2.1054390375957625E14
6.733107324754711E14
5.992778644274088E14
9.160457820086133E13
-5.357149116982768E14
-1.2248090421210334E14
1.2692217449064542E15
-4.463656347888304E14
-3.2146621038969725E14
-7.84149273087887E13
-1.4637540276216122E14
6.451431323950419E14
-3.1727748428291348E13
2.7056630569994716E14
1.133627891610263E15
5.1437835488070875E13
1.2106913764447665E15
7.962216018620608E14
-5.678367577955219E14
-5.3770965045581706E14
5.784820651705038E14
-8.198100993157097E13
3.3252831289997025E14
2.966349619138386E14
-4.3650574190647375E14
-1.7264911080643716E14
-7.086670632843689E14
3.089428222619948E14
-3.596259507492207E14
-1.5793027828479456E14
7.502802193865577E13
7.34466692921877E12
-1.37963501261315E15
4.2143941403422944E14
-2.2888606164534284E14
5.040447975238018E14
2.2848275625941422E14
5.042593274579144E13
-6.51516463197961E14
3.1517571009339825E14
2.962209600788848E14
-1.5900723668296475E14
3.515389993172676E14
-2.0676945279499628E14
9.016494742597406E14
2.869792252235471E14
4.775396434919704E14
2.1522932167830894E14
-1.746106332117932E14
-4.813530371156352E14
-2.4038381351521203E14
-4.777140443145512E14
3.657506131479892E14
5.020794039581927E13
-1.9451445233377056E14
9.005079497614646E14
8.852027123327045E13
-3.0033923621289875E14
-3.6570141825704836E13
4.429789577630491E14
-1.1730940981184003E14
-4.052068974919263E14
5.5820677998251194E14
3.1870466601092363E13
-6.961404532845468E14
-2.3838846456590553E14
-1.0743979430849011E14
-9.694676238356185E14
1.3458123400629972E14
-2.599569317944743E14
-3.026208721550887E14
-1.112261419595529E13
1.1066318229791306E14
5.559977988632075E12
-1.7022846640858115E15
-1.6940985778110075E14
-3.439552901788845E14
4.4099743039234406E14
-6.999015599897132E14
5.2828035664510075E14
6.600478054458352E14
-8.174379116457284E13
-6.425294290442032E14
-3.880893146893663E14
4.743579396000514E14
2.3439143993507747E14
-9.259290195165632E14
-3.6075128388603275E14
-1.5910773117312403E14
4.363459762047057E14
-5.171741895444969E14
-3.9022933740001144E14
2.586031847579434E14
5.5655123849998E14
3.7506712299120425E14
2.4507356192943395E13
-7.18966401372617E14
4.220611775249652E14
-7.274504419934588E14
7.043791231268358E14
8.697886575732406E14
-1.8545878815705028E14
3.7001997440792794E14
-5.235847379767761E14
-4.247736008842866E14
-5.1094344687164675E14
2.454855410514928E14
-9.353019877417908E13
-2.313195647842839E14
-2.679536314117407E13
-5.176083815245507E14
-2.3818329061250672E14
7.921103439288228E13
-6.418091071168312E13
-7.311093179679258E14
-1.6926639731217494E13
-2.8232242894442494E14
1.1776002815339365E15
-1.0962889828725011E14
-3.788067561850472E14
-4.663119602695132E13
5.0204331082358675E14
-2.7570589417756344E13
-9.623998516938266E13
-8.982123056320778E13
2.477830890757529E14
-5.275310165132545E14
6.199500674694474E14
-9.916066973252153E13
3.4528697923579742E13
-4.1835166097748475E14
-3.078710889102917E12
1.3254580149924175E14
-8.558284235174667E13
5.56394755851584E14
3.9443552528013925E14
-6.3355119723776164E13
-2.0855240748832647E14
-1.7342252347253094E14
-3.644387474881904E14
6.953893911346905E12
-4.5227291954563925E14
1.708392432721292E14
2.689505415803758E14
-3.1271189318768006E14
6.110521570695249E14
-2.0296251162551356E14
-3.490131609633377E14
1.4793308116340116E14
9.815914054026384E14
-1.2289616754056758E14
3.2634904371678E14
4.263364549446216E14
-1.7599581649957706E14
-1.4553718912952628E14
3.0899052705354494E14
-1.1252645671372966E14
7.084524077934216E13
-1.911979023304679E14
3.793424076218246E14
-4.541899410202316E14
-5.878387052263744E14
-6.574846148612936E14
-6.7146029237997234E13
-4.35190511625746E13
-1.5554011273350375E13
-1.0456020579126915E15
4.7682642321496756E14
7.342974302688298E14
-4.822131085031879E14
-1.1219006968052685E15
-2.4021295543861456E14
-9.284888343172721E14
5.405378842170965E14
-7.442385489291678E14
8.382498356593772E14
-1.1381568857159622E14
-1.2200763881376298E15
-4.330308906183612E13
4.1587119596983275E14
-6.531296541876029E14
-1.9521516226894106E14
-5.942141251229222E14
-5.694826651454499E14
4.031130850590972E14
6.631038934261901E14
-4.2851486841306325E14
3.504603044761352E14
-1.2304309912393534E14
1.9701568632443684E14
2.8555554539558644E14
-5.5607621419164144E14
2.6395825591402853E14
7.09285936737097E13
-5.246448339802606E14
2.594227724207843E14
4.838784013962566E14
-2.5219727323777722E14
3.4202962858852406E14
-5.743231095873718E14
-5.642423994902145E14
-2.663528905225967E14
-3.150017578091223E13
-3.315845070509286E14
9.447456539713842E12
-3.01192104379793E14
1.9556737116066794E14
-4.377407863279902E14
-9.581077868524617E13
-2.6188196463427956E14
-2.4592961839150894E14
1.794590613342827E14
4.36455340259946E14
1.3096886001353077E14
-9.746171966065029E14
-4.377702755852572E14
-3.7654824638114556E14
-2.0761657009210528E14
-1.7251457582399578E14
8.189628864075215E14
-4.048256731739341E14
-3.0380817441285906E14
7.328348041982562E14
1.3302018542244647E14
4.802391353035145E12
4.24124532829902E14
3.090345969856583E14
-4.469262779023203E13
-7.811694850384045E13
1.1252007767132964E15
7.554594700973331E13
5.039064615061839E14
-4.649140113234213E14
-1.9938127398047147E14
9.767515809474202E13
9.201620069462524E14
2.7992199001182828E14
4.569106422851526E14
-1.7572940390979972E14
-7.260474745027311E14
-9.534601499546759E14
1.1595850367357834E14
8.643551046242165E14
3.104608972517682E14
1.978352076940161E13
2.8902708850431175E14
1.175677284581669E13
-3.900827263503789E14
-1.4354823495242775E14
2.2367096903170472E14
-8.549288065965154E14
1.6279528591355947E14
-1.2387377564982628E14
4.722514146670689E14
-5.21240949074106E13
-2.1066541639320888E14
-7.342756318318412E14
8.010332952579626E14
6.486451796746408E14
-3.192467945108795E14
-5.2160548820802256E14
-4.9562673939054056E14
-9.569009965294218E14
-8.312425810878564E14
9.0461636212914E13
-6.391043914252648E14
-5.815243449015136E14
-8.061045938997872E14
5.4497304870891327E11
2.983640886110475E14
-1.2392155983695792E14
3.454442287759793E14
4.8800017235523156E14
-3.668924889346542E13
5.3485144604376336E13
-3.290038127782481E14
-9.802043434486672E14
-2.474143945674331E14
-3.505770938812281E14
1.560121745576379E14
1.2100370144874682E15
-2.6779598433792975E14
-4.5513549744591256E14
-1.0639478729743948E15
2.5055601448984153E14
3.71157767298922E14
-3.532777379587308E14
4.276042928996463E14
-1.8295922886408366E14
6.96763808040795E14
2.148755899942823E14
3.131263484210675E14
2.820078996214113E14
8.8907177900946E13
-2.7971730754433862E14
3.0172856712852694E14
-4.062881049567852E14
-2.3508487748427144E14
-4.383164076255203E13
3.4262634008196144E14
7.17812567673388E14
-2.945240937924256E14
2.5322201760581128E14
2.8327479221967194E14
4.1439495826257E14
3.5491113032588794E14
-5.5555955098066744E14
-4.626298232931663E14
-7.522955586132222E14
6.896686162631094E14
-3.587108530831569E14
1.1748011101455595E14
6.687351631006074E13
-3.026362936524861E14
6.605127619393891E14
1.8738545157092853E14
1.738514956950018E14
-2.597122598147211E14
-4.725352290227468E14
-8.106570693816722E13
1.6958579501913553E14
1.2660870856426784E14
6.350104629984545E13
-2205675.237115243
-2.254631964253415E14
3.7527434822442644E14
-1.9268881907727553E14
3.389437367201036E12
-2.093596920501688E13
4.0211350067577375E14
-6.207365439666046E14
-1.8248606882817715E13
-1.1475543263378535E13
-4.713048604960148E13
-2.7911516912291188E14
-2.2355098702859644E12
-1.6809741518504686E13
-2.1368894165574444E14
-4.5156689935622775E14
-1.415327698105292E13
-3.277616617849592E9
-1.7955313456738457E13
1.530105112962578E14
-8.814890296288492E12
1.0494195981299451E13
1.4867743163261309E13
5.379577363551802E13
-6.651054432093063E11
-6.50452408935072E11
2.066870807614221E13
-4.129629830506038E14
1.7912214510297932E12
-1.0247006373613169E15
-9.05423436606781E12
5.346752248744195E14
4.13273149108038E13
9.330159382397392E13
3.4542340771265863E13
8.134280414998811E14
1.4240699017309418E15
1.7115572271318294E14
-2.039760377730571E14
-2.270310729717571E14
4.760604112501796E13
-2.6126480068906025E14
-3.428341336060733E14
2.825682632372141E14
-5.709211464676183E12
-2.1576270086537867E13
1.8123032048577447E14
-9.015016138215212E13
3.841540046889883E14
-3.1260252156477E14
-1.9265638338385227E13
-4.500407993455201E14
-3.1353483539590344E14
-8.104049109359606E13
-2.594302261411116E13
-3.42004781748078E14
-4.4549318098913106E14
1.8657039163662973E13
5.991024087048065E14
-1.4300791825365037E13
-3.1310756584458556E14
-3.1538766403100525E14
1.253802406665504E14
-4.541354401780456E14
1.0295569969656256E15
4.517879831145036E13
-7.434445622052452E14
-2.7676994825063112E14
-3.4181688539723133E13
4.2926926360601025E14
2.378550356553663E14
-4.2144760056291744E14
-3.10246068613834E14
-3.4808396337886906E14
7.391814199069169E13
-6.011305903920935E14
4.445487561096112E13
5.4699533562906944E14
8.874878907077566E13
1.866064446802703E14
3.5092248916107525E14
-2.99712401214957E14
5.421218167568474E14
-2.453568598678484E14
1.7412701694071972E14
-2.3353859150293572E14
-1.433201283409991E14
-2.498495961216099E14
2.5222424324274488E14
-9.052394350198686E14
1.6326360829695482E13
-7.207797718990127E13
3.150352505783727E14
-3.809706227787296E14
-1.4885337644431456E14
-2.4920779264026166E14
-5.1450891807805766E13
-1.983563750601082E14
-9.165336446160568E14
-1.5190331496270772E14
-4.6729607692211725E14
-8.738376585669834E14
-4.2785441671385256E14
1.517006165401045E14
5.4561972364832875E13
-2.6331710299585562E14
4.418635738163943E14
-6.310242551314719E13
1.488717052864684E14
-4.937728570970356E14
6.734572301342394E14
-2.790051348575629E14
-3.1379581200347926E13
9.4460389774216E14
1.850969789993534E14
4.946441265122758E14
6.215042078101338E14
-4386933.698878475
