2.8752228812668335E15
-5.968277320690875E15
2.6221795157103725E15
-2.7595218484592085E15
-5.927238338038733E15
-1.8933379768626552E15
5.214913510762672E15
-1.3127280848433672E15
1.9632945712904215E15
-2.3292188841471955E15
-3.291126410121461E14
6.224607552017288E14
9.106183206153179E14
-8.987010115914922E14
2.646534379951139E15
2.5160180156286175E15
-3.324452251344391E14
2.1611169742078748E15
2.9760397690228485E15
-2.220732286613759E15
-1.3443711821512872E15
-7.663240480827221E14
2.6840131138343205E15
8.550726267073608E14
2.491364544707821E15
4.38564457238108E15
1.4568451570355728E14
1.4488388881073768E15
1.5832187650654505E15
-2.385421141553869E15
2.3095751599198955E15
-2.0368480880479058E15
-3.9224763623123E14
-7.023405573889341E13
-1.5744322904722348E15
8.862237901198618E14
9.08928408610353E14
-3.0802504254654785E15
2.355900813112307E15
7.686231476403768E14
3.8738535181169455E15
1.1629299969755E15
9.61036375712882E14
-1.0569677684964394E15
2.4443110388598047E14
5.49705315334117E13
-1.4251003969714392E15
-2.1925972162697318E15
1.5150501655104652E15
7.325827688364591E14
5.841137739027402E13
-1.1262119560560575E15
4.0221813979610656E14
-1.8489871428855452E15
6.866927224731961E14
6.132670475206144E14
-1.5936339642724105E15
-2.4375435340668235E15
4.871511531863625E14
-2.1037799960333902E15
-1.5020618313514152E15
-3.9250997975307256E14
2.3693040183307145E15
3.178776230322174E15
3.30818338027433E15
3.61828984747014E14
-5.3584940808567606E14
-1.88848386877034E15
-1.1134514627720222E15
-7.638047550194025E14
-2.140152207354902E14
-4.318529520097432E14
-1.0759548266619001E15
1.6194402020261284E14
-7.241470431171954E14
-1.897704667329222E14
-1.0443107935183295E15
7.136467762747084E14
-5.849777931747055E14
-7.356279711922892E14
-2.532953790357227E14
3.0913658655855994E14
5.1010884624912144E14
-1.4433125208604692E15
-1.6177415332357953E14
1.0427056412004988E14
2.2957599795523594E14
1.2298381808589342E15
8.09423137784652E14
1.2399760437413122E15
-5.972246417225586E14
-1.598135981776217E15
1.782542028066694E13
5.520536227797436E14
-1.4391372338905892E15
-4.9746207698665194E14
1.2291493284311355E15
1.3325320948828725E15
7.672132329698154E14
5.680225990672438E14
3.27334417947293E14
-1.1709466138961462E15
1.4006494303877032E15
-1.8423343185458338E15
7.091243015449844E14
-1.1373846953170055E15
-8.868260467782145E14
-5.562223164927823E14
-2.1011382186762742E15
-2.73829937800828E13
4.4429172067018706E14
2.055644870686681E14
5.435351054652913E14
8.569939370486621E14
3.495230098021087E14
-9.799870944481909E14
1.910280046867633E15
-1.557339141648837E14
1.0791758994530102E14
1.3467648828176775E15
8.353745096762854E14
4.873054678644053E14
1.3019723522595778E15
8.63815969938077E14
9.767662971374686E14
-1.7035895536875065E15
1.7906986142280306E14
6.1995126212701984E13
-1.6304832411737772E15
-2.1070982432678306E14
1.567124368874526E13
6.980160960806542E13
2.749083402054572E14
3.9404236276364356E14
-6.937217860057212E14
1.416821652176228E15
7.601463259955782E14
-1.736753659848317E14
-1.4003589531875878E15
-4.262764475031033E14
6.993819426005366E14
7.507740023996084E14
4.727749369469086E14
-4.0883319224720944E14
3.902387592810083E14
-8.096058505423176E14
8.352600756449326E14
-3.9114483163733056E14
3.4064644717364856E14
1.4141148608266038E14
7.009523035396274E14
-3.616922491684505E14
2.7332026976615762E14
-8.785467752834459E14
-8.932948412416732E14
1.9781332315289762E14
-1.7292043151474628E14
1.213577481921863E15
-6.3161115117635E12
-9.168404053592405E13
1.2727973228181478E15
8.59861700377901E14
-1.452597986199403E15
-1.1063889030174472E15
7.537348457155656E14
-2.073597906158454E14
9.757920576533952E14
-2.6350775176130945E13
-7.586129849582382E14
-3.215147368704813E14
9.13704349733564E14
6.758032391245241E14
1.6746574092727658E15
1.3736793806357652E15
-3.917401956791371E14
-4.1780042435185055E13
-2.5171107665844888E14
1.7166267711993065E15
-1.1778648250088668E15
-2.7920979681697144E14
1.7953227058581388E15
1.0321239953888469E14
6.86340387006745E14
-1.0060044688382514E15
7.498123286357008E14
-1.6671440129577247E14
2.2291787425922475E15
-4.020814613913174E14
-5.128418510637883E14
1.735086963252035E14
-2.2095601040623947E14
-9.762212622615114E14
3.586155280947305E13
8.58264362829202E14
-7.632495022081228E14
2.1150007028425447E14
-4.782105778362972E14
-7.237815868641796E12
9.58700993413161E13
1.3888717424647818E15
1.2338053840734818E15
5.570718120248209E13
-1.1840820870201098E15
-4.6618859544156825E14
1.0094371161662048E15
-1.1047444939295306E15
3.585510561735713E14
5.565487934308068E14
1.311429805441382E14
4.568561105729981E14
1.781390928900947E14
-7.61694451302129E13
4.8051181406744555E13
5.885443886267744E14
3.077587152049921E13
6.237776296911831E14
3.5564579854301175E14
-5.88349382951837E14
-7.03527747928748E14
9.667247927516198E13
-9.524415203215605E14
4.4541509671525175E14
2.7767982196191914E13
7.337858809152884E14
4.687928943867324E13
-1.7158491795001247E14
-1.3167853163614488E15
-4.679958243600151E14
1.850186520551583E15
-1.4306058129414438E14
3.872139102924971E13
8.972044216273634E14
4.328502785237368E14
-1.2361924190957127E14
8.30339773608794E14
-8.219174043036728E14
-8.527837834069606E14
6.927300121238221E14
-1.052758027794939E15
-1.1110367229003329E15
-8.546422709708301E14
-5.904418861243414E14
3.6569839900438106E14
1.186090998908477E15
-5.493417316434341E14
-3.105022399154347E14
1.1317010084851518E15
-5.644171750474951E14
2.1774270393564503E14
3.7292675872994883E12
3.3309568340696675E14
-3.118222735106893E14
3.6828857598369406E14
5.602866575537168E14
-1.150375876297178E13
8.409534312626E14
2.9703885630830075E14
-9.560566713233705E14
-2.440599782947233E14
1.243082053295752E15
-9.545731420485622E13
9.466275582029862E14
1.5133596949192934E14
6.291481536611779E14
-3.382049431834077E14
-7.648427832251015E14
1.6204459187195984E14
-7.478537711467574E14
-3.619996175161227E14
-3.684601757847445E14
-2.05923003424116E14
-6.42711256164699E14
4.575349700799452E14
-1.1557426967440575E15
-1.2172519953293156E14
6.731216848737564E14
-2.0992712506181134E14
1.947108203483532E14
-5.655422965388629E14
1.3060627423403902E15
-1.0667922153799212E14
-1.2847491711943232E15
-8.778562592040296E12
6.33081089550969E14
-3.325137077520042E13
-2.071760982182162E14
8.452775125048836E14
-5.8845773906160875E13
5.407536574785173E13
-5.200897299614371E14
1.1621246511105322E15
-8.383525178195175E14
1.3501994538169398E14
5.7586177507931914E13
-6.555123422516489E14
1.8461327502463153E14
-2.0778284396752953E14
-2.5869190546216916E14
5.583855836564866E14
6.28088432692677E14
-3.0465080748576836E13
2.6580937014309588E14
-1.1070628930096629E15
-4.935018395436544E14
-3.7184243410689775E14
3.1701283126952425E14
4.919687111077299E14
7.452273572723605E14
9.383739665190373E13
-1.0527057529423748E15
4.535852414890281E14
8.0958409645713E14
1.0487055471698608E15
-5.0781810959322425E14
-3.707712205605747E14
2.5610598072161297E14
-1.77858134573715E14
8.09381463015705E14
5.3180547363097894E14
-1.2221265756290805E15
7.455514028686161E13
-7.700226443947919E13
1.1228907409441573E14
3.264268922716528E14
7.271059084402975E14
-7.706055166303636E14
6.072953588397098E14
-6.955024359187136E14
7.294273897923811E13
-8.596639214906026E14
2.9778704440835965E13
4.425212896234394E12
-1.764356338012921E14
-2.9736584971364536E12
2.0304765686834395E12
2.357773257559901E13
2.8664480938997075E14
3.833720144928867E13
-1.1980098962412288E15
2.1925132850517334E14
-1.548609832351819E14
-2.2077535927736253E14
-3.805871867624625E14
-1.079519319027422E15
7.325455918525498E14
2.0456971267907475E14
-5.801743988202696E12
-1.7022538009484668E15
4.619630977508475E14
2.4139934315561762E14
2.3886234789546862E14
8.316319895200162E14
-1.0492182880247245E15
-1.8579713323666552E15
7.211591874351515E14
-1.1135473638140381E15
4.3840166579851494E14
1.553639559068724E15
1.3006627641390215E15
-3.0116301029404375E13
-8.076182486423962E14
2.1303133855563828E14
6.468271056859805E14
-5.514177836333826E14
3.969183739233711E13
3.555618804975011E14
1.0836196106140363E13
-1.933036455203207E15
1.3501556498870747E14
6.475263723976626E14
3.6232346794062506E14
6.307729459200878E14
3.623664302431614E14
-1.0534440838880039E14
-6.905212273682382E14
4.969955289296464E13
-9.339536144076821E14
2.2873391587763347E14
-1.2294566500164466E14
3.0478091014649094E14
-3.8304145254459306E14
-2.1820337710377425E14
-2.6922233002892044E14
1.55554769238737E14
2.9498155034208594E13
-3.882548279247648E14
7.985590192128724E14
-1.0048978207258023E14
-3.726382146409356E14
-4.920070581913147E13
-3.914342696283597E14
-1.7336347986199706E14
5.729403497456314E14
6.708123334348808E14
7.342811380929878E14
1.6629812843109308E15
-1.473389454591077E14
3.0001838802743775E14
-3.391830020178695E14
-1.0081866942576419E14
-5.671599811532695E14
1.5423381828702378E14
-1.311771302634906E15
3.162576132838918E12
-3.1894988854329144E14
-3.521353140637801E14
-1.7741585936407058E15
8.385315409864784E14
-9.384623232018833E13
5.303149966399674E14
4.886103669690391E14
8.19099605955302E14
-1.1236319379722355E15
3.021359857869259E14
1.0074517771872975E13
-6.684194547717205E13
-2.0193932280588003E14
1.4193767191501025E14
7.364536784919609E14
-4.1589265114115844E14
-1848137.137941915
-6.103188146572878E7
3.2081705108325945E13
-2.787213812398279E11
5.881486545519266E13
-5.875377787075653E10
-3.975253370076354E11
-7.476194288939362E14
-1.417817423995869E11
2.374724209244382E12
-3.140509854271904E14
-3.431630533369763E11
-2.5295522507965303E14
-4.3968863454202236E12
3.314452301912567E14
1.6902782156893337E12
-3.3118742543461168E13
1.354272547723999E14
3.247915489506335E11
1063315.3584290757
3.5476625579458984E13
1.9156677004037883E13
6.17553780502829E12
7.355258270250438E13
1.2500303984971908E15
5.6006905077028336E10
4.385430452036392E7
7.77602051418512E10
-3.4312834003223084E7
-5.10504583304992E12
-4.73767735780171E13
-7.369452247983484E14
9.875574194266716E14
1.8597474175819372E14
3.7101180140871056E14
4.3780272145100825E14
-2.3743072937158697E14
-2.9323102587008575E14
6.854954231477894E14
-4.4838797420430825E14
5.818262838330699E14
-9.446268427618244E14
3.723747586197573E14
-7.659848909061595E14
2.30399904784635E14
-6.295401557457455E14
-4.900909204315955E14
7.596746929616116E13
6.976540059908206E13
2.8320055751222894E14
9.582990228064989E13
1.5143745664450038E14
-5.463636056779128E14
-6.058053199412152E14
-7.03788943413389E14
-7.639149101205984E14
4.686481745878874E14
-1.404767047120951E15
-6.587068301405439E13
7.697190824821061E13
5.348596354533779E14
6.64153504547576E14
9.664161904964734E14
-6.729297947394238E14
-2.5799643785026162E14
3.0156369804279275E14
4.4874457642767656E14
-2.346962757253996E14
8.072753478600452E14
1.704904920463395E14
4.312161494541243E14
-1.1488965571486045E14
-4.305248547882338E14
-1.651601187990934E15
-7.775192666761948E14
-9.158305493216842E13
-4.3647994249374444E14
7.339510933558475E14
2.88894997608868E14
1.0288321443682086E15
-1.3325619594166338E15
-1.57187026691435E14
2.019394894118684E14
-2.436893692482187E14
4.098407120812753E14
2.211283837525705E13
-4.053511628843494E14
4.086832808126475E14
-5.963845378050755E14
-1.1561238830673389E14
6.079947481724771E14
-5.3587967253903544E14
6.162737182573635E14
8.529713767632736E14
-3.874968010846542E14
6.628261115327706E14
-9.344677145536302E14
3.680646407520865E14
-1.3787417706915261E14
-3.188314075850662E14
-4.636684412745722E14
2.655394715601839E14
9.064200267816838E13
3.894611490295378E14
-1.0992453829014136E14
2.3267038611055788E14
9.149983415483248E14
3.3632034246191344E13
-7.094530110365661E14
4.8147714604987175E14
8.830515397862881E13
-5.436791906458639E13
-1.857951479720308E13
-6.716648772160219E13
4.729170020139329E14
6.101955685761568E14
1.096083810374815E15
9.033183365622692E14
-9.726502972967652E14
-4.879046301665572E14
9.639407146434158E14
1.534105184802526E13
4.4253722784939494E14
3.716799119694344E14
1.2283260106109588E14
-2.1880741970559925E14
-6.558589542451426E14
5.849357286165284E14
9.714345438146466E13
-2.636542344720395E13
-1.9383216419431803E14
-6.016063212774503E13
-7.406356598226005E14
4.272041102054423E14
-9.048303403577944E13
-2.070424537613401E13
5.943709823357318E14
1.775735047709436E14
-6.78063766731279E14
-2.910948831685343E14
3.5857846549407825E14
3.499708248958073E14
3.217750912299922E14
-4.006719254087574E14
3.526514969174266E14
1.3868151670731114E14
1.654431451894734E14
-4.950951689748284E14
3.375301759379688E14
-4.0754416463434606E14
-5.324252066867682E14
-6.554275755798568E14
3.8014022600612706E14
-4.930197790940972E14
-2.6674730366471383E13
6.801930611868539E14
4.516310581748329E14
-3.0009222145118375E14
-2.996949378152372E14
-7.631859737354978E13
-2.9343088055703544E14
6.823816074625578E14
5.786713493287184E14
3.124499594639643E14
-1.174613201832042E15
-6.893361785229658E14
-2.9009717232397544E14
-1.3118310086827035E15
3.259690847187961E14
2.917440457045313E14
-5.115334400601352E14
-3.7552724510048544E14
2.0156249590667256E14
-2.6805170543202212E14
-1.6514502206797268E15
-7.673289763929559E14
-6.305673756825832E14
-2.3221437985149875E13
-1.9753746887289116E14
9.126086265611774E14
6.574126366411606E14
-5.4904278454060825E14
-5.811265973889642E14
-5.475129864665251E14
-2.2162615570860122E14
2.9278157519587456E14
-3.2415571969485575E14
2.5318016537066525E14
-1.376655558126919E14
5.76055722253417E14
-4.998765057492676E14
-1.4127369511972E14
-1.4675657016087303E14
-1.6027423754804754E13
1.423376282046623E14
2.7710150169662788E14
-7.883598199771015E14
3.4771967171340556E14
-5.524941251846297E14
1.1528750198000328E15
2.5333534825573912E14
-6.249214195445234E14
4.8444183830333644E14
-9.850382755798356E14
2.592606664856338E14
-5.193670978439811E13
1.905685125887759E14
9.91052245861387E13
-4.536478909261742E14
1.115495702762012E14
-7.531388489280151E14
4.0082526923464625E14
7.405178070857377E13
3.326940748037435E14
-5.304141531407634E13
3.917789628223755E13
1.0159581826238922E14
1.6299669255993462E15
-2.2286928154014788E14
2.0605211593622773E13
1.596121371971154E14
1.9917265011330356E14
-3.4825037620158925E14
-2.2789343850267678E14
-5.6045605263767336E13
-2.60238918256686E14
-6.941215700903042E14
6.377183453855478E14
-6.475124464325778E14
1.5864031140797584E14
-2.3229286662895353E14
2.365139006094185E13
4.530172393273612E12
-7.258740630868E12
5.30888902572521E14
2.6995214294582216E14
5.094195921544335E14
-3.3929399650716363E13
-1.8548118190669856E14
-4.674631114958303E14
-3.723270647836943E13
5.178097805170506E13
-2.276538350120741E13
1.449462790427562E14
-2.916394724260568E14
5.6200759433201506E14
-2.8342847048231906E14
-3.9786167489979594E14
1.668520233337917E14
7.204472827926136E14
-5.207775283279155E14
-1.6338470204137444E14
-1.8507781682913338E14
-4.041629808967141E13
-8.37362898850929E13
2.0319132925773984E14
5.968497918473842E14
7.230921519263536E14
-4.4960519245583406E14
7.736017929044878E13
-7.329794056872495E14
-5.783035011050122E14
-7.259080165866049E14
2.5044145508124203E14
-1.382499337213111E14
-1.961257904331508E14
-9.429456343255179E14
8.84173685304268E13
1.139170848704114E15
-3.34529637370482E14
-1.295868606017351E15
-1.9335357030333162E14
-3.138698887259386E14
1.2374327902382875E15
-4.195670360801076E14
6.656873890015805E14
1.2961511291584788E14
-1.28729177714938E15
-2.936605419019189E14
-5.539293890687628E12
-2.1697311866706144E14
-3.032610127452622E14
-6.506947203588745E14
-1.2772829743515548E14
-4.5188604860196694E14
1.7060714792955153E14
-6.456264296121781E13
-2.913162513964215E14
-3.3083872884149125E14
3.8729314800335144E14
1.8131924585229728E14
-9.941582699229679E14
2.2757415493938025E14
-4.011485784514443E12
-3.557976771246565E14
-2.8015726329839355E13
2.0597176923824228E14
1.059678013846711E14
2.5463863641775516E14
-9.856860922724544E14
-7.576569472344976E14
-4.435016503137771E14
-4.669883661922736E13
-1.7435152602414528E14
-1.942840677134496E14
1.4249842995764312E14
3.968079443850881E14
-2.2772614905643472E14
1.6049063804624372E14
-1.9789989431515778E14
2.974722545829835E14
3.260151373730857E14
7.697672321350325E13
3.0333135956998457E12
-9.574617784595459E14
-4.84024549924468E14
-4.219688863462087E14
-2.0686742097352258E13
-4.818524857276925E14
8.012155414220715E14
-3.999846792493433E14
-8.145132341513204E14
6.958085694588066E14
2.416582974980288E14
-1.018034310782625E14
4.513098288884926E14
-2.9045028131198906E14
3.989988932028117E13
-6.581379936763516E13
1.2751701565260435E15
5.607527503410461E14
6.167093053654586E14
-5.788450188012996E14
1.1655573781451717E14
-1.521713148862874E14
5.853423895349076E14
1.5002396000210872E14
3.387410209693285E14
-4.5679000047246664E13
-6.340807739846921E14
-1.0541471112754015E15
-3.696309244472245E12
1.186695019203652E15
-2.4535169306958806E14
3.4903337974695883E13
8.271718098488873E13
-3.458527831918234E14
-3.1334750626608306E14
9.38002441002073E12
3.411877656087827E14
8.452776746395478E13
5.136984040411484E14
-3.4977118968724994E14
3.0928113397285644E14
6.569423924797637E13
2.7507505385257503E14
-6.845297888950906E14
5.033798661733248E14
3.930684692788585E14
-2.8774037105134775E14
-1.029499199114411E15
-3.117749425681091E14
-1.192765319733784E15
-3.760024593691452E14
1.6730202632187016E14
-5.796422238514302E14
-7.767750395797676E14
-9.042214452419592E14
9.482278545320462E13
-1.8921973565635586E13
-6.520822382344494E14
6.309358544654039E14
7.238632931506789E14
3.828821685284011E13
-5.655976238998564E14
-4.039046172819422E14
-8.05083996999022E14
-3.417200120600342E14
-3.524375766537973E14
-5.2604754529929094E14
1.0466601111448668E15
-6.603203790836853E13
-4.781211566622366E14
-8.644765374948021E14
1.556524937478442E14
-2.8167814774114484E13
-5.001041415427364E14
1.7280075216990404E13
-1.7518690412185856E14
9.653768714149241E14
5.95983560111923E14
1.9998632284560522E14
9.088841134121779E14
4.435394108055858E13
-1.0028677886482269E15
4.191311082840857E14
-3.566966581907056E14
-7.285587730754539E13
-3.239386992499415E13
5.979423775926258E14
4.04412742511492E14
1.3204252720079838E14
-2.1034671631969656E14
5.0672165295382506E14
5.9934654297573234E13
7.418510637789882E14
-1.4393891324769478E15
1.6250432135665066E14
-4.719470907529748E14
6.662751993180994E14
-4.012059988858009E14
-8.496444824685631E13
6.0164395231175195E13
-2.925148696441429E14
5.1321675585979675E14
-4.0804110117144344E14
1.4541805948503556E14
-4.235008209135213E14
-4.12746122387374E14
4.769880721590714E13
1.7834037829921694E14
3.682867533561314E14
3.0127860579389992E13
-1866633.7781879825
-1.7088129977784856E14
4.3601575094819806E14
1.523738209075911E14
1.0690016636153482E13
-3.7540144343691195E13
2.4429716583082897E14
-2.333972328982902E14
3.728478273165111E13
-4.625193961227116E12
1.6454876189769266E14
-4.750930367045707E14
-1.5749898254112832E12
-1.5172632561136488E13
-1.082192156545163E14
-1.4833409494425395E13
-2.7668627875568978E14
-4.99017779312063E9
-7.543109089774296E12
4.8567299758309694E14
-2.50088479050895E12
3.531839910682652E12
-5.50084146213671E13
-2.3563463360787138E14
-2.97053907413079E11
-9.749656626759298E11
-1.3673085675281014E14
-4.955452276465252E13
-1.8486464330804578E14
-1.1559481690974525E15
5.43529862685125E12
5.825795798963699E14
-4.842000232078437E14
9.744257570858829E14
6.635617823507775E13
4.881638344559068E14
8.534113656728282E14
2.177691791899112E14
-1.7390952494664116E14
-7.298191891875695E13
1.838815776962691E13
-4.86237663183031E14
-1.7878284028362756E14
3.192101733034488E14
2.5353168770296662E14
3.254819053374388E14
5.540445426529253E13
-2.7477783152745847E14
6.416497784510558E14
-3.702509195344196E14
1.047577504668431E14
-2.0121390349151528E14
-2.1393943774101794E14
-2.4491199073906972E14
-1.8611522001971562E14
2.613526270802639E14
-3.824639136249777E14
1.639361747326073E14
-5.2199694230754606E14
-4.84997698779537E14
4.9122227655526206E14
2.587664065161654E14
2.340614861246073E14
3.932065870985805E14
-1.2676839694611558E15
-4.715619288589091E14
3.827760468795892E14
4.033905784901622E14
2.72141274983818E13
4.9661068014228E13
-4.554279436694498E14
3.4824824665885525E14
6.114520759346304E14
1.4028307474311511E14
1.5704171635349044E14
6.925935445704271E14
4.536382092959809E14
-5.321329155857462E14
-4.10239954983758E14
-1.7113820338247038E14
-2.7429974198720144E14
2.2472849935813662E14
-5.028379221698777E14
3.654666180240626E14
-1.0009355844105784E14
-1.397169551080538E12
3.748773739651866E14
-2.312788355075281E14
4.9650984136000606E14
-9.377179448880774E14
2.391967630951776E13
-6.149531968038521E13
4.460779806995789E14
-4.7641967722057025E14
6.775263023669749E14
4.2520902367535225E14
1.7452203924767725E14
9.664484549860568E14
-1.7480990260252585E15
-3.7851487544140544E14
2.907655562310771E14
-9.45592362222474E14
4.213876130900465E14
-2.850236548336809E14
-3.146068056877754E14
-3.7584326433603394E14
1.0438593492026861E14
-3.219993115739965E14
-4.471326215310951E14
-7.126852940914215E14
6.475225914360801E14
1.8742427290775697E14
-2.7331793749478962E14
7.213009271912228E14
3.527692433194568E13
-2.1486849397655884E14
9.45956561481324E14
-3703232.616144946
