-1.460272841224776E15
-7.661292561460309E14
1.770925385845922E14
-3.797799561577323E15
1.2736731267395795E15
7.339469242920748E13
1.3095045285019492E15
-1.6489971884338815E15
-1.8609607808414705E15
-6.7181456359488625E13
9.140716029658981E14
1.5805736770056862E14
2.4040249775004684E14
-1.6389801730051805E15
-7.744744825826948E14
1.2889524542994655E15
1.0065029890660105E15
-5.045678453675197E14
2.2765170330251965E15
-7.76701230135343E13
-1.075309809431899E14
1.6927660363874812E15
9.595673145262731E14
1.475540464199998E15
-2.7283174022638506E14
1.7737423671360748E15
1.857775832102403E15
-2.2054679155876975E14
-2.3987292957510844E14
-8.21829720091543E14
2.5687841533422885E15
-2.1024487371876082E13
-5.356253466465499E14
8.712046955861301E14
4.118300642732035E14
6.46286085679929E14
1.4210983636099388E15
4.470107965215867E13
-1.709495548148102E14
5.4379980024065456E14
6.917886472132342E14
1.793148080390381E14
-3.629044614799182E14
-5.6244326634468894E14
-1.12618964423407E14
4.7104212904165956E14
-3.2291183199683625E14
1.6172635673926035E15
-1.285655180400411E15
5.523665094778326E14
2.7225572806954975E14
-5.2259171471748025E14
1.0617204020136068E15
-1.6804622408986525E15
-2.2171448569108025E14
3.324068329297329E14
-1.1598819054097625E15
-1.7265221863265762E15
-3.9346502412039044E14
3.487270220873964E14
-6.552548290077954E14
2.2396967495414406E14
5.281055674417804E13
-8.290846429622815E14
-1.5009766591255506E14
6.433653425186955E14
5.7577845458997625E13
1.2070176008152639E14
4.360499337522365E14
-4.6047812979303244E14
-8.231803152637299E14
-6.272743741774892E14
-4.4502010762568556E14
1.1756599218901622E15
-1.2795901527460236E14
-2.5287565022130538E14
-3.357392772943701E14
3.684546958187219E14
-2.0227377516534675E14
-1.0738429693396092E15
2.2871973837236306E14
-3.714715610615758E14
1.4732313108288412E14
-4.660223207419006E13
1.194382466325833E14
-3.0985747143549244E14
1.135136404548026E15
5.702674196303029E14
3.47453072205235E14
-1.5130917255038469E13
-3.1980550091346668E13
9.380044981351161E13
-5.51748657085088E14
-9.68201117589845E13
-4.006018462320887E14
-7.903674068302692E14
8.303178142094219E13
5.1038265685723294E14
2.8728647442141844E14
-1.153066830246991E14
2.4635978607684438E14
-3.6280487516481325E14
6.334894872954174E14
5.0617418656233E14
2.4883346893527034E14
-2.7843433759840775E14
-2.888283607768689E13
-4.7372649818479275E14
2.260223210730563E14
-3.652590062208573E14
-9.486990893948003E13
2.0545063547467094E14
5.748749437339924E14
-2.3858590235898403E14
3.2432170915052098E13
-9.989713523293952E14
1.889785749775432E14
-1.481411883615758E14
-1.3869313281240392E15
7.825047208415801E14
-2.2306364785843172E14
6.433017789008679E14
-6.456376884039104E14
3.444575748151367E14
5.16330270663919E14
-1.351648092484751E15
-5.2464601707637175E14
-4.074492594351018E13
-1.6568200136888608E15
4.414617517119013E14
1.029722926622681E15
-2.6398513695426906E13
8.923316200167064E14
-6.629719424936569E14
5.790532423377036E14
-1.9943317252052303E14
1.628616536209083E14
5.35165560399059E14
-1.9085607417366075E14
-2.2596892082840153E14
-1.0418352377136605E13
8.724577593793764E14
-6.327147060314747E13
-6.99157911930162E14
3.9172089439136375E14
-9.842161567388322E13
1.3897930731276808E15
-2.9526035995077075E14
-2.854180874564639E14
4.006766566357064E14
9.423359509509404E14
2.733639983764614E14
2.9833807513365094E14
7.637340517123023E13
-1.3549939153840127E14
4.411754769868E14
1.0266297798578245E14
1.2674724013314898E15
6.89268631744791E14
-3.418045391276712E14
1.0563772808347969E14
9.937523846777158E13
-6.369063238689868E14
1.725533707583472E13
7.375955950222775E13
-2.3343419488233022E14
9.506653365207831E14
-6.077685498046988E14
5.896492920802025E14
-5.751001397974015E14
6.319768443756416E13
-5.605832047587689E14
4.647118625769286E14
4.6015192875552356E14
2.470707103641936E14
-6.581710115199317E13
-1.524000237348151E14
-1.9023783826381803E14
-1.1211426660807451E15
1.7083949891020572E13
5.629151120669446E14
-2.722244758499851E14
1.6007245036575194E14
-1.0674654311351077E14
4.795487723980101E14
4.7932005352103016E13
1.3537343702244355E15
-2.852216411613344E14
2.799779120429342E14
4.384502834133089E14
-8.961467479473801E14
-3.3119650281200406E14
3.124777844218459E13
4.779621984041774E14
2.224573512490927E14
-4.159484941677064E14
2.912609589769543E14
-1.43468118506273E13
2.0349031166608418E13
-2.6514522413748778E14
1.4067006153722043E13
1.0405423707260368E15
-3.3800542410747294E14
-1.3924023900044389E14
-5.880193616428835E14
-2.6422883290307206E14
8.42274735683989E14
1.8159316542869412E14
2.384444285376096E14
-3.166072626176756E14
-1.5737686494792138E14
-5.88775073841231E14
-3.9427136550471306E14
5.471140283595303E14
4.4628915767581656E14
-3.217083948380206E13
-2.4240139937268227E13
-3.0610094505274175E14
-1.8404072279771172E14
-5.020749238710763E14
-2.222514340430147E14
1.5300083254680088E14
1.841647769745859E14
-6.959751962480983E13
-1.2579104183355969E14
-7.072685747331732E14
1.875099009864996E14
-1.301580902607954E15
8.426755117592996E14
-3.5185938398760275E14
2.0997248071909816E14
4.1187781224082344E14
4.6020297387770944E14
-6.2815224085470086E13
5.4201489640541744E14
-4.021526239975021E14
1.788708529810595E14
2.712894952148284E14
1.4192199410298278E14
-2.923341259730795E14
1.3543803613989534E14
-7.18970094028759E14
1.0356232680969415E12
4.213630609352271E13
8.156420853599845E13
2.609865223983247E13
-2.9529764208994525E14
3.3400770664884445E13
8.061330615539232E14
-4.436801867199649E14
2.253405357719615E14
4.203833271512271E13
-1.4606169115965953E14
1.615068960931042E14
-6.109707651738382E14
9.910583942726668E14
-8.477101236271877E13
-6.076508520483652E14
7.01836657874547E13
-3.809499153369575E14
4.203911354883685E14
4.522013590595566E14
6.331144838343828E14
5.884326206231865E14
-2.3629099414677207E13
-4.8790340477656444E14
-9.20889023814371E14
-4.707437446181057E14
5.876271227254358E14
7.17540096875785E14
-4.095147407914684E14
-2.976387026502209E14
1.2656422485998697E14
-8.602045069953481E14
-1.9512324435336825E14
4.150507043285212E14
-1.0959590088207539E15
-2.4762269499046556E14
2.8807231142063856E14
6.339828312237054E13
5.763984151808125E14
1.1577880142683758E14
3.1387126743082668E13
1.3869377221566203E14
-4.769398722027766E14
-2.6127393580103634E14
-7.204542696574598E13
-1.7945604471932008E13
3.156270642390178E13
-6.395001673210012E14
3.7429765984036806E14
-8.172181592878014E13
4.522983915106146E13
-4.2497633470163325E14
1.3367871534565464E14
-4.139297980839054E14
-2.698705636723301E14
-2.0683530188614022E14
4.336673932967667E14
1.8487946563783972E14
-5.942473873206758E14
-6.258008728957685E12
-2.710671442099272E14
7.830472911488161E14
4.379055908017907E14
1.826155135194414E14
7.555534733450127E13
2.934687823675679E13
-1.7594505155827072E14
-4.6021071088534056E14
2.4473380419589684E14
3.113104054769374E14
3.28345376806352E14
-6.624079355746576E14
-1.760611829734349E14
4.592220527031452E14
1.6763962741843044E14
2.214487379635733E14
-3.3363697842137566E13
-3.8856745605021475E14
6.167398807732359E13
-2.1402456243684944E14
2.164477398240518E14
-1.875576481391151E14
-1.0219094238399878E14
1.3385598018760425E14
-6.609289840904328E13
5.867879846995785E13
2.4198739164433586E13
-2.7899215752578844E14
-3.5987227426935317E12
3.727189478600338E12
3.4868255294217246E13
1.297987992967387E12
-3.251477999809676E11
9.92898880847755E12
7.394599323561921E14
-1.6675898565185088E12
2.5046953612887662E14
1.592024828976762E12
-2.571684900629095E14
2.489093623028171E14
2.093678064470968E14
-7.759460606027866E13
-1.512582262431798E14
3.87683976364096E14
-2.9634777235709736E12
3.106810509039577E14
3.923556694186104E14
4.940252449026654E13
8.958881310771529E14
-2.5611904692257866E14
-3.9890230938637856E14
-5.828699552716294E14
-3.3953446038433144E14
2.794548243875787E13
2.514837015845358E14
-4.0166234286548094E14
-3.1629457892977656E14
1.2742115387779025E13
4.05144981075247E14
3.265805225524459E14
3.707455198434251E13
-6.365989480146728E14
2.882962903760814E14
1.5981321243404688E14
-2.1220313439442578E14
-3.545969387561096E14
3.098377295017647E14
1.665154452689519E14
3.792522712867333E14
-3.1941293490983725E14
-2.763252087714754E14
4.8451234626603844E14
-2.2815849255735938E14
8.723531122239314E13
-7.530328141510788E14
-6.0746923768814125E13
-2.601837724581975E14
-1.171232548101919E14
3.1780181386908194E14
2.904574333969221E14
2.7274983772030094E14
5.5678086694472075E14
2.891693888344718E14
3.7340509066276506E14
-2.2954976070372694E14
-2.786103226079423E13
2.9426810748432535E13
-4.262180468020106E14
4.037492052657552E14
8.274677252844008E13
1.8494708324838594E13
3.3368572527747444E14
6.055237037730794E14
-7.68848159279339E13
2.077170730779201E14
-2.0942805690611562E14
-4.530180728209804E14
6.460876970453849E13
1.9748927156013634E14
-2.585142236331397E14
-1.9874738172210168E13
-1.3289737428047775E14
-9.44401823002599E14
6.4502721624534836E13
3.263873692775804E14
-4.0172717031740994E14
-6.15446652779907E12
5.313429379913407E13
1.1377629777703666E14
1.1088542393874372E14
-2.0966651830533934E14
1.7707092505648545E12
2.3340676441151367E12
-2.312308767760933E13
8.999580471657098E13
-1.8819417716636254E13
-1.1073806831179194E14
-3.19274499898607E14
-1301994.3213763328
6.333633950452428E7
-5.713497502544199E14
-3.8303012865476965E11
-1.3853591631623356E14
-5.093793230666836E10
1.4141523393974094E12
1.9412821527324938E14
1.0026208640033609E11
1.4758294679804443E12
-3.60350464390203E12
-6.289395781211E11
-1.973380691149333E14
8.597887848569553E11
4.68652206144307E13
1.9935753567043268E11
-2.8361924153913824E13
-6.253023451566782E13
7.253471180505554E10
4748081.689438508
3.5001185318965887E13
-7.279857825035346E12
1.1329295774067398E13
-2.091814812969772E13
6.852327226076622E14
-7.792364574462158E10
1.672568106399185E7
4.1143156592766705E11
-2.2765753096734118E7
4.4724808716816534E11
1.3480315421574245E14
-3.688714952237919E14
-7.86298967653704E13
1.7800027464277188E14
-1.1943924890776277E13
1.0506169578680345E14
2.7139486155274676E13
1.0440762438668692E14
-3.819220495165851E13
-1.7687947054277128E14
8.982135154607878E13
-1.5410240771369575E14
6.274981249696186E13
-4.3212792390147544E14
1.7099389272261544E14
-4.544503099607896E14
-3.581172780402793E14
-3.5052811208427894E14
-8.876065740748411E13
3.002929784279964E14
-1.6651500037310544E14
7.151124184953238E13
-3.72773043733387E14
2.5495406437707684E14
-3.003907398970153E14
-4.0192033651539106E14
4.978529688870989E14
-3.5758041379253344E14
4.5540259958314E14
-5.6167341285922075E14
-2.5786395732932112E14
7.119456820517665E14
7.715125003671185E14
-6.459501074715674E13
2.1584259523190062E14
-6.085364710171348E13
2.3211116242865772E14
-4.328631075059118E13
3.0000973807450544E14
-1.81666910223842E13
-1.0225371372618264E14
2.7368414561632447E14
-1.5414691859543438E14
-5.657004060103621E14
-2.806933359480912E14
-3.309331966205451E14
-1.251678730129586E14
3.0472027057592775E14
5.852639189173295E13
3.4474984921885156E14
-4.6121373442770744E14
-4.2177735538485856E14
2.922515222011007E14
1.2218421935458062E14
2.1365272984105947E14
1.14373980772057E14
-3.276283314870422E14
-2.2793269605110103E14
-5.623743126054213E14
5.680275437775937E13
5.9331210950029305E13
3.855456174262992E13
3.729956794878427E14
7.030113978949675E14
2.1899802467768362E14
-3.3370896854314406E14
-2.8892635254296348E13
5.493233430762265E14
5.691654328025391E14
-1.321737458153172E14
5.187125817885957E14
5.00750437276157E14
2.3844046742252028E14
-6.69374847862713E13
-4.277019993423766E14
-6.952109032377605E14
6.91531644259854E14
2.673346535555551E14
8.335616966781561E13
1.5676863303461447E14
-5.682546227304415E14
-5.438242239043249E14
-1.0729451015153778E14
-5.023913051955409E13
3.369201949691507E13
-2.1113640894087288E14
4.596736535264718E14
9.45565518214413E13
-8.586544773809066E13
-1.3269660562056348E13
3.5709453771882325E14
-2.2597572539837605E13
3.78826511448368E13
-1.2398952287901994E14
-3.6894968987427086E13
-5.085385655264918E13
-2.002003389155899E14
2.8308646027766444E14
-5.314990978436404E13
8.87627211334024E14
3.075266427723519E12
1.2687914681795889E14
-4.4190916162755806E14
9.750523089261283E13
-4.2390398327365094E14
6.1511248340317914E13
4.0775721722403656E14
-1.9544615371057844E13
-4.742192025778694E14
-6.20477754641745E13
-5.205623159865549E13
-3.302038506397335E14
2.490262363573423E14
-9.026221071654514E13
1.2300876990395775E14
-1.1098053537015965E13
6.058734531881404E14
2.360370399479553E13
2.9606683628274275E14
-1.785982034907419E13
-4.5890275753757875E13
-4.806980307694997E14
5.986202656354188E14
-5.646411888535596E12
1.1393849561363177E14
4.6211099466147256E14
3.233648006557527E13
-2.833812419142156E13
-2.601495061326876E14
4.9855529550565E14
-3.103369801525542E14
5.516772090622667E12
3.875399405158499E14
5.652766046786022E14
1.8157402984098016E14
-2.586799103964546E14
7.155194150958794E13
-1.6858780070999662E14
2.5473008472083134E14
1.431771396525715E14
-3.255270087442234E13
1.6070621324161934E14
-1.4536829674049266E14
2.3310073560343212E14
-4.979947400113859E14
-1.8669141751131706E14
-2.2426407662462246E12
3.572158344588346E13
-1.0472682771847766E14
6.497973321565164E14
6.522868240563215E14
2.7769627454575747E12
2.0191059885531647E14
-3.405436905507185E14
5.134977010949865E13
-1.3753477659410933E14
4.2549214143418856E14
-9.496319330925922E12
2.4697718921859016E14
3.542792532557632E14
-6.959310651576215E14
-5.601121857905936E14
8.004488287595428E13
8.080017689239408E13
5.905995002050779E14
2.213314941449473E14
-1.9842773894949638E14
-4.4643693572655694E14
6.387482454837569E13
4.503336012366882E14
-1.1092096117272911E14
-1.8239795752800794E14
-3.1682487435349494E14
-4.5602259693666175E14
2.177375212038338E14
-4.249407472988309E13
-1.2998873329326402E14
2.5089851401376956E14
9.137773403667664E13
-1.8940400768905316E14
-4.525230605402435E14
1.0525463314460078E14
-4.244524664674752E14
5.019168563626707E14
-2.8450574449456056E14
-4.6449910875381975E14
-4.816294440540414E14
5.795980815098374E14
-4.971834794640906E14
-5.4693745072545056E14
3.6035722409797494E14
-1.9476591418512E13
9.999702494113783E13
-6.883021001489489E14
4.880307590963124E14
1.9631132051228906E13
-3.24551899512446E14
3.5176339038410156E14
-3.115910038782764E14
-9.138952057141148E13
-1.8581715885252134E14
-4.60001104063948E13
-9.532280941346794E13
-7.324261585786886E14
2.9877619463255244E14
1.8087148799536694E14
9.867688481033938E12
7.680893218909606E13
-1.4686716985708466E14
-3.465909022972781E14
-5.6107423019975234E13
-8.26727026399248E13
-3.965629744010585E14
5.304188347827144E13
-1.4444189915641872E14
3.1645334827161406E14
-1.1825741432987205E14
1.812822890607108E14
1.8712514618187617E13
2.66270747526964E14
-1.0763571806068583E14
6.515860100479879E12
1.5029325140272122E14
4.4010647908376266E13
1.3757599788538162E14
5.2032637234461275E14
-9.982394669184988E13
3.8880648385775894E14
-8.62850104652114E14
1.5573797951167203E14
-4.3245337961945094E14
-2.918180654912721E14
-4.627929709225711E14
-2.5680906712115962E14
9.660934501355472E13
1.8579701038959738E14
-2.9405026766800294E14
-2.6572146895542598E13
3.6423269599083544E14
1.0479584451634188E14
1.3379975707066066E13
-6.129183915033769E14
-1.8246735560970384E14
6.177289524903702E14
-7.586295766246078E13
2.2462247942181366E14
-5.079868989925493E14
-5.783680773065276E14
7.875323863927639E13
-4.3503039221835294E14
-3.596520742803085E14
2.9610853585813356E14
-5.969155818718762E14
-5.123703951123528E14
2.2084711782495488E14
1.1427556514309348E14
-3.347065016650661E14
-1.6242126595701425E14
7.330448885986636E13
1.5286896753994128E14
8.755320153039423E13
-5.705114175211269E14
5.129701486783425E14
-1.6628010673361203E14
-1.437931076693087E14
7.229202138535279E14
5.881441715469955E14
-5.4575529632373894E14
-4.302628439282904E14
-5.5511932670594256E14
-1.458606898968306E13
-2.7047522487641848E13
1.5090367730576212E14
-5.195634201167514E13
-1.7180520429065889E13
-1.8709016096698006E14
5.41717681987148E13
3.549732257449967E14
-3.720411939329715E14
-4.664998290170294E12
1.3381579720204794E14
-1.8505389326647197E14
-1.333489840137186E14
1.1386624091548438E14
-3.8216566106102025E14
-1.4203396135717284E14
-2.6113545672717897E14
-5.046153456048036E13
-1.039523877142184E14
3.7169767521146094E14
-1.3384771888009505E14
1.5825286183412384E14
3.6537499674909275E14
-2.6224441553830925E14
-3.317590887498618E14
1.0512521359967788E14
3.37203222325016E14
4.140295092458566E13
-3.5338198918764044E14
5.642457819006679E14
6.359450818324045E14
-5.215502264113629E13
-3.894725372179343E14
2.7284685338099603E14
-9.372089310775666E13
-1.0104834465509747E14
3.4560272640951305E13
-3.0404256911522556E14
1.3410108472364869E14
4.952318019320735E13
-4.91421699811098E14
2.941800583935786E14
3.604389814375578E14
-1.3936995960877886E14
6.191532137315336E13
1.3626835457047438E14
-1.747862537162677E14
1.6258203491557678E14
-4.980379911998905E13
-2.3207087461935097E14
3.6441333238682766E13
3.808838581671809E14
-2.822700090841964E14
-1.3546157376110608E14
2.6892409356463466E14
2.1380994245579116E14
-5.122167064233367E14
1.709458351096505E14
-2.2513709557616803E14
-1.555234876900642E14
3.265060122495021E14
-1.0144713828211269E14
1.0511216960982469E14
3.261630096897325E14
1.5209816155615166E14
2.754830510594365E14
2.8973538589699225E14
2.3938054566784347E14
-1.9760068938166034E14
2.4245632785764247E14
7.972533428230009E14
-4.8834668390763606E14
3.2407926773862375E14
1.1553856498668119E14
1.3595573798343756E14
1.3122587365546316E14
1.2705203229487469E14
-2.87386910356116E14
2.0558161390067378E14
2.5847739212385363E13
-2.859393963446847E14
-2.2226282792746797E13
7.308583879234639E13
2.3436842395851316E14
3.063195183565084E14
3.0122698157966806E14
1.0700023392418938E14
3.0806190392030206E14
-5.905995787657722E13
-3.760021032835561E14
1.128361805765216E14
2.869028199739259E14
1.865733135301296E14
5.151907401583728E13
-4.938004597864144E14
-2.2147048425948838E14
2.453937935999194E13
-3.306325506448492E13
-2.875286452823167E14
2.576127553047407E14
-3.362290279201542E14
4.852958899866326E14
-2.158162713407706E14
1.6408444096299722E14
8.421610659944955E14
2.3134554897497375E14
-2.1162503454606806E14
-1.6500299846875453E14
2.2455766028180862E14
3.36680269166214E14
-2.9606008948808506E14
2.6108992189253166E14
-2.93318852006534E14
-3.132813039362804E14
3.285343451291827E13
2.5106851751255547E12
2.469662034150603E14
1.6644425684564203E14
-1.3055720220069773E14
1.8778963344631466E14
-2.491002482722675E13
6.595203850903368E13
1.4570448543877166E13
-1281802.333776622
7.342839965278256E13
-3.4850830626796094E13
-1.0993241562063911E14
-1.4728304647881482E12
1.7390721039850855E13
-5.237720364860677E14
1.4566816116543956E14
5.3691776753669016E13
-2.445487710237922E12
-2.687698286238818E14
-1.597721424168593E14
2.2220812738517417E12
-1.0479027619341501E12
2.4918597171044806E14
1.5336656259283278E14
-8.090548942433047E13
-5.335232553403572E9
-2.873182746450294E13
1.0778642559676616E14
2.582266742524426E12
-4.954723059454181E12
-3.905383598655241E13
-6.2336149203447305E13
-5.932051312193514E11
1.9402069103995178E12
3.3345411577546725E14
1.4628880495761344E14
7.539013402208156E13
-1.959285651213533E14
6.127910313058519E12
4.648431975094787E14
6.357987501538465E13
-1.8184216852009844E14
-8.872621265805189E13
9.967969742658284E14
2.281809097182309E14
-1.8978189330805288E14
-2.468202403343793E13
-1.613470848567592E14
4.035798811892499E13
-6.0725892398237914E13
1.1471181274723208E14
3.3472192091178644E14
-2.9571736208347742E13
-7.86409544424854E13
-1.133738451949594E14
1.2311435549332327E14
5.94120884962217E14
-1.2897156061822239E14
-1.564694060675282E14
-2.848666520822882E14
-2.6174538128599728E14
2.231346277812637E13
-1.1228220371340927E14
2.73045868034621E14
-2.5039170939356316E14
1.103894574604784E14
3.9389237934214294E14
5.360791884429951E14
-1.7517573664737403E14
-1.1120971360944612E14
-4.9646102952475475E14
-6.9973268129139914E13
4.8050674534924375E14
2.462161853761485E13
4.106947364245593E14
-2.3698982117829756E14
-2.7280617095262988E14
-2.1489105346320634E14
4.6310699664136294E14
-4.9001939259223225E14
-3.184131419125673E14
-1.3959737352908956E14
-9.717062451019723E13
-6.344348306047321E14
-4.166637178562629E14
-8.628601782148497E13
3.8553770966621025E14
4.81684242881208E14
3.1740525147835444E14
-2.9318633142979633E13
3.9913240792297086E13
-3.4797876049405106E14
-7.054309646298558E13
2.368510120781227E14
-3.340093319576712E14
3.3464739974599344E14
-1.486750442112871E14
-3.785879554156536E14
-4.049361832055139E13
6.5984556825429695E13
7.345171454457431E14
9.763795310644986E13
7.250956255938306E14
7.096642904392001E14
5.067576272137189E14
1.4754043347215303E14
-7.099874868016379E14
-1.7836200702571246E13
-7.63731613803439E14
-3.225155063061702E14
-2.2253476301827984E14
-1.3185310275855028E15
-2.0271192991503853E14
3.1690500671195688E13
-3.018420642346498E14
1.313600411429537E14
-1.4007566190696119E14
-8.083480026372878E13
2.4283658400622903E14
1.0057743306974538E14
-7.738447486752482E14
2.749413746299076E14
1.2343507211928589E14
2.966782875890772E14
1.8047819212496466E14
-2572109.453479507
