4.357232015209885E14
-2.777787027866687E15
7.940314484797141E14
-5.289822910259962E14
-1.5182563859669428E15
-3.540696958639538E14
-5.518559396179838E14
8.517835220020092E14
3.147685763184929E14
1.6224448660588808E15
3.003364210875473E14
1.0348988178441931E15
8.079815218189456E14
-5.693789384182019E14
1.3414539438492768E15
2.677028424987739E14
-3.134305466949337E14
1.0549704912834295E15
-6.42236409694311E14
-4.6180195515849025E14
-1.670273809989244E14
-3.133642879731076E14
6.334741237455954E14
-9.873768144563216E14
9.83673805115187E14
1.0157851067670714E14
-8.173104019984609E14
8.547568247841548E14
2.6083581382622884E14
-6.716015507776839E14
1.0520041906435834E13
-1.1836629114340608E14
7.657207308751814E14
-7.32728429778666E14
1.0405164549697383E14
-2.7826112999800316E14
-1.2143822013148475E15
-1.0131704528783391E15
2.0917105661038523E13
-3.0125861264945444E14
7.848015063525886E14
6.081023473334329E14
7.047069612583452E14
-2.7695453506009175E14
1.6733379289786072E14
-7.042724808801411E14
2.3987156626743122E14
-1.9601154533879865E15
1.0605939997927022E15
1.9708342884435338E14
8.499382831647024E14
-1.964381638741685E14
-2.6905410912211625E14
2.2332683688515684E14
2.150484109866037E14
2.1909294618238234E14
1.7008481421362156E14
1.6619800135144353E14
5.4290292344778056E14
-7.722610842746424E14
5.356301389715292E13
-2.034867395629916E13
5.918902114837606E14
1.0515628025590061E15
7.853839991623001E14
1.433499101568245E14
1.3939616659425523E14
-8.339421432237965E14
-3.3125399677838706E14
1.1138836395657275E14
4.921699221669183E14
4.287330053137618E14
-8.058375198037414E14
-6.99357451169118E14
-1.5098922406781872E14
6.449602897374723E13
-1.743247335727419E14
-5.175023739629457E13
-2.2577748449512053E14
-3.8136978876876086E13
-4.5178962393379086E13
2.695084190626383E14
3.069494158128079E14
-5.403744285380678E14
-1.650454479501198E14
-4.057202871528875E13
-5.8850133485036E14
-7.720975703942381E13
4.541443951106798E14
3.218504713875395E14
-2.8228710029110996E13
-3.496304377860539E14
1.8276984018445506E14
-2.0191883237612938E14
-6.960946183994592E14
2.3182928869140725E14
7.401192760903615E14
3.984041382859954E13
-2.3538464618995722E14
2.6350138482485212E14
1.6519704725034916E14
1.8867984991757584E14
5.386073912499053E14
-6.87793292158175E14
-1.1766039355104675E14
2.73351536492222E14
-5.694337830641788E14
2.062491784651517E14
-6.489994070601108E14
-6.127971303087806E14
4.081412164691119E14
4.672798376960119E14
5.600725204270884E13
2.0606455173717438E14
1.8284517277738622E14
1.1353524507212303E14
5.122546378486194E14
1.7087542478688047E14
1.6212010219960582E15
-7.146449289576892E14
5.987504156261958E14
-3.2758066387502547E13
1.277292666172231E15
2.5549932898901878E14
1.8246445603942445E13
5.0976960967075856E14
-4.542307814325333E12
-1.3327699384726517E14
1.3359777263796325E14
-2.9591627808256106E14
-9.025139703235398E14
-1.2581390541506278E14
-8.849175531920716E14
5.741923226282149E14
-3.8409856278509E14
7.672901988235408E14
2.682917230005005E14
-7.613739351148361E14
-4.943553820382507E14
1.9864771833365297E14
4.688909359248699E14
-4.947449364425615E14
-5.0449980609705125E14
-2.3488200061071212E14
-2.2270532408844756E14
-3.907607628330659E14
-4.63841612818659E12
-8.219227417817878E13
5.869735101564045E14
-8.238962047986068E14
-6.605868520184193E13
-7.794100792263626E14
6.316617771080488E13
-2.1356371827778084E14
4.476209885009454E13
-2.712765565155081E14
-3.723624821394613E14
-1.2985458410204083E14
-1.375527537643771E14
-2.590590445562311E14
7.208425599272151E14
2.5510521316120644E14
3.720008359384535E12
6.094533991774446E13
2.041324327381242E14
-8.641426514884819E12
-5.396163590676411E14
4.4652816599852644E14
-1.586744221891057E14
-1.0545315135253128E14
2.3567222153433238E14
5.998037846441281E14
2.399585058415939E14
-1.0576862140924519E14
-8.370149076220833E13
2.5705660757542938E14
2.611516775096739E13
4.279991103038442E14
4.957321120286754E13
-2.5690082654426606E14
-1.8592322069158278E14
5.1648109505060444E14
-2.5492082697940397E14
-3.095756980375812E14
7.944209895003588E13
1.516639968534338E14
2.817482490335417E14
6.042204366206703E13
-2.301591678665386E14
-2.0805535981574638E14
2.1935880849771594E13
-3.351553316044266E14
1.0906399667567049E13
1.4034466511607125E14
-4.599258950143799E14
4.103271477233912E14
-3.7699959743726844E14
4.568497098939625E13
-5.356597238269479E13
7.890255835839936E14
1.5110304433758238E14
-4.6220642358892094E14
-2.8181302230181902E13
2.0902413668166703E13
4.886241270976855E14
-2.0734677487248956E14
2.6964828387001777E12
4.348945790833431E14
-6.039392137297098E14
7.242984500914955E14
-7.623223202200523E13
1.2536465681891772E14
4.0543676209249294E14
-9.436900880820732E12
-2.89059780246508E14
1.7290501307046088E14
2.015697830224619E13
4.008014480314088E13
5.4121784497655414E13
1.1801493286184761E14
4.952735047940245E12
2.006433561907805E14
-3.5499556534828544E14
5.375661263109929E14
1.8537858419819598E13
5.683073619707635E14
-5.57080711582842E14
5.574376605572852E14
2.5761267709041788E14
3.0279161607207406E14
6.587370160140143E13
4.8861404734637194E14
-1.2361393739558548E14
1.8689407853531234E14
-3.148804567932921E14
-1.5121001548500888E14
-1.3291581695373228E14
-1.422626601757507E14
-3.0181385543874344E14
-1.4322306197794862E14
-3.399129716846321E14
2.114646963042973E14
-2.1094844549057962E14
4.055049487000937E14
-3.483542942044228E14
-1.7851110189471588E14
9.143619860448159E14
-4.12510235031588E13
-7.486168219074945E14
2.339605502991718E14
-7.105452647168E12
6.852665938911419E13
4.093139233291565E14
-4.9808536134247664E13
4.2114637023085106E14
-4.9397565078364494E14
1.1686326101043788E14
-3.7451412479495775E14
1.1436223790654602E14
6.263231333791115E14
-1.863821273079174E14
6.769271614150018E12
-5.638583653819442E14
-1.4304518419432528E14
-5.339270502497705E13
2.504618692096299E14
5.6126164769855256E14
-7.54393881944859E12
-3.9026823294962975E14
-4.417161062862489E14
2.151652835412632E14
-3.652429391137984E14
4.8158005172612775E14
2.0031535606431828E14
-1.6015558972847734E14
2.450939276306196E14
2.2827457800542844E14
1.3911040002559012E14
2.5124984558343275E14
2.2876875563968972E14
-3.392021451183205E14
-2.980199711132909E14
-1.504460252856361E14
-3.384291649302754E13
2.319603494855956E14
-2.0116296893456612E14
-4.237671483543442E14
-2.7980828639484488E14
-2.1331870735677672E14
7.244201127321264E14
-1.519345006701193E14
-5.862576253809768E13
3.530037271240558E14
6.367695291223389E14
-6.472224426164345E14
4.335048956845975E14
1.2123199775296425E14
-2.2750157661645628E14
-8.350287866547017E13
1.6040428010164728E14
1.5959288116795216E14
2.2841684827530912E14
4.120557512379921E14
-5.1086185815427925E14
-2.7094565884447003E14
-1.4733321958200772E14
2.4855907893693406E14
2.8737057958885975E14
1.416181645913269E14
-1.009440306559436E14
-3.752222165143256E13
3.7113363356300164E13
5.0214907201933984E13
2.3968161047553894E14
1.6238368856123534E14
-1.794751731753591E14
-1.4857008440757066E14
4.026588162834734E13
1.3125507647836748E14
-1.5353767590839253E14
-1.1386286701960025E14
1.8919592387246753E14
-2.1503265665738125E14
2.3245415564124078E14
4.256353320560848E14
-1.762861208367364E14
9.705304042275761E13
-4.8533362267118006E14
9.684676162705392E13
-8.155705941833956E13
1.7073200135386268E13
8.78225515218233E11
-6.113104635887769E13
-2.292324477137916E12
1.0418470362819341E12
-1.5980668875036414E12
-3.8201007145923894E14
2.6344671812154996E13
-5.91893387733084E14
4.001426963231695E13
-1.5011268278920906E14
-3.183246378102249E14
-2.441197549318158E14
1.4725034199923678E14
5.536632933937379E14
2.060421679575184E14
-1.248010949322085E12
-7.742841678353055E14
-2.8790296463207793E13
-5.479592616733619E13
-1.9233530725684772E14
5.859353182393352E14
-4.739423364686013E13
-5.214203367038254E14
4.8064487615008725E14
-1.5309949668419775E14
4.4848559982595775E14
4.2555411696492356E14
7.95658768912932E14
-6.520327275128825E12
2.504304807604377E12
-2.4524893321281634E14
1.7783836131727612E14
4.2558017297899344E14
-2.987840937032622E14
3.8199690992599414E13
9.13458151063731E13
-2.9033818935440144E14
5.2202664848590275E14
1.2480277216311127E14
-5.970765513524634E13
-1.217348845859088E14
2.819524028800108E14
-3.880855646359772E14
1.296385836543839E14
-2.442184926415006E14
3.5757322803370294E14
6.6055481478747375E13
-1.2954151381126445E14
1.645618641494628E14
-2.140173114626237E14
-2.0959940244569062E14
-3.814407308907022E13
-8.48865694735337E13
-3.83230375199887E14
-1.649991040691701E14
4.8833384187857125E14
6.078753751032966E13
1.0517861490259853E14
1.478876321713886E14
-3.601964700809567E14
-2.0996562011408438E14
-1.1930500269627369E14
2.4493600029105456E14
-1.7330438313223867E12
5.634492868274771E14
-1.3522768390272316E14
7.808141292370514E13
5.508209308030787E13
-9.0575791114176E13
-3.2581059708394294E14
7.624606941170482E14
-7.27867268349423E14
-2.2458564258925184E14
4.0237690641035056E14
-1.2497144260817161E14
-7.338623941552054E14
4.322793458628341E14
-5.371208987595179E13
2.2251251139755953E14
1.9892038303689944E14
1.7882180227624606E14
-8.861094898646811E13
3.527107657154453E13
2.3405291162202573E12
-3.5599821013741704E12
2.9517895366590438E13
9.651388470125636E13
2.4300009893069582E13
-2.990602899947588E14
-290684.8598808626
-2.7542456457690254E7
2.0746233740066888E14
4.8195997873694435E10
9.149503149079047E13
1.5221393531072346E10
-7.580945142249756E11
-4.639715203205504E14
-8.949018727445374E10
-4.3179293544299175E12
-1.3755165131951922E14
2.8096630461071826E11
-3.7597183890629E13
-4.54368634180295E12
2.5831325744906678E14
4.8708239855498804E11
2.0908255865222805E13
1.0155773858528811E14
1.0259090440163493E11
1054384.3330912024
-4.489389793867797E11
2.8539164121677734E13
-7.566065619579129E12
6.2013835791436695E13
1.2027339198177275E14
5.159478793904312E10
1.6043926128487594E7
-1.2648045370022607E11
-1.2406368311375702E7
-2.287604120933621E12
-7.116613906202692E13
6.495678353199057E13
4.967700814439095E14
7.191853603138042E13
-5.469400638692146E13
1.0755358026309514E14
1.6640330919050075E14
2.697152611853518E13
1.2016933792439247E14
-1.8178099751674644E14
1.301567971209215E14
-1.963796368701673E14
-3.0828120830339883E13
-1.3887194174742839E14
-8.942803300176799E12
-3.82605027846591E13
1.570697021652262E14
3.0821638878645006E14
1.6275186953853203E14
-2.847692342041743E14
2.4116689608916684E14
6.911480009223508E12
-2.999650046946477E14
-3.782358104727304E14
1.5300075605908934E14
-1.475829505923065E14
-1.650556146632748E14
-1.567067919452628E13
-1.7737468542222544E14
7.185230172447126E14
3.645810781701062E14
4.8460656229525445E13
-8.18455245872544E13
-2.999614901250222E14
-8.836321771608184E13
1.2957274036319127E14
-7.926004040459178E13
-1.119208669556568E14
-3.485955318548312E13
-1.172157111842267E14
1.7402056812476262E14
-1.4171302558416003E14
-2.548913239988116E13
-3.1857325464412195E13
-3.2945349495190875E14
5.023994628248725E14
-5.758766757323488E14
2.4480822173483206E14
6.135924079333188E13
3.637432571641378E14
-2.5315966656734647E14
3.943842516603251E13
1.6321241895634656E14
-2.3706834484533172E14
-1.7323495218796969E13
-6.99115036090204E13
-1.0499441215926394E14
1.2543051434465495E14
2.5447814397018816E14
1.4441453575747082E13
3.9129295744307256E14
-4.075770575835067E14
3.9462917389016504E12
-9.24599531894143E13
-2.883879086349163E14
3.703753370665592E14
-2.9469553835037044E14
-1.064393725297364E14
-4.259175607024112E14
3.1403244461929356E14
-5.262570038412002E14
4.919206247894282E13
7.11212003297699E13
7.315630917096803E12
2.0471801323308453E13
2.74565830858192E14
2.66313025497648E14
-2.7667620642955972E14
-1.93220923091213E14
-1.728750582266258E14
2.7947157034349094E14
6.174154489535161E14
-1.3649475755389809E13
1.8951483971573472E14
5.858692230562582E14
4.812474656310468E12
2.4062797171748453E14
2.8708033151509556E14
-6.9313150211598805E13
-8.441673903214198E13
1.1948696713047844E13
1.2296607322071297E14
7.257189893155031E13
1.022088795778227E14
6.690494369906635E13
1.1871997187941102E14
-6.153840831040086E13
1.6695092917188625E14
-1.8295495091629444E14
-5.616969744209144E14
-6.8443675664707516E13
-1.4794394815610122E14
-2.7291015475582922E14
3.040654018679078E14
5.964682109374803E13
5.866881545355829E13
2.181726433039521E13
4.855032951441662E13
-1.4438102538572212E14
1.6506230463967456E14
2.3605774638314003E14
-1.5474940181958953E14
-1.348653683614333E13
4.342562077948165E13
2.5209598870782334E12
1.8994644564974456E14
-2.8831588370252944E14
-3.9894937479017984E13
-3.167425683349607E14
2.770692203084355E14
-2.0570241468465028E14
5.039519133145867E13
-3.4492976648402E13
1.4967258665158412E14
-1.039423223798334E14
6.613582881728512E13
1.2354611321472962E14
-7.779134551940664E13
1.1534572741669994E14
-4.2490454353997744E14
1.2028247063445158E14
3.923719355059872E13
1.5863189567278294E14
-4.573992968695656E14
-2.3587666454491122E14
1.0949534555108027E14
1.1187724830334989E14
-3.135747839053303E14
7.636715534151536E13
-2.4256510203020176E13
7.150026612205686E13
-3.55350014303753E13
-2.472494428054755E14
-4.1027043817974144E14
-4.3667704028168906E14
1.0484760481218119E14
1.9882119647962097E14
8.438656665531684E13
-3.006678995267418E14
1.3413047416766177E14
-2.240552538588125E14
-1.1363711663244855E14
-5.743913020241732E14
5.988526896625069E13
5.473206676460349E13
6.532487003474883E13
-5.3745090291174375E14
-1.8056263351533675E14
-2.2981949811775912E14
1.2255557295067889E14
1.0640726832768467E14
2.7561165552473512E14
1.4057244285231036E14
2.507588977642304E14
-2.018756822459958E14
-1.8046435358429962E14
-1.869761290753356E14
3.4231117234634294E14
-2.962910010366034E14
1.7063992662121434E14
3.204242419270893E14
4.883137747799651E13
4.158514380577713E14
-2.6471075092318066E13
-6.290661254277089E14
6.638991049935864E13
1.5051582738168106E14
-1.571651689686652E14
-1.8821777725873206E14
8.01707827023288E13
-2.593488476898214E14
-1.759842904046969E14
2.4963914073567822E14
-1.5587091213528134E14
1.2126691489155458E14
3.019010458259309E14
1.1149351642164444E14
2.854711185459643E14
2.147399105629218E14
4.805011241149188E14
-3.914588569777642E13
1.3578718422219689E14
-2.149618092628415E14
2.62248403369136E14
-4.4154672788775594E14
-2.362490774265927E14
-1.9331525925746434E14
1.489286247221353E14
-2.8816187290881175E14
1.3325165093201225E14
-1.7283595300666384E14
2.3982471873156047E14
1.3104799933581836E14
2.6034085569971956E14
9.651598546929705E13
4.170172615024375E13
1.9964970143255622E14
-8.323117276017636E13
-4.235343752885095E13
-5.143427074894314E12
-4.016154093780703E13
-2.396314409283483E14
2.6982577045493012E14
1.5880477148629347E14
-6.457488699768516E13
1.697087364482193E14
-2.514272716780161E14
-3.1728032738859206E14
1.136817696147438E13
4.904226159543158E14
-2.1766867811989062E14
2.1914305972413206E14
-4.794313370095859E13
6.169056506226494E13
1.519049838817194E14
-4.019727006918089E13
-7.12273131553682E13
-2.137187096784993E14
3.811772736559243E14
5.966041998529454E13
2.061850180227564E14
-1.288661102672634E14
-2.3323904286291584E14
8.482939078007692E13
-6.413547379454967E13
-1.8828764256741916E14
-3.28413147490106E14
7.798081754650988E13
3.202636496132915E14
-2.1226664635373875E14
-2.1190246430655075E14
-8.686090400102827E13
-2.6401270108609056E14
-1.1508207009886316E14
-2.654451087940771E14
2.5086922231476684E14
1.409255438054099E14
-9.910559559394483E13
-1.0893020818698736E13
4.7956297901515844E14
1.4165065996524416E14
-4.981167795491768E14
1.6782250982544022E14
3.613575421568104E14
1.0089255246956547E14
2.5768897502080678E14
-2.7302908257038375E13
1.8971619571175397E14
-2.5420844371153262E14
-1.3788947948600314E14
-6.9448654375720875E13
2.396449936948522E13
-2.6980985440013203E14
-1.119733796885017E14
-1.0773274708408334E14
-4.439478073078876E14
-2.4356501783066788E14
-1.0293155156648627E14
5.156201786537397E14
1.9874951895495916E14
-1.447974486960123E14
-9.729410262513019E13
-8.388474832773327E13
-2.613029857192993E14
1.0086432623299428E13
-2.4820164002060594E14
4.631762115976943E12
-6.017226179930492E14
1.716161187083921E14
-4.612600804784109E13
-8.695451297177977E13
2.670190024124808E14
2.5376815552642706E14
4.214318764918907E13
-2.764202869367658E14
-4.41319532788705E13
-2.1711760751930025E14
-2.0545746371292938E14
6.873691242298062E13
3.836010781526411E14
-1.2529901551477131E14
-2.9870063039352425E14
7.44367377321078E13
5.635635236817487E13
2.852798062552441E14
-1.2056391884211133E14
-2.231601670243454E14
-3.446030373158279E13
1.2257481323045203E14
1.6784323903606847E14
3.3300219010207875E14
-3.212636160838837E14
1.453765661862378E14
3.861539200157987E14
-1.4817574250480653E14
-3.6915319807998194E14
-1.0785827986376948E14
-4.116250132248943E14
-8.894573734312214E13
2.940571459735119E14
2.5717968758120786E12
2.4567102093349428E14
-1.513330130563818E14
-1.588281103888821E14
-4.8050895901601E13
1.8777574704655762E14
8.494204784199089E13
3.159030940505313E14
3.50437136970353E13
-1.748685921740765E14
2.587836557744836E14
1.4150274330542244E14
2.8608564756276156E14
-3.973692276841698E14
2.145233718947822E14
1.7455242981769728E14
-2.5279192878502E14
-1.7551319323189928E14
-2.6152769558882497E14
3.7115019489818164E13
-7.752117466630038E13
-1.786207491095994E13
-7.468158633148944E14
-2.0315385084881816E14
-1.3342732347216366E14
-7.559756278124627E13
-1.892610443360577E13
-8.405118456381353E13
4.196556852517785E12
1.0983331592600994E14
3.034157631098473E14
1.6574764745713416E14
3.2741805078292206E14
-6.419596643138816E13
1.5024838025998006E14
-5.044879579249632E12
-2.8109959527998353E14
-2.763188611831133E14
4.859914199137655E13
-1.7048070687469547E14
4.220670323902529E14
-9.90755828345264E13
-3.095163595848695E14
-4.302572136635373E14
3.1623784740714725E14
2.7915057914983272E14
-3.4594286608286E14
1.3691169230015884E14
-4.317514510291813E13
1.8744974549904675E14
2.636979486651366E14
-9.098200649007325E13
-7.4117540814965E13
-4.34387929155318E13
6.432130839438809E13
3.01337216800801E14
-1.2147750729313752E14
-3.47617158787639E14
1.5050628343987456E14
-3.2510198560228145E13
3.98933574348489E14
-2.7993858679928772E14
1.3234653800436112E14
2.419481077405526E14
-5.008214850798765E14
-5.457420864604482E13
-1.863893164036659E14
-1.5087866302757922E14
-4.230422573349259E14
6.973710263101436E12
9.33528514119192E13
-1.8471653566913644E14
2.2776322536674903E14
1.0597477275230138E14
2.493973903572229E13
2.4015931337228375E14
3.6257194624877414E13
-2.5294627813649112E14
-2.159620510222023E13
4.5600321742336E13
1.2546415691451434E14
1.2815332947997167E14
5.965464356854501E13
-291443.4108306964
-1.5490974343592928E14
2.3592533067402988E14
-8.655970728958395E13
5.28837021455714E12
-2.9028448495480797E13
7.25739071511612E14
-3.0798883506830625E14
-4.986074926904184E13
-1.1142624315721664E13
1.5750643512396962E14
-1.5304677197611703E14
-1.7931588681391614E12
-7.030030549031401E12
-5.812460915293544E14
-2.54348868151574E14
-3.869338887553589E13
-1.401953467297842E9
4.973136762678254E12
2.117154795420911E14
-3.028218784806491E12
4.969148828959506E12
3.3394737863218984E13
7.39585157687299E12
9.161601048525896E10
-1.3795785392156125E12
3.895859808101711E12
9.242170442995385E12
1.3231694666859312E14
-3.034644433848272E14
-2.4581443144222246E12
8.231196994925381E13
-4.3873081570923016E13
1.4877705237354244E14
-1.0222620552272066E14
-3.1215031852453025E14
5.2626913500677925E14
2.953750342012218E14
-1.4620788656443938E14
3.9520907364917984E13
-8.769621642302503E12
-8.727813148822364E12
-2.3727493067250306E14
-7.803886080103717E13
-1.2300332176781947E13
-2.1555012417612574E13
1.4747238758918622E14
-2.275096966473279E14
-1.82326422836487E14
-1.2079794192074475E14
4.412044571747504E13
2.711153693018034E14
-6.7423514556991836E13
1.0505250309151047E14
-1.000142060053499E13
-1.0619021473059116E14
-2.7101129078573884E14
6.939597511667244E13
-2.5725194160041844E13
-1.9395710615276953E14
-1.3453168758454172E14
-1.7221110740349438E14
3.800121169603865E14
-2.802015957348512E14
5.221530531034631E13
-1.7874739110768878E14
-5.171879487720424E14
4.834295888945872E12
1.3920772699146383E14
2.2046900307765972E14
3.055027755287918E13
2.1888018428200662E14
-4.34216573749859E13
-4.191656516702079E14
7.197770978464489E13
1.0195401987570531E14
2.0250216745129303E14
2.0515702426174122E14
-7.036968661645327E13
1.9115159850495397E14
-5.848757413691883E13
-9.647819108115121E12
7.063333504603311E13
1.6076159575484434E14
8.169111716002644E13
-3.394523190031514E14
-1.0271497358930711E14
-3.373556456291474E14
2.232448963010098E14
6.467782939790505E13
3.0197517238551707E13
-6.784094649375106E13
-4.467152562383848E14
-4.957229775497981E13
-3.110198512708185E14
-6.662150942104046E14
-2.602734006171075E14
-2.8114984201085044E14
-2.33814707497949E14
-1.1147754913888623E14
6.11748662761867E14
-2.8280848452427425E14
2.7936407344729473E13
6.068162321028185E14
-2.193018144342537E13
1.6519157515893785E13
-1.8161135002627822E14
3.609978714646829E13
-1.0960838068795578E14
-2.6797081994553144E14
-1.47286544177529E14
1.121368499632919E13
4.4197865956136656E14
1.0481442468093367E14
-3.882105577942333E13
6.669244420591562E13
1.5778680129023416E14
-579937.492100157
