-3.66066888771334E15
1.7510749832684766E16
-1.114401288530524E16
1.6756240288798482E16
1.8294672586045124E16
3.36807006011256E15
-1.0311292035867688E16
-3.2429048580771935E15
1.1241030558920011E15
-1.7774595821559555E15
3.0906940394627484E13
-4.935539181817362E15
-2.229371467226649E15
7.37233275225036E15
-7.146442025903881E15
-5.895976790939122E15
7.853676540350902E14
-6.164598116707323E15
-1.1188825993204366E16
3.4619749767046995E15
2.6333241239580525E15
-4.0283514482039345E15
-4.028368457985499E15
-1.8767151485790535E15
-7.107990003207655E15
-1.0752429303747416E16
-1.845948015447049E15
-4.413774263051584E15
-5.0042764939394506E14
5.727804693980708E15
-6.08720396559244E15
4.286875768646806E15
-2.975706083830912E15
-1.104256575607804E15
4.1243764295441585E15
-6.63552943890494E15
-3.647283146429927E15
6.660494468617291E15
-1.4180098277232405E15
1.13204485142978E15
-8.789770281647328E15
-5.799899237461106E15
-4.824962522486607E14
6.31545534853013E15
-6.239228107657956E14
1.0403347299889798E15
6.424323775728039E15
5.659734066264409E15
-1.5682208686475095E15
-4.0235779637762715E15
-2.351059668649508E15
3.825274267633832E15
-3.808359729597475E15
4.1091333281501905E15
9.560323488677962E13
-3.0014984936389335E15
4.566446469725688E15
5.826304477251169E15
3.219645080275695E13
2.3904301855067395E15
4.0982134639303445E15
2.2322045368286482E15
-3.541438818717495E15
-7.931084500708988E15
-8.568879347109629E15
-2.9707212754078635E15
3.508664375155644E15
5.642421022284012E15
7.495404480892698E14
7.779826570619049E14
2.1980555753979365E15
-2.5636810248421905E15
3.722771753995793E15
-1.5061520069927822E15
3.509735870624729E15
6.245836230246532E14
2.698779090986398E15
-7.430409685774886E14
2.800627041867546E15
2.4105118197082385E15
-7.411764841823989E14
-1.6314635765339142E15
-1.8578380134496095E15
4.690412448146037E15
6.726696234766475E14
-7.55109447993384E14
-1.7479035628410632E15
-3.7107630288837415E15
-1.384753082763527E15
-3.4047476060654095E15
1.922969868134044E15
2.376036162124957E15
1.7054973757638765E15
-1.413341911632792E15
4.858434714476141E15
6.734300900826311E14
-3.536540956034724E15
-3.5417784000248765E15
-3.351736717393033E15
-2.222723631242066E15
-1.2918560651955655E15
1.8908219687857948E15
-3.484805222246538E15
7.312982511953984E15
-1.5513813862144338E15
1.0741363693073171E15
4.804333413278422E15
8.563615199244274E14
3.981927928380061E15
3.3555110150368775E14
-2.0367476599748638E15
-8.430569409925336E14
-2.342353170362247E15
-2.4669082470856755E15
1.8695705950384298E15
2.952230120413587E15
-3.694402482700678E15
8.255016609915731E14
-6.870467229851701E12
-2.965472588752351E15
-6.626863823131535E14
-2.0132856043249415E15
-5.807407467276403E15
-4.204487314880273E15
-4.312318280136718E15
4.592205636399907E15
-5.584573624259813E13
2.7353365041076038E14
6.043303646837434E15
2.7426035571152972E14
3.8262316495073706E14
-2.084466592750549E13
-2.4600170498299703E13
-1.3091555292216228E14
1.3908715693171305E15
-3.236681151843421E15
-1.3752716324332553E14
-1.6143577340063703E14
4.711112444557241E15
4.7886140233473156E14
-1.7422128430584882E15
-1.631162467591433E15
3.948172797624853E14
2.743614017050827E15
1.495922732796888E14
3.969330520957593E15
-3.6550978227898805E15
3.066395255147888E14
-1.652244906292072E15
1.447256833993419E15
-1.5957948868931308E15
-8.446016444189461E14
9.998804715581278E14
-3.4313367945777895E15
-2.1908030153833815E15
1.0277716542940655E15
7.835937200220445E13
3.4500790592015345E15
-4.767105974788494E14
-2.2271681666850978E15
4.3035390216532765E15
2.0519601750405528E15
-6.607669295545308E15
-8.684085662045716E14
4.178852997202977E14
-9.759160002269252E14
6.101687418687468E14
1.315680677318218E15
-9.265644916330577E13
-6.982628977962412E14
3.858629451488464E15
1.456479460342286E15
5.757206977137667E15
3.975329988040494E15
-6.497643633641038E14
5.193482636584229E13
5.651651426169468E14
3.116554712200129E15
-2.8819799015720215E15
-1.1760330773965852E15
4.2680896797551955E15
-9.344683902361498E14
-3.278876455513015E14
3.864511698354793E15
-1.7358865210719608E15
7.801972758592262E13
-5.400732172806266E15
1.0375310793003732E15
1.8779453504237268E15
-1.024012861888816E15
5.309604894204216E14
1.7929566421050795E15
-1.667782009600042E14
-2.6745499993925485E15
3.255425394676225E15
-1.4150765809561538E15
2.051299239097403E15
-1.2963213174558715E15
-2.798301998407721E13
-3.044384434455837E15
-2.2706825518263685E15
-9.134190561555753E13
3.662450583896075E15
-1.4307580062947978E14
-1.645288660075716E15
3.10329148999951E15
-1.2993347222314375E15
-3.21165664983973E15
1.1732834260622478E15
-1.3216075756631645E15
-1.1845442006081282E15
1.7925857908590188E15
-4.486221367503215E13
-2.4146823745240625E15
2.4059550598464228E14
-2.0871976284073595E15
-1.4478764015532588E15
9.977186013829054E14
8.728496138834884E14
2.5409875775565625E15
2.80858401340418E15
-1.2700964809569805E15
1.2324355080116832E15
-3.4567977494870195E15
-3.0997861856086625E14
3.2561823207029164E13
4.084334562668621E15
1.726856035724086E15
-4.997347774522977E15
4.702120303498184E14
-1.143417936743482E15
-1.9637094332172428E15
-1.5080483662890355E15
-1.944567657435021E14
-1.334644431400186E15
3.5352492312743605E15
2.8123583405555985E15
-1.8295500119160195E15
2.2637603272550585E15
2.410668313032807E15
1.1676805732927428E15
1.8501445652520048E15
-5.5477917335327656E14
-4.596996841647845E15
1.643786923796612E15
6.48927379735871E14
-3.951682223331438E15
-9.601914854662801E14
7.065218067286362E13
-4.799813862296575E13
-1.3983471406767119E14
1.7850211034100938E14
-1.8252795476486925E15
-1.3970158249905328E15
6.14804125181699E14
-2.1788891582546215E15
-1.0390776953652132E15
3.172238408751487E15
-5.928184761221271E14
-3.732564457809307E15
1.5083810851900894E14
-2.303064332943811E15
-3.536687369508711E14
-1.0351110760039026E15
2.5947391101616585E15
1.3006227935182265E15
-6.867838736735634E14
1.997204961917636E15
4.442600023344096E14
4.4838719562228856E14
2.452583951600091E14
1.5211913626621782E15
-2.4379715669006045E15
3.213075786722772E15
-6.816069273777296E13
-3.065926553605734E15
1.073654105126189E15
3.3928573703679785E13
-6.16141622915324E14
-2.5665625038446155E15
-9.451106589356236E13
3.965223997879492E15
3.832835916249604E14
-1.1808842986399448E15
1.1592882220670892E14
1.4013521943600375E15
-6.251983016774304E14
-3.025541233277045E14
-1.0472866739257302E15
2.2076550838039388E14
-1.6344477255732815E15
1.2033338691869655E15
-5.3008709982384406E14
-3.922466028823208E14
1.0087348143265224E15
-1.3581968015153912E15
1.4751935605649342E15
1.763418162782748E15
-9.770766199105092E14
-2.062547542304864E15
-1.605285754135643E14
-1.795422756534091E15
2.800820020156398E15
4.2420375806232644E14
1.503817901455747E15
-9.689122923493662E13
-2.585018315172241E15
-2.2029957586070242E15
-5.8029459834438195E13
2.5019658702567195E15
-8.962613724065581E14
-1.498717789733442E15
-2.398055946417657E15
1.0540172928506448E15
1.1767620312807738E15
-8.513302781653622E14
2.812632558623373E14
-2.2266038507938505E15
-1.3719334182915555E15
2.5014336874198135E15
6.373348191097184E13
4.96739079806037E14
1.161884702113257E14
-9.279076331756486E14
-2.2957691930407055E15
1.986487633737052E15
-2.015881883619216E15
2.6513669492670155E15
-6.783818469182144E14
2.897713622184391E15
-8.63317290874256E13
-2.085467232730921E13
1.0529413426146214E14
7.519019494849007E12
-5.449800110083891E12
6.645849973204134E13
2.2582492660640495E15
-1.10224700503675E14
3.4879944318547625E15
-8.067918027317638E13
6.819491321803559E14
8.491410757171239E14
1.025114173092627E15
1.3407122499756685E15
-3.2101911669429805E15
-1.0914709432294278E15
1.8740570189532418E13
5.464392614007667E15
-4.809653658283333E14
9.455197775074972E13
-3.0243358229372745E15
-1.86634041098209E15
2.778636003964001E15
6.472731229842844E15
-1.478840911267632E15
1.2119424784614155E15
-8.437821267548741E14
-4.169938634228465E15
-4.3425963696967745E15
-3.217680768420252E14
1.602391604294112E15
-7.982187144412762E14
-1.0829597856834846E15
4.592371582039848E14
-4.274264450741336E13
-1.8723424972783875E15
1.0929715327383745E14
5.707444876384958E15
-2.627571811600757E15
-1.6791759537985062E15
-1.6883950877940865E15
8.865788321462059E14
-1.216079276466773E15
-1.834122977044404E14
9.89540441743502E14
6.59180670667391E14
2.528850947995995E15
4.4734330570331756E14
7.783197636851132E14
-4.2101801680113356E14
4.12335965505713E13
9.932252525294669E13
-1.243934765436228E15
-1.2510400615006055E15
-1.0699883466077184E14
9.091515105291051E14
-1.3285632467154892E15
9.279713594105425E14
4.2720935174077494E14
-5.307246864106614E14
4.938290552461992E14
-5.442278834782092E14
-9.816733165792838E14
-4.2456713264987255E15
-2.071354637633014E15
-2.45162426981225E15
-1.019884311935978E15
-6.656394181165372E14
1.2754829428277388E15
2.9418570743345606E14
1.3255056519604748E15
-1.904685095278481E15
4.3490637180053745E15
-9.13554127395786E14
8.353278418245749E14
2.0851873747759355E15
4.705613561198226E15
-2.8591389418450355E15
3.0188849972899594E14
-1.758108293913289E15
-1.7032854425192768E15
-1.1793731409669542E15
3.033459849380412E15
-1.1720457605353894E14
-3.707680223225971E13
1.1013043655122452E14
9.332049805612172E14
-2.2312106067836616E14
-1.8480763288866958E15
1.2987872700637242E15
8107506.509764873
1.623631899995125E8
9.326672665188588E13
1.9225868238523176E12
-8.205997974943379E14
3.433404917417377E11
-6.334564751652402E12
1.8223670900431828E15
4.827690280989318E10
-5.918402001639818E12
7.106507165813474E14
1.7522147490124397E12
5.994884423903561E14
8.234052277780544E12
-1.3985218334289938E15
-5.102773839710993E12
-2.0833005607291157E12
-4.638273204873958E14
-1.0027929864715131E12
-8478932.94083096
-1.11312686992571E14
-6.852964634533171E13
-3.331299897698453E13
-2.3316682823742956E14
-3.278398254533415E15
1.0362980749956914E11
-1.7579620294258916E8
-1.2776232511179985E12
1.473386096458057E8
1.2506424070441479E13
5.893514826857669E14
2.6831364893807555E15
-2.6738901874697335E15
-1.2665540873155598E15
-6.009471230253632E14
-1.2345533844640228E15
1.349936490872958E14
-6.504145095849239E14
-2.1232098126946625E15
1.9115821129201128E15
-1.4007534468933282E15
2.408840063266995E15
-8.285286407705605E14
9.39442340255152E14
-8.589156929809562E14
2.1617825435682475E15
1.6595198919532647E14
5.524182825744749E14
-9.287671488340301E14
-7.699421851688906E14
-2.4007917665312053E14
-2.5077273238987056E14
1.261587593148824E15
1.5641209745718455E15
7.738049662884654E14
1.9536509478999022E15
-1.5042757218669842E15
4.922458086503204E15
6.73199024440238E14
-7.494551412672798E14
-1.8082921258706652E15
-2.0539573212819532E15
-2.974464851099905E15
2.1954055438308842E15
1.74574898971617E15
-2.2388346834436485E15
-4.738086240653024E14
3.936159399744707E14
-2.331757610755953E15
-3.8852137096227606E14
-1.350205321745805E15
-3.82214106592599E13
1.129985789645329E15
3.8454736398923835E15
3.2645778770486615E15
-2.9054998060886844E14
1.895019636398204E15
-2.852304814565372E15
-3.867832655624213E14
-4.2451567702574275E15
3.749126965999893E15
1.60767290174717E15
-8.13339493659284E14
8.648849052958545E14
-2.978271783616052E14
8.71292683232166E13
1.8425639862732262E15
-1.171245140158457E15
1.4366372718101462E15
-1.749698720732775E14
-1.7344170787950508E15
1.7127321819136202E15
-1.6790524523255912E15
-2.2923036306267295E15
1.3611681645395205E15
-2.722125298651649E15
2.3638041845251095E15
-8.549403750242029E14
-8.555546351830995E13
1.327093052281015E15
5.93087382922158E14
-2.329843614583755E15
-1.5271579193231942E15
-6.67056364419388E14
1.6965153263654832E15
1.478493922005062E14
-3.229664091042055E15
7.825103694540199E14
1.0249663004899116E15
-4.109319929586191E14
4.8359627183747875E14
-1.1234186533087586E15
9.850949156802708E13
-4.37562169591647E14
-3.0235884867403705E15
-5.922561372867672E14
-3.856812490869336E15
-2.848602493794623E15
2.0511625258316985E15
2.1991238035465072E15
-2.2178985031229675E15
2.459522247804742E14
-1.0508856285529594E15
-1.0023166290432304E15
5.120571510260528E14
4.323156400115712E14
2.0761751598688405E15
-8.74904880874898E14
7.982170597688155E14
6.667317040948064E13
2.348466024587022E14
3.773597711019355E10
3.649896894264947E15
-1.3073835440990525E15
7.641806910996056E14
-1.2445870122722852E15
-1.1589786761578632E15
-3.595658017656549E14
2.401189688048909E15
-6.247480973865829E14
-1.0508092607240744E15
-1.5679309469051753E14
-6.989249977608592E14
4.797227428928918E14
-2.275359333645412E15
-5.4557847821944925E14
-9.586219224021936E14
1.0558888866748305E14
-1.9375670410507797E14
1.5110180558973018E15
1.6576275702483018E15
1.5697942210277705E15
-6.889199769922108E14
9.301615118506352E14
5.0717778000494344E14
-2.3146044267762115E15
-7.537061799377636E14
8.159865845523021E14
7.037645801649101E14
-1.8317906969106598E15
6.316642696817368E14
-6.476996609109095E13
-2.0390458325330832E15
2.2702584292483784E14
2.9380173858710485E15
8.824778501012725E14
1.0612303475214408E15
3.222982581029219E15
-7.582310752253909E14
4.183430523089677E14
1.5290412712675565E15
6.12841363548707E14
-1.6197195081809934E14
4.911726074801351E14
5.036897124117166E15
1.5482652258129332E15
1.8299966617406048E15
-4.5402729621223494E14
1.3055338727302418E15
-2.6761304871408825E15
-2.0096039128745352E15
7.738331785475104E14
2.0374379978776138E15
1.41714828234931E15
-6.282960444025391E14
-2.878031078460625E14
1.6434024965346998E15
5.008655018132024E14
5.732179778120338E14
-1.3853459240150645E15
1.5875314906625492E15
1.4258263248060412E15
-7.555293438140819E14
-6.043978929595019E14
-1.1374598883915888E15
-2.642720688576355E14
2.1976533133198265E15
-7.978811696588718E14
1.8657929375308655E15
-2.850213001948045E15
-2.2523577581010185E15
1.1367839181073225E15
-4.869591600586659E14
2.3686921500928915E15
3.0867704431589125E14
1.162584079427942E15
-4.997710847379623E14
-2.299896050840688E14
6.768077651610411E14
-4.0920273262502844E14
2.1815404221966808E15
2.7554982334852553E14
-2.7851985139813088E14
-3.289540033768713E14
1.5082271995528745E15
4.04717652844389E14
1.6341532387006382E15
-4.426082588334148E15
9.240081146611681E14
9.744666237410141E14
-5.3998136681609975E14
-1.2187015334231585E15
3.7824915739213344E14
5.307644135059814E14
6.628007541807549E13
-4.953103141182703E14
1.6689662823051812E15
-2.266025789590345E15
1.0049502857639805E15
3.6106916962563844E14
1.328963868399155E15
-1.452805750506891E14
-4.2318245169266744E14
9.18787446406896E14
-1.8118906308484022E15
-1.2189852414259872E15
-6.1819699632150086E13
3.862956664206819E14
6.115493506749028E14
1.5234166022475818E15
3.95829997394709E14
8.70991981708562E14
-5.143833746864828E14
-8.051030705505872E14
1.1689628776807205E15
-1.8096578904392585E15
9.703504566407279E14
7.415135607216036E14
-7.378672665513824E14
-3.0559672326733425E15
8.290441029070196E14
-6.304212801398418E14
-7.25248450748852E14
5.383696837664E14
1.1806464003565369E14
-8.884428301286002E14
-4.5716421407167044E14
-1.688076354621929E15
8.514995224640692E14
-6.134627605652745E14
1.761807686229433E15
1.4593297959452142E15
2.6664530067521695E15
-8.18765766010931E13
-1.045077944981327E14
-2.823437308355168E14
3.4810818206875155E15
-6.861013541685359E14
-2.4210296989758855E15
1.7763345748343818E15
3.1447287661972565E15
5.933707362494294E14
2.6772406996181225E15
-2.537196934456555E15
1.6239395639592002E15
-2.31301608946287E15
-6.270268983035022E14
4.4724511226877715E15
7.243140848979814E14
-5.0741249430012656E14
1.5471003442215258E15
8.328485333973849E12
2.2148190952815E15
1.6841180441837362E15
-1.3993235101293562E14
-1.7417749378759168E15
7.6063131296758E14
-2.958228947414771E14
3.327003792672814E14
-1.1306332610329252E15
-4.064876727918503E14
2.554068091404982E15
-7.574516846032646E14
9.359259819285881E13
1.397397462341704E15
-2.582178682688227E14
-1.0889941418626235E15
1.104954662229986E15
-4.6138357915808325E14
2.7329704387471905E15
1.699837511088718E15
6.699115417602309E14
1.778385408240728E14
4.69153018747137E14
-1.1968514684367028E14
7.657967560287515E14
-2.2346789074631253E14
1.1025855311613475E15
2.3500468897186372E14
6.792904236230402E14
4.491638058169102E14
-7.936177272812186E14
-1.0456470781537002E15
3.923821148242293E14
2.792299083441428E15
1.3577933307993105E15
2.0018197874613575E15
2.4240995423536197E14
5.345898620253284E14
-2.0930557407361512E15
7.820041506023598E14
1.560319807082248E15
-2.34802863904652E15
1.0649774175160984E13
-8.17750195194934E13
-1.171322112321912E15
3.016944897033039E14
1.07111335170437E12
3.0903239822904725E14
-3.552491598506626E15
-1.736186082183601E15
-1.7251855919400055E15
1.6303316391467572E15
5.0710511813747594E14
-2.6415009405375412E14
-2.8051473475302145E15
-6.643161850931434E14
-1.698657017347819E15
6.059794918876286E14
2.433027009560353E15
3.398877846749394E15
-2.9229805420212756E14
-3.198985034717068E15
-4.156658879681064E14
-1.481087020892968E14
-4.79936803828591E14
4.4054031761280575E14
1.188289040131928E15
4.634459893938801E14
-1.3374037567149608E15
1.3742645951227745E15
-8.553181643196622E14
1.0170975055486261E15
-1.2651398217139738E15
3.210548008399618E13
1.5998382269757922E13
1.9716568911207738E15
-2.2497454364491708E15
-2.105278123990427E15
4.552742550388343E14
2.1398629383102348E15
1.1683327871007855E15
2.663979195331465E15
1.931974861308422E15
-2.7011455677941784E14
1.8655469158496155E15
2.1396047856767182E15
2.2407787477512035E15
-2.4859554336721466E14
-6.447747312732115E14
8.715047533250619E14
-1.3510471819936938E15
-2.2163805548182428E15
5.805170436236189E13
9.206236719289781E14
1.3926335534961662E15
2.7987541076808825E15
1.2124418393166298E15
6.587969537776408E14
3.2629370275407344E14
-3.2777818137547655E15
6.221355383398449E14
1.4334019484587998E15
3.062715983765553E15
-1.042369249974209E15
-1.8871567111648528E14
1.4697301591503215E15
-1.2274655660337662E15
4.990727613243866E14
-3.091802764169612E15
-1.3815248619520055E15
-3.957683116759885E14
-2.0463234759726888E15
1.5034982923351684E14
1.4349852463080215E15
-1.037844263239479E15
1.8154509269653802E15
6.032195448430026E14
1.5261831873436356E14
-1.4537231004862148E15
-1.4744353508172E15
3.690440929720948E14
-4.248894030985541E14
-1.1780384156537145E15
-1.6960492114552847E14
-1.3799825677646588E15
3.489875323789374E15
1.0984615175273984E15
2.1176840793033452E15
-2.6327972535333045E15
1.280250061071624E15
-2.5793590300458838E14
2.7591902208620134E14
7.407493004629179E14
-1.7132484851142182E15
2.930576838305684E14
-6.573337612476018E14
4.231247862632105E14
1.1101591190047716E15
3.4501682604762856E14
-5.556561729039763E14
-6.93071818233542E14
-1.3359021580852808E14
8155641.373274837
6.179123262511138E14
-1.5527015942650985E15
-2.9726789427604402E13
-1.612099757472738E13
8.193390982974553E13
-8.40580423214194E14
7.785573465740849E14
2.900754955523567E13
3.3983708740391008E13
6.740491767165604E14
1.1066749449922899E15
3.7423746430324634E12
5.064565335034981E13
7.735615333304569E14
1.0413432965580872E15
6.831481516535314E14
1.5749020302583359E10
3.6492008386166945E13
-1.239857463006449E15
2.1404124493324957E13
-2.063760242599055E13
-3.0843992939263606E14
3.358483692869871E14
2.254467026147529E12
4.376567910002331E11
-4.6066477976871194E14
7.713960235641165E14
-2.3915586661785822E14
3.0596858847856315E15
8.954104944902797E12
-1.7177342848628638E15
6.123131132458212E14
-8.721051486036455E14
4.7876246481222836E13
-2.524887298042605E15
-4.1328277308682115E15
-1.9658593550655406E14
7.497346131978049E14
5.751521328564231E14
-1.1433493492767364E14
1.3354715175589802E15
1.1847995213549915E15
-1.148436768978207E15
-6.810550806327335E13
-4.48566206645544E13
-5.41807540072667E14
9.405295596925352E14
-1.130260941691483E15
1.0673275205175869E15
1.116864115194816E13
6.527119299827058E14
1.0695684345145775E15
2.835736161258066E14
-2.636372210529333E14
-1.1363389016984577E14
1.145425285275185E15
3.923112286325603E14
-2.4209676102545935E15
-4.23005840339593E14
1.0323833039642658E15
9.815217629503521E14
4.3243128136604E14
9.813577337316434E14
-3.7242421608882385E15
-9.038482025394848E14
2.0235466373641285E15
1.097009339747686E15
3.868406389473726E14
-3.358308603372922E14
-9.520066270022292E14
1.7081356906079778E15
1.993565532743032E15
1.2500074847587985E15
1.4709897982615972E14
2.5053653350481385E15
4.464023707622395E14
-1.8877485975824438E15
-6.686444845274269E14
-4.508116060957256E14
-1.0352391376130858E15
2.583189059621321E14
-2.1561022028343332E15
6.204748921290004E14
-4.0897132018213806E14
2.3481148603452772E14
8.306469703093959E14
2.320005106358059E14
-9.201192787611088E14
3.03679386211452E15
-2.3053755379797062E13
1.5859677505009675E14
-8.329091153509142E14
6.858099525996551E14
-8.361947319530209E14
-7.567420233596549E12
-1.3229090170576385E13
-1.0100649999772386E15
3.544660630703724E15
6.743550298658105E14
9.187542279758026E14
2.9152091336241585E15
-3.8784537569194086E13
7.69599310169499E14
5.020726600985201E14
1.4046863750974768E15
-6.223578088824751E14
1.2025208905340334E13
5.163412966570663E14
1.9665749254681192E15
-2.1858351994179572E15
2.971848592860995E14
4.1313270153649956E14
-3.141463620319902E15
-5.302421747109588E14
-8.70030560746679E14
-2.0600895000979368E15
1.6209026774974573E7
