1.5420636134500015E15
-1.9321665941531065E15
3.963709277727864E15
-1.476901906290356E15
-2.7211725736276605E15
-1.623791241414292E15
4.2858029928641345E15
-2.2215026469348015E15
-1.1336944362758468E15
-4.1923087257047935E15
-1.3029821865809048E15
4.711750456507788E14
-1.5958122920537015E15
3.3154623509094044E14
6.282848624346945E14
2.4554583753880245E15
4.260286085779574E14
-4.7163053883985086E13
2.545488537993935E15
-1.6541140454739308E15
5.98071340854024E14
-3.409063805322489E14
3.090029798305639E15
1.5089297081245942E15
1.4736763381281378E15
4.1065262827601875E15
6.113534747646702E14
8.77499313576964E14
2.797796099047899E15
-9.334333890177956E14
3.460605588983071E15
-1.9792053572515568E15
-1.4390484125711372E15
1.8436737431923344E14
-1.848696356656409E15
2.3416427786818945E15
1.6882280576378412E15
-5.762012338006686E14
2.4060621301245535E15
6.784919371536615E14
1.1961839994982758E15
2.800646412761415E14
1.533708107381151E15
1.4862158972878622E14
1.1992205430503865E15
1.4877384908446885E15
-1.5726389816718225E15
-5.025730942123352E14
-6.770472475871164E14
1.4981794091910794E14
-5.90160480214702E14
-1.9498897691955968E15
7.606826422243212E14
-1.4485210354131828E15
9.259094108380638E14
2.309097149402867E14
-1.0577244383820211E15
-1.7472340169003135E15
-7.002432917713725E14
8.143566940191614E14
-1.631905298371967E15
-1.7375700226233402E15
1.4823628113069345E15
8.340829179309708E14
4.9369968460068306E14
5.0431034461420656E14
-1.0762435140762824E15
-8.35298074103621E14
-1.1364446936378075E15
-3.4322317109696406E14
1.250568295903507E14
1.3522536846908742E14
-5.078912030547716E13
8.830706296630416E14
3.894382628201581E13
-3.9030662547188425E14
-4.837645670760047E14
1.07873959891138E15
-5.839444674643939E14
-5.548111224388692E14
-5.0781621774704794E14
-5.795159951998402E14
2.1640794427207166E14
-6.237191056960694E14
3.0173846073884953E13
-3.750051219379007E14
1.1127502382146209E15
8.12214496853491E14
4.112666226456545E14
1.2265860988919933E14
-1.775976637984078E14
-7.818237609719135E14
-2.9184497868608644E14
3.4721431160314225E14
-7.574470739479388E14
-8.002376488380631E14
-1.4758908626186294E14
6.559040470042016E14
1.6699387164379388E15
5.3071171557684075E14
-2.0074188392370344E14
-1.3455559099948442E15
1.190557273342443E15
-1.2269686579751622E15
1.0118066418378606E15
-9.320372798347456E14
2.08201330782289E14
-1.3367390684669095E15
-1.2706489602255268E15
4.6799325183165856E14
6.409317508312983E13
4.895702873818205E14
6.001299162546434E14
-6.536530489370195E14
5.889093331097795E13
-3.5529947287200106E14
5.5712834255654375E14
9.67004492854795E13
-6.363592475772598E14
1.6594408250144542E15
-3.88278530528577E14
-8.836904667058425E13
-2.6646087360443512E14
1.271760065566425E15
1.192274807925162E15
-1.2823960540306552E15
1.0469263008703659E15
-7.316964679352935E14
-1.7699690223458788E15
8.353554198230472E14
6.838553111536555E14
-7.07857777336314E14
1.6134924037480582E15
-8.505504437024492E14
-5.553441183663233E13
2.2615327124218494E14
9.37366204173975E14
5.094632303142037E14
-3.419078721030696E14
-4.842673805953427E13
4.384952718189539E14
7.947840793798661E14
9.811916863956189E14
-2.8723208907040225E14
6.3878736177681E13
8.721260456890736E13
4.715563193480399E14
2.105046031110483E14
-4.305043874467894E14
-1.8683133715122572E14
8.907772139580546E14
1.0358745809402166E15
2.019277000423483E14
-8.927824532997215E14
-6.898468026947085E14
6.01070915719715E14
4.2820105755989675E14
1.6041520716094265E15
7.411666852955134E13
-2.068025677862231E14
8.670997785857979E14
-3.261374543738189E14
-1.4397215976621608E15
-7.174775790529845E14
8.000162482480116E14
1.413719098809599E14
1.3886503520646278E15
-5.3962996053958975E14
1.74504807541944E13
-3.213476716240326E14
7.426228137313001E14
8.139073521078278E13
8.454738644165194E14
1.4048875325537995E15
-2.242414989539749E14
-1.9946129809390242E13
3.3646659863721694E14
1.5414219768029828E14
-9.27441529883857E14
-4.4059063921917075E14
1.0769434475358975E15
3.2321221074033156E14
5.4109044562726775E14
-5.2873031142736044E14
3.0162572636992406E14
-1.0787190056285947E14
7.853682935012984E14
-9.637628866359088E13
-9.963365961232573E13
-8.650444635140874E14
-5.95533698638451E14
-4.802292261056598E13
-3.912508038597091E14
6.511594584796052E14
-4.495324046085155E14
-8.854699938426389E14
-7.880780853346592E14
-1.4773538480370853E14
9.249796377983295E13
-2.285397840294334E14
1.0025121592780262E15
5.740700512632175E14
-9.486315905860544E14
-1.9478885156698862E14
4.616755756030409E14
-8.677412947958415E14
6.361283695867033E12
1.9462875675976872E14
1.0933144351711418E15
-9.198213085560622E14
6.428025047210939E14
3.733562395168914E13
-1.5812263709708479E13
6.954850504271311E14
5.5366209952038125E14
1.6131911455949994E13
3.254144460126211E14
-4.404236993400772E14
-6.06742110515228E14
-7.261152948820002E14
-7.834838555633652E14
1.976711722815962E13
4.5133756638141516E13
2.0417687162623147E14
-2.2871870795068254E13
-7.980388747107192E14
6.498085267916844E13
-1.537372349499885E15
1.3336233327880478E15
-2.4023709813807378E14
6.369751398388469E14
5.186793079406691E13
6.347604629547028E14
-1.2722396643105448E14
9.989333466981082E14
-8.015719217560486E14
-5.252413543752728E14
1.9638331522120647E14
1.1086280245978106E14
-1.1156955618772855E15
-7.656696690366959E14
-1.1096710142589665E15
6.600064457922075E14
1.2146997218611358E15
-2.7111349103739475E14
-7.359477998014621E14
-7.454187509601655E14
-1.9902510564673512E14
1.2566748234068375E15
-7.444655606364341E14
5.308411351433275E13
-2.6394957915431947E14
-7.028903218993981E14
2.867259744391396E14
-7.661355919197065E14
7.091529627422484E14
1.5204262704341197E14
-3.6090282844250094E14
-3.391964754579143E14
-2.1043349586522112E14
2.9979644017240425E14
6.540609809819471E14
4.719813874697019E14
4.448925075224837E14
-2.7335084224472816E14
-3.639954881979915E14
-7.231631804967508E14
-9.408610504696906E14
-2.3671536153346628E14
9.002378222583638E14
-5.606532205638661E14
-1.9946913384167926E13
-2.1315136525863394E14
-1.4871363202380865E15
-4.2376779244456756E14
3.759433818840628E14
-4.1361223107008456E14
-2.214875321317238E14
-9.265042428940272E14
1.0762625353107298E15
2.7347964461126434E14
-7.358550305196571E14
-3.962373760846355E13
1.0729623651020011E15
9.045608950140869E13
-3.229710924332564E14
9.695018027954804E14
7.046518880114506E13
5.833440712012265E14
-1.4356068013575788E15
1.1540876297105562E15
-4.079336044475537E14
6.4462991933107305E13
-1.0129266839121144E15
1.3812751165057158E14
4.979053838470573E13
-2.5272582316632397E14
-2.33920119009977E14
5.049075578684378E14
1.2643663110690285E13
-8.648685847314695E13
5.2587620464879656E14
-8.222715331716698E14
-3.599827011873322E14
-2.3860911570696612E14
-1.539117327702207E14
4.9019612338936244E14
7.885112491576082E14
8.965408187223806E13
-3.834476514751403E14
2.841800659214272E14
2.544390807280278E14
7.642161785571861E14
-4.514946138193793E14
-4.8690676905399444E14
3.569423403373846E14
2.046082076288212E14
4.001068409553367E14
7.737749296769211E14
-7.053077165993126E14
1.589840244178462E14
-6.186725072911915E14
8.389170947311362E13
-1.3347946712214272E14
1.3983569256094489E14
-1.0479967617529652E14
5.3170353865392744E14
6.751857202228502E14
-1.0638751304633648E13
-1.0432058219415325E15
3.353333460401619E12
7.919701971442436E12
4.136275273114601E13
-1.0709138102399456E12
1.068190770123556E12
-2.7521627801313984E13
7.735299053282541E14
2.4749962650887847E12
-3.3588094809454113E13
-3.139406283344945E14
1.632484030397188E14
2.633708720216391E14
7.311481091568128E13
-6.898978706590479E14
3.7239338830834194E14
-2.539448274034938E14
-1.926225832911473E12
-4.5026568899458144E14
1.7435400549286147E14
-1.1217593503309323E14
1.8819080632452828E14
2.1290357401512478E14
-8.320346545642548E14
-1.8792399194889225E15
-2.75659504639098E14
-8.522732762162955E13
-5.264870522130293E13
4.828253513335461E13
1.983942268203708E14
4.9715153536058673E11
-4.315979886303935E14
-1.9908417213717673E12
4.128828224774907E14
-5.060959443992897E14
4.3671595121473375E14
8.120471573596279E14
3.2356874169062047E13
-9.35411048575874E14
-6.50311801030608E14
4.9780579917012794E14
-2.5529926252780597E14
6.609696876762132E14
-1.6142725159173022E14
4.001788500542853E14
-6.247078999763088E14
6.538863133775596E14
-1.143538346825939E15
3.0532445725595825E14
2.2823103710324975E14
-2.0611650162656378E14
6.151387340268261E14
4.935415705718471E13
1.079651522373752E14
6.459759932648183E12
2.6466102999762403E14
-9.259683849094498E13
1.2722538020664873E14
-6.7025518803081945E13
-4.2519495082556844E14
-1.3252893747386677E14
3.258980620610329E14
7.068695260209229E14
1.6772513653893238E14
9.430575547855E14
2.436669410034032E14
2.6249473023490325E14
-4.35105214270774E13
-1.2004192811838644E14
-4.351394644697489E14
1.2336883098406248E14
3.5116471202696438E13
-9.589591801468019E14
-4.319731495694811E14
5.896346009811952E14
-8.343642100663029E14
2.6891898954338928E14
-1.1396984313498902E15
7.190115969008709E14
-2.031346923981261E13
2.7622093930653272E14
2.3088680098896097E14
3.101939972823912E14
-1.0080766872644419E15
-2.6830160440547703E14
5.702180565445424E12
-2.8492001222003863E13
-4.880529631208961E14
-1.7608456877902066E14
7.370913983424564E14
-8.138562477746325E13
-215189.12884480736
-1.8773336547791243E8
-2.735519983766791E14
-1.5013465197398952E10
3.2326776685075244E14
-2.7643063137951196E11
5.949849891464213E12
-3.7897762503766456E14
1.6180053531368515E11
1.372180392878434E12
2.3105540996602697E14
-6.314220102602865E11
-1.588660509291109E13
4.231307201542399E12
1.724551184113748E14
1.2392863951266038E12
-2.0065034771090805E13
1.5443962028263195E13
-1.3359824610410692E11
-2603135.2242915384
3.572948158044416E13
-2.1122730764922925E12
1.2078212511557234E13
1.671780034667989E13
2.591526504811312E14
-1.207441758732594E11
4.487921595776474E7
4.84499146050275E11
-2.264370923233627E7
-1.2972173703846228E12
1.602048932987776E14
-7.71169616501296E14
3.810933830389677E14
5.556803874530071E14
-1.4815393282674722E14
6.360746530076749E14
-4.853669457433231E14
-2.828362072694045E14
1.6546334561601797E14
-2.403399233544242E14
1.531632714895071E14
-4.9236302600577544E14
3.883920535218218E14
-4.748678274776157E14
-2.0806605056550082E13
-9.312813780812085E14
-3.597395608124498E14
1.162093326591663E14
-1.599451300226644E14
9.201716565935634E14
-2.971950893748319E14
2.660948817893844E13
2.5789549638079434E14
-1.6349563715872306E14
-8.147045432403632E14
-5.8086582346407E14
5.538020112323245E14
-9.334089356889215E14
-3.573949610354857E12
-9.291030655440504E14
-1.2204430236650327E14
4.439591474191737E13
1.0845801488214406E15
-1.998842471760722E14
2.2657256595620322E14
-6.812488045804133E13
3.975249468361228E14
-2.7670228288917675E14
7.409037022922262E14
3.104388673821512E14
1.9456439068938494E14
1.2071743378148748E14
-2.1641379397600106E14
-9.943837016146889E14
-2.0592939910130912E14
-2.3948608900734178E14
-1.0018693273568166E14
5.8265217821879E14
4.577920672863235E14
5.374240063456165E14
-6.474143542553379E14
-1.9637555373206553E14
6.863537290097065E13
-5.401085929135685E13
4.2874385468833556E14
-9.519567476746172E13
-5.48689605530694E14
-8.253738435041862E13
-8.821289456039799E14
-1.8796374877520878E14
7.366136150887581E13
5.633394039234265E14
4.0438710088122975E14
3.86432060090745E14
2.1507084242804316E14
7.216315422386439E13
9.709231059360438E13
1.8982092577707175E14
2.875180345532305E14
-1.04924362116701E15
7.610735659399109E14
3.0701560687427744E14
4.609876341324006E14
3.0584965916352756E14
-4.0964686017972106E14
-3.1437954465484406E14
7.842404634904622E14
7.055018774988141E14
-4.372175908409535E14
3.7584566147784544E14
-4.671885873054944E14
-6.51423922805767E14
-1.0293428047014884E14
-2.61164589368208E14
-4.17958959746626E13
4.9413073865065625E14
6.847188704362404E14
3.8556154708578E14
-5.783645084430611E14
-6.303609002438052E13
4.292714524390531E14
-8.41320330793428E13
3.6940235385557525E14
-1.05136221518043E14
-1.885436507453035E14
-1.266560567023928E14
-1.1012599572470929E15
6.979193231488255E14
6.95942092422087E13
4.8207000698078656E14
5.744232073183231E11
2.010339568096424E14
-2.7603520825657488E14
5.0769925999172344E14
-1.367982071027325E14
5.382006954127194E13
4.9735878893456094E14
-1.8854714653633816E13
-5.427613074700377E11
-5.945204203523151E14
-1.2467902364557775E14
-3.937975528975573E13
-6.450244573301918E12
-7.44565886563271E14
5.122975973987421E14
-2.5372274143912984E14
3.933062516401266E14
-3.54685652822283E14
5.47285837143577E14
-6.810322829081986E14
7.583967347218816E12
-6.37432000542949E14
2.9979493692314625E14
-4.372849809035303E14
-1.8617995330887722E14
2.3152925097974012E14
3.8246211926496994E14
1.4519617807695506E14
4.0728190886671086E13
1.924734153818327E14
-4.446055632332128E14
-5.483435991187282E14
-3.6740029579216156E14
4.423716165186128E14
-9.386208216708051E14
-7.613757084115276E14
-3.6097912837970006E14
-6.772943218225916E14
4.899734095440547E14
3.835621995095755E14
-3.08353867221393E14
-3.7218954179238756E14
8.085682705122647E13
3.5799959726862875E14
-7.46153499054055E14
-6.871034480136352E14
-9.624003280904288E14
2.4090186402683722E14
-8.021145923657403E12
5.717006226094778E14
7.409394579800024E14
2.1359196721822645E13
-4.5858893147010225E14
-3.743745435851018E14
-4.5842101441061256E14
5.008626941563718E14
1.8431732137519966E14
7.49724040608784E13
2.979573227078483E14
4.8564807825064494E14
-5.2791051054471106E14
-4.85146477994641E14
-4.0273714277417856E14
-5.2252902694852055E13
4.4134473518125644E14
3.5881446317777675E14
-5.971179510128178E14
6.565323732774125E13
-6.8486070319290195E13
8.09438240910147E14
-3.267962856743623E14
9.369909920610072E13
-7.727920892169328E13
-8.971155625234349E14
6.278435086270109E14
-9.516896398959925E13
-4.879910356821869E14
5.299605344066368E14
-4.2632029804675906E14
-1.4380058230019562E14
-7.149568832807056E14
9.31268631924224E14
-1.1905635959913419E14
2.49344016517736E14
-4.137113452667783E14
-4.9617791944648125E14
-3.7424923737994806E14
7.746217878616311E14
-3.586521202724647E14
-7.873688302230861E13
4.0590623028072756E14
6.663379128251363E13
-4.207340395873383E14
-5.017012765063294E14
6.013220914916894E14
2.630997420950694E12
-4.320143947790152E14
3.941055744603587E14
-6.7507494903055664E13
5.896489889277689E13
3.538087250665407E13
-4.211155248506069E14
-1.186925206128125E14
-3.290861109086549E14
2.0291372290465322E14
5.594129997349604E13
1.1645510589142088E14
2.0914267890336597E14
-9.873487679893605E13
-3.126060953855366E14
-1.9271922752549026E12
2.718565263506086E14
-8.283758102220847E13
-1.150683958504016E14
-4.001218569921874E14
4.5598734695506406E14
-3.239055074459816E14
3.8893660462450344E14
-7.548233485551283E13
1.5311518187816938E14
-1.5740396321300153E14
3.618327901491139E13
-6.153538478140718E14
3.708398147357455E14
-7.610826144178969E14
2.4204234831004503E14
7.824840383284018E14
8.031654433847884E14
-2.734804111704025E14
-8.920450728930308E13
-8.105029434271402E14
-2.4035842253531125E14
-2.3875754600933972E14
4.305263026635443E14
1.45653706922921E14
9.35527513796041E13
-4.4457363681609706E14
1.3437675587700408E13
4.322595242428058E14
-3.937506078958501E13
-1.0641605438828661E15
-3.5104267599235863E13
1.3318933682276112E14
9.228275351655918E14
-7.680947894561875E13
2.6291877125757797E14
-2.6678624827012684E14
-6.332216653075884E14
-1.6572990439460053E14
-8.470158581621951E14
-6.948199511879819E14
3.563291304529779E14
-1.0865264114806986E15
-3.238056881017884E14
-1.8688774673606584E14
2.83873612187397E14
-9.955577581955606E13
-2.5067949781201775E14
-7.940185604254811E13
4.6844662086707675E14
-1.1044495398675089E14
-8.593312218316071E14
4.702405372541227E14
1.270598414521864E14
-4.186981767751391E14
3.5539831283106225E14
2.7422837024485978E14
-2.6167429844310406E14
-9.804964030049519E13
-8.056168387410439E14
-4.6101507680397725E14
1.5516635770313634E14
-3.43538131854094E14
2.273702735598072E14
3.9091186148912806E14
-2.3709607678502822E14
-4.4231293452678244E14
-6.246633835436451E14
1.3504757635345861E14
6.390984150161075E12
-3.543181948303788E14
4.972455422399229E12
2.139820081419521E13
2.6607700878907753E14
4.526169537815161E14
3.7370911852364225E14
4.348254850560502E14
6.498966743035461E13
1.2444693166567788E14
-1.0045903841153434E14
3.501992294045895E14
1.7806016661697703E14
-9.225327935878627E13
2.4039665687900528E14
-7.895671170597614E13
-7.093634034378156E14
-3.3755302930228656E14
1.341462460323257E13
3.656473318736561E14
-8.369415387430502E14
-1.0360761891290962E15
-3.0248326024164356E14
-6.181189401291206E14
7.104700558974875E14
-3.504121485799281E13
3.52744365564428E14
-1.212997632527037E13
5.651525101238732E13
-5.896644757228082E13
-2.2297367327297625E14
-7.886748288347178E14
2.5414221684771066E14
1.0015933265997152E15
1.4328817950874484E14
-1.9948558777070284E14
3.07873545211477E14
2.007912145167037E13
1.1841951352421686E14
-8.724486005308889E13
-1.3927159441423805E14
-1.468053403347676E14
3.0220436229880525E14
7.65450787434495E13
-1.67874843057054E14
4.653934454634927E14
-1.0161318044771433E14
-9.138006619236024E14
-2.4583972991120075E14
2.409532614049144E13
2.2256047767452094E14
-5.78181169601391E14
-2.3993732274818328E14
-7.656083542113656E13
-1.2418118328185297E14
-2.560978498354723E14
-8.620547927857388E14
-6.489830259774895E14
-8.921632776178641E14
-2.447496352297626E14
-6.25130099779862E13
-5.90858809583402E14
6.883356332270432E14
1.138550745022812E14
2.5025404376444444E14
-4.559466818453729E14
-3.129697574579334E14
-2.831190097519647E14
1.68310043795772E14
-7.274188871355169E14
1.701815771182918E14
3.4547850691372525E14
3.008394989294024E14
-2.8510276495044406E14
-1.429510339069301E14
1.3677333207055072E13
-6.089727777741022E13
1.5324834279508025E14
1.6926538575514903E14
-2.588962087837318E14
6.261708604759009E14
2.5646104083617606E14
1.4553617090117156E14
8.330740090219406E14
-8.339458536251186E13
-9.827878597569464E14
2.745616183252548E14
-3.725616161875775E13
4.7307266631510456E14
-2.079263725151073E14
5.671307702415516E14
4.677493990057045E13
4.560396390187381E14
-3.3193639081872125E14
5.294293490889454E14
9.804301900156019E14
7.240600037484981E14
-9.237300608644968E14
-1.5524113983986012E14
-6.0293044240469336E13
8.5329983316187E14
-5.872070171007224E14
3.685554131416825E14
-5.581873358796422E14
-2.2189861080604234E14
7.240860623745334E14
-7.350586695962392E14
-1.0450523724283393E13
-3.2210863992304056E14
1.6184912983869986E13
8.967967800025852E13
1.0439110230990452E14
-4.448851444660604E13
-1.1863162348114367E14
-252506.1032092661
-3.7361808556680586E13
3.595736411840287E14
1.2160697695717622E14
-8.401152266384371E12
2.4857922334650125E13
-7.970108154285381E14
4.953634977050561E14
-8.18652605078345E13
-3.378218511603597E12
-5.547441860067789E13
1.0515092337698328E13
-3.5163794256973335E12
-9.011398532959264E12
7.209655868011871E14
-3.154766414027057E14
-1.1212562624652789E14
9.140640664443344E9
-5.0141524721433375E13
4.898390945856274E13
-1.116149085708316E13
1.4091153293442605E13
-2.706175504739707E14
-1.7002481201701078E14
-3.086924372046157E11
1.2931733889532861E12
-3.365762678580954E14
-1.6006485176002556E14
-3.082152570072102E14
-5.200193224621672E14
3.6180410261510444E12
4.207842154913919E14
-1.292108143142922E14
7.451780261398965E14
1.0706522140508738E14
6.960069793266346E14
-2.1661254841032988E14
-1.8174072962998903E14
-6.204657281088829E13
-1.1177854463215833E14
2.6149656196026586E13
-3.036055697071646E14
3.3031601699517793E13
-3.878308575390182E13
-1.8625266188788372E14
5.533089401608577E14
2.940162006844116E13
-1.1607070949888748E14
4.898423317022362E14
-2.044720408463486E14
4.87839010601709E14
-2.9823488839062506E14
-3.023710909416714E14
-1.2112322314890003E14
8.858953756808838E13
-2.94464404270712E12
-4.3879830334897875E14
-1.6062220391755725E14
5.0552298935496844E14
5.968329977512558E14
-2.3243075503971803E14
-1.1561440899512461E14
-7.110481276928484E14
-2.2835565875133384E14
1.2999190595912302E15
8.63773202623286E14
7.683425505385383E13
-1.3669126212361733E14
5.968208506657147E13
-4.492936832040486E14
7.30178489360381E14
-7.408488397163886E14
-5.728555865733384E14
2.4546680176167553E14
-1.9974848628646284E14
-5.4652815931865306E14
-2.811437841593397E14
4.8827132575736475E14
5.990226963141048E14
-1.992937161782507E13
4.745344595281851E13
1.9368405875989866E14
5.84183423587868E14
-9.269829872837196E14
-6.38706777448417E14
2.3056246724793975E14
-2.079973711225524E14
4.0562508283267206E14
8.575139591249623E13
-5.5059716320371775E14
7.353197513070663E12
-2.494882875439693E12
6.271123884986008E14
-4.679886707783823E14
7.044524254396812E14
1.43937816810236E15
8.238811528113189E14
8.241930133870626E14
-3.609086323950246E14
1.0362422500644002E14
-3.9637269003013444E14
-2.4171189317100793E13
2.3701055304746525E14
-1.238340702148015E15
-3.7545584428359294E14
-3.6238477154559425E14
9.163686312417365E14
-6.263975689856072E14
3.787681233288772E14
-1.6284838282643244E14
6.180661520882571E14
-2.4462483186842194E14
-9.497927149736465E14
4.786025309193694E14
1.526493556443004E14
2.1106871260325956E14
3.5312571963818806E14
-469767.96861624846
