3.3797685004224745E15
-3.4617692329193855E15
3.522427459271198E15
1.020932556629882E15
-6.807199483416243E15
-1.797233269111935E15
1.5404966319752762E15
-1.6701881051951808E15
1.8173476145585632E15
-1.573039000500062E15
-3.964832574085242E14
8.420182680021309E14
9.219643854872084E14
1.8322026992595845E15
2.6193722950016885E15
6.884193102201508E14
-1.5909182081229298E15
2.399393048228506E15
4.000873768968419E13
-1.9780235405703618E15
5.43138359494603E14
-1.2985344540502318E15
2.5052704385107575E15
-9.692697379858195E14
2.711817389281802E15
1.1000168962156784E15
-9.90128574877188E14
1.5110016558772512E14
2.1903671437988138E15
-1.5812167413507828E15
9.419744028457514E14
-1.5079396418748145E15
3.9929083793866825E14
-1.194564290182599E15
-7.539179518430372E14
-8.190267883841944E14
-5.802704740788161E14
-2.0711961238885482E15
1.9431363217812208E15
1.0369847846511301E15
2.3647378148681685E15
-5.971207227887705E14
1.8860571445129782E15
-4.160233977721875E13
6.353734142261596E14
-2.454845377276918E14
5.1549888174207656E14
-3.646581740325281E15
2.136098076182208E15
-2.6696845920081153E14
2.997970695198644E14
9.00655777573021E14
-7.010917080890025E14
3.8712144715713344E14
3.93530713142566E14
-1.1353445412230562E15
6.505036312438822E14
-1.2273417701430545E15
8.860429361926477E13
-2.576112530639081E15
-2.5766099172616103E14
-1.0021248244459322E15
2.510679007677957E15
2.988490695497768E15
1.9168027058284308E15
-3.26694190629228E13
2.913670475143542E14
-1.3616617334934645E15
-2.1405403259430878E15
-1.6579911689034753E14
1.977396420557019E14
-1.8492204695477022E14
-7.199998128005218E14
-7.788479582074231E14
3.8661973127953156E14
-7.677234754227715E12
-8.9147754796034E14
5.798084169750615E14
-3.080959284487323E14
1.0077362748477861E15
-1.7263151590344697E14
-2.667434255643999E14
6.332714648659709E14
-9.612939467863935E14
2.8465110950458625E14
-4.874316798237462E14
-9.537094588518271E14
3.0195588745609356E14
4.8939795195868456E14
5.354204685421869E14
2.5086089775744478E14
-9.607746484459359E14
1.447662085722313E14
4.063477617245215E14
-6.010194107442212E14
-3.644847005975413E14
4.8241249171437525E14
9.748088366202958E14
-1.6467952707039178E14
1.717691231415152E14
5.01714218994617E14
-3.7963686793605E14
1.5623146995718392E15
-1.6132668055513798E15
-1.1784664596230408E14
-7.811376769641341E14
-2.4559227678682794E14
1.0190177962382892E14
-1.5074824200999822E15
3.8943013857418156E14
3.825776480263453E14
5.776577459499806E13
-2.204533114140154E14
3.723039594832324E14
4.187378917046174E14
5.283124457044228E14
3.167959741593049E14
-1.3310421704501412E14
1.6300439002064132E15
3.1522873520849844E14
1.1679038688024542E15
-6.318724645086178E14
1.1564828699075725E15
-3.556049994511711E14
1.539630791994527E14
-7.086957526232598E14
2.643445062062364E14
3.8964379511625456E14
1.7614075258114586E13
7.216781117320875E13
-8.011933722973222E14
-2.3532091468888262E14
-3.802398860627095E14
8.965161134359628E14
-6.220625927193789E14
6.629217083733768E14
1.0000043952728615E15
-5.24356946105002E14
-1.7545300753603175E14
-1.7750891602916347E14
2.1162504808049284E14
2.8092185109355288E14
-5.188664006603601E14
3.5796103867998525E14
1.8280839695882188E14
-3.603748636357883E14
-7.361688606833884E14
-1.0480175485677372E14
2.879965119627261E14
-7.67365338980057E13
-2.5538508071539278E14
-6.204777240034148E14
-7.2764467762059E14
-8.789482484513681E13
3.140837154684993E14
-3.4841247668835133E13
-3.3553897907859056E14
-2.3069190940220875E13
-1.6294015577439997E14
-2.5222785276010288E14
3.9316232755534894E14
-1.8408758323146145E13
1.0094851976966305E14
-1.1182061389876558E15
9.271977683171576E14
1.5382733060613747E14
1.882553808027527E14
2.9470948449226825E14
-1.1148240559891538E15
-3.060278816271857E14
9.137669554367312E13
1.263306388640115E15
5.324989745621305E14
6.47566404479927E14
1.5573882643539747E14
4.424855449408495E14
7.451168849183444E14
1.2191823880220492E15
-2.9895954694416387E13
6.31919710183912E13
2.562876094135111E14
4.7061368179775644E14
2.941751382283559E14
-6.614191479154305E14
-9.804580493342564E13
4.326778958899149E14
3.4959425919215044E14
-1.0110270216931194E14
-2.218079822767407E14
-4.3644644375335656E14
8.651408594471221E14
-2.7002520104295975E14
-1.1052067182730578E14
-1.4533745180941143E12
-7.843923368508935E14
-1.571428253221433E13
-6.29961190363639E14
-4.372935942483482E13
5.5373349453602644E14
9.795358628597751E14
5.861374747310009E14
-1.2286107364645285E15
-9.908311270065815E14
-8.633899479762055E14
9.488750794746869E14
-2.7342145487670603E14
-3.2640324406929694E14
7.376122989787719E13
2.3303300985240947E14
-3.888514746190696E13
5.1769586391799144E14
3.973237012661143E14
5.932621744930972E14
-9.582150937910902E14
-2.4797673032594422E14
2.6059108011547272E14
-4.538028366061825E13
-7.15347268541309E13
-5.381511489104229E14
1.0532184779531285E15
-5.376496543475453E14
8.066562411232477E13
8.810081629386666E13
2.79559907133147E14
3.7743730429649625E14
5.194001246934679E14
-5.669310547246981E14
1.17208650355282E15
9.788483055376326E14
-6.452791548184641E13
-4.059188191476793E14
1.7188257273864334E14
-2.0006391934277332E13
4.835758801654342E14
-3.535534897900408E13
-2.050049450638409E13
-1.0614643779208152E14
1.5890444126348824E13
-1.341947552369096E15
-5.1772006682039575E14
-1.084638311736883E15
-4.0431382915021044E14
1.5651701164438272E14
7.452651352655902E14
-5.6087983863181506E14
-5.5446910217119806E14
8.708337990776859E14
-5.566919569902848E14
-2.197698493492498E14
-4.098324910084136E14
2.3704617314295838E14
-9.990775514764756E13
4.736699688622851E14
3.670215219323413E14
3.4624839902407694E14
-4.666442901022934E14
1.3051552940219406E14
-7.79223407744914E14
-3.940271571768366E14
6.758575897975142E14
-5.930693481173894E14
9.058607270451758E14
-5.630541709728924E14
1.5619376061569528E14
2.0384141823318825E14
-2.2254200817391172E14
6.260914082964075E14
-4.6408640378244944E14
-5.1008485512041006E14
-2.444971955102628E14
1.748049727627724E14
-9.37458062190035E14
-9.488319616314011E13
-4.466644026382964E14
2.6334690920271566E14
3.21381121961838E13
5.458201559558549E14
3.1435817072727494E14
-8.273700242689176E14
6.475096975722206E14
-5.67594665686047E14
-8.022645720107658E14
-2.554416517394139E14
1.917165977228539E14
3.654277891033962E14
6.5382661623807414E13
4.42335183475524E14
-6.620758134674928E13
2.9163573559862806E14
-4.1225904932734506E14
7.071953488713556E14
-7.821633576430342E14
2.181035973540583E14
-9.065567449155417E13
-6.263425798201055E14
1.707857860204383E14
2.7032649892950378E14
3.883025673464859E14
2.0836167482549553E14
1.5354532950538156E14
4.484082898539816E14
4.289205407452536E14
-2.4521958771468012E14
-7.646457064403462E14
-4.4247072027811606E14
-9.299537919767894E13
1.5567695996401834E14
9.230853155754295E14
3.129360725839263E14
-3.103165700896328E14
2.717995420894294E14
2.6610578223594312E14
4.5499106457849894E14
3.7563310961075994E14
-2.3386798369505247E14
-1.5469232686720856E14
-2.741546799995152E14
2.9225339798702994E14
5.3452474129513544E14
-6.022504603577196E14
1.6488070450480771E13
2.039942368809727E14
-2.4042572194642753E14
8.278574707323044E13
8.397495534775499E14
-6.504358880666635E14
2.6156179475814134E14
-9.918411928957952E13
-1.3597981824908311E14
-2.6092752507881244E14
2.2068089143103863E13
1.0153335609772889E13
1.6584662699667602E13
-4.3955782991290513E12
2.0153321442665798E12
-5.801224235000634E13
4.1359737943669844E14
3.751673962977116E13
-1.1842420787443102E15
-2.9161542287047925E14
-7.35691148240912E13
-2.943922983137813E14
-1.5792514864017828E14
-4.5963942479662306E14
7.06782126718749E14
2.6810842585944644E14
3.1518838454633417E11
-1.0018368623881822E15
1.2568698418236453E14
2.294008784775882E13
-8.868074394446979E14
8.58174750339551E14
-5.92379810521697E14
-1.205343928113431E15
5.857788798069451E14
-3.9154642081001075E14
4.903566118779264E13
8.934875174013215E14
1.4034243633671658E15
-1.6939220067315053E14
-6.533247838690748E14
-5.671244519206888E14
7.472198187913734E14
-1.2607060107358062E14
4.8476281999143625E13
5.049171899324498E13
2.227931665579519E14
-8.402921281829296E14
-1.1597192405114984E14
1.382556574348005E14
-1.9672567816403075E14
1.1525975218505458E15
2.5781909203476297E14
-4.483038072226748E14
-5.897866765520248E14
5.247312751594763E14
-2.6136248473551522E14
3.156538526834439E14
-2.5288185825279722E14
2.964203761080468E14
-2.1336098581906856E14
-1.7523150399717456E14
-7.232006910288106E14
-3.829251230938785E14
-1.3700880127228458E14
-3.332034054666255E14
7.468127769685209E14
1.3389354275888E14
-6.675803718339269E14
-2.1097259322472212E14
-1.921617512378025E14
-5.031853101018142E14
4.839952865632835E14
-3.930924216661542E14
-3.46897373051278E14
1.2324769978427468E15
-7.018254683526884E14
4.9768661713417975E14
8.87982502447988E13
-4.544149777666012E12
-5.1188815750384756E14
8.308804737306198E13
-8.420293043471092E14
-2.5439590102142456E14
3.8513368403197555E13
3.938111024360712E14
-1.337134979524628E15
8.923557575676765E14
-6.579737295057416E13
3.121318729364658E14
2.3044622202846578E14
6.731615151785488E14
-2.993492420687632E14
-1.2833759228630423E14
5.520220305793474E12
-1.5213003762035879E13
-2.008168280499841E14
9.432999036994694E13
5.714407056080934E14
4.168187511191215E13
190729.9708725015
-1.980669157001244E8
5.136299592204868E14
7.917989378796204E10
1.982515669782887E14
-1.1097158691553064E11
1.6863695762982224E12
-8.768943335120889E14
-9.913022207969865E10
-5.611732396982428E10
-1.6273999340923575E14
5.4597610564647577E11
4.580454490459132E13
-4.66378974163056E12
3.04992935682128E14
1.0569140847213625E12
1.033327799353156E13
1.59693670148977E14
-4.3652947322264786E10
-5849594.701092222
-2.692636208758678E12
2.6464670711088105E13
-1.8154727467709367E13
8.931909868303572E13
2.4164036357397278E14
5.7428317169351524E10
3.0117984861501485E7
-2.0313611291440607E11
-6892992.6207266785
-3.75220957342895E12
-1.2220895591377983E14
1.477565502993478E14
8.876585829539132E14
9.602317246970011E13
-3.366949034663359E13
1.4858615349572872E14
-3.6133510059035356E14
-3.9819466808800256E14
4.3249631507100344E14
-2.1727017449960816E14
3.292339924779841E14
-3.614967629808066E14
1.7269326298773106E14
-3.088677570990155E14
1.4946054287681878E14
-9.797018736005364E13
-3.139547330437266E14
2.9985671659513425E14
-8.38558666409193E13
-1.1843097791771327E14
-2.6191647022579773E13
-1.7267407384606893E13
-2.2715454123762166E14
-4.244106067288625E14
-4.998572889586001E14
-1.6545458494162375E14
-1.2360956582068553E14
-1.2130146090564228E14
-5.952489112484108E14
1.6694483210189862E14
7.785205524497574E14
-3.506222476936127E14
3.4799339458672E13
-5.793241162794205E14
2.5764912975115978E14
-1.2895554088336739E14
3.3312614243890544E14
-2.839980690868186E14
1.451395473443261E14
2.1831976387708582E13
3.8155479877738856E14
-5.0821155592229575E14
-3.870909580008833E14
-7.926622054703566E14
-6.129235291492142E14
2.4868654245662256E14
-2.9132191782321275E14
5.284457135370783E14
1.132964297561184E14
1.6675100199297806E14
-3.013646225765191E14
5.1180543984130006E14
-1.594691172538118E14
-2.4515023859685328E14
8.179962338371712E13
1.0226714617732522E14
-1.700544263227741E14
5.91565165971913E14
3.2955364593215175E14
-6.714428265770322E13
5.179325502220943E14
-2.7523664724547012E14
6.470155933518478E13
-2.824903319973176E14
-4.9388377422168294E14
1.1212099143066762E14
-1.9059442713634144E14
-2.312313311883405E14
-6.019774374316821E14
5.763669209858936E13
-6.764636621754406E14
-2.0751837631474E14
-1.8833591782964203E14
8.157524715582198E13
4.221820635463588E14
6.428559788049819E14
7.335659129411336E14
5.55284491568618E13
-7.360611462158021E14
-7.577093358854173E13
6.03882457763275E14
-9.938063777139361E13
1.5618235431696134E14
8.464295342473602E13
2.1682385733224322E14
6.539408519542741E14
5.239179845537459E14
3.3403611091157525E14
-4.6828559974867056E14
1.703911287226038E14
3.3477791342774775E14
4.912473634884938E11
2.5946404623785962E14
2.0498681134558734E14
7.935597121768878E13
-3.833056110589799E14
-4.006830805507637E14
6.274936594411098E12
2.0937529447907297E14
-1.0303719420884865E15
1.1785013633579445E14
4.4837322565222836E13
1.6568388474372062E14
8.764045253986985E14
1.1651357054183972E14
1.8216707303476512E14
1.9851084260040728E14
1.2240362994815683E14
-4.198734882700027E13
-3.292632391042443E14
-2.8584101391055055E13
5.633366508725265E14
1.81437318158535E14
-2.668033995435648E14
1.6900936480634153E14
3.1622037274095294E14
-5.5506946333129906E14
-4.052222630852017E14
-3.597735509582411E14
1.9073164545326322E14
-3.084080531699327E14
-5.251079422903498E14
-5.242198757190774E13
-3.2317926427386775E14
-3.12000385066888E14
7.008931532411885E14
3.594749184053136E14
-3.980092785763762E13
-7.124259128635292E12
-1.0087816245603689E15
3.03578069046461E14
1.3181368547445295E14
1.326649240627213E14
1.1589535971118725E13
-8.602514510261494E14
-4.7321283245155144E14
3.2236913893721023E13
-8.626225488490838E14
5.967799536271726E14
2.1108982014475884E14
1.5226679868052025E14
-1.9015263520191247E14
2.4186920848576938E14
-1.780967226574702E14
-9.21130354276443E14
-1.0032813799992134E14
-2.045050219644431E14
1.619459117855874E14
-3.372826104338145E13
1.4049344062991432E13
-2.3510406726859956E14
-2.0121903692123612E14
-9.702600655289472E14
9.565163299921186E12
-2.8535754314701906E14
5.753622031428261E14
-6.039220079827095E14
5.943300488945444E14
-3.184563165785878E14
-1.2586749477406338E14
2.2291455751035656E13
3.5667434549644194E14
-2.721867670957909E14
-1.2544718678951027E14
-5.891943333721372E14
-1.0700449436459997E14
-3.051542859599464E14
4.417737352427316E14
-6.012017990446905E14
3.343152471113657E14
-1.349892254425825E14
-7.585079426668583E13
1.0022798224444162E15
-1.4328046815489775E14
1.781732425701292E13
2.777723636855187E14
1.1669725609610519E14
6.981172008706457E13
-8.051562413253976E14
3.2656306724166644E14
-1.0247588486417212E14
3.2806139288147706E14
6.4031407606332E14
-1.2975277695076932E13
3.500824787626874E14
5.831382752794455E14
6.701866789279878E14
4.5273354271958744E14
5.151725739275687E14
6.984615420684582E14
-2.1835882240376922E14
1.9600069190831822E14
-4.0642278647954344E14
3.32671320388428E14
-5.5062607357966944E14
-2.7328610234061856E14
-7.337659322258494E13
4.0707357757807414E13
-3.1961912670333775E14
2.469873500014149E14
-2.0040247377795812E13
-1.1573200481540177E14
9.42649625991694E13
6.74988749584782E14
1.921542392927648E14
-1.4274017964377994E14
6.341246296710296E14
-3.626957353666583E13
7.704365693499828E13
-1.8875145981169082E13
1.1614531081898516E14
4.853100621096435E13
4.33620974133475E14
-6.81563219035926E12
-2.799080402952249E14
8.778352978938734E13
-2.2411954476440353E14
-3.353637608334657E14
-3.4404600973849644E14
3.43984910689713E14
-4.8999465185822456E14
4.703156594272356E12
4.142029779311996E13
9.588206791941302E13
-5.092071344595246E14
4.394292597586903E13
6.261684551425886E14
-4.701912189092878E13
-4.287262351596879E14
-1.0492326036037772E14
-2.3167073856195988E14
-1.555296767282322E14
1.2034987052491377E14
4.662357475964094E14
-1.6528046926615438E14
-3.2159418161883256E14
-5.872271810720186E13
4.872922705409693E13
5.728295606751775E14
3.1769984205696684E13
-8.58833851089319E14
1.5393069626156247E14
-1.3689416844165752E14
5.64720038415741E13
-1.3014953736190722E14
4.721423942557523E14
4.6298533556804844E14
-1.5724621691452738E14
-3.185841916871016E14
5.806783186630766E14
3.0255910904609344E13
-6.764964257534346E14
1.1860343578688002E14
2.989829845666764E14
-2.7411395266382188E14
2.0956541038650156E14
-1.0449697070203452E14
3.220645022936168E13
-3.6288795133716725E14
-3.652948426155176E14
5.006276997502562E13
-4.320745295484716E14
-2.960078492079947E14
2.73773404565878E14
9.934233343237702E13
-5.668148759096602E14
-3.7776205059445225E14
5.886243670246625E14
6.75960148049471E14
1.804140656198646E14
-5.836365203031116E14
-1.7577118705021488E14
-5.79748416186779E13
-2.60841399937663E14
-3.685835546096224E14
4.0715608438174425E14
1.9662331931290094E14
-3.794072427267825E14
4.037442550192515E14
-7.416232997154317E13
1.128987122706113E14
6.574515828681512E14
1.855887991099896E13
2.4892970641481088E14
-2.7191911628174862E14
-2.2065350791259272E14
-9.016724331317366E13
-1.4575724601523953E14
-3.672028592202862E14
2.4025523685861397E14
-2.844604281981632E14
-5.0679617276579606E14
1.7114526323086675E14
6.134047778817879E13
2.886248135617986E13
2.5977563039812294E14
-2.6703741746512888E14
9.465195556629412E13
1.6654731571862147E14
4.8720340909257475E14
-4.5351032332260356E14
3.5850325049905506E14
-3.848632242117549E13
-8.984778879383133E13
1.2126042337718033E14
2.4367055411012897E14
1.6840526915450862E14
5.685141976263186E14
-1.1960706173196523E14
-5.5422059899011294E14
-2.1157937268751356E14
-2.633279486529204E14
6.59150514290101E14
-6.235126069399619E12
7.79772923685335E13
-3.741547840190458E14
-1.5041222452086459E13
-9.27382063022997E13
-1.5087295344464094E14
1.1777399904572683E14
1.5628539237250372E14
1.9776529640859066E14
1.985155961867067E14
5.711929899376572E14
1.783940518429556E13
1.8079193243413562E14
-1.8992591350327E14
1.4110565790896562E14
4.0939259077574106E14
-1.0975114269891973E14
-4.134408443634635E14
-2.5394936268086447E14
-8.710970519428478E14
7.561589858349286E13
3.8665621440422894E14
-1.0095157838914166E14
-2.2024725316370997E14
-5.709914419346792E14
-4.2833269551290375E14
3.492181780205265E14
2.198374234175854E13
2.4616087294505962E14
6.181144565232725E14
1.3512518411264869E14
-2.6160911609122285E13
-2.4627720464924862E14
-5.0157516472180575E14
-4.0436001237223375E13
-3.0280311654242644E14
-4.358529483881344E14
4.4827686012359256E14
2.0936159010473434E14
-4.5632737466876044E14
-3.81843483285633E14
2.8443472551536394E14
5.675030387382819E14
-1.3344050687639125E14
1.1699229810129672E14
-4.3273608676673844E14
5.105867266028657E14
-2.388231451894061E14
3.714204766755105E14
-4.2049884201919925E14
2.23984096204966E14
4.409756482457872E14
-6.544197637647485E14
2.90108882228474E14
-1.5505892128473403E14
-2.4218148593949212E14
-2.2343731330023406E14
-3.7678053715359894E14
4.6332012910963094E14
-5.607613120535206E13
-4.5696006999349675E14
1.395418143620647E14
-5.195710591473744E14
7.184948892415031E14
-2.714416022769322E14
5.874079286895116E14
-2.935032188147161E14
-2.813611360170525E12
4.049048626558365E14
-3.0786468584445025E14
-1.209859483699251E14
-5.63911997603069E14
6.83584287788269E14
5.582233822803947E13
7.794354029726586E14
1.872603184534163E14
1.940484475575316E14
1.8952425803138284E14
1.647920806314681E14
-5.67537845295858E13
138999.10788798946
-1.9453374882628934E14
5.105985902592684E14
4.413494319980528E14
2.294251403505814E12
-3.559762904256282E13
4.63802605087519E14
-2.3881589071709734E14
-6.813352649329114E13
-6.25003706133179E12
2.862167170282161E14
-1.788963895297528E14
-5.183502003665651E12
-1.2342956743108434E13
-4.801443193079351E13
-2.7002468282343612E14
-1.1657332739757803E14
7.835558610574976E9
-7.631025313712207E12
1.904742893034598E14
-6.879637194334303E12
1.6315746008475807E13
-1.4995162154241803E14
-1.730433064028138E14
4.552096726496076E11
-2.225998170619378E12
-4.4538641226804144E14
-2.7046925893981406E14
-8.82397822506915E13
-8.18649345770801E14
-2.413785444721891E12
2.0173937387163293E13
-5.719042439159216E13
1.0178121108511748E15
-2.0002822659428348E13
-3.4101092284445544E14
2.6981486662299956E14
5.219677258706098E14
-1.3886853510579234E14
8.097266499901595E13
-1.5201055206178648E13
-1.3290770194026805E14
-4.197456816095298E14
-9.700662348518748E13
-7.038467510284981E13
2.894929539434993E14
5.4323110287779984E13
-7.403002033266111E13
5.0827601858599175E14
-1.557504620655378E13
1.7958742147689912E14
-2.8095144778302605E13
7.823252892277661E13
-3.9848087726820706E14
-1.6382647448422703E14
9.684564403446042E13
-4.4902450268312075E14
-1.16911551668321E14
-3.9495346529234994E14
1.048899438724335E14
-2.0779260406757172E14
-1.0189293386005881E14
-3.096552419898507E13
-2.8054501724527553E14
1.9312666695026388E14
3.6359304793534706E14
-2.9763069702105625E14
-1.273572319028909E14
2.123707613134378E14
1.1500341901408367E14
2.0924213892407375E14
2.2001167847585678E14
-1.7373384988342844E14
-1.803321723716022E14
8.389636633497569E13
3.12325110535287E14
1.714927555899293E13
3.030202906742809E14
-1.5286039290658375E14
2.41408198192096E14
-4.508902836706477E14
-4.4277978372458234E13
2.5845665318617825E14
8.701823088796017E13
2.612601968613623E14
-2.215923610689013E14
-2.3388350775417128E14
-3.3129054846071694E14
3.5888830343315775E14
-5.471192468154613E14
7.419550473435283E13
-1.3733332434365564E14
7.673214732176375E13
-9.633035365540941E14
-6.6902361558635484E13
-1.1821285733520336E14
6.5246657490584055E13
9.105937016253339E14
-6.41541083124735E14
-2.0272453914869347E14
8.703709091609682E14
-8.392416280750062E14
3.9183495168755494E14
1.0083080694604064E15
-3.386689388349454E14
-2.0941636122853734E14
2.874833523496993E14
-6.276714151974701E14
-2.926976847854922E10
-4.957852054848307E14
2.2134704110696256E14
5.724872384313808E13
3.580892716434455E14
-2.9967666511226475E14
8.868471060542616E13
-4.082136285714468E14
5.503650672022886E14
322958.49200248474
