4.8626736926062225E14
-2.0336390081703998E15
1.8958755145393702E15
-2.9390043001059285E15
-2.173236240240525E15
-6.187150129242346E14
1.4977660575718102E15
-1.3973551896086119E14
-6.421012842797612E14
-2.6380946985257022E14
1.986483313875258E14
6.537147566783896E14
-3.637273123466965E13
-9.297526401756618E14
8.605361056487719E14
1.003955124356462E15
-1.9078146590238484E14
4.9607823812693694E14
1.3447454521659995E15
-5.857986664766389E14
-9.882646583728312E13
9.47322999963449E14
9.594734587287348E14
7.482057483499631E14
1.0984287428842769E15
1.7859215705561628E15
6.292880376910856E14
6.547822057490415E14
2.049435125227215E14
-6.161073238866458E14
1.4247414469477915E15
-5.508254272975654E14
9.923021748937758E13
4.5564929773502806E14
-6.870160017339894E14
1.413113713825973E15
7.43414608643111E14
-1.0498994774475551E15
3.291622335742199E14
-1.3100441469227789E14
1.142054427134879E15
8.547415824037238E14
7.379348016517331E13
-8.120972418647125E14
2.6388286873722597E14
5.714405109895331E13
-9.069761173510504E14
-3.2842252359983225E14
-2.387163550081169E14
3.661761448455776E14
2.578403541670669E14
-7.96892667167874E14
7.012928791119568E14
-8.180514296019085E14
-4.4740491368671805E13
5.0579411611886025E14
-8.853896554976828E14
-1.3128828020740232E15
3.2366931930783766E13
-2.779352175984847E14
-5.693608693360145E14
-3.862971637906067E14
5.251505179543443E14
6.885602556095452E14
1.0066672601520791E15
3.3771475512661556E14
-4.7813132967758744E14
-8.840715876234162E14
-9.74913109273496E13
-3.470543249613445E14
-4.164602837782591E14
2.2426582247956412E14
-3.7684417100418306E14
5.255632033351325E14
-3.896352686880104E14
-2.0376417060697712E14
-3.201702856634861E14
2.23760597573673E14
-4.690686496923119E14
-3.786536166283025E14
2.3142576131779438E13
7.78758931855303E13
1.5724070390375797E14
-7.714637601444015E14
-8.41477429922161E13
1.0306382822014306E14
6.662816087062482E14
5.4845028348013344E14
1.8240976847114522E14
4.075925335245485E14
-2.3677921902580997E14
-2.844643057174786E14
-4.6608840347497194E14
3.274682478985375E14
-5.935271337650959E14
-2.1452391766297322E14
2.5091398238360603E14
5.831724661389478E14
5.606001493479141E14
3.0402027914383394E14
2.6298486979880278E14
-3.1107690127409425E14
5.83553079165946E14
-8.222954727705239E14
4.3944498975560056E14
-3.1867697207556594E14
-5.838479508072721E14
-1.8747452795226353E14
-6.383938869285401E14
-2.4188337197158562E14
1.5535246782029044E14
1.832591944183483E14
4.9925063772113006E14
2.8347912952623225E14
-7.257578932834136E13
-4.663516393367554E14
6.22893577241794E14
-2.048093568315976E14
-4.7562811144039525E14
5.809113996494998E14
5.727040313187797E13
2.8526050552670644E14
5.473432871117346E14
7.027863255203152E14
6.898174529901108E14
-9.070894219754076E14
6.703461544042134E12
-1.9694099662796316E14
-1.2370877254248158E15
7.18179256808371E13
2.881816401296793E14
-8.929544707030827E13
3.1064014415351894E14
-1.3109845542663903E14
-1.9696506254493188E13
2.89169260237521E14
1.519805925141075E14
1.0363972602969805E14
-6.991425403309956E14
-1.51464733750693E14
1.4841464306505678E14
3.261374590420061E14
2.24377668249972E13
-4.9504068028389694E14
9.806448662156016E13
-5.3077757355532856E14
6.901384920113014E14
-1.9513158671996784E14
1.256269016874415E14
-1.1213612049966427E14
5.052650521262259E14
8.192907426441526E12
2.141810311201061E14
-4.4605037209818544E14
-3.8433811083293906E14
3.068074458499078E14
1.17558441246491E14
6.312450197853372E14
3.2268513806998957E13
-4.282389392655398E14
6.39454521311811E14
2.6413249622470494E14
-1.2071572801929295E15
-1.0768154756485752E14
1.217787869343723E14
-1.1834549548142928E14
5.671304280464451E14
7.840720253025198E13
7.387552476510456E13
-1.7015615950124706E14
3.243369297225883E14
1.146089869601097E14
7.589993641297498E14
6.489934113240996E14
-8.511273391504717E13
3.087064994108812E13
5.651897348372533E13
3.062824848928593E14
-5.1310300517178775E14
-7.486613379724731E13
7.690128584913079E14
9.68798571514784E13
1.895825154821878E14
-5.0125836551046375E14
3.2475787693802556E14
4.5906430592018625E13
9.827973141155496E14
-2.486629438076055E14
-9.304780556663236E13
2.1835947163467258E13
-1.7290080287250728E14
-3.478527813427149E14
2.7261857058083016E13
4.721124509711686E14
-3.5460041768666506E14
4.805084995084626E13
-2.1082144533035428E14
1.289332725212215E14
-5.132586223170665E13
3.6163398304211775E14
3.9280793534206475E14
1.3426469991003377E14
-5.120560764185422E14
1.234526570880945E14
1.3461252719817988E14
-5.423417293519406E14
4.0665558875731025E14
4.2366434356225575E14
-1.4221571244514094E13
4.883269904292459E13
1.2056162881448986E14
-3.181644816996503E14
-3.3872934043045938E13
4.5172204231819456E14
5.406097592970551E13
3.057367499716219E14
3.1362968582475606E14
-2.2632549243115925E14
-2.605630897284721E14
-5.157015761612013E14
-4.817633094821289E14
2.307571001291833E14
-1.4299164662760612E14
4.726286444433665E14
2.289379434839637E13
-2.1984454428189584E14
-4.220550141867322E14
-5.668017809885508E14
7.839294629644042E14
-9.228296056914172E12
2.3176196635020944E14
2.4397167678313272E14
2.0577329606959003E14
-2.985028954156169E13
3.135059366457282E14
-4.3611207998786275E14
-3.296964914003162E14
2.6609527790687294E14
-2.928753861733695E14
-4.675379278183628E14
-4.754945311777928E13
-5.124193823261439E14
5.250110659114171E13
7.388251970792354E14
-2.3855479960938278E14
-1.896528692983319E14
3.157078778133754E14
1.413890786272393E14
1.8823586601875244E14
-1.2284948162606533E14
3.397080120494006E13
-3.705219343438979E13
7.346632140760352E13
2.8978049352093125E14
-1.840423594667934E14
6.267148592196244E14
1.257452657481907E13
-4.4532926600859144E14
-6.367148806425794E13
4.871805521903632E14
-7.197559229560959E12
4.1572708304493294E14
2.6123771247412506E14
2.4137240562111975E14
-3.2243154460662906E14
-2.0578274594668172E14
-1.3914774048620058E14
-4.370400838352861E14
9.473659913599922E13
1.9021449606527275E14
-1.3647748908610197E14
-2.1707265262780772E14
3.7102271078045094E14
-5.477575836113338E14
-1.2991565833235603E14
4.995168284266791E14
-3.745040807213939E14
-1.2826099827896681E14
9.407945715084508E13
3.6356955152315556E14
2.3634297349650588E14
-6.424896567932449E14
-9.238593984364444E13
1.894351544761088E14
-1.0377837345832212E14
-2.7442497797238953E14
2.5149471615755478E14
5.204444423272266E13
1.8218937214488256E14
-2.2150573744408422E14
3.677171830588564E14
-2.1792611330338112E14
1.503840492670268E14
-2.5046559626804475E14
-7.404858682053884E13
1.4599706089103803E14
-3.4260006963469894E14
-2.5239146148719794E14
2.5067981135129478E14
3.077788761644547E14
-1.728745741921092E14
2.3079799322216603E14
-4.04467515498364E14
8.628090020814458E13
-5.706562646157212E13
4.040978169525299E13
3.4388131489508406E14
3.652938382378907E14
-1.1950249524911897E14
-4.491419483424677E14
1.656233865406365E14
1.6963407250935403E14
4.105618623264279E14
-3.0385627292603575E14
-2.033770527419556E14
1.9655936510979978E14
-2.1831304825882805E13
3.9959005657624325E14
1.985797001347273E14
-4.1241455728340575E14
2.0827438991959637E13
-1.6703288635116197E14
1.3509276328662852E13
6.447631197907661E13
3.1390641173901394E14
-1.9732649098342E14
2.821298013106376E14
-2.2171302351086216E14
1.915156121398014E14
-5.2135528299087644E14
1.059882582975575E13
2.615712194730514E12
-3.180178520515242E12
-8.435992740449197E11
5.717557219082267E11
-5.997222095719397E12
-1.2274390933627883E14
1.211084492159021E13
-4.063005245188478E14
1.952266117198019E13
-1.7078332457497753E14
-1.1721215199658583E14
4.791756874813041E11
-1.0467601933675953E14
3.85837525907715E14
2.7338622636406203E14
-2.3003319090682305E12
-6.244998851483448E14
2.1089503369130656E14
-2.383436687061907E13
5.362116977172188E14
1.4094304931785506E14
-4.951277335412312E14
-9.73427123515313E14
1.5852524663481852E13
-3.586272821336259E13
4.199324546059911E13
4.098400879650185E14
4.543870813512274E14
3.509595013276262E13
-1.4101126688925675E14
2.6733994953517575E14
5.092155625045406E13
-2.5348942925126525E14
1.3378532543051056E14
2.845617771186814E14
-8.0693844713993E13
-7.625670409778065E14
2.4988469936442125E14
3.0547941213620644E14
2.3483189456417294E14
-6.651108280856342E13
1.2454778316328548E14
1.7637816328388053E14
-2.338326472296477E14
2.714031305841552E13
-5.326943018099887E14
-3.665158882221328E13
-1.5893510727206034E14
-1.0554730223085547E14
1.1945302400975669E14
2.531342116675091E13
1.863158474552949E14
2.8917966598005675E14
1.1092680206235334E14
-2.253014581097449E13
1.7640591479780094E14
-1.2465797537877294E14
-1.477379072403099E14
-2.6075209202017414E13
1.5067547157320628E14
1.431499884996468E14
1.3430154482366273E14
7.543351350998814E14
3.5607956099198175E14
1.600315856846662E14
2.215108981397046E14
1.6702886069679246E13
-2.7935072712919494E14
-2.539990024503191E13
-1.0661846264175762E14
4.7252727198310914E13
-4.825597831850629E14
9.577018339765058E13
-4.0392320146260175E14
-1.3257599723484577E14
-5.371054208800188E14
2.3899188889322628E14
-3.656363409856046E13
3.029787751013056E14
2.3238101404061275E14
2.2392837703001606E14
-5.2644559418142606E14
1.8621161986670312E13
4.331385838970738E12
-1.159340238126646E13
-1.1592486785749238E14
1.7267872690827346E13
2.1415702436945772E14
-3.132020084256854E14
-1174783.1154223473
-6791310.063728996
-1.3392868398049189E14
-2.6928832376861163E11
9.7010428635657E13
-6.656226077191098E10
1.3460010425297056E12
-2.5502206002630297E14
3.536771764715344E10
3.1162999842458904E10
-5.866402528119111E13
-3.7592962680747473E11
-1.0982283643392731E14
-6.649732100495385E11
2.2864718806296825E14
6.681342539748954E11
1.7186623233867942E12
3.1031103357761285E13
1.0980187414440796E11
3062240.706729259
2.0793415072343848E13
9.05572126090381E12
6.430486666716609E12
2.397803306831416E13
5.3592835278990044E14
-3.8998046836352425E10
2.8027062434678104E7
2.7476994783809433E11
-2.6048890369767018E7
-1.323898846217209E12
-2.1060742369129242E13
-4.356093985345386E14
2.7330368072473438E14
2.1345155191175228E14
8.192134742257695E13
2.804414700245666E14
-6.681928638864919E13
8.689667147251984E13
2.5852998622294388E14
-2.861204124495802E14
1.956316051590475E14
-2.888526107478263E14
1.5741390560224416E14
-1.863897954173835E14
1.9872901050945453E14
-4.525318245971992E14
-3.46904893131392E13
-1.8326567361729147E14
1.178453584665555E14
2.9172277712974575E14
-1.2095981157976455E14
3.692682546045361E13
-2.5615640687980675E14
-1.699424288191194E14
-2.5081431164811103E14
-3.58704613426229E14
3.23720250175599E14
-8.164217941416758E14
8.623194909949195E13
-3.945071385919716E13
1.7023550243497862E14
-3.4713610036504256E14
-5.03957441319449E14
2.841595561956728E14
2.005333863258556E14
-2.4886953763333566E14
-1.1765006204837367E14
4.38429590850007E13
-4.290534520740228E14
-4.628771647281294E13
-1.2400152950876431E14
-2.410538230035575E13
1.760520644407686E14
6.381325795978204E14
4.213583254053802E14
7.815817243752574E12
2.993825996898316E14
-5.2371509282157E14
-2.429535398385638E14
-5.945159787285646E14
5.6085504323960825E14
3.1733852817971756E14
-1.1059339677894867E14
8.412380166603456E13
-6.7585245111561516E13
4.268533658295289E13
2.606342406676884E14
-1.1562168851864573E14
2.7405038167216044E14
6.813643673355326E13
-2.0831804356642803E14
-1.527242400758834E14
3.763824379810616E14
5.2558036535974575E14
-1.157108999910073E14
2.839714498552891E14
-3.7275947080883294E14
2.7481576870888297E14
1.9513010076644962E14
-3.0052741190625375E14
7.87534967952645E13
3.511999623379137E14
3.038130141896089E14
1.3924327633099255E14
-3.2171262417767175E14
-1.46718734458982E14
5.5085426741899506E14
8.240443560388582E12
-1.4086010610687794E14
1.3815546992371114E14
-2.56505638149718E14
-1.0129845587298712E12
-8.343346284535058E13
-3.358762875837585E12
3.820746432145621E14
3.4279789608784484E13
5.2041579838629644E14
4.080850559224225E14
-3.361061035988697E14
-2.3729151317655444E14
4.2877594846330075E14
-4.120373980584557E13
1.7053233040242278E14
-3.699125826282275E11
-9.397578534212864E13
-1.4892188551797403E14
-3.3108310618991144E14
2.5495956094081862E14
-5.350693159675334E13
2.2061829274221397E14
4.5609481129290664E13
5.827488790264173E13
-5.805766962827189E14
1.6749326353180972E14
-1.3155464800037817E14
1.2245175213971014E14
3.0046752999408E14
3.3709137731210625E13
-3.487952751946549E14
-6.327153972441496E12
1.2040971491875405E14
2.0470615403244465E12
1.4801428424850656E14
-1.1971572715045245E14
3.0231582540133394E14
-4.857615288969696E13
2.916066158056926E14
-4.289847375244297E13
2.0432465426847566E14
-2.7678879403399506E14
-1.2256852665987852E14
-2.5555606682536625E14
1.8614578524490778E14
-9.156631713312036E13
-2.717864290876267E13
3.7984717833335256E14
1.2609134472804889E14
-9.227056448445395E13
-1.1756298087950002E14
3.838354147919635E14
-2.5495565276548847E14
-9.285277928516561E13
2.4040022809441362E14
1.9749246838096606E14
-3.2996111843306056E14
-2.055068019803642E14
-1.5806859360507862E14
-4.648570423956661E14
1.0720302008018066E14
3.723408835062711E13
-1.5535124331700072E14
-1.1047071447366088E14
1.95952563064939E12
6.999468900452943E12
-7.743265265851778E14
-2.7101796708704197E14
-2.6443749009175884E14
6.0613762406770016E13
-1.6821634557207044E14
4.523489906802881E14
4.3279563486815175E14
-1.3642967188916692E14
-1.9956011051617547E14
-2.187529189344042E14
1.0807893348702516E14
6.761757508292625E13
-1.3014305105013038E14
-2.7453627894077965E13
-6.507816816696524E13
2.9255159510672656E14
-3.217979474695083E14
-2.487332113835574E14
1.1658581471222473E14
7.162945383017439E13
3.230365036430999E14
1.0592835210786038E14
-4.0280517583289356E14
1.8156038443100156E13
-1.1960058621698166E14
5.0177541283448444E14
2.2125042714882294E14
-1.452142798726498E14
-3.092792280101668E13
-5.071950862098971E14
6.861063240588324E13
-1.8030268953257738E14
-5.514146400834827E13
1.078791203171172E14
-6.346448490698773E13
-1.6167269579550035E13
-5.183269980152576E14
5.3386845924022625E13
-3.9013401054448305E13
1.333264515799102E14
-2.8390325735174644E14
-1.464656257123966E14
-2.969199551981168E14
6.529756349007416E14
-2.537705899987229E14
-2.2391118799490456E14
1.2683159346283931E14
1.7361290639107225E14
-2.1775856927522887E13
-1.8317296714867147E14
1.2529169363935227E14
4.009151120106151E13
-2.647342576371217E14
3.6038851671810556E14
-1.935927102865404E14
-7.534799897646816E13
-1.6068949213671047E14
-9.837689206527398E12
2.300932160100291E12
-2.5453104103172866E14
2.7248919020650653E14
1.7576225719086403E14
-2.3796116295001582E13
-4.9942542455824875E13
-7.58342232815465E13
-2.3376730292793053E14
-3.2300712139559793E13
-1.3776433329016706E14
-7.829409856045925E13
1.0200822840938758E14
-1.1537066065809111E14
3.3300042247816656E14
-1.7837013214981062E14
-7.228271632572181E13
1.2979112507936145E14
4.519267286288699E14
-9.520765437643119E13
-2.0671394916640152E11
4.828293504446521E13
-7.530031970898069E13
-7.757784603903405E13
2.5610340923227653E14
1.3633738716119817E14
3.059714811822666E14
-2.4730288245480444E14
1.0310086578518964E14
-4.2372693199337325E14
-3.227736113085568E14
-4.5323303963708094E14
9.841441469944227E12
8.195843555213844E13
-2.38034640438083E13
-5.0880472638231156E14
1.0195586835490402E14
4.200110779573196E14
-1.4923451381753388E14
-4.153695288999933E14
-2.1378027568517806E14
-3.694368572123439E14
4.739142168475672E14
-1.6888126571742522E14
3.689717385441977E14
-6.160961670314967E13
-7.013480398797982E14
-2.0993605604781473E13
-1.61882945718953E14
-3.063535815637971E14
3.608039841596099E13
-5.0029243143034106E14
-3.5735821467146606E14
3.2048284758266555E13
2.729492588120963E14
-5.9986589095136375E13
-7.173688743647377E13
3.503147362834562E13
2.3954635992763988E14
5.415901586461849E13
-4.711844148114524E14
1.8765745552895478E14
2.439266772950568E13
-2.5119249461451294E14
2.533805167196212E14
2.5484382881327934E14
-2.5353241943417275E14
-3.689220710780834E13
-5.3118503110756825E14
-2.6799070847114325E14
-1.120741899915477E14
7.43796592783766E13
-3.634982796756247E13
-2.1707969863514395E13
-1.1997154601847522E14
1.1913875688979156E14
-1.452431955206017E13
-1.0877423746094406E14
-6.9590496429291664E13
2.649128731900732E13
2.2132704349705008E13
7.174991558425258E13
4.07988899418344E13
-5.048440671359905E14
-2.5686378136530162E14
-3.359169800424365E14
-8.871258514792236E12
-5.664112012087065E13
3.6565064262074506E14
-1.2845630229896961E14
-2.089831469997371E14
3.570999585769857E14
-1.7245564302831473E13
1.3888671717104045E12
2.114986817825442E14
7.0232041450322305E13
6.127953391779784E13
-1.3657495258500008E14
5.971500670531072E14
3.8921832402094406E14
1.4533479450896712E14
-2.7042106747435147E14
4.323939602745018E13
2.675323332453787E13
3.0838949674510375E14
1.037705646201113E14
1.422865032974283E14
-1.274554343827223E14
-2.007634304092394E14
-5.4973187409307375E14
1.4820828182475638E14
5.2311089579666825E14
-4.327434555721753E12
5.716112167674324E12
1.3341822012668698E14
-1.2476816213272686E14
-1.0631370881949616E14
-6.8187673803513984E13
1.5748567489708628E14
-2.0126295401614266E14
2.3532758220885684E14
-1.4416654400306706E14
1.0519187981967825E14
6.4877426389835016E13
5.846680472856434E13
-4.091797149362792E14
3.131333207082327E14
5.8625732230216984E13
-5.5670097774139695E13
-3.699915283856424E14
-1.2417843868558905E14
-3.073601277297544E14
-3.580790036814668E14
-5.360430266018638E13
-3.9021885555912475E14
-4.3088964254438106E14
-4.027167472599219E14
9.773617185056445E13
1.8252190062400344E13
-2.8499476997474994E14
2.22558641026845E14
2.828796555982624E14
-3.8668815682697586E13
-1.1638938935055762E14
-1.550812839474717E14
-5.006702745701103E14
-9.170980476659805E13
-1.645546444572905E14
-2.3289256255003273E13
4.500901957372214E14
-7.86304630881265E13
-2.2294585778534503E14
-4.231846582646779E14
8.05521082341122E13
2.421336135107081E13
-1.0653112555953402E14
6.073001111333615E13
-4.575732300226012E13
4.5351284804859975E14
1.2454676716028838E14
1.1902912414635666E14
2.9754607500066406E14
-3.61277086651804E13
-2.710483394610977E14
1.0222093014263489E14
-2.6111741628832E14
-1.0187056806031881E14
-4.019523241719822E13
2.336035010404007E14
2.0151023398978394E14
1.5106536867196684E14
-5.542050393860156E12
2.3031675340489597E14
2.4579660319179516E14
1.8133558920727706E14
-4.560430322571459E14
-1.958379998021273E14
-1.660135291711971E14
3.957247526180861E14
-3.021494536108959E14
1.3353080823180825E14
-1.6140120666967453E14
-1.7854968546613347E14
3.1869413971931156E14
-3.86709245724912E13
1.7123214450839803E14
-2.4367644821459043E13
-2.1269224813615262E14
9.551796831121568E12
6.501847758569613E13
8.38439193853556E13
4.497727427836556E13
-1170315.4116715398
-5.939636031547715E13
1.5906947554312406E14
-2.294087953926477E13
9.837973459604274E11
-2.278726207371835E12
-1.1664660702041508E14
-7.004437692227521E13
-6.547001994231366E12
-6.881543878168591E12
-1.0525465078008242E14
-1.6274368629432503E14
-1.2592738558213057E11
-6.352633602502299E12
7.136060312620716E13
-1.790025486211134E14
-1.2396879222702269E14
-2.8654482238299417E9
-1.564805465004188E13
1.8320994442212222E14
-2.7957296369556875E12
2.0112116985500293E12
-3.993661223232601E13
-9.7871058719425E12
-4.12175152012319E11
4.7877641391076776E11
2.2132522441584878E14
-8.284577212808575E13
9.713297580840464E13
-4.497180231615934E14
-1.1405562809551455E12
2.7849123928582184E14
-7.605315452874986E13
9.259304737816375E13
-2.1623827195792622E12
6.100117852084056E14
5.540537501611469E14
-2.443658391459863E13
-1.2570889319801925E14
-1.2004639878261183E14
2.7362979206494914E13
-2.2201454926622044E14
-7.428874000669527E13
2.1231842027801938E14
-1.3839864807546067E12
2.488185583457928E13
5.0187940899064516E13
-1.5617082717502684E14
2.809673340501096E14
-1.5585129729201247E14
-2.4804741071430933E12
-1.3349576464908247E14
-1.73563652044785E14
-2.263392245837603E13
-7.119277333410755E13
6.668870975357579E13
-2.196396378689073E14
4.1604535041213805E13
3.7229400670973956E14
2.253550508454504E14
-1.7974952956542334E14
-1.2465042548032716E14
-1.8288386198175316E14
-1.2420651538603481E14
6.573755470483411E14
2.0661736581481478E14
-1.8761042044885778E14
-2.4131588870788188E14
-8.946402437411697E13
-4.798333544638316E13
2.742768474260944E14
-2.9183213008364044E14
-3.45365504825505E14
-1.68266540777671E14
-4.455347155003203E12
-4.4793951811226144E14
-1.1776789236799022E14
2.4505536361137838E14
1.719604773895948E14
6.960645566186453E13
1.9823720365793497E14
-2.968638750068073E13
2.6900584948885278E14
-2.3796377977368347E14
-1.5747997680884525E13
-2.1695619065004844E13
-1.785445188505811E14
6.440250142132327E13
1.2253608564087978E14
-4.729720433339272E14
-1.3472480294580225E13
3.4293566020691694E12
3.2770498984043906E14
-9.986008867407966E13
3.12111050237994E14
1.7843764979029844E14
1.4625289148812438E14
1.151593528278099E14
-5.186082729223433E14
-5.969369554881375E13
-3.004385984605846E14
-4.015220009813718E14
-6.445435177520796E13
-5.2861154753786425E14
-1.4058995486186205E14
-1.5132203209464328E14
4.220465166045069E13
-3.1947846805044355E13
1.063811903758479E14
-2.861019645215443E14
3.4579311231439156E14
-8.941086974568286E13
-3.0109740828276094E14
4.778383333925742E14
1.2796936675824206E14
2.3860623849142138E14
2.6451344382415753E14
-2335925.2911339263
