5.712127958025903E7
-2.526856604551895E7
-1.6057782224684382E7
-2.6407398504114784E7
6.3291262334005676E7
-3306633.0957879056
-4.296038901654578E7
3.1123975383980647E7
-3.4791731629573934E7
-6084656.611623992
2.5955940104958594E7
7495571.144592991
-1.536151249088837E7
-2.432689971387003E7
-4.433515939512641E7
-5.3632020838763095E7
1.8708815532257404E7
-1.4631765235208115E8
-1.0222117224805753E8
6.719647888081075E7
3162847.93157198
5.695048296937718E7
7.571896594275796E7
1.3811903312589895E7
-2.1106764252819113E7
-6710552.918883972
-8.77534846041971E7
1.2490987690193497E8
-5.734087432601515E7
5.099141609383807E7
6.386216630609451E7
2.2561131023926247E7
-2.3909497133935267E8
1.0663085451306652E8
-8.046853583750455E7
-9.391243635299937E7
-2.012816639711452E7
8.59837454894564E7
3.4425346061689995E7
-2.66299872636509E7
-9943912.007901689
-1.92770187194799E8
4.031194874931376E7
1.7597781343031675E8
-4640058.391598435
2706599.0724002346
-9.72869813973255E7
-6860621.597816761
4.463013747073825E7
-1.6373804093850035E7
1.3781278041683605E7
-8.892570573561318E7
-1.3290778706644654E7
3.22644332406396E7
1.369441324993041E8
-3284886.7579901754
-8.216203479192558E7
2.4893583100246977E7
7.088232300713415E7
1.2504424132951711E8
-8931410.722492501
-1.2215453615782967E7
2.1606782279433653E7
4.450595257283295E7
1.924082434729129E8
2.1288909765847374E7
3.960011761798359E8
-65373.263728145575
21198.82374117537
-3.111942531271179E7
8.146428050885947E7
-7.994852457278565E7
-1.2404290823572245E8
-4.2459474476355486E7
-4.082565151073336E7
-3.427356231590378E7
2.5774770257643977E8
1775716.7299626735
1.4568757040320273E7
-1.369894658319844E8
-5.84960686996191E7
1.0120582242404394E8
-1.2014248815968116E8
-1.7143690861054458E7
2.968627255113694E8
-1.3746499500283387E7
1.0352531182909757E8
-1.3455299278639683E8
1.79663475613784E7
2.1083660600817993E7
-4.610068074691379E7
-3.104894456635911E7
1.3435285732130377E7
-4888413.065678607
-2.8177273235984437E7
-2600835.8212169516
-4.0752773486233436E7
1707857.2543424242
3.3213717707451344E7
2.1036732285011206E7
-8195878.559325222
3.093803226529133E7
4.047298999813472E7
3.107452431022626E7
-6.518815138439734E7
1.5916659930433124E8
1.4653433067483446E8
7685603.563488801
-1.2494298515206401E8
-2.039342274383695E7
6.611253302090469E7
-5.1662978017971635E7
-1.163443511843344E7
5.2881355436877534E7
-2.6466026336528577E7
-1.95688235868951E7
-1.6728110437414449E7
1.6842669968415566E7
7460595.677782877
8549785.71894896
-3753379.633053965
-4595665.333796222
1853970.6793527014
931405.2026734906
3458813.7192849563
3.0804513104793925E7
-6148567.38844838
3.1247936551752705E7
-1.7185785755614465E8
-2.4038534909881894E7
-4.681911634708143E7
-8.397751652834359E7
1.426940344321929E8
6.170814957272749E8
1.3283477706639452E8
-5.356037979245521E8
2.700948001269277E7
-4.711354603917427E7
9.714211694105567E7
5.639817306871846E7
-1.1340137904852012E8
4.8184387376962304E8
-7.169118449510016E7
-4951600.505563499
6.531302186013002E7
1.843779707669964E7
-5.795709563668503E7
5221568.948608473
-1.0072873930637369E7
-7.077332718406959E7
2.6295939936054826E8
-6172719.923025224
-8.665388916882019E8
6.49366714407238E7
-4.008532757562952E8
-5.661729599611934E7
-2.1716227955189757E7
-7.15110642869597E7
-2.478838955989137E8
-3.885383524318577E8
-1.2489366334197534E7
5.3458654013976075E7
-8.753635677460966E7
-6324644.891264298
8.918294777750018E7
1.9487100824047315E8
-3.050908897735526E7
-6.98361385116478E7
5.969240616443895E8
-1.2437822363260588E8
9.474143998950917E7
4354183.853209257
1.2484697608373044E9
-7.781766477680055E8
-1.7121859371977937E8
8.059105378639141E8
-1.2603870760781186E7
-6.911202429729849E7
3.9305689104591924E8
3.1962412634014493E8
-1.5797709421313238E8
5.999419168684852E8
-1.1625893217342498E9
-1.693241153601267E7
5.793100726952527E8
-5.1349046115065604E7
1.6912620461510918E8
1.0296564164870818E8
-1.0669207856444248E9
1.551309541170491E9
4.7363614677460825E8
-2.915742786292271E8
9.150987010394255E8
-5.991370686821436E8
-1.2075054284291143E9
7162314.354844467
4.3032003610743634E7
-4.4532579986082834E8
1.0167572996709893E9
-5.091859829990096E7
-2.3998950939755705E8
6751588.259650898
2.974132486819176E7
-4.409976672566346E8
4.168710603926464E8
2.3224769822402975E8
2.0119044401261285E8
5.466153887722808E7
2516421.53074502
2804885.123240311
-5282883.3919706475
2.7995065330375575E7
-4894917.714062826
-1.55202699263979E7
-5801590.601043829
1.4697781850479389E7
1.2292076731604438E7
-7338952.968131105
6727519.605804001
-2540525.4548186725
5560851.740151019
2483261.5972400387
-2579814.065847096
950433.2234448799
9752271.968093175
3144217.9218650227
-6131726.144666125
-1.988649228753056E7
-8695853.897119556
1.7968560727583334E7
3953213.1454818924
1.6687990206411121E7
9674446.992847245
-1.5066794481356906E7
258164.10746022448
-4.948004243977223E7
-2.6160276930605523E7
785114.9479041114
2167053.4544083676
-1.2354060352577757E7
1872003.0856502391
-1.1658194987781992E7
-1.7336482875818303E8
-1.3523123221239636E7
2.1176175538877737E7
4.462758262937557E7
-1.0015504207042632E8
5123635.122031715
9888537.184218168
1.8975274972711053E8
-6.891225095989655E7
-4.716440684255237E8
1.6773256855411744E7
761313.2527162747
3.843668421033696E8
1.3264699890421845E8
-3.170937177385982E8
3.756284300676835E7
-1.1257240712552027E8
-2.4245052716640368E7
-1.3505610080759926E7
-4.8258205038349435E7
-7.844617190868552E7
-2.8863702715759015E8
-5.153729009900378E7
-5.347560078108773E8
1.0181993886770158E8
1.697876804662774E8
-1.5107407303323376E8
8.096240642314981E7
776838.5735226471
-766000.4032853063
2606915.449145373
-3.4087742170391954E7
-2.010815075822052E8
-1.0329385557385564E7
-1966912.5221013185
-7376718.336014558
1.435980926767706E8
-3644713.460779494
-1.1235472061903894E7
2.9522468463832664E8
6.708497571020034E7
3086775.5642558546
1.2366738400750985E7
-2.6195993732857153E7
-1.19723144446218E8
9444741.745970007
-3632889.1655159206
3039542.166084505
8034754.7823465355
-4443551.675767329
-2516338.897766651
3455706.5009768107
4277583.453353379
2.449920264370439E7
-3485499.0076680137
63993.59755146261
2747204.277968291
912943.6630683716
-2.0834127398867764E7
9.976845677325313E7
5.233351081849158E7
-1.406655908189257E8
9.577464121441758E7
1.3551187865250554E7
-1.8050189252108622E7
-5080343.37366485
2088488.1937546204
-7574776.82005969
-8349993.030798208
-266206.34329970164
-19356.200832219856
4697.3730348663075
91237.40395266331
-66057.62002177582
-2304282.466432672
-8164100.77480355
-5499417.032480385
88.91523819015639
-1224.500955852929
-58.8944312111176
1.8115878109886896E7
8245.971587417267
734246.2729836828
1055.9609088554607
1266.020132671933
-1.6330011346825227E8
-1.821338594306964E7
2213177.321874225
1.6465463834798666E7
1.018439244070659E7
-4.7665623686080895E7
-6461067.518350403
1.1258460146343997E7
4.1102091009643964E7
-9.669482616831559E7
-1.3048931112159094E7
1.3468908436856428E8
-5.126283528986784E7
-372139.31858549634
1.1391669256198506E8
2.93242920447622E8
6.147162950943667E7
-87573.89519881515
1.9652745816341627E7
-3733558.9688069583
6.808938817749763E7
2145576.934646411
-9.170741566397755E7
-1.9315852382236257E7
-1.3703556664228746E8
1.2130374851802844E8
1.3361356966913635E7
-6.1792888219316356E7
3233821.275964112
-6015656.789720814
-1.7588374233561624E7
-7347747.9963844335
-1.37307910544709E7
1489181.779667729
2.727237087921864E8
-3.1092694253167238E7
-873535.3068600299
9777.984762728296
-9.163186281348431E8
2.957264191974432E8
-4.589213010342024E7
-2.688527007477828E8
3.3530754702415876E7
-1.7801800800546965E8
1.0398127882395764E8
-4.136726641209884E7
4182836.127620541
-5.0357895740671915E8
3.6595297804015774E8
-1.880041173561596E7
3842056.1536869225
6.0254484222033955E7
1.4612049152076504E8
-4.81677966349109E7
1272915.7768847065
-4.61321575852266E7
1.7635098871737916E7
-4.424978828317376E7
-5284.886958450192
1959962.4041142357
-3.013858633825106E7
-2.319673485381327E7
5286.142892792169
-2097339.2750681154
2032606.9823471354
-9509868.402994715
1658453.022346848
-6263922.393717393
-3836824.526878126
2185906.5644263825
1.6918627354090255E7
79639.96883089018
-3406620.2014657147
-5253915.313095563
6970560.072440618
3549988.5684689805
-3.1739935360437818E7
-7443349.413786062
2.4263094615509138E7
-2506655.9659503945
-5246589.654016936
6557661.775069801
-1.6732196684424415E7
-1.1031575960222177E7
2011631.3114860768
1.7939549610198176E8
9948998.398116741
-2274809.039303687
77452.22532826591
-1.226506916511531E7
1.4359744254142497E7
250827.95784991246
1563037.2601842715
-153697.54794183534
88858.87604270408
-4662990.953380989
-1177453.256754977
-5251804.716887968
-7203548.197347577
1.6382724671621673E7
9618231.912132422
1949966.7457011775
-9857979.106170675
3786158.1215774347
119522.27156422506
84591.48253505796
1455741.5463828475
-1537281.5087672558
1169670.3829445448
-1014156.3221275656
-1938595.2684419323
-201633.36802698777
1257383.3048765364
-6334607.49699825
-113699.6091483049
-1217469.238741838
1886449.0878174352
382603.62978294765
-454041.11969409784
182826.46206715822
371088.63106925244
223600.04600314502
-2882048.747162597
-4921536.969976104
4.4612004025132596E8
5.34861680612972E8
-1.3544696921045294E8
-6.21786307878896E8
1.441534826885707E7
2.013377663613607E7
-2682551.0881191744
6.076918046614693E7
1.6615584263189927E7
-900224.6259321647
2.120958432574821E7
8381709.252574331
4.0306307328129244E8
-2.300544525840112E7
-4.6955766924306475E7
-2976560.8637000304
5368175.851341171
-998352.123497584
2.69168273345343E7
-7.164001544898859E7
-67515.2743202524
-1482189.4133391867
-2668697.4398885006
-985105.1563413785
6325799.884723169
3671262.613447756
2.4814812478944354E7
2390346.85279512
-2555132.5739086955
-2955556.7850026703
5671146.8423536755
1502449.3437768377
-4658632.566537743
954326.9077062043
-1356459.4072114478
3960715.7414589757
2047216.003971326
-229163.19982343176
-2878140.142227591
-4391331.991768263
3934362.9990465743
-6168113.166221445
-2451855.1399056627
-41031.53769400127
188990.26095620697
399317.7255217226
792797.9067948527
1022348.2745517631
-847972.87303916
327639.39839537384
1109015.896505297
-2979477.363312766
7258957.328578161
1883333.360158764
-3882213.02965718
3438507.36451462
-363756.3748849338
4760382.108419805
-6444731.450277122
-4.912452165530013E7
1.7599187465130848E8
324452.7476375959
6.418994982055183E7
-6694.517174435992
1.623301184117186E7
-1.449840010112176E7
4256634.324354788
1.5957534009012124E8
9.013892013981597E7
-3.1122967850670107E7
6084517.01424241
-7.885098607483022E7
4.9448187776780136E7
-3.416866917613762E7
-113151.53207660545
-2.2013971246233147E7
-1.4838483760158721E7
-2.20202235708962E7
-2.61268017797154E7
3395519.8387620505
5.117577931973907E7
2.8898483653765038E7
-2.123105834277344E7
-1.121779580129644E7
-5.8932736163823426E7
5141959.153205134
-1.6985486427047205E8
2.5344139543023016E7
6517484.139015927
-39085.035953005114
-1128.9461003405986
-4454.164611932576
-13619.46683352956
-4198.450519364026
23421.333287760157
-283.6035523012919
42849.06304780765
-746.3301110477602
-547.4008267605836
-25199.910394174913
-3678.196648027249
41722.001524398154
-47005.47196741137
-79.20971206783975
-9908.586928479268
-307.3694977501735
4871.3495458260795
10309.831824310008
20957.103562047017
-6833.639048317457
-1559.566751111719
-21460.16348130944
1330358.7759645877
23171.518593144683
8490.74414667538
230972.14207755958
-267.6106581631639
6168.625159710175
-749584.687020693
-5.195284190601888E7
2.781103675925712E8
2.679045516382195E8
2.434157917747587E7
-5.7554218368534006E7
1.336164614698692E7
1.3274824015999435E7
-1.5683739754834482E8
-4.821474605070341E8
3.656858215304685E8
3.0209597660271473E7
-1.518381840555916E7
3.437548601112564E7
3.3031868730785962E7
-4.599669107588526E7
1.2011325748617E7
-3.0650708409838025E7
1254765.1347991638
2.3453726548547596E7
-6.085250599144517E7
-9.749294405382735E7
2.8609126901439596E7
-1.07382096066816E8
1.072104810274637E8
3.676006855285541E7
-5.282527802484538E8
-2.288654834025388E7
2.618333690195547E7
-3.8733948501728736E7
-1.412099519674962E8
971828.5933180462
-7586150.784433007
-3123993.254058182
-2.1520102786120147E7
-2.4726083794427156E7
3.523350732046434E7
-4.4615406255038865E7
-4297325.262572365
-4.5375164513386354E7
-6.113838729003303E7
-1.738822262381083E7
1.4676992036141783E7
1.5717056200505638E7
1.0059590267533123E7
-2.0878330534177687E7
6.504047386916686E7
1.323971800781137E7
3.4169708283354364E7
8952778.50220979
3678896.879217613
-1.0693664977996764E8
1.3078705246254382E8
-1.707977151347134E8
4.164691070471084E7
7.555386904718268E7
8.023160354676928E7
-3.250338257257673E7
3.697462598662224E7
-1.495623691336092E7
-1109501.0411403757
-5.2937161478030497E8
-64574.412767699076
-9347306.183233764
-2.82904707339885E8
8.393925066437958E7
2.6744345398584835E7
-3933284.471933104
2.1293952800805964E7
7.220688191922267E7
-6.83186579276388E7
-1.360093405108254E8
-6.778184271943462E7
-1.9367944469824287E8
4136803.1211070395
9.599467552066956E7
2.1193708785224578E8
-2.6097677484090187E7
-379960.21547886566
-1.006593327080823E8
-5.6125994964060694E7
6.0637166589950204E7
-3.970787225735291E7
9853.557399455956
530452.9432101076
1.6326750722216E8
3958846.5424120394
-2.7498566021936294E7
743677.8832451452
2043152.1217772258
4994819.717100546
-4.578023258325632E7
1254159.354279214
-796484.6224161796
-168409.9539293116
2.2468271720473036E7
7434240.028419731
6113001.491048578
-1.974706175641319E7
-9.798104518389316E7
-1.4961516955055954E7
-281361.1332725241
5521502.050139265
-148355.88386904716
-2254748.2239008266
-1.06287329333479E7
821824.2123607897
387002.85979194095
1035715.4413309477
1672.1998392314683
5400130.353347763
-7681.776693848708
-95186.12861532705
-4593047.186375714
-2987495.1627567015
-5509.623345594678
667310.0256607523
821399.4359172701
-12163.424467235422
1.6074972120404419E7
-1765211.7780064342
-6.6154113083512105E7
-1.8145418022411026E7
-1.0675355519597797E7
-3.0620844227194592E7
5.778375100686737E8
1.6745247026616168E8
-3.420994321147189E7
2.8408877622015905E8
2953062.5162997902
-8.104784771250765E7
-2.0220727995673146E7
8.461239303042333E7
1.022862675198827E7
-2.093423948476501E7
-8899986.225484034
-1.368900427485499E8
4.2251295118279964E7
1.0319260651708834E8
-1.8309088455873814E8
-1.1909894809339272E7
8.073680973107547E7
3.098078830276103E7
-662338.7628605427
-1293664.662722504
4436246.35736524
-5802620.070697072
-2556029.078448644
2.2355922952528898E7
-1005046.6236809413
-3366757.7916219574
1.952047829142175E7
2.49972318461284E8
-1.109656453868033E7
4045200.609656476
3586848.712486892
-7258261.0817719465
-4.349970544066851E7
1.1176581028665894E8
4328609.26191685
5.636828675561361E7
5.0632301437723525E7
-7769792.555324953
2207348.6135381423
1.3840531618699202E8
-5.306904327036701E8
6787092.94674267
-2.9088580942629907E7
-3.63266228510332E7
-1.3537206279058648E7
1057496.1046043271
385833.59879526624
-1659672.513346225
866498.3415894976
-4312695.695122313
1296157.0565756771
-1.3037835503578287E7
6613760.446772123
3942475.3853734806
-4500698.698361873
6389971.72862884
-156127.35700017883
-3710087.3782282155
1431169.58836047
-4.7203783740494266E7
5.9872635613558136E7
22379.87410254381
-2.420097841343501E7
9999089.339544863
-2278387.582459443
9807384.857770935
3.281457586425854E7
-1.0464049094387135E8
-2.2522087533523563E7
3.0002810721261013E7
1.8518418770098954E7
-4457073.340106459
7845439.727843717
836741.6934809367
-60451.67162142432
-1.1215653822728159E8
1.577306198006332E7
-955936.8322483611
3.2027236108264286E7
-6.033808208348406E7
2377369.132094256
1432164.2695495908
451913.49547803577
-1.6609275816165432E7
3.296492946879004E7
1203996.4310351433
3.148132471685333E7
7.94593057719236E7
-6.150003878976625E7
4.115324326449589E7
1.5352719220201656E8
-1.8953410709436044E8
8.951723184400515E7
4.9461407790915936E7
-9.299734853620332E7
-1.5474808281002897E8
-3.0413790239804316E8
-2.838425013870971E8
3.398642790018946E8
-1.4907323116007203E7
-2.257561295321917E8
1.2445232682659155E8
-5.038503054833907E7
-1.0076920503819473E8
6.480508984482611E7
-6.400367373882831E7
7.126571595695217E8
9658614.939626161
-2.1822211516787812E8
-2569905.607634484
2.7868984088106096E8
1.4676162251554295E8
-1.765658936377971E7
-2.1866659529017618E8
-1.621514700062989E8
-3.028358569030698E7
-5.760903461374498E7
2.465744855203442E7
-1.7210016687000993E8
-3.289314054763576E8
4.133661449990389E7
-2.665318705235755E7
5.680537058985496E7
4.2192025182861775E7
1.2444873737462338E7
-5.168253838178475E7
-1549398.3876170132
-1.2161556904987048E7
-2.0289753538516708E7
-2.3865164215351705E7
2.7222894733850125E7
2.3288409006401938E8
-1.2072714108531785E8
-7562057.286110459
-1.5384130699166967E7
-4914940.706044059
3566845.5929489443
3830.4821138185093
576048.0936783144
1.6385388603084804E7
2731979.7175688236
5.070362452474738E7
1.0808513138623241E7
1174990.4899297878
-4.309268660838938E7
-5878333.2552209385
8970665.044988576
-2205758.542107632
546343.9631024622
-25655.55112017073
1962827.7394742006
-1269256.613128874
4474028.708639642
-1677641.5879104792
303841.0518594511
8375213.728841957
-5619153.672714627
393807.53763790627
396080.01234564785
7.045969164383535E7
-8860767.06684858
-2459719.5565979034
825165.348680263
6453733.112679451
1018269.0419389877
3589531.61761347
290919.8752631096
1392255.6104252727
9584365.778577322
721372.916314601
-1.640053713772661E7
-9599181.139240973
2096903.7713759684
2857579.6548167765
2316850.3116554655
-8.722090927017725E7
-2.492556298475313E7
-266323.03643987677
1906955.0309373126
269504.69949448225
1148320.0218173934
5.2779929951378113E8
1023760.9583513337
2318330.8686489863
-1551243.0968034929
2.1925052617383394E7
-6633439.613421838
-24242.527354471404
-932.9749024108156
707.8160629188307
2024003.7935499966
-1.3502809374293707E7
2.4283931798021108E7
229041.70861178814
-1.8911151948788393E7
-1980.047564766296
-2875267.5594547912
2.070413861563167E8
-966481.3915520933
1891984.2617864506
-5.3427121071585596E7
6776211.639021862
-2.021895397616485E7
3.0888590190706044E7
1.2734726077586362E8
-8878457.446220452
1.6855475781636834E8
1.4356483657667044E8
2.840029950561662E7
-9436286.177806512
1.7849310225598228E8
2659954.4604501673
3.7247047215108864E7
-2.6347886983258132E7
1.780786150137529E9
-2.169636394375842E7
-291829.2086046848
-2844164.019895581
1290114.8827654137
6788607.16979967
-4.448342309542981E8
-7.358663199952532E7
-1399872.2778258955
-5944359.373104803
-2.2707702988119368E7
1.6491111079884462E7
5.948762148507797E7
1.403862048210857E7
435543.0149531102
3970283.226289527
7.394146601265268E7
-1.6188525094961025E7
-658557.4921749545
-1.9447775921568763E7
-5203079.651752692
-961750.3788668292
1.2025713978475301E8
-1.4438834567667598E8
2.896023636682223E7
2.746522684925039E7
-3927960.3556382065
-9.08620086072964E7
-640913.1939257068
-1081925.1787808987
7353112.422743027
1.2000802554954077E8
-9892622.295306183
2960058.7316954387
-776243.6282583972
720937.972330209
1.4668360670908334E7
6.950806216162755E8
-2.4521612823763724E7
3.4851396492029923E8
1.16819555551198E9
1.2759325317455087E7
-9.591603371526214E7
-6.900061405156055E7
5206127.875705795
5.902826826078991E8
-1.7568777735171127E8
2.3765493018272725E8
1.7708863792150733E8
2.564091002927154E8
-8.765534443162896E7
-4.981619248246609E7
-270.9334793002525
