-1.6264224176652128E8
1.1747387767832202E8
1.0648574412304285E8
-2.4582632130529827E8
-3.158026995361524E8
-3.831691421025843E8
2.8470480183632195E8
-5.476439499207236E8
6.575865316543607E8
8.660190981778959E8
-5.089956288369608E8
-5.4315401014601745E7
1883916.0323017875
-3.165682056867736E8
-1.0783068876632853E9
5.3603723443081796E8
-1.2877829825480103E8
-3.960799436794639E8
2.587894784424119E8
3.784845505242874E7
8.747400485019509E8
2.1135414403886238E8
2.387555210029496E8
1.8808315987175962E8
6.152564843339574E8
4.341476959002984E8
-3.2112267665534997E8
-3.817637197835268E8
-6.404967200392845E8
1.1802963774959423E8
1.376578522178923E9
-6.016639596398419E8
-6.726570937891129E8
2.0862770197146308E8
-1.5758980306265453E8
-1.572497954500087E8
-2.2923498700332616E7
-7.37838142134935E7
1.9172861366306882E7
1.4970812285402864E7
-3835382.071039708
-1.1882851244798617E8
-7.135446827387878E7
2.3327107899523798E8
2.015759211059473E7
533289.0986183779
2.3911639695198555E7
2.1354770061743575E8
2.810071400003297E8
5.4574768633624256E7
-4.3011020904092856E7
5.615310019345145E7
-3.4614509989051454E7
1.0571307473324926E8
-4837819.3292085705
-1.3242474153636657E7
1.0005132158598098E8
-2.751195354470341E8
4.435959023410043E8
1.205683557457345E8
-2244270.75481873
-1533625.5128899007
-6.25916202138905E7
5.592334877432208E7
1.7622935626873493E7
8470255.780856594
-6.85265269621252E7
1.0468053858767495E8
13222.692187137256
8.252629615836829E7
6.4304436892583095E7
3.1091068374423373E7
-3.0178824864796966E8
2.2625534467318173E7
-1.6078761718415898E8
1.7282243590330917E7
2.7693788865367692E7
-224815.24879993475
1.9226976419893097E7
3.0422684721555807E7
-6.0627302435372E7
-1519075.58874184
1.2331560725721891E8
-1.630220426472896E7
-1.5044854173744473E8
-2.615802491829515E7
-2.4260869991024844E7
-5.04654496063234E7
-4.989826292519453E7
-1.1398021484924668E8
-6.2767512098054774E7
1.3435044323591834E8
-7.319466306573057E7
2.4984629679199733E7
-1.758212257580964E8
1.9070167661336482E8
3.345819624286524E8
4.884008291615789E7
-2.0627715681939954E8
-2.17508876538611E7
-2.3364648184415497E7
-2.7547101079490584E8
3.817306891573544E8
-4.457309262695161E8
1.4327886544203058E8
-6.184687569942502E8
-3.5999898596218646E8
3.989153083342464E8
-1.5468618734253502E7
9.10419625590444E8
3.4373615918892777E8
1.549971803991164E8
-3.37630509135798E8
2.69650055203014E8
-6472170.832889415
-5.539563703659703E8
-2.0563174777113098E8
-4.556062990087783E7
-1.2013778701145321E8
3.443430951330814E7
-2.614519918920685E7
1.6501613797661584E7
9994071.0708905
6.987895917024271E7
-9.790422585703324E7
3.2254510838759345E8
-2.6000959429480678E8
7.57101359158052E7
-2.0004093360770154E8
3.3036271656635974E7
-5.429964209212539E8
3.605124248552884E8
6.553682816163146E8
8.08978596045361E8
-3.5025386002134466E8
-5.928747843782734E8
4.93008665206742E8
-1.3419420714826159E8
-1.8104020650222635E9
1.037114406732837E9
-6.289995141939788E8
-9.559801023053467E7
2.2542293387409163E9
-4.731267774766241E7
-7613182.528865675
-2.0720219309032652E8
3.124467621597798E8
-6825796.648811293
-7509309.5846107425
1.1675295648371565E8
2.905969051465356E9
-8.681001766320422E8
8.047918193832673E8
2.2205675551946926E9
1.252649265813026E9
4.3559389289731646E8
3.695683570433282E8
3.179045702343085E7
2.804244869698939E8
-2.2063039581820693E9
2.7090241386160874E8
-2.5716442868725142E8
5.087436413051959E8
-1.0232036043458102E9
-7.680430507183943E8
1.348971701233759E9
7.2708875226106E8
-4.422013739794537E8
2.8747249231495804E8
-2.336384855060205E8
4.090418435191352E8
-2.4279555901518333E8
1.111310463459446E10
-1.38500382207009E10
-1.075214165168572E9
1.0384434960444698E9
4.1139080226140845E8
-1.2890508934984531E9
6.185847581405274E8
-6.115915327334102E8
7.187641553068126E8
-7.578846240372194E8
1.1646112182597084E9
1.9770911129398633E7
-1.0094647915694617E9
1.679639943809585E9
-1.1140554821454196E9
-3.738608609115982E8
4.4044712852197E9
-1.2313346313439264E10
8.580696310647385E8
1.5921706833977562E10
2.4058585252857423E9
3.3485242989060354E9
-6.612157539593931E8
-1.6705156868791867E7
-1.1734847337869711E8
1.3953210058523354E8
-4.5428662674679345E8
-2.5145598376909328E8
-2.0689987539180028E8
-5235594.739051718
-7.252108337189691E7
1.0458828519685413E8
1.349441927294444E8
-1.495929803277544E8
-2.42755986469983E7
3.269466427181467E9
-3.3438311114865012E7
-981287.5100172911
2.3874519025891583E7
8.843656344812553E7
-334983.24658414675
4.4157010398072995E7
-39145.31360599404
-1.1008117003810665E7
6653609.074369661
-2.264322880625465E7
1.5573570720048238E7
3.40193219509168E7
9542760.26683862
3752261.3606948303
-2088840.2366515852
-1995840.2411030855
-983529.780402569
6809304.655385632
2930422.151090519
2.5259983673117876E7
-3.459715516178193E7
-4.554261753308505E7
4.251272925611608E7
-1.911471969919432E7
-2.9867577268708263E7
-1.5899928417008664E7
8265531.781908426
-1.0293547679080865E8
-3.0398900619689226E8
9775450.254797773
1.2390401522742687E7
-1.4141739799537567E7
-1.1201099178723283E8
4.769598080383033E8
8.202562197743143E8
-8.029864031818187E8
3.019415549238973E8
3.6886243691675854E8
1.3155945689714584E9
7.478947832814267E7
9.05824939919734E8
2.9421814419712477E9
3.6546942234517105E7
-1.9801227762119117E9
-7.279344282252336E8
-5.391037465545939E8
-1.15891595945084E9
7.629423186077275E8
-1.41999143966963E9
3.016057015864049E8
-1.0343081904198586E10
5.261550982833097E8
8.100071858682141E8
-4.213071367384449E8
-1.6955491007238808E8
-3.80372958543677E8
7.131896877819818E9
-4.651288720751902E8
-2.7345169865748644E8
-1.6460258301391804E8
-5.716201717819328E8
-1.2390841387594055E7
4060251.853573733
3550044.9302523197
-4884620.531908456
-4.738351313504542E8
4.4973644014682937E8
2.443310105045663E8
2064357.8799514547
-2.869137730559889E8
1.3162839609570754E9
-9.518214833919819E7
-4.580566789595061E8
-7.037409911306154E9
-2.3448256231110543E8
1008344.5076496627
-2.0084066346397717E7
1.3791761978318227E7
4.9811441081507435E9
1.7441234315215033E8
-4.4883648586995386E7
2.7142742719916785E8
-7026611.804495038
3.882586178368098E7
-2.662722428197428E7
-603750.6897074011
1.2291440862406526E7
-1.2259835528910522E8
1.5808588348281011E7
4746796.6511134375
-3.3268218164321717E7
-3562310.7099388163
2.5600213491475966E7
-1.7777753028606713E8
-9.12999067118562E7
-1.4119185666586506E8
1.7922267982627474E7
-1.704543409606178E7
-1.3625246960971332E8
-1023343.2814095083
-1649383.5013798722
4995565.568238002
2.3016001024256293E7
38779.60426471311
-17673.098017287997
15046.600801338136
-34910.18728022295
-348759.9025565204
-104758.17222071327
6649462.264532562
2689279.8202997874
4127.137979568273
349.7630464464245
-3938.411894628103
6322160.537424218
387205.43077173666
528666.6821535042
5422.240009278578
-6237.010601757695
7.607470247869216E7
4.2808994091720587E8
1996930.425014047
1.1990354024788436E7
2.6988344717226416E7
1.889495357732484E7
-1.3526281978430888E7
1.8656274388180144E7
-1.4408755866656452E7
-2.1205591145971513E8
-2.3770931873383846E7
-4.257591312568294E8
6.746044285620661E7
2057810.3788026944
-3.0277603388836133E8
-2.848543783242245E8
1.3115441118677962E8
-5.9792184422084264E7
8.802973520650722E7
4001652.6219753763
7.551165760813761E7
1.021828994806979E8
2.5022672212345344E8
1.586352614208274E8
-1.7269305247727954E8
5.378704283178184E7
7.286639418770161E7
-1.3189424694436863E7
-8598882.198970733
-2.4310021865915743E8
3.054773307456797E8
3.174402035550622E7
-2.024550418821394E7
8790906.577714017
-1.132581779799451E8
4.210517926562123E7
-6841734.193826423
18051.69494546864
5.169032560233271E8
1.0161082436251141E8
3.2101067252552205E8
6.488051657979335E7
1.3432490585025495E8
-1.1083799408028214E8
-1.3355240793912795E8
-2057004.7411719554
1.2195687046571547E7
2.4309743801692867E8
3.609363929733627E7
-2.0329786389154714E7
-6694176.189972141
-1.673210982412158E8
-8653597.177836185
3.1647918469942868E7
-3199002.278592121
-4.49653237316332E7
-1.1112932427773806E8
4.832254015464619E7
9047.199392043269
-8550315.560385542
4.492864971539035E7
2.2234802619089708E7
-4076.4465405532587
5880145.198700198
1185700.9889718364
1.4991333839114208E7
2059740.792868771
6887242.847518271
-1.1545248805299738E7
9961360.6640188
-1.1335711105898649E7
-24362.84135920641
-9093139.25613366
9679623.426416906
-4.857568504779173E7
3.909484107102577E7
1.7827492893033028E7
-1.6018123573024368E7
-2.4652379986424338E7
1.7902441747420654E7
-6905078.512420424
1775100.676575884
3924012.566565852
-3024969.159225342
4269352.819065454
2.082595114021923E8
2701741.5419101403
-3816288.327566735
105121.18002213178
5950175.345977939
-2.0979939803408984E7
-1738157.7795590528
367474.6151600385
-987183.4324719959
492618.6732994462
-1.8002400572831765E7
-212135.70801622362
1490094.3200783515
2516571.3077739486
-1.1787363348036015E7
-3156029.5457696435
805846.9512410577
4534020.859227843
-5987258.724242822
3527272.3291892833
-3315562.1818039534
-420025.11058669566
184213.81212765005
-2937740.8986407057
1801199.432849306
2.318211709698999E7
2391809.4685574016
-385746.53080702765
-2033677.763201353
2403187.635442267
-3247266.711494451
-8024807.317113233
-37405.615508832525
588697.9030896472
274817.4513148121
-2015875.3425923064
345205.6649911042
3480553.22005178
-5.372079984349773E7
-4.5104163941269445E8
-4.854896910398085E8
2.402182352863058E8
-6.172600520995377E8
1.0037544137110998E8
9.824671882311945E7
1.4064076595027357E7
-6.465143583580119E7
4.524701656711142E7
-4888805.813800774
-1.1166075999073328E7
7.930387333423752E7
-5.300436764818524E8
-8315268.881663569
4.778856479296867E7
-1.1770539066022886E8
-1.0444540204147683E7
-661144.6067669461
1.1607326589213984E7
-4724260.679838367
-395280.8870541431
1247313.7534793639
2442996.3379688184
5929225.208919547
9529193.50527228
-6477832.975040596
1.007408351770175E7
-8972667.624147749
1687410.6094772501
-1822303.4261105505
1.5093075221363816E7
8446161.01729673
-2.2822172043165736E7
1.0421525709958725E7
-8693165.736107048
118710.80936893985
-4.3280708773708954E7
2323288.470041962
1.0732303078354644E7
-1.3816564995298116E7
3480583.373194304
6133245.005114178
-5988367.754807552
-2.3553416765300512E7
-4.9618288443674356E7
183956.86390811743
1.3524853267376686E7
-5401111.323850924
5042436.182819332
5378901.36629211
1.1645359993027432E7
-8469323.549271086
9.545034055419274E7
1.1495395479186988E7
-6.1213092868908845E7
6.107338417861243E7
1.1261208522225939E7
-851860.3250633101
-2.7285402288546063E7
8.656066811424379E8
2.389355031531303E8
96070.66584906193
1.4434878612041784E7
14540.105468519138
-1.5141406664449478E7
-5.3371543063174345E7
1.0205246912591342E7
-1.5024802873332995E8
1.0205855575673297E8
1.1762114367891668E8
-7.40992845470336E7
6.240843060309774E7
8.166194749510488E7
2.2158166743246928E7
-280155.96760281204
-1.4353741162920391E7
-9619347.829432126
-3.6522562785649866E7
2.110467666288384E7
-6199069.913363385
-1.4189454551186547E7
-2.1563878361374747E7
3.948796067037381E7
3.998154600901744E7
-1.673399890473988E7
921303.1340861776
-2.286354775517494E8
3.9624537710110694E7
-1.9087374246580433E7
-45977.4607933528
-7750.430276520261
-9086.300005595132
-53154.51408480477
-9744.560019135233
-65919.06633073332
736.1512192047687
-6789.280280067943
22215.742305350253
42249.635455413016
-9118.188366709835
-157.6913269452487
54197.61793762348
-74327.03209781394
-19774.612743805013
8701.961158391663
12541.187557571508
2645.338727308769
13615.591628658363
33728.35105831323
-49820.644116646334
8725.0751581402
5091.85088620632
-1125449.728066298
-31457.846108146045
6284.4230151850925
-115022.96491385163
661.6269300979062
54215.36733096397
753267.9071727155
2.738635888424484E8
-2.991987199539094E8
-1.7217568324951956E8
-1.0602040932360401E7
-2.853561480720216E8
-7.280038284325929E7
5.036105111643507E8
-1.4677722619015095E9
-1.2414430402700741E9
3.993086043830824E8
-3.0006115988985702E7
1.2122632826110162E8
4.7271702266191326E7
2.5317896997759205E8
-1.0511855484008751E9
9.880228315322391E8
-7.161375476276748E8
1.545166673531745E8
4.9254896866520184E8
7.132691521150607E8
5.99381595279157E8
-6.511714683335156E7
4.692252896107327E8
-3.6333271451601875E8
-1.0281332511487799E9
-1.008608210515572E9
6272944.566893328
-2.156320437701893E8
-1.5119060184995413E8
7474986.543120678
8.162286173784564E7
-1.6928721779186448E8
5.447461521232026E8
-3.827988676185198E7
-2.613250444617755E8
-9.248174854445831E7
-2.3844239663854054E8
-3.30861083180781E8
1.2030530351766726E8
-3.608885748228377E8
-7.537468170451751E7
2.5352240504184004E7
5.5828664150611505E7
-4658241.299189164
4.1299186378270024E8
-6.547697963086737E8
-8.489481375057884E7
-9.914098420562631E7
2.222650329898306E8
-5.256750476167567E8
5.317809444691503E8
2.32133866627475E7
2.7097316140207358E7
4.3879641363452345E8
9.270541244896337E8
-4.7763770906541604E8
4.7311529940987754E8
-2.156764820323236E8
2.5057625166295025E7
-6477908.231554705
-6.615400985892959E7
33552.59099691531
-6368219.284975342
1.0433416394215256E8
-2.197856183633512E7
-6.4311811019863345E7
6195335.375325834
-2.2935370656499017E7
-9.440671095235029E7
1.6082028645613453E8
-9.875627341575992E7
-3.9568248286066264E7
-7.392148934728856E7
-9235651.643087164
7.512122716646527E7
-2.3339277571894273E8
5.409250920016448E7
818355.7021981163
-4.236654111584908E7
3.8899103629675835E8
-1.048757899201429E8
-4.2213591222291045E7
-1654.1035836225083
2095622.491435842
1.6540222965192924E9
3.968080069759693E7
3.282368087887228E7
116736.26174262453
-1.465696336833937E7
1.0601593803224403E8
1.309473472260638E8
-4900313.9369935
-2362454.050708956
390760.62444683333
6.303747144332895E7
3991704.7356962115
9740300.20167272
-7.665473064430714E7
-7483813.065147183
1.2168316487613756E7
290429.8753571808
-1.9159892998514064E7
5751481.008514833
-5.423586659195375E7
4543645.116519641
1191588.0087025317
-1164599.4010304878
-1192736.727156473
-151109.40564150037
6418982.336167211
89494.43338946944
2574.4019185881048
-931105.6867556876
615361.2527934039
7616.107282890029
3547658.340129878
714664.5751117127
131069.38528632886
1.1730998079632118E7
2629878.179454106
1.5440684002813346E9
5.6694815113021806E7
-4.463972564752673E8
-2.829237403172861E8
9.051338123284147E9
3.360465454472935E9
-3.652833095022356E8
-2.089316970895872E8
6.954514139055803E8
-2.2204817519562754E8
2.3859196435960274E7
1.575176466284838E8
1.209089528251743E8
-1.5855886679626945E8
-3.82402415555441E8
-1.1882352140536382E9
1.1856364661959002E9
8.716648479893699E8
1.4330303741343737E9
9.734512335837007E7
-5.932053371602534E8
5.51617360828546E8
2214638.6692095734
3.122570265372381E7
3589531.7099303724
4.000517927465219E7
6527664.140517559
-1.3359055901660796E7
-1.4158476931340428E7
-7.092347824866295E7
-7.557523281898336E7
-3.986235934826493E8
-1.5846789617930594E8
1.3688646774529177E8
-5.9384756478740096E7
-8.740953845130605E7
-7.187069783163446E7
-1.4803955811934394E8
1.3371665828448294E7
2.2888534399169648E8
-1.1945661272158198E9
4.581400193313769E7
5.495975308515961E7
1.922325687809522E7
6.041654428289435E8
-1.578966499075776E8
-7.590744418204817E7
-4.858526797666936E7
5419757.145001652
-333876.7091910903
504536.7263667423
-2285128.720308328
-6583540.002324677
1.0306464787504176E7
3594442.94616821
2.9924106829832405E7
1.2834937242596308E7
2.920708450193783E7
-7.647019656558952E7
-2.761713185260473E7
2.5346919528825462E7
1.751545217048578E7
-2.0824636049564064E7
7.024885757280463E7
9.19159091385435E7
-3189607.840755107
-3.656800832058741E7
3.705884629064321E7
3047338.2655533943
-1.9785538692799404E7
-1.163648493876755E8
-5.530135010349448E7
-3.416125653096854E7
7.554069539883795E7
5.605163819511284E7
-3.3503827208619684E7
1.246122337453376E7
3.926927158186319E7
-1671834.5625110746
-4.930672936332171E7
-2.9379670867812958E7
4513961.7881195
-1.9898776303778994E8
-7414484.44922514
-6.533402661513035E7
7948442.350546534
1.769277374352744E7
-8437861.700220903
-2.0000640146292306E7
-3661381.8333405196
-4.5138949940505564E8
-9.238162055431531E7
-3.418428265606497E8
-1.0500733250407715E8
1.1592971723024974E9
-1.897284454420305E9
8.370581141593695E8
8.204610760872203E8
-2.803720202714129E8
-9.939979152859236E8
-2.358749611048713E8
-3.7527974155971044E8
6.249389497244066E8
-5.835137167692258E8
-1.098980332899982E9
5.967386916198347E8
8.825351278650112E8
-5.150252910794611E7
1.5042849412813592E8
-7.125558351612635E7
-8.64637672652384E8
-5290254.519004519
3.0922642873306108E9
5677894.8641989315
-1.9965454301693392E9
2.4808592716031914E9
-6.718158381567897E7
4.0540234874617475E8
2.752434974911521E8
-1.2552516166601257E9
4.652245660267009E7
-1.2753824556252897E8
5.329369367134433E8
2.5205644098967272E8
-6098394.363124506
3.140952755622776E7
-8.15464643863528E7
1.7025274575278485E8
-2.5347828675123762E7
1.2079317903667908E7
-1.551034524668923E8
-1.1759365856584795E7
-1635613.2834299095
2.9953586115527187E7
-1.1181495332050372E7
-5.584860785393254E8
1.0720390677857156E8
-8368517.527425715
5008512.03660203
-8371888.08392693
6362626.987213322
-9619.473136745371
8783229.283715755
-1.575163656295328E8
2.3753098088645574E7
2.166248589961474E7
-6196010.1806403175
-5402113.805599045
-2.113450356500004E7
3974071.5204741466
2143174.129034191
3527483.3092338587
1503350.441518406
2469.0058934571566
-4670354.664984545
344191.4168619668
-1.5506475692815373E7
2959423.232447238
-157778.87955759047
1.1459840771018283E7
-6214002.037798518
-1448725.8831661283
-317496.7231476526
-1231019.69412338
-6701795.6673743175
3627729.6648310595
-1191829.6453313963
-3766459.301358169
477094.52013118967
6526468.756062581
-93776.16601620676
2640782.423299667
3336065.0375030604
-997423.2721803207
732393.4068567778
-2.933979466062119E7
-2008905.2466427695
-4359850.776378461
-1518463.4712801657
6.376225132640229E7
-7255030.475076226
-332334.21198111953
-4.266549071409978E7
-214236.67079789095
-1888502.2163432178
-2.726959568164385E8
-3749296.469019194
5391684.948144044
2789558.433744436
848697.953085186
-4575526.863563657
32694.658352182814
-2897.758679150748
-1708.3823287772411
-935065.3407443973
9.460389171411608E7
-3.950901951925588E7
9670571.712939115
1.8432732452033017E7
-4555.375908241984
6.069365014533997E7
-3.637174298577779E8
2032294.8150882346
3.447566631660932E8
-1.5777691576556645E7
-2.7808659290916675E8
-6950532.894262231
1.5633200008611111E7
1.7582743709813517E8
-3970908.054916934
-7.97512998731073E7
-5.006577986135914E7
-3.3173665117533255E7
3.2325617559637923E7
7.637768347622944E7
-6141492.819974662
-4.873041140721306E7
-2.1211738360498667E7
-2.370545984428696E7
-2.3550931914600607E7
-2.3029909417947408E7
3.7164107242093563E8
2023530.5465227703
2574226.198955148
-5.993059348883775E7
5.03521528082191E8
-1015114.0193904242
-1.7050912941231843E7
-1314542.8896824343
-1.4157094399922261E7
-2.8521294422986254E7
-1.2031421677498775E7
-1518494.0567063661
480749.1245268963
-7.678352574519947E7
8223357.1452685725
1868984.3254913879
1.6429608789374823E7
6020018.169978278
2505943.166948852
-3.587655543347106E8
3.8512991170334303E8
-7.139877398425302E7
-8.500110682774866E7
5727738.355918467
-4.3925386085600324E7
2384738.7211455335
-778206.6170324183
2.4191437145242885E7
-1.0563495291439305E8
515952.30200313067
966884.306537659
-1543935.5056149394
-7118019.093175451
2.1747169530563563E7
3.921582609727457E8
2.191700808861699E7
2.6555799013394967E7
-1.828361570080346E8
3.2869293427475452E7
-1.8178822681170353E8
1.6222490897522005E8
-6.803407413724509E7
1.161816293224857E8
-5.502249889114764E7
1.8489583569730204E8
2.11124440844118E8
1.9964572524751714E8
5.448999994754031E7
9.269320709735262E7
206.962526796158
