1.4805354704622358E8
-9868796.970916955
3.0251981949611187E7
1.7988402923669732E8
-9.714514370946671E7
3.629140934520318E8
2.2132081201088893E8
-8.414395582321298E7
2.982077584607118E8
9.373091854807634E8
-1.7479797504453653E8
-2.735256480032426E7
8.203843823467986E7
-5.997942887435572E8
-2.3526752061178946E9
-1.9565364252690575E8
3.0121622687141263E8
-1.9260080772856667E9
-6.505892468682413E8
1.254625172798758E9
3.660575440088923E9
2.9923884281139743E8
3.185199058990376E8
-6.105571841205275E8
3.330648690632778E8
2.6424487255971685E8
-5.802993616394949E8
8.967007254767148E8
-9.187650787735037E8
4.8211569624635565E8
7.14282375123181E8
-1.2390894892162582E8
1.2306939981903179E8
1.3909209618710179E7
-3.478951639119272E7
-1.0013724090156172E8
7.137770551258251E7
-4.8975918295652494E7
-2410176.2261331524
3.950275445896573E7
1.2880618157325895E8
-7.303709052961552E7
1.638048921357822E8
-6.857349198573837E7
1.1618698878286548E7
-7816544.834476729
1.7354929702649735E7
1.5772888925352758E8
1.2840548417491828E8
-1.909744747319562E7
-3.506203457223794E7
1.2393245517439792E8
-2.277329750625365E7
-1.4110176705988467E8
-2.003774977043191E8
2.230990774282793E7
-9.652754013782829E7
-1.0837734977691178E8
-1.09968092243223E8
-1.7658949955315724E8
-5598199.484390339
2165415.0491638617
2.7622207698580578E7
-4574214.69278261
-2.9867754458007157E7
3303004.0053752083
-1.7434771723373356E8
8838733.614935786
2726.978767290049
3.8268167204560846E7
2.1988605129809484E8
1.1297671216752226E7
-8.684188596526945E7
-8650468.421726126
2.9376256500043285E8
6.818060004228091E7
7.200144625792475E7
4168388.057125661
-3428799.599246707
3.4619041937551476E7
6.633059185287983E7
-1.5461387781679446E8
6.159512135282071E7
-3.395591658019032E7
-9.621734098586263E7
8285019.193001384
-2.1614801420333877E7
-4.43332965630216E7
5.324167906754126E7
-1.1156149222451983E7
1.422823614068984E8
-2.0307429131890574E8
8.682483381820211E7
4.4266065338983916E7
-7.633533102491151E7
1.6122618667474996E7
-8.786419770083398E7
-1.2222943778859626E8
2624767.6467713695
2.23460007785971E8
-1.2252687149303654E7
5.319881277177061E7
2691839.493330408
-6.071100540653222E8
1873193.2388428524
4.416200157004178E8
1.4105623837373924E8
-4.1576905771430755E8
-6.20296262200563E8
3.0458478143512636E8
1.9800230774833593E8
2.387075374814242E8
-2.9798530833869046E8
-3.824586529531184E8
-2.3469683316810757E8
7.050512561440258E8
3.995012048196641E8
-5.6073543599486664E7
2.639771737891212E8
-9.909059427833639E7
-2.0877436632344887E7
3.725044651648738E7
-4430461.981723879
1.0562235689887802E8
4.2500197474402136E8
1.6595747886677393E8
-2.1587785685463482E8
-8082997.355934126
-4.0469792061528176E8
2.733106284537545E8
1.6698199721950856E8
2.197581524952673E8
-7.989924428280579E7
-7.007786399421272E8
-4.780172740320701E8
-1.4386514616865873E8
5.069633025890887E8
2.503341250503256E8
7.686282070378277E7
1.5146281262308288E9
1.623504773232481E8
-2.299051096795264E9
-2.0537943142192006E9
2.302803928978161E7
-1.5707308720529902E8
2.3796061136474803E7
2.103826963859744E8
3.0022347316894975E7
-1.0650852355034272E8
-3.237103616853614E8
8.091616094820327E8
8.793928814427141E9
3.08400808856076E9
-1.0274369370216218E9
6.295882190030036E8
2.4370388427749482E8
1.5192425464846954E9
-1.4886050703736677E9
1.1589078939307113E9
-1.8163481314189467E9
1.4992136650775135E9
-3.680063967342838E8
-1.503410609716033E8
-1.6039685963863197E8
7.791601285141155E8
-3.9569021237557906E8
7.549407267944428E7
1.654218998913396E9
-4.05538269394692E9
6.989406617905583E8
-2.8797676374764377E8
1.2927417904040419E7
-2.7487992027698946E9
1.4548597667970746E9
3.202472407827459E8
-1.9990473622842743E9
-2.777133349958196E8
-3.3516300591114837E8
1.9073193881732628E8
2.343075135700634E9
2.650002193977816E8
9.412292802774271E7
1.113582950886186E9
-1.17164733914719E7
-7.321779110828711E8
-7.02363983464517E8
-1.5593560931456694E8
-4.002001191316308E8
-2.9350048925306165E8
1.2134138415608265E9
2.4563695409175712E8
5.987055826417147E7
2.2347559999954295E8
-1.0737596486728733E9
3.1633451033756965E8
-7836687.159503399
5.48622775533822E7
2.0162955008203188E8
-6.013626001472858E8
3.4146346909611964E8
-5.345568360034264E8
1.7507422777700167E7
-4.2503256672844045E7
1.366714968838389E8
-6.516232927963592E8
-2.1715554073787612E8
7.584570837807825E8
-1.5173057029458964E8
-4.862909548815599E7
2929043.9487368837
-6.231233410570744E7
1.8222076842043333E7
-2308381.6384522053
4.8043782007659525E7
-94810.29633601701
-1.5437155555327274E7
-2002287.7987740054
-6925902.873587905
4089867.823274268
-1782718.8714238517
9121657.282831762
9728810.68468347
-8135084.221922843
4232028.612092317
-7671666.565292638
4019279.3424579646
-3372146.9488046877
1.4671573734907769E7
296032.8295648315
-5730363.238290632
2.6046321522955097E7
-2.598722145698525E7
-3.3768336993717775E7
2.2654130705372386E7
-2727224.545867331
1.466269714490178E8
-3.004408648817345E8
-1335974.3047593595
267127.9397289256
399729.2130419913
-6.5981297949129716E7
3.2830221523948467E8
8.42112726285096E8
3.055527663722592E7
-1.6723835589099848E8
-1.850584461952412E8
6.676853199025861E8
-7024571.014730067
2.6069585987889478E8
-1.336242485055314E8
8.985699412975625E8
1.1654152091683245E9
2.4323148410933936E8
-9.445167346439939E8
-4.312990969468347E9
3.753336113830585E9
-3.206074832943299E9
-1.085858954904369E7
3.8319150702954698E9
4.541917431461392E9
8.92350427980635E8
-1.9024976427122478E9
5.744743087281262E8
-3.0938715390007097E8
-2.1124901220882818E8
3.303302088475703E8
2.8612258006092834E8
-3.8198123680677235E8
-1.0822873010661669E8
1.998864012731446E8
-2.072784825260066E7
-5670746.929877985
6484909.722814788
3.046623479507772E8
-7.594388187389011E9
-2.7782099608537924E8
3116929.266415663
2.834801696418076E8
-1.617408929042046E7
1.922725432975196E7
3.478397790220313E8
8.972189403297718E9
1.1729586491678453E10
5223246.265390683
2.0153442130912003E8
-3.16110229268525E8
-2.353733259831257E9
3.955152943361328E7
-2.0500253785522774E7
-5.493046135574607E7
1.1081314503729643E8
-388057.7537651889
-3.589051098155953E7
2151862.0691791624
5.4347936390546E7
2.1045453319167954E8
-4.302762730800835E7
9680176.213541592
8.338652026913835E7
6053581.378141776
-4847607.727294261
-1.180241413806914E8
-1.9350404249182948E8
1.485582879038612E8
-2757869.2289797333
-5136155.199749359
3.5049892980039066E8
1.1099569991978997E7
-5024790.631902421
498010.3533799502
826857.8961448178
-738995.1563663009
-13619.959070768622
26262.653240117867
9752.676472470306
-20444.037934856144
1182519.5822066157
-3.56999340230126E7
-7970961.944497414
-101.79968551720714
4181.835981953705
-5240.999849912814
-1.5770725590614008E7
138195.22101600052
-472811.8434753895
2103.41400545005
-3290.0501155033526
9.784224483586122E8
3.188167277050451E8
1.3857339554311227E7
-2494968.3223520056
1.5402368597518045E7
6.276942605656966E7
53576.487390956725
1.404856428455681E7
5.108769763613555E7
-43561.02219603058
-1813862.3627679578
3.833167544070591E8
-1.6985484342666477E8
-544778.971051902
1.9841245720793363E8
-2.8427550159503635E7
-1.5462823232294154E8
1.8090591245606925E7
9.266332742691012E7
-1.2576824436437147E7
4.397171885265392E7
-1.1676065483998054E8
2.295113206156059E8
4.3728648732336365E7
-5.445335250679201E8
-4.079526543216571E7
2.814136317602754E7
-2.0979986674125555E8
-1.0450527045648076E7
-5.64882659931551E7
1.0617276204058805E8
-2.9483717399736296E7
-1.5474479714979155E7
6.139809364261461E7
3.080205525508912E8
-2.02596341957888E7
71446.57103552729
-11938.67990373519
6.848356101847892E8
2.0109514088052854E7
-3407969.7160834298
-2.952875941524646E8
-1.4498856559752315E7
-1.7201798976843424E7
-1.4453774031048808E8
4.382134832372163E7
1345910.9854857347
-4.634649086497115E7
-1.2347949169486988E8
-5.7161465624505E7
3808524.418019484
3.869700954805784E8
-2167135.4993831734
8850223.622667706
-1759500.1739973105
1.6711908618459795E7
4.261309916859587E7
-1566339.4344132969
-1083.3069474488195
2453863.524892619
5902582.947119764
1.5483759072891945E7
7892.613460965478
632360.2214895656
-3380700.2093369076
-7806795.578943752
-1425114.3846526719
3344036.7163411756
2862755.047353435
8885869.46561583
7153468.894459454
-22698.54959858588
-5205929.185987146
-7246586.006823744
-2.3043180777826604E7
2.395310828306693E7
-1.4197094358018693E7
-2.6866158757082548E7
1.8719574987892114E7
-554641.5742658523
712618.9571423398
1.0258554827588465E7
6870899.585281434
-1.531878191901037E7
1.0333392681134244E7
-3.095877653056015E8
1.0837165932053622E7
-159168.3350133173
439330.5491968991
5225248.568137795
-3.62617433597763E7
-948841.951861285
455851.84964625735
-926942.0680761727
551442.4733394716
6073778.466273021
-142930.61457507868
-827533.7865447843
-1628279.6560899143
1.9748018397351716E7
-3151994.381999892
1536660.0486228077
-1.993184602240227E7
-7290640.907784083
1183782.1136810768
-426766.29424802435
-946054.4286797527
-16196.620802646834
253151.13023369428
1899492.25031382
1.3929407445168305E7
1701865.2800539744
-1000631.1475587478
-1218616.7885082432
4059105.0942246327
-1643569.9122772827
-6044785.955819275
2017759.1550534929
576995.9022845592
349505.61741272773
-930131.5621192686
229495.42881297076
1091381.4060266172
-2.3333065395382985E8
2.1227053360881194E7
-1.1050009306471065E8
-5.983225191097826E8
-1.370490611014047E8
-6.324136001768608E7
4.349723282752978E7
-5.927382992613587E7
-3.176018587754424E7
7.506027636266236E7
1.187752887592536E7
-220856.9311807125
1.7329572837164447E8
-1.7100244324929762E8
2.2563165689459473E7
-9488930.153563887
-4.7169840433880135E7
3995897.3415805395
-9841530.125791915
1.283139008470254E7
-1.1838781890726782E8
-1488205.553919754
6795730.203437005
-1925876.4436735436
5646832.036949413
5567867.316097361
-5010301.997030809
-1418180.736105588
-1.9396500690499734E7
2.0872742045360215E7
-266472.89114719944
7741066.624820766
2373390.781434653
-1.3434045790301858E7
-2.6166101990929443E7
1.3302909135646647E7
8634966.147744102
2.0150636204929147E7
-9122030.414550208
-1.4168518394233087E7
-8.470298593250363E7
-9184371.932018034
4878740.132841362
1.1764334830442036E7
-4.139626838421462E7
-5.346981351795748E7
-2733775.5690825386
6.317745802337355E7
4052959.181152337
1.3449991642484948E7
-1140782.388695236
5.473864250400482E7
-1.3379631042213554E7
4.319808146214579E7
2.333165018106639E7
2.653864306045888E7
-1.656834233432829E7
-8746962.315762939
1.1093845371764418E7
-1.8534500346072603E7
3.9780537817551214E8
1.042532775265501E8
-452600.132147092
-9615165.610978644
10184.75162132419
-4150829.3170512654
1475344.6530972244
2167415.130087407
1.9094996556331404E7
4.018864157718957E7
1829384.6453475896
2.5934323013736684E7
-8.062148949099758E7
-1.6559293858041244E7
-4035202.9823292173
-178668.4208217745
2.1657767381685253E7
-5938352.19264025
2702297.1807550066
5245816.872876668
-4169530.6082076607
-1.907790281381379E7
1.8347915881650753E7
4.4520203449883364E7
-2.50147313239341E7
-1732192.3018596503
-1360570.40764245
-3.8203814941679865E7
4.383162790103106E7
-1.105858580095596E7
40535.88843400335
-3612.6595302127866
5212.3444261832965
-2220.140358648663
1554.8911882586578
-74413.00694194692
1233.2089118784882
-43385.05045171062
27265.59456906303
46605.88293631328
71568.09162858377
1216.6365933529796
-49479.23805735325
-10001.302926034929
11435.772329051386
29870.459188568308
-3131.5177280671273
-12313.447928282967
-8203.860338611956
-6889.255094563908
-22898.942722234664
-4639.989176916178
6163.211926381642
2610365.955437802
-31400.278166100925
10271.02752233206
135320.08720866404
858.0403395165378
-17185.8125624419
-43163.48271235681
6.789528232654538E8
-2.0782655650412655E9
7.288294040988312E8
-2.899967137470728E8
3.2110985110310966E8
1.5486373760864612E8
5.610700771587614E8
-4.604678759830859E8
-3.3924257569922414E9
-8.599376869146045E8
2.92665718617426E8
1.0989389612579994E7
-5.693945518515746E7
3.252525042648312E8
-1.3978968517082193E9
-1.4921841219076052E9
-9.615362487009156E7
2.1285186223365147E7
2.6891975173228294E8
8.622422679325986E8
-1.1055730065759258E9
-9.521270522371906E7
-4.388175246175421E8
-8.249203304613E8
1.7548588447863482E7
4.699397534337478E8
3.3951246901943207E8
8.288900390450655E7
-4.6869973304209274E8
-3.285572732030402E8
5.9090709457644895E7
-3.0540175857799965E8
3.4149126166282797E8
-1.878905456213065E8
-2.638042534671865E8
-7.549883855726136E7
5.1719206728099145E7
-2.006393175044519E8
1.7738719822166827E8
3.0165652163153015E7
-1.9634484825549036E8
6.735273937931196E7
-7.223727807332942E7
2.393350626551966E7
4.642413382863003E8
2.3311163909787044E8
-3.493430923832067E8
-9.925532768008195E7
2.1796648162003573E7
-3.861948365605763E8
3.74755862509319E8
8.593521277694649E8
-9.11994020547956E8
1.622736669762895E8
3.867903917441633E8
1.0890145264415054E8
6.002841018372393E8
-3.8613091165993965E8
8.265855839463584E7
2.894400437684457E7
-3.5753270269364005E8
-33823.59703017429
-3369980.6954775103
1.3685188896372387E8
1.4290103345388332E8
3.0933324985209413E7
1.0316599911769897E7
-4.414048094267988E7
-3.493220817571487E8
7.993796518395491E7
5.690345876097052E7
7.478082102249004E7
-1.7945116529200497E8
-1942469.9991776997
-6.496494059842462E7
1.8583701929627106E8
2565845.4031309225
-788098.2327203646
8.656486686411445E7
1.894466862154869E8
-3.5871368731818564E7
-1.452801894042352E8
-21185.281671915334
1787417.5448653256
1.030107095897989E9
1.666652867514266E7
-4.7093522209089115E7
2772487.091735042
-3086754.4773092484
3.8812191152053885E7
1.5175702042173043E8
-1455342.56537667
2634244.0916971234
13113.559537055664
-3.2823535744451724E7
8375213.446305797
-3.5309122186197706E7
-1.3452614060047675E7
2.693515573588828E7
2.720545864050602E7
281804.9703189834
1.3102301716552015E7
-1652982.8548325344
4.7892562355717435E7
-8335437.464499636
-1789890.2506830497
693432.3238882436
-587474.2990118671
-28990.982187825222
2533581.150408704
19449.306259571105
105544.83143603374
-2714906.370279442
858090.4663316637
-18935.36906285427
-1427650.7490676623
6422203.731428116
58841.42654624389
-1.4692988288004965E7
-1733730.6789939974
-6.729955795839044E8
9794098.821026454
4.757456573045386E7
1.7385224338222495E8
-1.3258733995667229E9
1.2647127381048026E9
1.218486613614179E8
-2.6164872958633226E8
-3.573538429952288E7
2.3061637922420643E7
9.471658484144512E7
-3.675960073549343E8
-2.238277011932135E8
8.177063931772405E7
-1.843077290261189E8
-1.93608306065321E7
-9.42535633921971E7
-7.29900731564054E8
-4.850673568307211E7
5.751604979525002E7
4.918893989954429E7
7.1469760783903E8
-9893297.069912098
1.7078900567956038E7
1.3324010646256031E7
-1.9059553465283602E7
678838.4883578782
1.27925412179605E7
-3162149.0735332095
-2821371.028562233
-1.1588951506332204E8
-7.248930621969824E8
-1.926314705372368E7
1.344248458656738E7
1.2911079775306312E7
-2.4148869857631426E7
2099631.723484708
-2.838018307941007E8
8257273.942709999
-1.1530636483957873E8
-3.143977505110651E8
1.138493204361845E8
-2.192404995701844E7
-1.1826862749929652E8
8.633234412149769E8
2.3356461579503906E8
-1.4746812519675657E8
9832394.02521203
3241024.932031114
456588.1648419074
-497269.5488800949
-638715.9766586975
4219010.297601299
-1.043902539839938E7
-2457455.2113524247
3.2046110697320152E7
1.929645968405003E7
-1.937645402754182E7
3.1967637598138154E7
-6059830.964954397
-1.0632376069638672E8
-6.296446677564777E7
-3.12793657689982E7
-6.502927540656515E7
4.7586329805046305E7
1.73541426807703E7
7.006752562849194E7
1.1192339282492523E8
-3124487.6593020256
-6031801.035002412
1.1076888143778717E7
4.1910935061873364E8
8.470522547990231E7
-8.775362396930996E7
-1.4529424681294816E7
1.5594323943522697E7
-5.837371024361315E7
-1.0017158426605314E7
3343378.8328555245
7.353874782082282E7
-5200711.497341079
-4.262824723372632E7
-1.4882410007859635E8
2.841827456975441E8
-3.203332202261628E7
3161605.0925310445
1567911.4078622086
5425187.014973718
-2.0821581403860472E7
1.6216524868128398E7
3.15679798646895E8
1.6609534567572972E8
1.7739636503475004E8
1.2148398748511437E8
-3.442386649813909E8
-1.4795459534707236E8
5.458879771162132E8
1.1801355398061633E8
4.182293570419475E7
-6.695813809902532E8
-8.509171420376561E8
-1.1170643474897861E9
2.4997380719215307E8
5.1624595948349273E8
-1.688531138448615E8
-2.216272734287585E8
1.0017753745100859E8
-5.935292598209869E7
-3.1414633150925513E7
-5.271636883257728E8
1.4781764022370815E9
1.4574709535155237E7
1.700413341890481E9
6.4535843189925365E7
2.2771768465184073E9
-9.650082034357648E8
-7.804315168651782E7
-7.058217647665141E8
1.2178790728967854E8
-2.818216027056928E8
-1.3887213612828785E8
-2.621891388658331E8
-3.676308956130189E7
1.532316935445153E8
1.220917081298085E8
9468293.810867535
6150936.468126924
-1.2391983168027982E7
-1.2845492024991756E7
-4544677.050127918
-1.212739359922142E7
5943603.323666461
1710489.726108777
1.285221572664906E7
-2109828.688342735
3.084381011713873E8
-4.535097850556837E7
8563689.561883444
1.3228838002474125E7
6185768.686299649
-8104714.361245431
-5157.405141556176
-2532371.072811482
2.3819612344680298E7
-4.7667013254738495E7
-2.0479372408767544E7
-3914339.942469617
7546154.004452975
1.2719337766262017E7
2407918.7324423306
-2408758.2023974494
-4368510.143262223
1141565.0765444597
-9725.889335822209
-3541069.4773554434
6441457.851209036
-8755080.41789191
-181024.44045615796
1354232.3976712793
-714292.5795457476
2.002795097405391E7
949926.6149288702
-1161339.3721344732
2444737.757296444
2.9101824492733706E7
3653450.1324531473
-686848.3367954714
-3896292.4918455738
2522360.7208224973
-2.0332263325403117E7
-92184.05147855451
-4618606.421263877
4679749.145555925
-545147.4053212856
1.3263891560920296E7
-8577194.82563675
-1.0511274279207239E7
-2017610.2762391511
781056.1291602502
2.3092927228062987E7
1606236.4302429066
4088633.826852094
2.0140217289009415E7
-102823.49161059472
1771483.2105647405
-1.934069518149602E7
-1725465.0728200774
6194035.7393606175
2699707.070334461
-1654649.7526843909
-8225960.520112499
33564.01060330327
-553.8293601294852
-921.9871671901163
-4621108.235818363
-1.488436409853563E8
-126593.08193033985
-1279984.2434767873
-841167.7945076056
1063.5714609782494
-6.513543617040943E7
8.670473166754651E7
36980.21324471938
-2.0968723665480873E8
1.499290076074564E7
6.888301160830216E7
1.1250180912386028E7
-699632.0510278345
1.7149772926427662E7
4004924.4866158003
-2.9307704138719052E7
2.5318644979280636E7
1.1589131436864203E7
-1.2174890371938657E7
1.4868074100818288E8
-3934337.1997405603
-5.5495277175637834E7
537040.1068912286
1.63934976741384E8
-9351592.255429264
2099756.810096924
-3.9531398778028995E7
542912.8148030574
-1.0392121682581289E7
6203242.2314881915
4.504743798046503E8
493173.103570864
-1.479116026267208E7
-2.47301934475825E7
1.0030977095685672E7
-9.685859781373751E7
-3498490.4798656087
-2512748.4843457
4660579.056311414
1190758.7028622925
8849056.087705186
-1143048.2963549353
3.1090978547935277E7
2.107854045167414E7
-1.440004676903622E7
-2.7069113313365906E7
8.514795609207112E7
-5.399690380642538E7
-3.206221919952361E7
-3412900.9300929164
2506103.2136829416
-2504097.909463054
-1971419.9479885604
-8640865.252719598
2.2404987053066745E7
1.3835538394654432E7
-3276616.787723332
1032644.7360601255
7072694.708322783
-1472315.070547722
2.3439482736931935E8
-1.3924634394675191E7
2.702262250291127E7
-1.3518066368368888E8
7689894.236409015
3.2118239657915033E7
-1.0276942358087973E8
1.7013414169636417E7
1.6637775441609195E8
-1.540150416680558E8
3.63080365656423E7
9.466816906779927E7
-7.933744188182423E7
-2.6996619518018954E7
4.976929333866895E7
19.10165336722003
