-5.182471052547472E7
2.9097452024708897E7
-9.753458185522987E7
3.3512067938648414E7
1.2868668588835206E7
1.8112271959497906E7
-8.291906114516002E7
2.065507433912512E7
2.875900341601853E8
-3.9605238251461494E8
2.039413453526017E8
1.662708143548315E7
2.5999806203085482E7
-4.359335986531591E7
-6.183310049443843E8
4.820465201770588E7
-5.56229456801289E7
2.6785161079269633E8
2.4443395626324785E8
-9.047955942635722E7
-1.7703720884689355E8
-7.486847403874755E7
1.0635438503814371E8
-1.0007767338032521E8
1.4260686079129958E8
7.103547635558543E7
3.610007076690311E8
-2.5655077643411174E7
4.2096983134994024E8
2.4393639391159702E7
-1.4154868499711564E8
1.1657557982188195E8
-4.007217563048489E7
-3.70968705515597E7
-8.426962651491116E7
-6.0280956382385135E7
-3.132207356546509E7
-3.881193075570609E7
-2.13793935999472E7
-7580825.009271791
7943891.190177962
-2.738090203553781E8
5.444496453857609E7
1.4920921302877116E8
7487907.268025793
5077590.425190169
-1.1753537527499938E7
6.521766697669982E7
5.912802297292277E7
-2.2944714865468614E7
1.1282028930248657E7
-858232.8325409483
-1.6174231748571085E7
2.207401759565626E7
3356741.463423872
5808750.218568379
-1.7904078254878495E7
6.001332475033678E7
7.100979311881375E7
3.689918373373811E7
-132069.20696839248
-1.7243237147193182E7
1.099687589110223E7
1.950988704754519E7
4.520390873378538E7
-454292.7047007979
-1.5147163383962862E7
3.059537539591372E7
6920.461524864974
1.4813384037474768E7
-4.739274619176962E7
-1.440690981541208E7
9118738.549854916
-248623.32119894153
-9.096923757901205E7
9.366838222520587E7
4.493865563906572E7
36669.45038137861
-5601081.657053083
-2.7505153503791116E7
-3.549065443503509E7
4.276797232217464E7
-4.3106628878811926E7
-4.880276937821977E7
6.676572913052269E7
-594830.5989331477
8981170.183594836
5776278.494739067
1.5722761818927238E7
4.328407634623979E7
-9.863208482689498E7
1.267297759184577E8
-6335848.189912103
-3.698801070808341E7
8.153579156311643E7
1.821055191580853E7
5519581.440001219
-1.7257800175440678E8
5.530235449046378E7
-1.4527954016604334E8
-3.592302280226802E7
-3.590191746611896E7
-4.662633174110945E7
1.9507910493791345E8
2.5329820737855685E8
1.1762482714343933E7
-3.873128869673119E8
-4.968202292812089E7
1.0317777540441508E9
-2.775390696900533E8
-6.906012092540622E8
1.3999729683586898E8
2.4476945611609218E8
1.291992370910717E8
5.526410194747552E8
3.325151703038074E7
-9.281056549024411E8
-4460532.662296764
4.7198266880805746E7
-3.9951417559202716E7
6730199.389511838
-9861848.949021203
2761731.259674358
-1.3188294458682885E7
-8677016.767944735
-4.682705427564485E7
1.2394943224533282E7
1.0520710060955574E8
-5.540455376903127E7
-1.8516819974154142E8
1.4096384433821547E8
-4.467013845289779E7
-1.051353876302739E8
3.326921439952597E8
9.771892072705835E7
2.274617628079128E9
-6.306315840316243E8
1.712411671020096E7
-1.3670526636166877E8
-1.2607116344473717E9
-2.6172765597686535E8
6.3401723810464084E7
7.655078793175682E8
-8.338169713378334E7
3.424660063740193E7
2.3322124589637402E7
9.507566090468222E7
2.9491490890209325E7
1.285361371601629E7
-4.006280229597781E7
5.3560443136962193E8
-1.945836127219684E9
-3.2460029648763245E8
1.1299014148939261E9
-2.2660587365027165E9
2.5557359817252943E8
4.6553011564491235E7
1256602.4735632166
4.9899015919777876E8
1.758119025485159E9
9.527309433731245E7
5.230491794439619E7
-2.2446790032725048E8
-2.6854873866699857E8
-3.3866228712329304E8
-6.337215329297507E8
6.528526021262461E8
-4.6009735743173E8
1.351907808827101E8
-1.3650809369879028E8
5.574030765955028E7
-5.156453329665106E7
9.952518656516676E8
-1.5623475155419524E9
2.1731188698324513E8
-4.194531866526055E8
-2.0470815834569257E7
-5.631329753876476E8
5.31894837044685E7
3.0016563678185284E8
5.7638963414818875E7
1.3686617327817348E8
-4.888927211874309E8
3.082402238280569E7
-5.0763237691886073E8
1.1834019498630261E8
-4.0215671911251754E8
6.54482114508368E8
3.286428581783319E8
-1.3359216047857212E8
-2.288091126094177E8
2.1968751724352403E9
8.330000731018566E7
-2.0145989273006433E8
1.6324811716773453E8
-1057220.6480600357
-8.284470734138879E7
-1.543674685569309E8
-1.0494620886959971E8
-3.0445377836451758E7
5.803240290916056E7
8973429.554554708
-3.0503364866158366E7
1.1399222237399676E8
1.1829392489587936E8
-8860795.86501562
4.7087327546726115E7
4.0469625687278366E8
1.1758607020983392E7
-2022967.5083231952
-3314648.4186720974
3.7804150135304764E7
4491152.157248417
1.2538812766021049E7
-8755355.722839864
8367964.880923853
-3359536.683087054
3531625.4467666047
-1189201.3533182102
-966025.2996347148
-6990038.975629322
-2036751.274848111
3369612.830120139
-2314702.693627477
-3306049.737847789
422859.3697749109
2439127.6488066628
-1092198.8292962068
6080258.624552145
-1907224.6035419225
-1.7006981254040834E7
8660070.795267193
-1416644.9588918735
8664206.922877267
5722351.157007211
-2.607013111117107E7
-264404.6513319359
2512082.0821976964
4823218.966477518
-1.0490311094470166E7
-2.4143476574561287E7
-7.227373798737718E7
-6.217352395114843E7
5.723586936147401E7
1.225450252757463E8
-1.539520242060569E8
-4.450479581100306E8
5608482.8888570545
-1.4770787889938605E8
4.3519775456819695E8
-6.592402008414057E8
-8.584275417113639E8
-1.084458524970258E8
2.0289787919849557E8
8.253229159057081E8
3.3234270561421347E8
-3.5597688360444915E8
1.446442474555643E8
-1.5177554068183205E9
-7.162056614231985E8
-1.3930015105909464E8
5.030095822995157E8
-1.1193402910754189E8
2.4925016049857277E8
7.133724429964416E8
-4.3368136859465855E8
-1.3930746168093326E9
6.447338234725927E7
-2.219323223832255E8
1.5722216166872692E8
-1.761048194760156E7
-1.0395637100055514E7
1.1797046545412634E7
-1.1288147327864414E8
-8.472054384530991E8
-8.224143434576663E7
1066056.2668100097
-7253654.3865473345
1.1207211757774173E8
1.8245446628263596E7
-2.0556090815839253E7
5.779226564055973E8
1.2433194964151967E9
8175759.697776448
-1.5528718561566085E8
8.118760725968803E7
8.936010647863191E7
2.9131090940731302E7
8469776.896622008
3.99701896479503E7
-2.4841273105644397E7
-2089801.1486967404
6290575.080685441
1071697.2435559817
797259.2797507206
-5.885067012022795E7
375107.74645196856
897521.7964015855
1964431.3098339597
-908084.3321805348
-1.1032100300624825E7
2.3459451644830772E8
9242.660487755305
-5.3243754850227304E7
3.346706166826934E7
-1333887.8153326137
1.4860228551936343E8
845264.9867398337
426529.5897522118
2928756.7282229248
-822383.9155335695
-442021.81624255615
-21619.179737932333
26891.550109211476
-33464.23653510044
-149996.13345209893
4516702.093554496
3.024879923470815E7
-4713764.582590094
1484.7304060158747
-2471.5296919801217
4055.5361423626873
-7477712.519935452
133085.01015696712
1208373.8008259775
-1886.6867122957756
-9581.666872050837
5.825759386825739E7
-2.5886578461628887E8
-71279.72472241569
6.915777128315218E7
4.833930900980181E7
-6.4366428445224985E7
-1.043956408168102E7
2.1607671299432773E7
1.0330912799926645E8
-2.0556425106682622E8
1.3417819261851026E7
3.844620835092673E7
2063431.2022464836
841333.3013600762
1.6297893198431528E8
3.966195791842991E8
-5.8479181028657295E7
-2.953334354519782E7
6.990634274394053E7
7340448.440387391
1.5608524421454918E7
4.785826954829034E7
3.8451280432269126E7
-4.790894370916608E7
-2.6563377546229255E8
1.4956593397356802E8
5.788104830422955E7
-9.185255719077891E7
943410.0637038827
-5.000368620873275E7
1.6021158634128407E8
4943899.810403409
-4.4494987731179215E7
-716718.8120664806
-8443677.722614886
5892359.62656181
-295681.846472916
2347.3583574847053
-6.826757990401243E8
4.5495299531670445E8
1.6288102918924487E8
-2.975775030579385E8
3.513977792452625E7
1.0826550569367632E8
1.1163126436237529E8
-3.51966196861612E7
18509.62381766467
2.089504213493648E8
8.929504614391212E7
1.2900681428306269E7
567827.8607544542
-1.5805052281799483E8
3.408037566993036E7
7823176.137776077
1055352.07722938
-8.530617019953299E7
2.439424485193002E7
-3382419.0711228354
1849.3387089486273
1875867.8704239933
5.3874878363970645E7
-8352019.082691496
-5125.1470172039635
-345518.43217135686
-4969622.052286804
6823536.813241304
6367142.629409536
1.2985000467270475E7
1558317.3301885317
-2538264.1624272387
-1470986.578008065
13555.131728066814
4801326.429815381
-3176666.3249172578
-6393623.1055953195
1.0657772220966252E7
1.2420190947227865E7
-7417986.616183301
-2.7792243757430244E7
1.1420043763229737E7
7136594.080461494
-3987404.141247366
1.3284723287211481E7
2603345.942960186
-9891333.538436258
3.717774969695133E7
-4510874.489170207
-1497206.1208317985
74912.76012331927
-7117590.500025557
-7085717.20354346
941351.9278775651
-143022.6024951314
-39059.22209073694
-85602.44704288771
5324120.044022169
-324110.3190553847
-4065550.0911184214
-2775097.6376018967
5072072.501406713
-652539.6718220358
879615.1535187119
1176359.1341453947
-6723133.464871102
-526635.6927486937
-720676.6791442108
-227378.8212609154
-1308192.0878616471
2541637.3655570294
-62107.52689563185
7638964.413999712
24640.82038279519
-412368.37081415125
-1895267.5882610353
3921352.2073015263
145120.29327987428
-1838896.867484035
-465614.71377779974
426871.12903184263
-62967.5141989655
569487.5767804943
-340368.1538373576
-1115684.1324454579
7298062.515401192
1.4283202795209903E8
1.0314215190931088E8
2.526010909172322E7
-1.2842098844173218E8
1.6522242044218792E7
7571039.707090407
-7278866.726248103
1944675.602989142
-1.6580327600329658E7
-558055.6450391794
-3673157.7309844047
8.319103198843917E7
-2.03287793341561E8
4800207.978022109
1.720072770983347E7
-5246930.637589321
5347987.7074682545
841245.3654207997
-1.958154764195029E7
-2.4352722213699784E7
-489134.6839681829
-202468.90671533695
1278359.5939777899
-1052542.1923613877
3784733.8222787636
-1094873.7711162823
467818.0971241735
-1.5641826921981947E7
1.3433932357436154E7
1017821.4429669126
-5139126.022942101
4592.603957596449
2817274.1931755915
-4132667.254005452
-3755517.6371928514
-8236320.422360547
8993999.062971829
-4549545.781147949
6947248.449126602
1.0427334703209633E7
1308371.1469504922
1.2444515662816847E7
1604510.5825121105
9808324.792763205
1.6897666227740802E7
230229.35184876225
-1.1486963603766603E7
-1006548.0966635958
3203765.4308793875
550144.0433229451
-8074788.565316432
-80691.62591118751
-5.135195116450045E7
-5013137.121915998
2.466622609809917E7
-1.140888395635625E7
1606950.7324764433
-5273326.63639207
1.7072582135744426E7
-1.0261804276616223E7
7.981059332689969E7
13692.97532218941
-1.76664390566962E7
-33096.137381584755
-1.4232394807684237E7
-1312404.8893267752
-1042682.3254099631
5938256.205471619
-6.880584199103425E7
4.512865124166109E7
-4564196.970162733
-4.721440777417442E7
4.023050618027875E7
7515173.289486237
202504.73158185687
-1.7818794945495054E7
3044016.1044230666
-1.9797682076943506E7
4070602.245652509
-625676.4849927489
1.565536067647462E7
-1.580557563240288E7
2.7796759502008647E7
-1072329.3275764468
-2.7654115721907623E7
-1821738.8286100682
-6.584101128825625E7
2.3990731683177833E7
-1.1330658923146006E7
-13221.745503801376
-2067.192249369258
-6416.39346547776
7967.2652019797615
8943.54343211577
-52314.58311246819
-8973.970625356178
-41741.73505250677
15587.937421248658
37539.798535717084
73608.64746399506
1131.3009194046322
-31656.600379314707
46395.24390882002
-11230.281345172756
-1692.0645543565802
10086.971702749968
-5662.654380867412
-1334.8356021383445
154.71154248668253
11595.316453265608
-3319.1419481076823
16228.498369182205
190648.29400780544
2127.281894331265
-17336.998877423983
-33230.44774486632
-279.9754049929973
14358.93863251792
281675.1457143075
-4.569569073952124E7
2.4964003667463574E8
2.102467774002243E8
4.662596913910047E8
-3.1490900955591816E8
-1.402807526980495E7
-2.5838318709892684E8
-6698138.065016767
-9.239373526295724E8
1.1892242494757876E9
-4.352061134415373E7
1.84073579605493E7
2.2198008366917938E7
8.726723055308478E7
-3.629621164761107E7
8.302294825142142E8
3.841892573832793E8
-4.3843244836634256E7
-1.9595300944208205E7
-3.272115318126538E8
1.4660042536881965E8
6.478664102576417E7
-7.413286352633157E7
3.5794144476362795E8
1.416030060293045E8
2.9795586881312466E8
-1.5465936902251706E8
-1.7634400359298807E7
5.9309109322391964E7
3.456262269131436E8
8432251.010798983
5.3290270981334195E7
1.6640742716323474E7
1.6411746636234252E7
1.350436521324554E7
-6315531.769204211
-1.5900234598787688E7
2.231895666571121E7
-1.9167165495717525E8
1.868694987949728E8
-2.0318956264985234E7
1.3552265474711094E7
-4.682712075430303E7
-1.3826575971314944E7
1.0891166913847536E7
-2.324167645394306E8
4.240387495544718E7
9.92466100329116E7
-1.774499763110378E7
5.421817233062449E7
1.7684834323191833E8
-2.3521593659835622E8
3.1362878299701977E8
-5.973271514327031E7
-4.249895746201952E7
-1.1098303302791914E8
1.943520094757889E7
-1.3570998445352579E7
-6.269504966992726E7
-1015789.6814831891
-7.011286437874812E7
22046.041521405863
-1589573.7502992772
-6.203896772062525E7
1.295169080086335E7
-2.5124343360048786E7
-8211751.164167399
1698457.3435629725
1.0072678885484993E8
-1.22139641426195E8
-1.992945230152399E8
3.2702894584434375E7
6.84009385906181E7
-1516496.3047289988
-4.987026354663362E7
1.551097882460737E8
9239226.154010132
697608.6478453942
-2.6610801512774974E7
-3.0575760502542533E7
5.9502610010033965E7
-1.9221836520401645E8
12073.714289328365
-252812.5681576094
4.1630017382812864E8
1237485.709133534
-721586.703503896
3704904.275579936
664632.6387630303
-4.185948277436964E7
5.1674888292922944E7
1316915.0389950273
98514.26906886332
-352989.74780055933
-9017446.496587
6098304.537155571
2.6938296717768233E7
-2.2229815959448334E7
4737869.572579807
923879.3840948506
537743.802072159
6724648.553247709
-4529299.290148062
-2.2488266324816562E7
4791800.948076597
-3529358.9045389355
-444630.17620565294
-377435.5622475615
-60.77192691873763
2902932.6961501027
-9820.995382223791
30607.94950395958
-5789010.439521423
540756.3433164132
-4131.169802329083
476834.3273621236
-1221230.9747224469
5582.414063015971
-2.723554594162621E7
1313946.859562822
-1.2210686122088656E8
-1.6489806626525672E7
4.369093138400836E8
-2.0966041906968575E7
-1.0769712165918784E9
-1.2862445461125672E8
1.2628171028966667E8
1.3539129920916545E8
-8.194061339886831E7
1.0959084718215182E8
2.3738939476958767E7
1723929.2321118538
-2.1541483252470523E7
7.931966921133506E7
3.372004036502257E7
-2.603128793598895E7
8.686033307889263E7
-2.2631303745547786E8
-3.386488066485289E7
-5.7847821099155694E7
2.0513862087650675E8
-1.4519263653283837E8
-1331945.883222452
-3.173049535949864E7
1676389.7505097685
-4724333.117124157
-2520373.9169314154
2.2082017727343082E7
2974363.9704577313
1.0765315531973045E7
-1.7155222331468664E7
-5.185851663025447E7
3.647002146955542E7
3.2933618390492782E7
-1.7466921193357836E7
-2.9272999918924246E7
1122303.010084307
1.5237852212901875E7
-1890138.912787081
-4.713437405670046E7
4.695214485681094E8
-4.5913128690710135E7
1.16375877841354E7
-3.949763295186164E7
1.2292421533789144E8
3.072657725539179E7
-8206624.130859856
5.020717046835542E7
-6707596.763743131
305903.55746848055
-1461954.282544618
-2129811.6434431695
-286651.7107703932
828393.5988158672
3081047.0326957493
-3.6600628123753466E7
-2.2086676085445773E7
2.597839149240122E7
-9.924673469100691E7
4.601080986798997E7
3.0291226594944036E8
6880642.188687051
6.41256217334659E7
3.1871935620524004E7
-699048.7783155985
-3.053075934681871E7
1.945537604927684E8
1.0836719676916786E8
7196421.891604668
2.3935753920830473E7
-4.146326851016991E7
7.764073045641903E8
2.3183559462570557E8
2343370.3352375017
5522685.299147379
-2238114.370110781
-9.949924562853679E7
-1.1099689169922384E7
1768072.633621004
5.670075253488736E7
1.758314162808759E7
-4.760980279894858E7
1.1682969694655128E8
5.450351122352629E8
3.9520425987494655E7
6549910.618282875
4748077.172466514
-2.8447552052272554E7
5.574070224803843E7
-3404338.1736224717
1.704383007396756E9
-1.0563978733412808E8
-2.5642426283470517E8
2.666992761825877E8
3.781557286363419E8
-1.9669272030071294E8
6.28606726738633E8
-3.4501581687974465E8
4.202266406476831E8
5.1718624157706213E8
-5.785883454371492E8
1.5826824181294665E8
-1.0244790464463125E8
1.565649451357577E8
4.1462675229639286E8
-1.3093984848422661E7
6.344068678074231E8
6441324.913143935
5.8379293167564E8
6.481815062114407E8
-1.4236200384382575E9
8759796.294611057
-4.1633272073226154E8
5247455.042196122
1.9852244204892147E8
2.7247141958519274E8
-3.543628657330289E7
5.63086392853335E8
-1.6319533429006657E8
1.3645465498784325E8
8.34462633434298E7
-4.4933688666950226E7
-1.4064233070494488E8
-1.485670425243723E8
4469291.7250230005
2572005.7257861537
3.1589886155699305E7
-4.9425818931596234E7
8848346.587695701
-4.1784872412038594E7
-5.352515912008545E7
696020.4263520369
8591134.87327276
7027974.447665173
6908650.647152899
1.763809081113467E8
-1.955248075291284E8
3685452.4517093967
1595388.7206304083
3550728.5469506276
4179646.3338591605
997.5139867727175
2259020.1409757417
2.705561571417829E7
-4.236870995797306E7
1.1518714139468353E7
-6649134.315057941
8114096.107106052
-9294923.89537785
3855842.731027908
-3333418.999673767
802303.1038079793
-1555379.038714433
-44252.53354249506
-2674927.0487856744
1110895.1991341736
-8507079.904987194
-330074.91290642944
1987785.1362066322
2769920.018981639
1.6790741868548285E7
-321356.2372370656
400598.3105251816
4.4830229387292095E7
-2.2881527350540057E7
-1300057.730223353
654428.538234125
1984570.9511569946
5492090.717352979
6558211.560523392
-490437.7353931028
1118584.4393250595
2833722.2797311917
-3800267.917763484
-72330.40163204515
-1.4595281876150195E7
-1.2277149286858601E7
2556634.9562017056
886959.4151304786
-2.717860109549957E7
809881.9935529358
-1256674.918275511
-2.247399079863656E7
245685.8224662918
-301772.02123386884
3.233131013972959E7
-2552794.376731213
2041272.593171593
291677.98303113
696062.9777052015
1745882.2537411568
-17331.32805973055
967.9693893219256
1512.0191135216412
774024.5671972558
-6.308907011472217E7
1.9124184171878897E7
516712.9477209482
-8263266.687800486
-4023.521589267135
5.1221990031864464E7
-4.1017612750220194E7
-86440.0719624166
1.7933677157847667E8
-3.857823003788163E7
-1.7987313680941164E8
-2630569.918943191
-1.053003888567435E7
3.385893966121332E7
-1870595.421129927
-2636885.1320746825
-2.0669381037189636E7
-1.3085135436082922E7
3991347.910478591
-1.1970558666577099E7
-3503595.639545978
3.433435735766666E7
3080276.831052846
-1.6495128227398804E8
6292343.3646870665
2298197.3242548825
9.754289886111665E7
-1028064.0308112059
7727620.401831767
5.095322683383632E7
-1.1009222523251125E8
1065344.4316161524
4786823.938330483
1178685.7105863574
-8073412.252983312
4.193785314974369E7
4255969.903813942
1188759.527591719
638428.3753452628
5743580.606834841
-1775154.366467571
795619.8167469138
-5757953.4187305
-7684349.1648063315
-2553871.4904162604
-1.0347066927494493E8
2.497316219644594E7
1.7010886842576116E7
1.46263666843049E7
4119070.4614649443
-1.7057729348544694E7
-1.1725829491176542E7
68026.743504056
5193089.591267877
-1451207.3884511257
-1.4044256822354037E7
-188941.9379769615
-312278.8563423546
2176375.497602252
1.5362199101303848E7
-1.2222745899044757E8
9582066.797564616
1.6514299018060911E7
1.3095702771668993E8
2.3581727844676487E7
3.85645345242229E7
-4.458644158535651E7
-2.582650343666269E7
-3401598.2562198136
1.0447609158985993E8
-7.545241969427405E7
-3.286719313921663E7
-5.2170794319018885E7
1732119.1278753814
-1.440423190006185E7
-202.3039581306108
