7.554114580892867E7
4.73547769857836E7
-8.870330714969996E7
4.3935916869924533E8
-2.0287733810930988E8
-1.930084433796885E8
1.623662165746607E7
-2.6573784511907136E8
3.0169235389866257E8
3.2399012828897846E8
-6.166698064614476E8
2.2597122548421122E7
-3.3608401172156036E7
-2.3457718725293863E8
-1.8839049105510667E8
-3.132552504820934E7
-1.0725668095563695E8
4.352729716279204E8
4.6095992934748274E8
4.27845736512924E8
-1.6340514149054182E8
-2.4819385405411178E8
-7.557331003298701E7
6.747755543432102E7
1.4404710023294663E8
3.605154409751E8
-3.9304048259768724E7
-1.9711581280089384E8
1.0836709178912316E8
1.9782224000852886E8
3.297636962670058E8
4824566.659590325
2.648864868311322E8
1.9966180748739615E8
-5.0561335217484415E7
-2.366344410058444E8
-4.427711634029186E7
6.886085494666275E7
1.4125375963484058E7
-7405653.723165788
-2.6957174449847437E7
-2.85824510858371E8
2.8674610092530483E8
1.1899850549799256E8
7.398733401666638E7
-4682490.108804268
5.341804884532131E7
-7.483513270295317E7
-1.822343988445318E8
7.067633833759421E7
-6.2077221566967964E7
-7.349089567119737E8
-1.4721156330219674E8
1.0107718985323697E8
2.4491677396961832E8
4.3170472160680644E7
1.2555509528769317E8
3.939302572209312E8
3.2063488009163487E8
-8.159864398775558E7
1.1600432191115346E7
-6.7962891558949E7
6.77908081189989E7
-8.06177346104722E7
5.3415659280413814E7
-9814120.914497193
7.478712513187394E7
1.4231236380885187E8
22941.69429967784
2.0695504529752228E8
8.081792550578381E8
1.447183696777098E8
-5.127370367252126E8
-3.0246399393025752E7
-3.6721464552143824E8
-2.2914996496213168E7
-3.885847130810825E8
-6311537.734456929
8414328.882571649
2.5720525700187314E7
-3.801259808220311E7
-1.378012766466694E8
4.352657931599084E8
5.213482666879879E7
-1.5584978952322188E8
-7.58507875973387E7
-1.2070035135263592E8
5.996064929677931E7
-2.0185633317514953E8
-1.1513677825192462E8
-1.8372288159881365E7
-1.2319211194108959E8
-3.1303892894388463E7
2.9332955958465472E7
-5.406454788241331E7
1.9541194671853073E7
2.1682320399804402E7
2.0282646020656686E7
-1685662.0211811175
8.247570190071811E7
-5.805226845124041E7
-6372921.842560763
1.9020212631952727E8
-3.669686252996804E8
3.63420629236003E7
9.723063414704014E7
-2.3702144012446624E8
-6.1513304728116445E7
5.461772219290032E8
1.8116694978487554E8
-1.39969820536712E8
1.3887738592479805E7
-1.1243488152988519E8
2.0912271074283555E8
1.1512891582190402E8
3.4239100839059934E7
-5.438542880801361E8
-1.4106770665519366E7
1.208169360485628E8
2.3354987497850288E7
-2740628.602889569
6006668.337323756
-7646385.943977268
3.572925343644151E7
3.4090530704122025E8
-6.4611913655385934E7
-1.0368775017493263E7
-1.1814156107785852E8
-1.0585204643392119E8
-1.9857485142696416E8
6.365171376539297E8
-6.665722325188509E8
4.39757956933441E8
-8.795180035798494E8
-3.2121088710414983E7
-4.7279474961319953E8
3.5031115355982715E8
-2.0185024113665983E8
2.880813669738857E8
-2.196076150301926E8
3.0766601884272355E8
4.785264974175225E8
4.4042581352637535E8
4.619123974710461E7
1.3877992110343182E8
3.718200355260496E7
-2.790020445858258E8
3.615556738269217E7
-8055549.058271685
-1.306354142163552E8
-9.037351385859296E7
9.829411406716754E8
-2.6486006247650707E8
-4.144738416450011E7
-3.63666546235703E8
-6.228113928130547E7
-1.1771194963831556E8
7.956484198760117E8
-5.2493670668935627E8
4.7924381091665447E8
-5.2768724890799206E8
1.4164906086158268E7
3.345465327080636E8
1.414124176127687E7
-8.349928809584106E8
-4.6894630952823466E8
1.6006780359120884E9
-4.9232555092067964E7
-1.0867446461152186E9
-2.3700143500645727E8
-5.451305152695756E8
-4.701613747242769E7
1.7286951081308265E9
1.1109141676425357E9
8.159424648742241E8
-5.868920016954135E8
-1.0072126725419177E7
-1.3207606633200321E9
-2.2136543604964462E8
1.0572470537238325E9
1.692580246378983E9
-1.1507763947602324E8
3.0409569510460436E7
-4.356344561763158E7
-1.7882134258575969E9
-3.620998459135684E8
6.171994232786813E8
4.5142751954558307E8
1.098283757123635E9
-3.532571264959736E9
-6.001361743775414E8
2.5922095208447466E9
-1.282959532822115E9
8.731340955639292E8
2.2865943742119985E9
-1.0317952967893662E7
-5.9458163576306134E7
-1.386304010397527E8
1.6649340463961055E9
2.2019823227644983E8
-9.340338828917128E7
-6.620057471396344E7
2.2671955141209286E8
-6.129178374102634E8
-3.709063711142856E8
-4.335948940154152E8
-3.175410931776564E8
-6.241952121572617E8
-3.299545936329024E7
-521797.6923553783
1.9618674583160177E7
1.2395451373756377E8
1117114.2444779796
8.651755180686364E7
3317617.7479293607
-1.4415085389625758E7
-6.30760534399988E7
-1.2057331879444323E7
3395046.6388729084
2.3047229566427007E7
-1.7732914104604553E7
-602963.0352888207
4368405.081152617
-1463558.7235766575
-7996564.669931695
796507.8111183379
7483160.64785094
1985298.507317742
1.1588296986251783E7
-1.664464578451962E7
-5.265776496978332E7
7364770.10515999
-1.9178802932212617E7
1.4357393856336966E7
1.9846365857777957E7
-1.1419519366140431E8
3.366968769190515E7
1.5818062769120425E7
4798501.783269374
-7272671.270112492
-1.0090932141854936E8
6.835491280803765E7
-1.720785466885162E8
-8.054328659046084E7
8933502.459966073
-5.936101756108051E7
-2.4444034315479207E8
1.1116670598739693E7
2.3118385137272763E8
1.2704926286286001E9
2.6337492231615978E8
7.494848788048685E8
-7.250174879457742E8
-2.3457251371214846E8
-5.1771250550479785E7
6.005475293914641E8
6.853132707174411E8
1.9619014220586768E8
-5.1349944981691475E9
1.1299434216199827E9
-2.025147113885185E8
-8.547789148062804E8
1.6870188823426893E8
-2.1769593440676546E8
5.208555570863017E9
5295342.930272486
-8.024389450661733E8
3.221822877225883E7
-4.203405214404611E8
1.2451960850134522E8
-4962463.068246567
1987128.0782087406
5351399.717593964
-4.0508606379478264E8
2.9998336483131576E8
-6.360326205597725E7
3096475.8487409996
-4.660775123927989E7
6.580027973696144E8
2.6968868542044684E7
1.58601302898477E8
-2.0077209039028516E9
-9.120379570706074E8
1.5780811439240858E7
3.444540304776228E7
-1.700025504207785E8
1.183122301627395E9
-3.859339154561047E7
-5.3409822856712766E7
9.95290352380815E7
-1.8172280721737564E7
2.5647290540204927E7
-8453676.101611886
-5766385.253928069
-8523700.619661057
8114502.1097456915
1.6899579442818675E7
-9641655.973731866
-258050.3267605219
2580.0533545720978
-8610483.231552424
4.281643817515519E8
-1.847735277820701E8
3.862710538346134E8
8.92081960882475E7
-2.103204719956428E7
-2.8368334475096834E8
2.9739129549863674E7
5396216.712477261
3222727.7860138095
-2.8567317097244576E7
1644971.3321699433
-72587.24149478457
66239.31113583907
-116134.9945568396
-155780.291044633
1.5999383679185921E7
2.2088745832749182E8
-1.5255329692671258E7
-1533.126970535344
1316.8955460577718
-4478.4205701179635
1.0779289267433599E7
110574.24242631927
2064602.4358951484
3392.7622162737416
-6579.038008713208
7.855860083960559E8
5.857100023901793E8
-2.397934361731728E7
-8.450663445940417E7
-5.921836197202605E7
7.863637550275922E7
4112850.843058503
-2.498700165888418E7
-6.151880614910059E7
1.741898940041662E8
-1.2305168970783737E8
-4.829986499806537E8
1.1735346894759127E8
1146466.245626609
-2.317469546255737E8
-4.6635417200504646E7
-4.2595384043321055E8
3.3510635337932218E7
-6.718972321695273E7
-1.0492215048646288E7
-5.570663484069344E7
7.627015147105303E7
5.913755246920735E8
1.0489520817314376E9
3.673852970061425E8
-6.586950593301425E7
-1.42259250816891E8
8595565.73127907
-3023999.147787165
8660816.35282974
1.375555366015923E8
1.9373131057171915E7
4.606919985747549E7
1.6198693236469594E8
7.858228955300516E8
1.4241329165085845E7
1456944.8516531226
-3572.0790666709067
5.275314280696375E9
-2.348514666821243E9
5.544901395646892E8
2.8088595828651494E8
-3.902397528434014E7
-8.597790545418634E7
-1.7680238188749123E8
1.121549160880439E8
4.452517603993065E7
-9.32602342690982E8
-2.9302212263833207E8
6.85943434705802E7
730608.2275922445
1.1737557056664164E9
-1.4864646241070035E8
8.330787744107547E7
-2691918.084979734
-1.8887759019919708E8
-1.984162356497822E8
2.808239803760763E7
-3530.7459983166473
-1.5446966453087484E7
1.6253019976792213E7
3.15892100284657E7
9027.096174685339
3352313.241406594
3220720.5319441063
3.588589405116079E7
-760434.0150952223
3998262.221002947
-2.685956990184746E7
3.36240794444934E7
-1012459.7363136319
310929.73301532154
3427606.6026518974
1.2814019093037486E7
-3.4216721020365715E7
1.0631895697111527E7
-2.77877342748812E7
3.4925907549186066E7
-3.00101216758314E7
-1.009533307083053E7
2.0567672181711E7
-4474481.635919504
1.655951476410542E7
-1.3553533598092932E7
1.7565710625545323E7
8.20469890162675E8
-1.5564425010551123E7
5463462.64615845
320443.9652841232
3018604.098193125
3.057154204354314E7
-4110571.707967474
-747756.9208407669
1037209.2457820039
-712317.942288034
-1.2367738192682562E7
1842246.7893727024
-7072801.50490317
-5842104.8789685955
1108211.7448628491
-2.4406254841689143E7
-4316932.20054156
3766275.0211847066
1.9081439665202584E7
3928358.194043562
-1397766.0206681944
666212.5402877046
-3458135.4682528717
3617306.8938426236
2498969.9964650874
-8406916.86000795
344619.05309995665
-4379486.401484182
1873447.0867250077
-6540219.25889222
-263421.1268610867
-167555.24783918195
-1400826.6640630572
-1039946.5350863689
101798.35232238166
-569657.7093982173
1228856.3367972947
-677998.7688861695
2.5058651442765698E8
4.348615155804902E8
1.9452846155585432E9
1.6965258953271084E9
7.857617423310395E9
1.2852602634093742E8
3367769.199951367
-2.373481948496918E7
6.0501421054723024E7
1.9614854720140547E8
-1.899165998480611E7
1.728867333984974E7
-4.692785215498518E7
8547658.229369001
4.456654948885215E7
1.6297595889132795E8
2.5752119830888964E7
-2296028.24302528
-2371219.4608786055
8507570.78496151
-5.649394601838697E7
3382481.340103137
356980.8863018051
-3780984.1372793075
-6437662.787966399
1923213.0539472834
3866002.244728469
1.7694322317002773E7
-2.338081064885915E7
3.2119622991468064E7
31854.847291779774
1597455.5581870037
-2743272.809313774
-1357849.2774472083
3046988.0077050887
-4492639.241535176
1.1846378977833005E7
-6835277.0430691065
-1796074.8440256368
2111539.10800059
-2.387583837187321E7
-833236.8103840725
4857435.716702811
-1198439.6031510124
864997.3876192966
2.8159336565799784E7
2484740.2381779295
-1.1541706235638155E7
-3548134.522754969
697678.8041599521
-839953.6334575217
-5134562.09343305
4085442.9951380934
-1.3209869669779904E7
-1382254.7029116156
1.0844059395905027E7
-5704797.469615661
-3207263.0448156903
3390639.3670546603
1.3427873866868036E7
1.642900714750055E8
6.5276462286723E8
275162.0320786029
-5.9313742494684264E7
10010.602712300562
4858709.095273524
8.522343376080163E7
-2641043.5800033235
-2.898917745773639E8
2.0180233225097406E8
7.585662007692991E7
-1.1362165941166767E8
-4.2361040331267074E7
9.195127765164152E7
2555352.2176130014
-988121.2235925583
3.637080611846999E7
-2.0944145705445718E7
-1.3473638706763357E8
5.131916434723504E7
-9467116.242401801
-3.92154547005178E7
2.367122805927475E7
2.1725596322412902E8
1.846368024832622E7
-4.062880810773105E7
-1.4820036366327768E7
-5.195707013495155E8
2.4062136046146494E8
-5.433514186394319E7
-15576.196461187432
-4752.736075400473
-5801.335234264086
-34413.29059212011
-15005.414773411523
-258887.53936661992
32240.57657223128
-162579.30104322784
32379.00195603395
87977.06690294118
273156.46118678414
-3034.20980670318
-14294.442742179406
-74851.48696121323
-23481.313159445275
19342.602936947802
-1955.115481942668
-16655.210898666362
17036.272072489846
39633.34093457755
8900.022715987388
33183.284417073366
1208.1809361850585
-2942173.5583907873
-41200.37867686119
24168.577195261874
-702568.9708814229
1061.8914926221848
97396.81255837814
-330397.25021821854
-1.1614939348606387E8
-1.423208972392344E8
4.4909911222554696E8
-5.728534034868387E7
6.342939364757823E8
-1.281356332204939E8
1.8524937200030524E7
4.241823046455015E7
-7.406956406486702E7
-9.913304187941005E8
-6.3316897945636205E7
1.5244961871984655E7
-8383916.779989097
9.701098155674717E7
-2.290846647356182E8
-4.128985966746655E8
5.14990275421344E8
3.894496656991288E7
-1.1067576196919066E8
2.202271050550794E8
1.2145641894976359E7
-8.228683368141212E7
2.1394313421668684E8
-8.153531563295088E8
3.2761892417721474E8
3.5502283905338323E8
-3.964899674421609E7
-2.73740946911632E7
2.1375770144395852E8
-1.4633841285349616E8
5.398048506050784E7
-1.5893753913899604E7
5.2895800989646554E8
-1.1868553026783202E7
-1.396130603596376E8
-7.338437674881528E7
-3.0082634743099656E7
-1.5700105935985827E8
1.0221303125607917E8
6.054017356445577E7
2.810386741875771E8
-2.2113454669835344E8
-2.6061858029433064E7
1.7608356908261873E7
5.4773077382893905E7
-4.823471223466157E8
4.237666480451969E7
1.6145473077756714E7
1.0918508680640625E7
-9.785632194765197E7
1.522242098785838E8
2.7403158191856068E7
4.2969124134917304E7
-1123085.9131698597
2.3712351562229785E8
-1.4833693639277706E8
2.74917666454155E8
-2.6035801224509352E8
-1.7869287407542646E8
-7195581.848255418
7.8945106176191E7
4162.1267200831835
-2.4109752639680263E7
-6.355958090956954E8
-6727362.555692885
-2.7087096781038456E7
1.812638809937267E7
-6.64853387994756E7
-8.497964272245061E8
2.6856886341158456E8
-7.782041174142927E7
1.6781613247078702E8
3.7425426886503875E7
-7811814.397542993
2.748239194458923E7
-4.6318661283092725E8
1.251901286587261E8
6592256.224570887
-4.2958634538494194E8
-2.7285407726018673E8
-2.6779490037550336E8
6785441.50866676
-6110.497838711557
1128420.8820990922
-5.477394312037555E8
-3961214.2705192887
4.686597790302037E7
80647.10703289823
-3937236.515739994
2.7658032664122965E7
-9567270.706036933
-1455631.5499739635
-1134007.047414714
32920.73351571295
2.9341423627601266E7
1.4712471563679859E7
-6.1022897691675805E7
3.287444975837895E8
-1.1323651744032219E8
-8.305845361641394E7
1734687.290877333
-1.2539256583212757E7
-1.4823880685689846E7
-3.763286571687436E7
-1.888825087477509E7
1427840.384842772
-1882170.080429841
1231919.6204206084
-136145.85645965041
1.702560636251236E7
110512.11854516204
-179870.95204749506
1.9516413641138896E7
-5936329.428626597
4333.130576742703
3673894.3663374945
-2.1067614675718494E7
100735.36364318567
9.939824954533063E7
-3641604.3306203233
1.5553869255125636E8
1.9323443716078922E7
1.218140698005997E8
3076037.885946754
-2.22401483831935E9
2.8206923274677217E8
-8.523017019199301E7
2.852542444675194E8
-4.463378261041876E7
3.3501997305016893E8
4.695984574963709E7
-6.103117671589694E8
-1.2246376208907624E8
4.886837902613615E7
-9.282406961838508E7
6.347543561770113E8
1.1322890791911978E7
-1.7078178724012572E8
-1.146857098999101E8
-3972900.149961475
1.2950100681854728E8
-2.742667063093253E8
6609991.039805172
-4.15719716371048E7
-1.1361774893476693E7
1.4651362767981201E7
-6326143.591904068
-8363747.81070763
4327043.9215518
3583530.7446518317
-2.955032084972538E7
-8.001497964734789E8
6.567004072019667E7
1.267497170663346E7
-5.6376921765567504E7
-3.780406173119518E7
6.3409177622802064E7
-6.30915298415208E8
2.037026548773287E7
-1.0652589807661207E8
1.7213688148236714E7
-5057751.239665754
3437970.4978714697
-4.041261497356751E8
1.859784137517096E9
9.176333199383087E7
-6.186406652633047E7
5.054910396139729E7
1.4133850866223762E7
-2029440.9492658656
-8888586.425105635
7698432.851659344
9132136.075950852
3881117.598844433
-6304572.232157518
-2.346887384078879E7
-1.4776073895795297E7
3700443.2192932046
-2.630713664290404E7
2.9561242904070564E7
-5.7081263212213606E7
-1.1530085541106723E7
-4.4743939473849386E7
-3.994194275165457E7
-1.1120201757305188E8
-5003612.47867744
-5.2139756208856784E7
6.530832995132717E7
-804891.0805026914
2.166255267385058E7
-2.594723832717278E7
1.8029119466608563E8
7.764445753251691E7
-4.733476457351149E7
-3.946820150863007E7
6.34864987092137E7
-2.1078045811319303E7
-3.013228663243372E7
500605.53646992793
-1.7637099015026525E8
4.557574801725085E7
1.0653595785812207E7
-1.1217230736730504E8
1.1240285596255995E8
3.0025114544650912E7
4075478.980604403
-1.1596600534803592E7
-1.887809666418317E7
-6.679001973278357E7
-1.5842547448666759E7
2.267710142547621E8
-1.8450466219085878E8
-2.3679388357344684E8
8.187142214188255E7
2.22379727425114E9
-2.818483278533585E9
1.4668382052473755E9
1.3711114632068744E9
-1.2326396342011704E9
-4.0478301509129114E7
-1.9859909330601127E9
-1.411826307184895E9
2.436848340963365E8
1.2864825571193507E9
2.288675482553697E9
-1.4457305559775014E9
1.4613960722817647E8
1.3679078995048872E8
-1.4694990215965462E8
4.382023633736038E8
1.7003477140065942E9
6.279836468112162E7
-1.447486156743756E9
2.9576740301361073E7
4.0081078266892344E8
-5.422797243523281E7
-4.0664750835708395E7
3.251272824417345E8
-6.543590717816821E7
6.539076886740572E8
-2.2036646806430468E8
8799297.427446038
-2.4994114613146204E8
4.603072221662212E8
3.500474220110177E7
3.754454907838543E7
-6.537836512886111E7
4.764491823060391E7
1238034.592941552
3.1704227927072845E7
1.1545352657397578E7
-1.8883084503702328E7
-2308646.536847738
-2.916964590027958E8
1.741187451829917E7
1.3356034517864215E9
1.7477503961530495E8
2380497.1355123376
6.217506525907391E7
-4774899.416890726
2283732.5554691125
-1929.8278503967676
-4318338.808721362
1.2763271426728958E8
-4.5172441854784824E7
-1.2576852127205825E8
-1.1468806508435149E7
1.6163306013109827E7
1.2412312016944645E8
-1938280.9260095337
1.726029099876006E7
-7378465.637325998
4388647.277492675
37606.37794193553
1955213.7568127166
-1700188.6752496124
1.2759552854825739E7
5863445.2526073055
-1011255.7670240703
-2.3835460815909218E7
-1.279820669509842E7
-255830.83188976336
-188400.99210661094
-2.927570934456546E7
-9986904.802837878
2040246.6497454918
-1535155.9580862946
9978854.468246527
1267377.1152161784
1.134845305964372E7
192936.92340244705
-4894447.0832884
1.3793990605516749E7
6177711.322619347
-1.3268440790361583E7
3.03181218188027E7
2.0294248159560952E7
-4983865.413835788
-1969602.500463905
-4.949070495367548E7
-2.9593657819753747E7
-6205759.360013497
5.679195992318184E7
1183416.5756283724
2588510.7622202598
7.900351792516881E7
-4800033.081752911
2683330.694649081
2821734.725680507
-2965856.0479991776
-6450410.857710771
-55890.73845428863
-404.28026006975153
-1013.8381717390863
2072420.3038181546
4.4549804268761516E8
-6.683421013486268E7
4336032.363282414
2.892346788031686E7
333.2453471379408
-8.224915687075596E7
-1.666805842023493E7
4059029.135824099
2.5773074660543028E8
-5.9427441143613696E7
-2.3170673308433157E8
2.0943959812900502E7
2790384.899187533
2.882986171742831E8
6869947.129402922
-2.0695166281999582E8
7.332915094720335E7
2.367897196222704E7
3.691816093593488E7
3.0162209621784236E7
-3082050.215935244
-1.7396485700230494E8
-5435023.064529685
3.4974121165680367E8
-5.3167482196085155E7
-7539889.077209799
1.7888958813324395E8
646663.4863106516
4939712.690752466
-3.2075447179030484E8
2.944254477635645E8
7567470.532356566
-2738643.0304682795
6100219.04866776
-3.843057665724856E7
-9.119998488393362E7
1.6159573519370522E7
4212973.117434392
2492835.98171275
-2.0038139736944664E8
2.3674110866370123E7
-8070213.581592472
7.770215667584983E7
2223456.5260183783
-8.188072370412312E7
-8.256016815006969E8
2.7936200484407794E8
6.1056794746862434E7
4.4463545409839496E7
6133150.772613077
-5.134418689601877E7
8245682.083501264
1955469.2012007453
3.117509545170333E7
-2.2213982193154413E8
-2746810.0090070814
-2542070.597562323
2518741.8798572463
-720570.2216605886
-4766596.170426607
6.830457624033086E8
2.3662248984688938E7
-1.3677221846406838E8
-2.1560950762051582E8
-3.603657648128409E7
-6.5910152748448856E7
7.055655480918093E7
-2.8207010303177977E8
3.0237153781168693E8
9710367.23761838
4.3070140719319266E8
-5.5120563842473574E7
5.989048002225996E8
-4.123066003553024E7
6.475910617035117E7
-159.46029966463894
