-2.5953842494180554E8
1.126791872510615E8
3.2855165874406125E7
5.954951505548427E8
-2.6468933588567898E7
-5.027196872507357E8
-1.0343246959331346E9
-3.1885219105441326E8
-3.92949885150986E7
-7.175166752723162E7
-8.146059028870866E8
486880.64532278944
6.015906870636643E7
-6.751954053829682E8
2.9640496295766406E9
-1.2182335007197471E8
-3.427598112727413E7
2.3394542150796695E9
7.880230284719911E8
6.3911174667421E8
-6.03804758171874E9
-1.7029379978844E8
-5.178416819339469E7
3.8290706000801545E8
2.0654863461207256E8
6.909259117175277E8
1.1888477845962644E9
-7.631156069109854E8
-2.2584827056740493E7
-5.727253581975572E8
3.523288869736057E8
4.7207375269336484E7
-8.5669440975752E7
-8.640039110446939E7
-1.0698475735575218E8
-1.6114598259397745E7
-1.5460587634951627E8
-1.584677551080994E8
-5.619608696453849E7
4.576723595636037E7
4.5277701184746616E7
-4.4076595536715275E8
4.739389216909024E8
1.2375222671381602E8
1.8004960632660836E7
3.469754810006345E7
-2.3238358821252506E7
-9.557996054492685E7
-6.033211005470053E8
-1.2754345521212056E8
3.2201545864139583E7
6.803618619525946E8
-5.494120129638882E8
2.924133603876248E8
8.921912264195948E8
1.1766640406637287E7
1.694155516330982E8
-4.665718150595967E8
4.455194575654111E8
-3.178599678349145E8
4952753.00780228
4.350337175736436E7
-1.517880512597944E8
1.4175820827033994E8
-1.8098194039099556E8
3554532.775712533
-4.133100912659356E7
-1.4594524995236972E8
-31311.319597778165
-4.72337013714301E7
-8.3650004563436E7
-2.720598907541738E8
1.9265032872876167E7
9310606.908439232
7.123426673170175E7
3.024926519645074E8
-4.4715937152850217E8
-7723780.319334313
1.110326950676202E7
-8.308588710402133E7
-1.316485959816801E8
3.590570648924429E8
-1.928674950640331E8
1.0712251820477344E7
1.8544121658530542E8
4.195368367941957E7
1.239039240924893E8
-1.1028924457606596E8
1.0202032393967038E8
2.3014271269749084E8
-1.2066899728465136E7
3.479597060454115E8
-1.0634619944343951E8
-8668467.486820798
1.1924731125138701E8
-4.640243072517372E7
1.521772138130118E8
-2.1367936307932246E8
1.386892804574772E8
-5.1984247062164617E8
1.5152322866295204E8
-2.6695014173831406E8
-1.8696027724346478E7
9.942367649474715E8
2.0772971233118042E8
-1.6122211405663176E9
-7.653029461035029E8
6.250495027577082E8
2.5209554170975545E8
3.825922560599306E8
-8.662698891442605E8
1.2038029640925305E8
4.062012227464588E8
-3.125840830982842E8
-6.295366499075408E8
-1.1918732590158653E9
2.243473882770996E9
1.3435614480546397E8
-2.998451746156265E8
6.267002362734867E7
-4.36498469093402E7
1.9124756701557994E7
-4607592.988723114
-5.613197254626437E7
6.121536304312537E8
-4.990637146228662E7
1.1796953424723679E8
1.3070843216254824E8
4.275071083706821E7
-1.78007464850287E9
-2.2478485965067544E9
4.4266909167280537E8
2.23000692933678E9
4.781555781238434E9
-1.4970377130690112E9
1.4313146184414333E10
-5.97582741394203E9
-1.3903131053336124E9
-2.9374509557656293E9
-3.800455034705949E9
-1.4653584488561254E9
2.681030357984133E9
3.441917781988294E9
-2.165121226376504E8
1.6618440182122776E8
-2.5871718574975327E8
1.6473109219258446E8
4.336820261445198E7
2.133117375173451E8
1.0054025415443853E9
2.6343461802658525E8
8.469326430201894E9
8.465254739050365E9
2.7853914431916656E9
-6.2704390074187765E9
7.973473088671248E7
3.964054610020115E9
-6.511053511458334E9
1.5033751336716063E9
-1.4321680799209728E10
1.6580125595518105E9
-8.536181483001721E8
-8.694785197729795E8
-3.7075852728014725E8
-2.8583983011379045E8
1.7021525295484984E9
-2.031522664302733E9
3.847935602530808E9
-3.047348348645514E9
2.99687100369415E9
8.095234718775243E8
-2.5790911512315074E8
1.3081755007242722E10
1.8736010721933617E10
-9.961949479338218E8
1.1158174598988674E9
-4.7129596413607854E8
6.316345320912228E9
-3.9667864049514025E7
1.9597804561230133E10
1.754689827832787E9
-8.423053267523147E8
-9.873070795249872E8
8260500.10917282
-6.786965481661804E8
4.5596992470148396E8
-1.0167882585836675E9
-1.7893673068463914E9
6.194920137500607E9
-3.495007919940858E9
4.973184664870387E8
1.7059887397455866E10
-4.092330593601455E9
9.733075950129668E8
-2.4081747750704265E9
-4.189571998775183E7
5.927426221561172E7
2.693975407692423E8
1.9455720707143855E9
7.258315786345497E7
-1.6269339341301625E9
8.851624403478688E7
-3.174715335620863E8
2.436945068167907E8
-4.8471931984560907E8
2.8048330217108035E8
-4.691439511423109E8
3.8100297331430573E9
-5.14668198860034E7
6712291.378517106
6.986311155398531E7
2.4483044274285284E8
-2.9350910449772466E7
-5035961.88933903
2.0845927280629773E7
-131228.69944625022
5.999163474790078E7
2.4499686458078902E7
-1.818435828966041E7
1.9565549446543943E7
-3.1541756165597036E7
3791194.8080417705
-56218.30502354751
298751.6497298664
1.817845904543068E7
-2810192.751613622
-1.1896271509827394E7
-116494.35860587462
1.1607697799616331E7
3.681690225949995E7
-5.396645900028849E7
4.884305694457708E7
-2.3450039420884084E7
-8.866653526582876E7
9008084.651172593
-6.577940323170229E8
4.566637730568836E7
8667845.294575835
-1.3639106264484936E7
2.0932435872106675E7
-4.284456831999886E8
-1.3194509820801839E8
-9.797676968520253E8
-1.7031574908888194E8
1.2220996846288655E9
7.730195143849995E8
-9.730062183903381E8
-9.471158380895898E7
-1.5761286023131242E8
7.119190652057421E9
-3.2512715193380747E9
-9.523253958896815E8
1535565.209787213
-2.75669234758541E7
-2.1329908717801714E9
7.076670559017053E8
-3.418028025280086E9
6.38353935192962E7
7.25309817056229E9
-7.940823571730103E8
3.0390818187074673E8
8.750373961401403E9
-5.599980117843609E8
1.901331051489546E9
-6.182944656492098E9
-2.347554171430793E9
-1.0797857943873661E10
2.0331667356772983E9
2.3914052734781423E9
-8.307482626021545E8
-9.225909915992177E7
-1.7634471575626135E7
2.7238499319969725E7
4.6165081567673314E8
-7.543326412031269E9
-7.045476390818783E8
-8778488.632844849
5.719338256782959E7
-3.339427091914413E9
-2.2891864511393812E8
-6.575797114714549E7
1.8928499522021446E10
1.4361375956293966E10
1.457933930193085E7
-3.394521718919056E8
4.2890548522398823E8
-1.2747450146434866E10
1.5731569863295972E8
1.5929058911763775E8
2.0894380586871275E8
1.2275030622999617E8
-9.844888479240654E7
-2239949.721274247
-8.408784973888154E7
2.17988178075294E8
-3.474822348250492E8
-2.2441067553761333E8
1.0932242966952024E8
2.1563541075886118E8
-1.390366803766281E7
-5.956111615644285E7
4.060044297154377E8
5.439139884411639E7
1.0822705965639837E8
1.0553828091734564E7
3.2558621624730684E7
4.186795329373836E8
-1.3068780989237092E7
1.2295357282220118E7
3754124.03699586
-3.0890079277452745E7
-2244767.1044943696
-67548.11394361402
51778.69570481744
7629.950231551174
209658.29942703957
-8927201.239360776
6.481818984524922E7
-1.704235075871354E7
-11259.246779326522
-3085.7325342433505
1773.8530441570347
-9212632.69554744
21685.851601658043
127390.16622058801
8639.925613153226
26562.71206454297
1.1202553845602353E9
-6.99850858070245E8
-5976089.271224055
4.5924017031233795E7
1.2330055280979396E8
-8.043173550757897E7
3.6251335100423664E7
-4.7545914970816724E7
1.7094520210771945E8
3.8022710014924777E8
2.4659365738658637E8
-7.840366072502365E8
4.5724264571432814E7
6807192.932334871
-1.8367026624437004E8
-7.45397484425748E8
-1.0169679026501438E8
-9.770737338533792E7
1.2354867092279013E8
1.5962180612798072E7
-4.7784075561202496E8
7010886.0921901865
-3.974723219654893E8
-6.308763199058598E8
1.302267357039945E9
-8.270831352247882E8
-2.7338870351686823E8
1.0681010247210927E9
1.2533438731607947E7
-2.0955698852851957E8
2.554285017953221E8
1.400761625999038E8
-5.492812164670295E7
-9.532712908586599E7
-1.2157105283147851E7
1.9504959818890907E7
-7948297.916628922
76449.38824381583
-8.131541248340684E8
6.516685396954074E8
-2.4025501171039206E8
-3.134302160110963E7
4.627402131506836E7
3.35950991911978E8
-3.206948385674689E8
9.29421878519637E7
-5.398390825654751E7
-3.2211357431140435E8
1.1109330810786152E9
-1.7908471310207132E7
-1.0647073843610138E7
-7.391136036002642E8
2.5840096067226207E8
7.529614021111488E7
7508662.736281121
2.2002772108869904E8
2.859728994341642E8
1384058.5952481541
3691.951100122973
1.2510104777120467E7
-3.1849462623136157E8
-4.647981702720186E7
3231.827548183946
-2405938.575839272
1.538593743171226E7
-2.317748771543829E7
5457962.689087003
-6868748.494243624
7350266.578237574
-4.822291661641267E7
114889.87145392426
38086.473267213
3220261.9652632168
1797521.039080094
6.938398544323722E7
-5.176180240896987E7
1.6939943306654483E7
6.981726432367268E7
-1.835397473236663E7
28972.255280633704
-1.2908509851489747E7
-5.133012012563124E7
-2.091254836719568E7
1.3848167089457182E7
-1.3607342447946534E7
-1.4778824436677316E8
8166689.7547873175
1011891.440055827
-1090345.9446289702
-2572192.6949647632
-1388740.1209314638
202175.02452135892
828010.7914530329
176085.65532332822
-97278.21358057212
-2.8099585784226853E7
-43216.75067178904
-4257082.738350475
-616049.4356282799
561927.4645026553
3.580778044943192E7
7008429.783259299
-5631598.29166047
-2049543.5113805006
3096968.732218354
-1562027.9482674487
-54211.87889143441
1170340.7055619804
-668272.7164857844
-3364561.6227238714
-1.5776093830674315E7
-4912504.118813464
1685482.105349928
5805378.191654929
1671657.574660677
7378436.029652676
5122396.055217238
-2847091.7839948065
-468580.75995791936
80628.072428971
2472305.519534644
-1422568.635514664
-1340873.6868418073
-8.518160835466802E7
5192407.956175801
-6.757501347202985E8
3.063802580684812E7
4.9805367757860985E9
2.29276908491639E8
1.5004850200550396E7
-8.139259458912924E7
5.962782745419168E7
-1.7817192819122296E7
2623975.9827886513
-422249.6397657166
-1.7805718075615346E8
-1.1100339840572522E9
-4.2524831585186325E7
8.618848472125591E7
6.753771820403036E7
1.9341977571395967E7
3296814.0661466685
-6.672066766296345E7
7.22055177422432E7
1884863.495738135
1548991.565286764
1.2963621754363216E7
-1.0946281908051442E7
8958698.624270905
-1.063772931668006E7
1.7199927077781323E7
-2.2218058485813536E7
3981220.1285072076
769852.5613792909
-1.0296396007161982E7
-3143507.3060362507
2.293676164080397E7
6.709684676256133E7
-1.7734843619010083E7
3.47912482569709E7
-3.2030712511795454E7
-1.533628155014495E7
2.2179755724253427E7
7.407361134657082E7
7441759.353378173
-3.635303236505241E7
-1457676.0779980256
6.2263327911062844E7
6.855009830138536E7
-1316001.4141437171
-1.1129010438686438E8
1.2124857001494791E7
-4.521422883382061E7
-6174702.694233239
-3.1105564038261794E7
1.6647110469525073E7
8178637.537478082
-2.7746342117694262E7
-1.729324628243098E8
1.1781693423711425E8
5296567.648356991
1.4304903558541892E7
-7832936.025923329
-4.7802365814065695E8
9.426998074469915E7
-914758.2557377056
-3.674937156837355E7
-35411.36700130571
-1788039.7895453775
-8.180434419782147E7
3816967.1784446407
-1.4074207529250675E8
9.534124791164568E7
1.1445690984060946E8
1.7480510407490663E7
-3.956549744358439E7
9.339949518407212E7
4071871.328319256
-7080.6866856172
-4.7899714575894535E7
8657195.719545964
2.3017807160870406E8
5.4030803314112745E7
-2147065.6484474293
-1.2242293081492033E7
-1.10828407796235E8
-1.3470823377819383E8
1.996382416061817E7
1.2473854821952723E8
2.827563287517737E7
9.988710662159889E8
-1.5564353855097702E8
2.2397214997969147E7
-216339.28739307163
-4159.995327212881
-36740.25833089828
127605.82447360914
-8662.405432351234
-101454.45636521027
-104389.61427479677
31211.55079099178
205969.23038265237
108688.79865357075
-109186.65372888697
869.1114222830398
-273582.5239765303
250699.20547964895
74394.22184463387
-51917.04981711705
7062.671283530316
-2448.7681586323556
-18041.891166550817
76995.28386751696
93782.87810216661
12670.223863312629
55201.196495570315
644545.344125573
120030.2782942248
8363.649224472749
-431733.2318635462
4433.913735664397
-237462.24872048828
-204966.63117090435
-1.19571962036634E9
4.921982681308623E9
-6.025934693577118E7
4.011608624457689E9
1.491300789896662E9
5.35166016892278E7
-1.2871087274590316E9
8.176632263759141E8
-1.888112747694675E9
-4.1064043531091446E8
-3.994004453137103E7
-1.659473487382758E8
3156977.788644329
4.0674740337485737E8
-1.1754107530640724E9
3.7327619357611794E9
2.377691326434991E9
-4.9209272636121017E8
7.178702238177594E8
-2.2335918857989535E9
7.521350659638913E8
-1.1784049449695373E8
-4.8317730055204916E8
9.965867729342178E8
3.324510338227165E9
1.1036905441310623E9
-1.3212483719907932E9
-1.959313199659221E8
1.303341492993538E9
2.4398313704689207E9
-1.889967185728917E8
5.158958020089804E8
-2.543206267063583E9
-5.95402591664787E7
2.9803341072227234E8
-1.3426281951108024E8
7.047826642228546E8
1.0271323526928959E9
-6.89641952309452E8
480890.2637437214
-9.873412684313107E8
4.044061634531443E8
-6.995196131622967E7
3.9627212746018134E7
-1.2734425880114543E9
-3.169010581968501E8
3.745760601917328E8
1.0432161170592511E9
4.1014007123430425E8
7.909314038546683E8
5.034105807878858E8
-2.9153944353640313E9
3.020285673230838E9
9.816740491721655E8
2.7326152287842195E7
-5.772818695495268E8
-2.0829231215492113E9
1.8021290220673962E9
9.799716067117212E8
-1.3047391005453233E7
4.1970920422785604E8
-32889.50271124719
-5899479.257279952
2.824004263087111E8
1.812179747585888E8
-2.2005167275248405E8
1.501587515529229E7
-3.130404746691311E7
-4.1311028906593776E8
-1.1267915530069417E8
-1.7945042892836478E7
5.611669140862075E8
-4.162050391888609E8
-5896186.198418413
-3.757883113458787E8
2.706710105127448E8
1.811971086960683E7
-2859759.0231684013
5.454682526009221E8
-6.90043629838617E7
-1.6465705727687135E8
-4.7591349876579195E8
78385.02954034097
-1405439.8502053893
-5.296922133555756E8
-5.0742499271712445E7
4.2134055107265696E7
-9439949.677643321
2577306.7064571204
1.1148431503309724E8
8.565883652401662E7
1.0341295999835726E7
1442921.387854157
-313550.22010394046
-3.1492271644444995E7
-2.510577438349152E7
4.090388583224271E7
-3.5355872666030574E8
7675452.760197316
-1042447.7031684349
-2547694.311679168
-4393557.190731082
-1.6027550525112886E7
1.9126797886438215E8
1.666308820171856E7
1.985293716679034E7
-746843.3216555519
-3907339.53825578
181304.3063495262
-4328420.325820917
-90628.57805187664
365310.3711960594
4.4386319722365975E7
1590255.1841543405
11283.910746034193
1252487.4759519675
4.312014176283893E7
-233055.38185203617
-1.1154038997247696E8
-1.8060938156570725E7
6.174448867212882E8
-8.752931255452517E7
5.1224922297876734E8
-2.2025434097584498E8
3.647119585260308E9
-5.435089297512436E9
5.379434985667102E8
-1.826673809996512E8
-2.4997316185790178E8
1.2379099738958411E9
-1.8559757546364284E8
-2.6676455064227661E8
5.495970097685118E8
-2.098924093427577E8
7.806099017437351E8
-9.23530316453073E8
-8.538487315463403E7
4.1571608848099613E8
3.024984451777602E8
-7.2074512423986E7
-1.307773566786181E8
-5.807888429625872E8
2393857.0512783043
-4.615302876266671E7
3505477.4851375436
1.871130866694097E7
2543758.643534263
4.2823944695917375E7
-2681587.423560885
-1.1565301116068467E7
-2.9383312396738335E7
4.7537659156358147E8
8.443780085072516E7
1.4727386095037973E8
-1.8658153960699353E8
1.1209456150668874E8
-1.2800719368804161E8
1.8506065765503427E8
6.112737434057908E7
-2.1674280149256948E8
5.394085254554951E9
-1.878466753997058E7
-1.366500475523887E8
6.809850960899676E8
-2.1339377318192837E9
1.4753270725662714E8
-5.570002812162753E8
3.0366082173955035E8
1.3169915500648515E7
4476021.190608734
-6881252.779679298
-2231428.1880272985
2175634.121113575
-104785.98229949799
7696035.137054989
1.159791039944004E8
7.956182086975843E7
4.258002296175243E7
-1.3498868070916328E8
-1.0055893272838267E7
1.6385128313020587E8
5.851087466266658E7
-1.1301279715580852E8
9.998850405580327E7
3.765737726486462E8
1.665017832102734E7
-2.1445268862111259E8
-6.719640781299067E7
-9174256.329675987
2735557.6907327473
-1.0881589744807841E8
-1.0545243757287322E9
-9296013.56730604
4.328350786062865E7
4133955.8098062994
-5.177115692695292E7
1.8743972689950386E8
8.693295406356971E7
1206005.8831478022
2.6522576126332095E8
-5.173032982087713E7
1.257132289253632E7
-1.1804886983679101E8
-6.880186119064299E8
-2322320.0148691973
-2.637681328024671E7
1.4393953993676068E7
7.939765263520065E7
-8.84470036099118E7
-2998109.4344729893
-1.5528541791164992E9
-9.508589947485164E7
-6.094783869800057E8
5.170414090356758E8
-1.2592841906288078E9
2.451058851440555E9
1.2941326052617424E9
-8.074960794358815E8
2.6413656792933826E9
1.7197029604418805E9
-3.27383835533646E9
5.471695814074207E9
1.05693195736562E9
-3.6472586148553514E9
1.8030970201829429E9
-3.874717868196052E8
-7.013580591655462E8
2.0818206556475654E8
-1.0783593772043198E8
5.637358155168662E7
-3.30589206522915E9
-3.7371533360154435E7
4.036596108361596E9
-6.487618130369334E7
-4.756558126751732E9
4.893269565467192E9
6957769.447754378
7.571874073100941E8
1.9780622971393027E9
-1.2455870967708588E9
-1.8117406004967648E8
8.019146630695946E8
4.695137459867211E8
1.1492182052271062E8
-4.1858653605248106E8
6.305584540785953E7
-1.4893217653582904E7
1.8259356163094905E8
-1.7457876600073382E7
3.177929721478242E7
-3.4091649852145255E7
1.0298275797077565E7
4.0852573241271324E7
4.15450178792996E7
-1.8292921619403735E7
-1.2903653011789098E9
8.998840659489876E8
-1044902.0625007158
-4.964151804666069E7
-4657321.572442909
2.1787858336683676E7
42573.443223915936
5168518.000221017
-1.6928065652741767E7
1.3109180969445208E7
-1.903663627619046E7
3751766.8447529864
-1.518921436470354E7
1.5888459926286887E7
-3792230.6439355556
7926815.3931636615
-8476762.328647768
2.419486521974945E7
46583.70073334789
4715494.52031569
-8488960.94065395
1.6176594072444636E7
-1.423069867445995E7
3520383.124204372
-2.904306858556502E7
5.279443094678754E7
-2954282.770167272
1251552.341540279
-2.169264971177256E8
1.2861210444421977E7
-1164146.0175629812
-471371.12260287744
-1392030.2282646138
4322093.384437029
-6623174.958531432
-310063.89803272247
1.419067264316883E7
-1.0844164223173806E7
-4346202.397893356
-7728154.974502832
2.6891297499043796E7
-1.2080970832151601E7
1.2075012732110864E7
4531862.2274915995
1.3054958617511272E7
3523049.9427254074
8132884.214503698
-8.35460932930776E7
-983137.3299238092
-3941173.3478671075
2.5676883663141396E7
9253914.83219114
-3211009.7669104086
-4936144.715280083
2383700.996736457
-1371307.5825033288
-26563.651573538617
-584.2519177925479
-2048.273344866293
-4806476.431964512
2.659417283446974E8
7160418.288549648
-6314303.089480429
1.254004675202233E7
-18536.8976958746
1.6147692623089644E8
-7.02711721054088E7
-4627536.399568765
4.840684234239174E8
-3.2956070025854837E7
-4.045204748023538E8
-4.3922726659180835E7
1.806107288424794E7
-6.761220353927139E8
-765590.5510449474
4401365.694650494
7.006049472329195E7
-8438383.816981427
5676201.848041639
-3.342492033790987E8
3654510.25979371
-1.1959169925678304E8
5.664788666007225E7
-6.354101008068299E8
4.342619467499448E7
5.001628804538842E7
-9.305655749537452E7
-3110656.6004972737
-6199813.833302275
5.356506440177071E8
-2.849722157684373E8
3941513.578267711
-3783379.4143545046
1.4871668993074844E7
-1.272083008765875E7
2.0874074142013654E8
-7110832.73826026
1599748.0179081387
7744965.317967673
-5.689224490395097E7
-6703202.462317842
-2825454.314756953
-3.2581329468054794E7
-7603279.038728448
3.7322700893847816E7
4.8757124987447435E8
-3.86551729046384E8
1.1805452842087707E8
1.0405869344142665E8
-6.935026015595958E7
-3499486.962060071
-1.5902126457213316E7
3492176.933472921
2609887.8179603624
-5.996378761137538E7
-2.1246719197195068E7
-2214120.766047421
-399363.9248391056
-148344.57413730404
1445918.913232494
-5.853808800342199E8
-1172256.5985541272
3.0809019789884007E8
7.433440850334308E8
-2.6474865066353068E7
-8.344926175792257E7
1.547906483037428E8
1.6772182955786034E8
-2.1098810432253966E8
1.464389832490469E8
3.150309741409852E7
-3.977059490709896E8
1.8164090681167746E8
-1.5904219528082825E7
-2.849628764730218E8
600.484930759698
