-3.1815825372724466E7
-4374224.848183259
-1.994711035500387E7
4217446.370591657
-1.8690824927881785E7
1.4530440005754778E8
2.1479560050036807E7
-3341654.191428519
-4494279.145701056
-1.0640680742732483E8
1.0452073741357562E8
-1007262.0700125474
2.0477282607652072E7
2.079079480354539E7
5.8074064209886014E7
-4.90900914066315E7
-2.928416955968397E7
-4.275673108111068E7
8.839336246811715E7
-6.4878843453443065E7
4.6281162928367615E7
3.875404184823727E7
-7.788523390230745E7
-6.534485278400066E7
-1.71629068128067E7
2.9495225679134574E7
1.3024703825588492E8
3.639468984600474E7
1.573104329800923E7
-7.873510125686085E7
9.545083012465023E7
-3.1186997530419085E7
-6.437897765755787E7
1.4587314952451286E8
-1926248.4186033192
2.691388904159385E8
3217253.755792378
-3.426104376437694E7
-7.219381595395298E7
1.958736804443178E7
-3863148.1392725324
3.120620222072822E8
8.002304051922175E7
-2.503912933644824E8
-1.0941390445071118E7
-3174998.6974087716
-5.7770785197237425E7
-1.3791571403168616E8
2.2946957024773592E8
-4.3563468008441284E7
2.5218373423956946E7
-5.700168774781992E7
-9.538357545255874E7
-1.0882484441578753E8
-1.468020537321919E8
2.364121908964111E7
1.735021302337782E8
2.3428604397980306E8
1.3878031529131907E8
-3.1929468383485828E7
5297668.715519129
7537737.611242122
1.1521105639934983E7
2.0481145849994842E7
-1.4215629084361207E7
-9014155.80487843
-1.5088999044852558E8
-2.5689949436499033E7
20906.144098603156
3.448221787074659E8
-1.7710553216841987E8
-3.2852218304431647E7
-5.934916697528554E8
973299.3023194169
3.94549350588426E8
-1.708597274013795E7
-1.2632650257885028E7
-578181.811028619
-1.1508838730636273E7
-1.7136656607813597E7
2.6043453302913345E7
-5.42590660473376E7
-9.110766234859861E7
-2.076908126452369E7
4.926693248422378E7
2.8627601845429696E7
1.3342564191532684E7
4.1086448466977015E7
1.0126644672499944E8
2.659258622935174E7
5.348080269362447E7
-3.543456364160038E7
-7003577.111144822
-1.0694757309531454E7
-5.740648450395202E7
4.511201591349693E7
2.565832699596426E7
2.6925759772740092E7
5186606.645075039
5.221046420552275E7
-2.4474064923807804E7
-2.8707880921749424E7
-2.350659343544736E7
-1.1580949352386821E7
-7003353.204845755
-9.707212355270863E7
-4.1587243057883255E7
4.075475194662793E7
-4.552719006220287E7
1.1309608709521347E8
7.068000630138315E7
5.9090830553037755E7
-3.621519056182794E7
-5.643828708810508E7
-7.797181257825455E7
-5.371598952174997E7
1.0328504538647231E8
2620184.010941353
-9321334.446383113
1.4102502656710614E7
1621291.6965254862
4059527.091833637
-2478367.454216551
375730.5177824342
-4.5645281876777E7
-3.571116735513887E7
6891501.808731128
2.0732610258627526E7
8.621174798197514E7
6.017576437923397E7
-6824398.663521856
4.976866906729274E7
-1.3314929901659608E7
-4.0199187993424857E8
-4.6263709983707234E7
3.9994670474309903E8
-1.871245032665029E8
-4415255.100288926
-5563858.414003316
1.0890409907124445E8
-1.4097121690868655E8
-2.087297672961472E7
1.9134181024089348E7
5330132.06055585
-3.476356578733718E7
-1.5180905248071091E7
1.2941485683709973E7
-5163943.334999702
7208333.783227655
9.270829373259905E7
-5.4102057304503E7
1.494718006464774E8
5.344508996469985E8
1.2858415522169259E8
7.395080986973891E8
-6.958813353068104E7
-1.3304787355673571E8
-6.921166381018124E8
6.755449811813388E8
-4.9770628149485534E8
-3.0600728022742607E7
-3371460.732334023
2.0988539926592818E8
-6.5512469560455956E7
5.804493403805311E8
6.88872014267259E7
3.165889100593192E8
-6.0491722258961424E7
-5.2526028503546315E8
-1.0885296566633473E8
-1.2896004144047858E8
2.5487570698685616E7
-4.209988381093435E8
-1.6719751724742532E8
2.8376876586260926E7
-4.093420493328819E8
4.362285288524139E7
-3.9559704136224836E8
2.780008505463057E8
-3.3873870286136395E8
8.250993880972688E7
-1.3237472477021612E7
1.0979111637947683E8
-1.2704356103637319E7
-5.893020238193667E8
-3.3329519926542395E8
-1.5628750434384346E8
3.772482364733235E8
1.0566009964221904E9
-1.4623416121459053E9
2.370782681091411E8
2.026106723936742E8
-5.77452037082153E8
5.068504347561718E8
5.1272213979434264E8
-3671694.403982821
2.542379725180363E7
1.1817488537870164E8
-2.8523793308498037E8
1.072251108264835E8
2.802286209048379E8
5961332.707855515
-8.510351494148023E7
-2.5394801075089252E8
5.0315723455381684E7
-2.2148183529125163E8
1.6562771286349088E8
-2.4028798494414923E8
-2.6803534617285427E7
-519200.2890130686
-5633103.972623722
3.865345998232013E7
-3345402.919155283
1.701193369022245E7
3996139.140264146
-1.0279724232262958E7
-6433928.826677212
4453087.143343727
-2344988.145307246
-1905352.7544328454
-2289577.2743240036
-756921.7375525449
-402862.0230376772
1318551.592206891
-4595904.924900428
-4038725.3502253317
663706.4087127858
3305279.43011995
6969542.304833683
-4437960.725150283
2646178.0973506556
-6409744.075732452
4090419.0462837094
9252172.716578446
278066.3647764448
-1.820482940777833E7
2.8780631827555373E7
52419.384852876676
-7177123.384025007
9126955.207321882
-1.4395304348473039E7
-2.511210360298597E7
2.4691286774418924E7
5.4426136091386676E7
1.716500638185985E7
4.0078867055541106E7
-1.3338257055560285E8
-9827435.659034269
-1.09319655117664E8
-4.122511377834602E8
4.169323765903263E7
-5.716052373298086E7
1.3727387132931653E8
-3877387.2816417394
7.921041980748399E7
1645251.043182645
-3.4631516616901594E8
6.045678285218174E7
1.562707194035911E9
-1.3021576878003347E8
2.5794962021272922E8
-5.717881024467555E7
2.0381430266651075E7
-5.8263763461027116E7
-6.71217723485248E8
-8.81452689393958E7
-2.1510411007621342E8
5.549203170815633E7
2.0059046551143784E7
-9943201.665676238
9072627.045388075
921691.0470876376
-2546343.8033424527
4.4100792863153405E7
-6.905382699835536E7
-1.7368964826692693E7
130131.54598474265
-3.657826159407999E7
-1.3067612023842338E8
-1.664108458124517E7
-1389782.7672544199
6.279004372189336E8
-1.1165269489398846E8
-754544.5630040213
5.63316980138357E7
-4.671461579857897E7
-6.939756906108745E8
2.2895170521468233E7
-1.7421674102591027E7
3.998438810698536E7
-6913934.240211963
2519280.827851453
-14670.542069117575
-1.8410886470634483E7
1.264595124911639E7
1.810963673234694E7
-8376138.821039666
-1035498.165996017
1818306.9643413257
117021.58699671281
-1.5116908439437462E7
-6.978634615948774E7
-8.070620797462179E7
1.450863560761948E8
-3.279291097316559E7
1.2076403359701198E7
7820336.449500932
1.1006954077097831E7
-3093914.97564689
-2609626.177619355
-4464743.954000916
213550.4030141692
-3317.31568445117
6951.38238694999
78497.93368199076
-32048.668345277278
-242754.10857305911
-6733722.9500494
3058749.631226426
-7081.606026867632
-993.0421881567935
437.5981309918449
2557224.5267734085
37374.24004362098
-887233.3471248708
2892.6335447912684
4887.24175053226
5.323259942267206E7
-1.243087238233053E8
2923920.2326852595
-5381820.095346414
-2.2446629067566086E7
1.3096110946687393E7
5738824.654053547
-2517567.094129751
4403875.770333219
6649352.953802961
4819843.624681132
7926739.360309706
-4.187375858508995E7
-1340633.665372916
-7.50142810475197E7
-1.4769671736538112E8
-2570020.0476485672
-2389985.318580892
-2.6876130185069904E7
-6380446.785648616
2.283754475433614E7
-3.2436646500453282E7
3.9200270191024594E7
-7.203217660152733E7
-9.030964184725276E7
6.226472305437781E7
1.220685674842775E7
1.0183520822946449E8
661840.9548218241
5.4718316812194474E7
-3.2805196288824543E7
5409136.481325864
-2877764.439082268
3.375405657578811E7
1.2461600369011529E8
6307059.88409131
2575880.2023810362
82.42817642846735
7.231741430565635E8
1.06538303069944E8
-2.2483052386307758E8
-7.824672940656543E7
-1.3207022053556107E7
-5.755346241087712E7
-3.529703751067828E7
3.22333762891734E7
-3087866.507565422
8.789583556559688E8
-3.3674527224283546E8
1.4814463718959361E7
333889.1697968942
-2.069197524319124E7
1.6120446660254616E7
5619978.050301737
-3173846.4610396842
4.493896825918718E7
-3.742168561079449E7
-1137730.3473008191
2126.4978920140916
11826.004669838225
-2.9756133669546008E7
-2.236832900850565E7
9483.92406763892
744779.0232047335
-3845119.152722097
-6660475.48871156
3230308.79911908
1.5467445579495365E7
2567709.236946121
-5438840.430692943
2.1473812845133625E7
76813.26839029473
-1.2968890502270533E7
-1519428.2034229217
4868614.583053541
5015673.38696478
1.5370039579920238E7
1.5451868054907063E7
-2.7582348296872668E7
1673764.7449706048
8614048.822159983
7553618.676689505
3.4772766763347596E7
1.117049994365358E7
-1.278043451927848E7
1.9605686342636664E9
1061554.0815614737
2503143.567477713
191769.0732174465
2.853604580872363E7
-3310653.2553811595
-1104777.4043696437
570747.2393381625
-483473.3565606468
-190383.1214724177
9257120.551408282
1748648.2550666158
5962197.449280584
-1250911.5719493474
-3157823.0323252883
-4334817.435142884
-1774337.525188708
-1.0240296510472853E7
1.1274935460695993E7
-1011332.896768365
1343923.671814364
-559815.0120871552
-456049.9781663544
-1099697.5523592723
2867966.6029826575
-1.3911897386993097E7
-1510314.8914878252
-1407166.7486069212
1168948.8734062295
-2945019.460185867
2545461.277644588
3772603.1599335987
-1256982.0298908167
-416786.7498653376
-128142.67545126412
-434736.94873145176
450101.2036824596
2557911.6479152855
-5.9096212214134865E7
1.1652605974964E8
-8.913548814133213E7
-1.574667424171876E8
8.620939970715168E8
-4.741325199770596E7
1.1428367250378694E7
1.0307771157537121E7
206520.99611613745
7.377407345784599E7
-1.3132394336835844E7
7945271.839687424
6512183.933101511
1.4423606179145515E8
-3.807035267952545E7
7520970.199574926
6.463275809136575E7
771485.3423144945
-810757.002416268
-183002.86590153407
-6.223785321031148E7
707140.7249125215
-1883578.7046680772
9032643.55618433
2371414.7046632175
2.0176398517194703E7
-2573314.4996029944
2.1534088644779947E7
-4.516991686754995E7
4.260123309969193E7
-242741.59438353323
1161326.7237680312
611201.6966527917
-628372.5894428851
3289891.511350334
724595.142717554
-4913715.453413136
2975189.172591995
-48357.62182464848
232359.4737962424
3.062744154563432E7
-2301533.7147693355
-3114765.5232796576
1070825.567956538
2971226.81418369
-7785947.650986391
-262381.84478450776
-4732529.681416619
-2260289.276878755
-3279864.138896781
-803955.3940487613
-8292410.349892203
4606324.799432022
1837588.8999303055
1644906.720405666
-1.0194301840102285E7
1927052.4743255074
-340478.7516100233
811393.9602768137
-3782084.493995106
-2.482990338603651E8
-1.12773844441449E8
-32133.93891088822
-8.969772436686105E7
-12821.563268531067
-2038510.8041513155
4.881777956405671E7
2433506.805706521
-9.700061384271379E7
5.185120733653476E7
-1.9342992097939406E7
-2263170.2947482765
-1.1273690662967864E7
5.146392822328634E7
2.862593739263249E7
242851.82900967894
-2.1049463146508493E7
-2901568.6815962074
9.43554423057805E7
1968785.9117043393
-2094279.202461657
8543626.401224105
-1.6804385675228477E7
-1.686485177335779E7
3.2682980210278552E7
1.0881641905226102E7
1.294514375780033E7
-6.884508103258643E7
-2.0748400667527318E7
-1867433.0110083097
23822.05302775128
-2055.761522193592
11307.30946990502
-22451.496668408214
9773.91798172092
-22019.958232733108
22048.54056556698
17901.142529514902
1614.293043999357
-39511.57155551102
-16867.350438162986
-2366.1530069359105
22291.655555854497
31467.48139817219
13528.093931883797
22642.34189029584
10457.716865131715
1057.5045814962152
7820.921696764771
-13758.215108251927
-22009.81046933888
-23142.566877661553
2910.542769688096
-73179.87222751616
-32101.72944225032
-29435.992713912405
18054.17042305077
-765.8836029627208
-75685.66787171595
-362676.310733826
3.691984361277541E7
1.576018881416215E8
9810225.713197898
9.485523824586514E7
-1.9582118419116357E8
-1.1479543441247897E7
-1.744523938124182E7
1.2866193898854804E8
3.7461632797728294E8
-2.6066543690857232E8
7690272.138923198
-9821787.001264606
-2.8211739814309787E7
-842280.8650709831
9.073277348897772E7
-1.0102801872302663E8
4.701483367694367E7
-2.7139127274620716E7
-9.206796851372403E7
-5.202828835056301E7
-9107199.560659448
1.7308530932345763E7
-2.0995732819164598E8
-3.1715269893615548E7
3.0340038520505514E7
-5.6887783037394285E7
1.77415522966376E7
2.1957755033352923E7
-3.203012873830173E7
-5.1641447504920006E7
-2.2290182821931615E7
-1.507026257941585E7
-2.34595503495119E7
1137416.5943273657
9492362.573677715
-1.5102792203452079E7
1.0712359469373746E8
2.131603243469287E7
4.846372962282684E7
2143984.191908535
-9.434588722904098E7
3.379146201302779E7
-1.905805659419923E7
2414813.9488609787
-4.5499599380094394E7
-7.588414410831828E7
-2.4702136363496754E7
8.318661271817777E7
2.1007395995359782E7
1.1594621904464126E7
2955596.641130206
8.541996294345388E7
-6.2493718962007076E7
2.8733799241357256E7
-7.306544821601517E7
-6356598.977913065
-4.6051838113662235E7
5.389044949465134E7
5.228617591769842E7
-757276.8557383844
-1.9240010776088244E8
-48418.78920785314
1463656.7288659113
1.0294501262791564E8
7.78497880385793E7
-1.2347588179843837E7
-527775.5664079519
-1.2892580695853226E7
8.201034631916994E7
2215762.4270545864
1.367493711175418E8
5.8839122837610185E7
-1.7260687631586277E8
209198.5910233893
1.377753861653029E7
1.8348769571713272E8
3.25295853013301E7
-2522931.0377937523
1.2495874668772492E8
-6.33704220547071E7
-7.559487502026364E7
-1.0020772555942623E8
-8867.773850499296
985569.7770618747
-1.2655131120337597E8
1.9265243643862043E7
-3.244167423840767E7
-146838.31786986606
-4365436.563025563
7966519.412884894
2.4347211553476103E7
3037986.926011482
-334049.81140965165
-13537.339272952671
-2.2809581742009256E7
803755.7733198775
8262403.4968287675
-6.269063120322078E7
7.583934497499521E7
3.388864308088107E7
142086.38667870214
-3140243.9644382168
971224.0950116869
-1.449203462974442E7
-2862380.660873509
2549199.4909780743
698385.5396539083
368155.26428910333
-98223.07346564753
-2706108.302166147
10336.754977980483
-79868.40295109675
-2387826.0015992275
1012152.1471412702
4314.456793017276
87354.4434711599
-2.0613923886133645E7
115805.23615365107
3.29102804510812E7
-3405946.2289627925
4.002251290501632E7
-2347480.675446116
1.38352526656223E8
7.54769110627213E7
-1.6905323486164358E7
-3.2360140633370318E7
6.123608869992707E7
-2.1872683698165083E8
-2.275018827868721E7
8.539917498671608E7
-1.5890831714150758E7
-1.465164102588679E8
3.1290379636335563E7
2.3617977173356574E7
9.130060843836795E7
-7.368324140726545E7
-6.79723375606799E7
6.981547062210141E7
2.939407980378048E8
1616743.1885019701
-1.1253731907546583E8
-1.1382963896824962E7
-5422204.543604489
-6223570.312405401
6834733.974297779
5410260.42464166
-1946736.7884820222
1.6218243387327706E7
-5850861.457233184
-1.184105750348366E7
-1750261.1003668406
1.8665783356767666E7
-2.1012064256614026E7
-2.3617483679364152E7
1.928670739228025E7
-9309907.053329837
1.0482942565865131E7
-475783.6989828811
-2510417.821168502
-5.305730946501582E7
1.2227848509582888E8
3.643852196028326E7
1.898262891947419E7
-2.1781359779149994E8
-5.000275847250982E7
7.452640988022465E7
3.8071341985073976E7
-932310.3762286992
899038.6643487694
1685906.0328053923
336301.04866060836
-4258512.372027791
-2087175.7397921996
4909395.621352089
2587833.249839301
5818909.041300769
8133000.92840859
-6694930.839419276
2422159.4094646773
-3.2005861085047152E7
-5309789.153444588
-3782593.15909983
3.3634486523090445E7
-2.7035068959380504E7
-1.644560409974222E7
1946073.225046437
1.4240092664396524E7
1.6759202971171487E7
1358957.5025085034
7958342.872701841
1.5184645963898864E7
1.6969464382087883E7
-2146055.6596217174
-1.6425995450396871E7
-1823600.8316377131
-1698272.6333097932
1767710.7141169482
1.9950469245166752E7
-447101.56644183706
4.30133276894522E7
-1.006620477703437E7
-2938826.9975791234
-3.2653794671121635E7
7556066.130935634
5072756.531329222
1698294.8996453988
2019245.6161520784
-1.5957973876813864E7
2.9785782804476034E7
1185951.6644741585
-4.843701572021996E7
-2240188.1801895853
6.627489181265771E7
4.968813592544653E7
-7.032926251639187E8
5.41379545985729E8
1.881671307753345E8
-3.084758664422178E8
-1.218956612023836E8
-2.7077616396289613E7
3.3060902646595925E8
1.8245362707903838E8
-3.3744490795115024E8
1.7653819573380068E8
-3.847293470823966E8
2.540444478066779E8
-1.4827296590954554E8
1.7329463436207492E7
8440120.756238796
2.1896145636762477E7
-1.4987661071886176E8
-8168839.913105539
2.5413320271364143E8
1.0200447226924188E7
2.664786639550208E8
-2.6590475011463484E8
-5158172.143749521
-2.0475023257160354E8
-7455467.8331488315
-5.949853947710341E7
-6452041.6641254965
-5.704812120275912E7
-1.2451580832364757E8
2.4660250819950494E8
-1.447078216305687E7
864933.9715735646
-5.313915151879259E7
-1.2602879355958976E7
-2.116307828200623E7
1.9986524578995275E8
1.0214816724802276E7
-2.4584423923424624E7
-2.0157826698491078E7
1.1170875213279732E8
9518003.989397835
1.9832857298759863E8
3.244731678673324E8
2547598.157229096
-8499052.147613607
5831598.999577371
-8490693.087482505
-77.41120513239628
-4191206.5404139115
1840505.2135485164
-1836163.359782013
8792048.672468467
4582436.708923647
3026171.2726998166
-1.2224876786089284E7
-164172.00739217617
-1771815.4181248911
1436744.9888918253
-3745946.4713110575
-67597.88695070344
8585674.290859642
-358957.9600664152
5266023.055075738
2654474.268962908
-1477229.1987117995
-8485911.441887045
144936.97934102535
-3067864.587167456
-624497.6595654921
-7204640.452432849
9308898.678469392
-1188355.566246028
407734.90507127676
711922.7140726524
-8050591.247302168
1452983.2373912206
74880.27729897176
-9716212.108310366
2601767.7114508534
3568886.2063635304
1.2589388806422547E7
8704714.97391629
5812802.808633114
-1727896.6741115635
744496.0233168985
1.8485913345127724E7
7393040.038072436
-361902.0384353583
2617090.6706418633
207994.10832475568
1098080.9210225285
6.226977736252294E7
771454.1652645482
-1877427.467245065
1682077.1955351373
-1.8914912032872684E7
5825578.179393044
-46600.72032904089
878.8386227782083
-1560.7997143857554
553598.7137192093
-6.0761766318904094E7
-1659188.9338508619
-309495.59628788085
-320641.6992498022
-6225.9109187929325
258024.00479895357
8203877.76721946
1259196.0712595591
-3.349764777608891E7
5985461.312140801
6.934311900677395E7
2754456.6269161226
2501004.868638692
-1.1161476025304797E8
9136146.375247661
-3.937750570728055E7
2.2908307679675225E7
6759851.21352054
-5223097.988028675
-614810.1030140303
3671918.7697240603
9083920.846096927
-2.6904653492318142E7
3.498398019479357E7
2.901913536313366E7
-1.563761563585355E7
2236299.3710975065
-1253349.3916653895
530159.9708729355
4.321101733455944E8
3.054364283437979E8
316166.969325971
4149059.334544864
-7875291.850079502
8866822.858205162
-1.516659323814821E8
1.5334638781450782E7
-366547.676775713
-1093734.0548446118
1.7724308715896543E7
1675470.5119865928
731007.1855760602
-3.133813764672223E7
-1080645.1612042242
-7060296.871242442
1.4770562692032486E8
-7.549677151441246E7
-9.695743882710116E7
7719852.4835509285
-3020283.3495473987
-6203034.86312094
3566086.729332142
49411.18662436589
-1100080.8529418057
-5169616.747982353
2.289096054432588E7
445787.0617531413
-520897.55086254416
-4899173.665700884
9246619.358192002
-1.7678529084309822E8
-4.504317408075689E7
1.1501274052789293E8
-4.690919512525337E7
1.2558652216352038E7
-1.3038161422835873E7
2.9777682336049493E7
8.274835311406443E7
1.0908779084935212E8
-1.7459752175023392E8
1.9817022882937905E8
9626737.130158745
7.07958070174601E7
-2.4637545510926906E7
9121107.112718089
-314.1051353189829
