-1226803.770452141
-1634526.60273062
-4.198017648425689E7
7.249970125766155E7
-1.6073832409704885E7
3.861818347563513E7
1.0956051805083555E8
-5220166.420532935
-1.0497635889711663E7
-3.7246591209009275E7
-1.2702775876905774E8
-9319385.17692667
1.242063497660695E7
5.225188349039576E7
8.508897072041059E7
-3.575085611326387E7
3.690131726021925E7
-2.301207938863471E8
4.558878855590434E7
-8.314141262486877E7
9.51207800541909E7
-2.134544375635834E7
5.47902772735283E7
-4866053.512307895
-5.587181547272318E7
-6.357582681824978E7
-1.0331945542796219E7
-6.5707863262036756E7
1.907142224234154E8
-4.6671416184633344E7
-2.04336714473092E8
1.0011614631401214E8
2.619002884188307E7
8.152044413430318E7
2.784920182877401E7
-1.0308426225820718E7
-1.606674014587928E7
-2.6236062188162517E7
-1357326.059681015
-1.1994500006249491E7
-9676379.987113949
2.125899133771217E7
-2.0022995191497542E7
1.315745581419042E8
6164911.366836447
6363515.076960621
1.2672531913181196E8
-7.454910219141038E7
1.1696747210714659E7
-1.7758988542718373E7
8936572.808939517
5.835783724005099E7
6.671276028866796E7
-6.4928338070544176E7
-2.0199235729850337E7
-9289142.179163326
4.0389065444315743E8
3.489687304448602E7
-1.8014044465727717E8
-7532210.267892367
-1455305.4307756403
-1.3517854872903105E7
-4.7357081871662766E7
1.72853615395768E7
7.066798241370367E7
6470618.034369577
-1.5560172474955186E8
3.335229036165281E8
5282.67154283395
3.1004114348101854E8
1.6078299163694293E9
3.597095691773462E7
9.286949876570497E7
-2.0317162678514116E7
9.363133193724012E8
1.1595636021027331E8
4.438479504771258E8
1656292.2749497904
2050953.3925935964
-2.1271774981804729E8
-6.1034216048203535E7
1.4174570017363626E8
-2.0451621970133176E8
-2.0530492097714272E8
4.892141958651511E8
-3.9027234128299624E7
1.6383429958822373E8
-7526009.782751023
1.7473967190958205E8
-3.424581517537026E7
-7411893.23500993
4.647023509807085E7
-1.2297644068922343E7
-4710065.71360912
8145369.167142812
1.166577984586626E7
2.1314428640540767E7
2.7046376235136982E7
-1.2395965389121223E7
-2.2366556352033734E7
1.510993735044404E7
-2.1334225924048595E7
-4.640107336495313E7
8.580886341947582E7
2.7297806413861215E7
5.276139164159908E7
8606895.410643402
3.526550634249078E7
3.3482934691432357E8
-1.53148955309974E8
-1.3688809897881332E8
-1.4627550030283388E7
3.6605096444838844E7
6.261796430065128E7
1.5042376841650546E8
-2.5033834651604377E7
-3.710471640762323E8
1749639.6533208564
-6.887621869376735E7
2980606.7001943924
2200973.3582103136
683905.8696870044
749721.0803847045
-4555389.007306576
4.7562389615188874E7
3.3668815832841724E7
-1.7484986375316374E7
7.279481302167532E7
-1.0202099076416053E8
3066733.3988698553
-1.2441937590619488E8
1.6225081909650514E8
1.5212826566442525E8
5.2603103356183626E7
-1.681462954452231E7
-1.0269852303953063E9
1.0209377979891281E8
-4.125128328450018E7
-5.078192385518989E7
3.084935344543329E8
1.1052514103233168E8
5.081952995720362E8
-5.233508142530996E7
2.6603810142566174E7
6.6254414858172685E7
5.279764679468322E7
-9.018563258899485E7
-1.0945678471370265E7
-1.5693546836983904E7
-1.1480615804242614E8
-2.022460828909791E8
-2.2965140019960177E8
-1.171089186857656E8
-2.6053905642188728E8
1.4636423089970403E9
-4.566804834713541E7
-2.384976837252144E8
-5.578467044950018E8
4.917412293166393E8
1.6799590821261016E8
-5.1390581147294194E8
2.1183292828697965E7
1.0179166033085579E8
-6.2469290522269554E7
7.386718575008118E7
-8.281865340437207E7
-4.934872956307069E7
-7.608639819793008E7
2.4030653308029598E8
-1.3395221983413212E8
7.171554199307293E7
3.0434861943260826E7
-1.2017447396046999E9
-1.1916252834070358E8
-3.0922826548967935E7
7.557579044140915E8
4.400202677312542E7
3.6137889913552153E8
1.906562125823283E7
-6.883314773517017E8
3.298813430411102E8
-5.0358527668245935E8
5.729433746643735E8
3.580219847716592E7
-4.2092386232335895E8
5.48029283601796E8
3.6252819610942584E8
1.1117699619897303E8
1.6566118658135188E8
-2.230839668104314E9
-7.751492056637953E7
7.786930740312322E8
7.600665682407382E8
6.05995796823799E8
2.6268369186300078E8
-6166626.145645279
-4.660871646885946E7
2.8653406450234485E8
-2.505941287881466E8
4.468317430255558E7
7.869758751949671E7
-2.3842507889169704E7
6802853.858436279
-5.211080461892618E7
3.54605620435834E8
2.5465760999914028E7
-7.87073256131298E8
3.9570513412718254E8
-2.8927788679350596E7
-500077.84570154327
-446171.356628441
4.618956087478815E7
-1917425.7970376739
1276351.8183844204
-2316276.500011985
3480807.4923903593
-1.4456381818945445E7
5129597.183435257
5391577.675536323
4828244.522521137
-4253434.370338644
1124959.007861522
1906527.857518332
-1574148.8866633184
-7955286.771721969
-486347.44852474384
1998608.642563642
334630.40136767237
-3368825.795672916
-2.5828700745306585E7
608233.7959377364
5207240.92511313
-1.0803157031527724E7
1.1119605789875962E7
5024594.688973908
-3.826664550055288E7
2.6705791246363375E7
-6182709.955687849
5899791.791242499
1504645.9468989715
4.9324040124991976E7
6.321214478221502E7
3.723762421575793E8
-6.6323061489439085E7
-1.3132934383975953E8
4.174652688915921E7
-2.1898302145203316E8
1.5570334275622183E7
-2937806.564586879
1.365378812750897E8
1.4415120454885375E8
1.1841088036985658E8
-4.247765122063508E7
1.7753380111695528E7
2.8271443264170426E8
-7.909322488502278E8
-1.287229461195974E8
1.2312569525640063E8
9188534.796192672
1.5759167274764258E8
1.9397438946807405E8
-2.6125812651840985E8
1.6342942175436234E7
3.721908772497737E7
8.729729833258691E8
2.5780453866709396E8
5.711086724343737E8
1.4204439480515953E7
-1.7464708495019397E8
-1.3576954111020742E7
873746.754998121
-1188319.8266996655
3231842.5540593895
8070603.770358799
-4.0357721104486006E8
-4.9005444208846375E7
-797411.8673983329
-1724955.6293382132
5.66328106943712E7
1.0823911922088195E7
9390924.846796613
6.065360600763414E8
4.7336351948197484E8
6561963.741149991
-4499140.05638085
-3.812043513982092E7
-4.316555557929078E8
2709468.6485809395
8168425.468621665
3515094.493394684
2.5661378599965695E7
-7077077.113903888
-4341283.996682618
-4307461.220586939
1.0977425720916735E7
2.36528582527938E7
-1.293922776015674E7
7818997.959387127
-962501.5249517869
554117.5760908059
-2.5365164704986937E7
6.115975236066437E7
2.170263230978359E7
1.3529984224911317E8
-3.9549404632237054E7
2.190400529458082E7
-2.2283193272972144E7
8097833.690828362
-506021.5678146331
6275708.213979005
-2.2567508885183893E7
-580298.8366454244
-3950.2928417182984
27330.91284970761
31718.41828996774
118011.08472994062
3378126.062921981
1.8404317014769292E8
5874990.6085123615
-12970.411786925824
-2384.5257711222393
655.9124689857623
-1.8536392345723793E7
-72101.61787118168
-2238665.4807615974
2614.200275610047
11998.358499835093
-3.7288457253322756E8
-1.411831591895652E8
-9383473.276241353
164201.1917786188
-1.1439913805997157E7
-4.356996619212463E7
4576438.674009206
-2.119833106704992E7
8513308.364985168
5.038533784675749E7
9869614.742164208
-1.072346717324964E8
4.742684909332535E7
-1025025.0880496118
-1.676081591197875E8
-4.173230076704648E8
8.251796358470082E7
2061569.9354686707
-2.6140426748216696E7
208386.42477334928
-6036052.715846507
3.740132800116737E7
-2.0932482796955258E7
7.404342871493526E7
1.0498621844533266E8
-4.27517289931921E7
2.4002669321152747E7
1.1140197132740685E8
2598014.901876712
5.984894908878443E7
-7.819678172772534E7
680895.1709633522
537679.9305966594
-4.4028345308373064E7
4.5129903962710184E8
-6.771706914166687E7
9345007.11484216
1180.8164296301811
1.9421293886639433E9
-1.560933920256834E9
2.563411407615844E7
4.122196198755703E8
6.177917638778066E7
9.727048592881574E7
-2.349365949855693E8
-1.2217749390258317E8
-4.3678040303155385E7
3.9021755643691987E8
-6.886976796015351E8
7.709831259384362E7
1.482657770541985E7
-4114431.3489223598
8.436531031564951E7
8.191309113150741E7
5851912.887865421
-1.7713665586561123E8
-3.8981557038222724E8
2.2704631979863206E8
-2741.061177442239
-3689369.5644702655
-1.6710892093755183E8
6.464171615472781E7
-17582.149983944528
1282759.9926542896
-1029158.8922165642
-2.1762606334371895E7
722830.7161966981
8196334.234661851
183494.11800587946
5678681.574466432
-1.1137688125964835E7
495502.74570216634
-9238050.080137433
5464362.37162852
-1.584713432291356E7
2.61543639356126E7
3.963535517921911E7
-1.3740093096247027E7
-4639577.32490605
9276818.055940494
-1.71332668623865E7
9251886.2842259
-1588404.477104806
-1435942.5749224245
4271623.692300592
-1.916505047526779E8
-3598605.1632792824
195719.69980460653
-2233396.305545631
1.6881928068056498E7
1.4799055657809058E7
-1153097.810248573
-1389518.6754227185
-562487.5265396113
248554.06921133632
6632205.049180744
1003142.7444034055
1423450.5547301897
157700.84004591865
-3186849.906102953
-6459349.200524115
1721360.2818643919
4631421.996657826
-1.1174598928726995E7
-1141167.9082022766
-817282.2604757858
-582172.4757527782
-159350.3574012594
584338.8026476385
2598744.402807678
-3318565.3000457953
-1950943.284263436
-529842.9824279745
5190112.325779453
-58836.61429684148
2739376.73305229
1407030.2177584555
1752229.8902634224
-644840.2464319529
-7182.975100881106
839225.3364739522
-98215.16958019625
-750307.6997713078
6.818829622920904E7
-8.562204565732856E7
-2.5142305078051603E8
-1.1512608047771475E8
-3.159814338118131E8
1.35430633055034E8
-1098880.0783111302
-7398543.256330789
-1.2516375081033665E8
-2.4083519669065356E7
1.2851851922689572E7
-1491706.2495910078
-1.8551119719674867E7
3.363419849906119E8
-2.2452530519285146E7
2.635152918783656E8
-5.0733687294853784E7
-2.694069638295792E7
1.0196761259660196E7
-1.399899690764808E8
1.1957111322044244E8
5643619.370179574
-3179760.622944758
1.2994348199753828E7
-7887128.3785051145
2.587574945123577E7
-2.5757302789614137E7
-1111175.8976691817
-1.3636039568214335E7
6705881.230082579
1029815.3179873846
3976193.724906889
1511501.3854759336
-1210347.1054909008
-1798580.0678323566
2395265.058912265
2083894.712852048
5993139.467255098
-3042438.431372119
-2405957.289885806
577341.5559071271
-6443239.2453354895
3869902.644113369
-5161926.691997964
-8029492.238711262
-601614.2616103217
287200.52502559935
2621513.918044813
-1040358.503682326
496632.9133245601
-663853.3937510465
1443324.0644918669
-450433.50654771255
5716204.888485158
235359.09492196311
-1222614.2666420247
-628035.9905811765
95299.64272110719
3277509.5221522064
-2316435.9361867243
-1.1079717478962786E8
1.9157372006496897E8
-689129.172526631
-1.2359017535763137E8
-7561.890199542575
1.0343602864817005E7
1.6187135229187664E7
-1560404.9104297375
-2.605086198357553E8
2.4849204688918164E8
-4.357029732226538E7
-1.5006511574867973E8
-5800018.816158116
-3512455.3190443097
2.6904382127639707E7
278311.24498680956
3.744208340736294E7
-1.0632679965502335E7
5.34658691758834E7
4.764246512268889E7
1377599.1905085708
-4542951.296770222
-6.424899210392826E7
5.585403021602689E7
9.165918811426823E7
9105207.391276684
3.183253594381407E7
-7.95167636762666E7
3.6510618489006035E7
-2.8032929600174718E7
-46309.96406482011
10727.821813857347
6698.451555368665
-43330.31150981098
-3619.302873386447
51057.21664733096
67145.93318795023
-19650.198366584118
-4516.686058661025
-142524.85919181356
-68087.21751767806
-1098.9804659510887
132427.2423735431
-91707.76619736801
-11203.330833835947
-3317.746720981321
-11700.755115768345
23085.769952774543
5481.488519072001
14284.36994571818
-14852.852696442871
-10572.628871839468
-2933.8217998078735
1129978.9385648584
7652.457891947989
10931.249752550364
-351147.05178513145
-3120.8691882670037
40741.740902496356
-321422.1239822521
-1.679764793671832E8
-3.3140355008125808E7
2.7476662041915033E7
-7396085.772373658
-2.931751540129475E8
-8588282.872401776
6.177757505735908E7
9.904006278369989E7
3.913678855719076E7
1.055286442079336E8
-2.5270078379582036E7
-7426341.961131673
-1.2012107891220387E7
-2722953.784524677
7.254203855463642E7
-1.4606267351766454E7
-6.986867741387062E7
2.509166546768E7
-2.0731994157340627E7
2704552.4113116786
6.080563886041654E7
-6.79819811748432E7
2.465480858589167E8
-1.7315392547881472E8
-1.9326351108367926E8
-4.1094711470760845E7
-2.752455169031712E7
-1.0084251293128751E7
1.0241421307536429E8
-2.3591566018030062E7
-1.7396066259825043E7
1.601987459994642E7
-2520778.835346094
-930236.3821275082
-2.617925724730249E7
-4.495072639356052E7
1.8360267219043903E7
-2677358.5752933216
4.829391768139646E7
9310864.26803426
1.84323540155352E7
8965370.271640114
2.4729761146998942E7
-187700.24510494168
-6.183382414329962E7
-4.648653927100709E7
3.697304529002552E7
1.1933703463269817E7
1.8769760614894733E7
3.694279220284057E7
-1.21589030463461E8
-6.414711256253395E7
6.525575929629041E7
1.150772700816908E7
-5.298388065562879E7
-1.272712507348977E7
1.0291537361388674E7
4.000760245399613E7
-3.133842013651507E7
4772143.461923928
1.7925092083638308E9
-66972.92346213108
9499471.297244871
4.793725318406812E8
-1.408334513113589E8
-7.154914279524975E7
1944500.3831769903
-1.2638536878584068E7
-1.7690996125622407E8
1.4050261814901224E8
4.825297816151996E7
-9.3300918465494E7
-3.143447738405803E8
4392672.377567218
4.216121181635447E8
-3.4195928232244045E8
4.43741379185678E7
-1102115.4925071418
1.7820693704237995E8
-2.7921616160483215E7
-1.784669716190525E8
1.2667709896860744E8
35797.38186035014
-1808991.50570488
-3.9503192517465584E7
-6711783.701266609
-1683735.8777373051
-374780.5001331096
-1458820.076263495
-3.0878296531543728E7
9.606524992789604E7
-3947283.0945924614
-2422174.5680416706
685742.5011515336
3.1657085934079688E7
-3.133885626005699E7
1.4122955728057188E8
-8.23014414778271E7
1.356957974697293E8
-4.4796058061690785E7
-477574.98575129715
-2.1419692824007317E7
2485117.4057912636
-6.555408064147374E7
1.7189319933700033E7
3138436.6361302133
-318380.9193912982
-1232612.9911597546
-53241.698309462416
-1383241.826307306
70586.13291103076
11394.838029973831
-2.4774799462848462E7
4049654.241873532
287.01415889216736
1942033.0874776277
536434.6296153034
9431.828909017046
3.2830059213284206E7
46512.09042274536
-7.458896642520566E7
7431095.677634198
1.79539265686593E8
-3.3349324670503587E7
-5.605965394059935E8
-2.3746090264313403E8
8.081351531946881E7
1.271141565250437E8
-1.780009251078768E8
1.423821578090117E8
2.5725894837674923E7
1.422239636004467E8
1.0039085197578695E7
4.4263963429461904E7
1.95498704737971E7
-2.3156345421660507E8
2.3526491959186786E8
4.9871512504751936E7
-1.3140926909781155E8
-2.669880031505843E7
1.827764236234248E8
-2.406494086804905E8
-2717086.2234128756
-2.5047213521537904E7
4708566.062274498
5701993.380080785
582206.6608032878
-274715.0308926857
-1694518.6703178673
-171034.06375744755
-4.522497666179339E7
-2.0100653142548237E7
4.592592240923455E7
-2.743003104953514E7
-301813.6169501527
5350433.541295009
-3.3294762939452108E7
1.6616668072638914E8
7203645.327373302
-6.347530811833247E7
1.0841889487196013E7
-4.8171980378731966E7
-6079835.653634434
-1.3046471477257095E7
-5.21122530490922E7
4.699731612098806E7
3.0660535031606454E7
-1.9035599394272454E7
5711007.673594074
89208.84710697907
1318253.4523835336
-1564324.9514422645
-892957.433385675
-2265977.439317768
407028.3622639598
4417383.59093913
2534923.1241939506
1.1250518545741966E7
-3.295046505128058E7
-2.0673671408042427E7
4671294.738176827
1.3597607835953398E7
6.114022406783445E7
2.0178418827685986E7
2.4975835534935903E7
-5942026.791141586
-6577314.551332695
-276008.6081441955
3014061.2437343122
-9121232.489763193
-2.8565623535314202E7
4.280240780655048E7
5018366.589384704
3.3371404660473015E7
-4251584.399417501
-3970809.906279302
-1909430.3773105964
2.0703969540161632E7
958115.8887297706
5.272706217961069E7
-7433849.820609477
-9510069.821142087
2.470992773572894E7
-2.159175215984585E7
2214803.9058341198
-3149214.742685551
1829467.1579353467
7068638.157923354
-1.6047921493312988E7
2019730.8780047465
-9.289381048719686E7
-3.789498313351127E7
-2.9467482894217074E8
-1.1318237910673663E8
-4.6640676912159674E7
5.374539520861379E7
2.0433151692163896E7
1.434689875617622E8
-2.1322267169794396E8
-1.1378969744396234E7
2.076534030277154E8
1.3526095420980534E8
-2.416097607612572E7
-5.390139613674186E7
4.004587450495321E8
-1.1103704049497193E8
-2.4237320372842798E8
3254201.871072448
3.5406239707658276E7
-1.3699600502432194E7
-1.2042894062762755E8
1.758323440249114E7
-6.775191308813168E7
4967724.994141509
-1.7532327986152926E8
-1.0320159730071008E7
-4847621.147484761
4.203862206782642E8
-2.6448248302835712E8
-4.6617274919651695E7
-6.153681192569485E7
6.5636154297661066E7
2.9291872006183162E7
2.085244809833334E8
-5.460014359116706E7
821083.2356135369
1.37138049567858E7
-3.3459352399447124E7
-5.175667109292269E7
-3.367081585660979E7
-4.741974071335768E7
2.4037875588545654E7
-2421952.403277674
9.600060778397313E7
-5116511.443926837
-3.132515574679395E8
2.026325395536244E8
1.0441753757399106E7
-5215353.5207539685
-2.2092878367979195E7
972652.0054998075
1214.8208960890188
-3066210.7834168365
3.653532410440346E7
7.731860890116298E7
-2.4898028055687424E7
9792612.045205215
-3.5899704983632594E7
3.4733074104871295E7
-3444052.981186893
-2687018.8255544435
281681.35753269563
-4499935.560008605
39570.272575097246
-4090939.8710089116
31324.058476768576
-2205730.7627209676
604239.266943046
-853810.4530151008
-6951900.737786741
-2.077628192462853E7
560540.6848807547
126711.79148457125
-1.8567270118998118E7
1.133603617484715E7
-842522.3227210086
-310856.3488110349
378619.35204198136
-5294113.225855456
-4352159.945336498
1032556.058439203
2075363.8444027219
-1873499.180685316
-668557.4221064526
1.0196774950467935E7
-5093667.485461756
1.1694380801625373E7
918757.9362887761
-1033231.164882295
-1.4593829883537047E7
4568843.126729141
-1252616.1587116048
-4.019085963721419E7
-1002739.7798397247
5413573.369194435
-2.6240502998062593E8
113654.43179944271
3255386.420799292
2176780.1888222652
-1.3119301489834419E7
4676316.956426297
172.42028500672157
1570.3742206613285
-2073.4771095881797
-4690706.256393864
2.136343382381293E8
-3.1359873965896793E7
5720066.087319969
9281173.853572618
4392.471781456132
1.0312263481567819E7
-2.4176737927699793E7
-947396.7760607775
-6.406055698363008E7
-5822428.426161531
2.280105626954551E8
-4193843.744874119
246727.34644616168
-1.1829554686942025E8
2348277.4194889907
5.802391893414014E7
1.197404629143982E7
-3890.7217766022886
7.652024781378266E7
-1766958.6891009845
-1607176.2089446438
4719963.507772218
-1.7467708056156585E8
-3.373484025197967E8
-5.112874737621215E7
1.1085394315064743E7
2.2742043962115633E8
-5965010.3475164715
-1.2998700261106664E7
7.224062216989493E7
-8.466092040178534E7
-1157425.5096806462
1445593.7598645303
8483612.510208242
-4.351696663573329E7
3.2285456228711957E8
1.0542650832387665E7
2524860.805587433
4070094.869202455
3.0956660777777325E7
-1.1561325174341418E7
-717564.7265559367
-4973648.827195559
-1484003.519430458
2.026766669609333E7
-1.3723460215111379E7
-9.591215730758794E7
2.6332376714345116E7
7076981.053694104
6504386.578841631
-2.4571808794127826E7
-1.4456689147361865E7
276272.88919597707
2.9672377974744175E7
-1.6773765866761705E8
-34204.11078672001
1599836.395794375
-801153.2509255388
-3873356.2237306344
-5995779.124574207
1.6909804730839258E8
-6236030.739042659
1.893910855743486E8
6.470421033198816E7
1.6826090176040612E7
-9.835547764610788E7
1.7914184397856668E8
-9.075208623506477E7
-8.618035148900549E7
1.9728802496643844E8
-4.024216410136615E7
3.6462862934715986E8
1.957034199506493E8
-3.9181590408091575E7
-4.311388273368654E7
159.1222633406869
