-1401453.8645854872
-1.4279407788944576E7
-2.1537410053986944E7
2.5279450525775958E7
-2.3018769689427998E7
860265.9840520704
1.301676722054141E8
-2.02670607287989E7
-6241233.711626099
-1.5669799179268606E7
-3.2366424523439986E8
4072129.568011163
-2.6183891194490157E7
4.631768233412692E7
1.6406356384942716E8
-2.6048403156351592E7
5.347153892260914E7
1.8757431972650406E8
1.157423091000798E8
-4.2380612665916756E7
-3.13402274746981E8
-9.451284512935285E7
-9.278986371306269E7
1.2621047537744066E8
-6.114906867357706E7
-3909497.0776580432
-2595406.2825754103
-5.2702651048080996E7
1.1213802485218261E8
-6738285.878988676
-1.0977689198392673E8
3.571624844230678E7
4.624400134885046E7
-6677246.2969886605
-2.541166855783363E7
2.8030614522142947E7
-3009508.6114049717
4810614.583174676
-2.528947582968892E7
1.7767075513420034E7
-4588181.876725162
1.0050127614073297E7
7943546.132174059
2.376149383543756E7
2468445.103947631
-1172769.200438106
-71697.07182118608
-1.0932699809088506E7
-2.5140821095180526E7
3025228.430958241
1.0494122572754983E7
-4334704.809847333
-2.238679017426094E7
431012.25380448106
4.321386573976043E7
-5419042.866872752
-1118557.3324934193
-1.7864833666398674E7
-1.5157399584599806E7
1.6153634571606886E7
1047501.239167174
-5479073.699097002
7640628.17735096
-879536.0792701809
-7424954.17440525
-1202966.9682898808
6.063644661553198E7
-1.031445847543624E7
-737.1955821124961
-6.174500636277622E7
-5.340032912707981E7
1.4462096373836378E7
2425979.7039374555
-3542947.404307782
-3.0465367002137978E7
1104897.2798680372
-6.831403152955772E7
-488176.3489046466
387067.99154288904
-5016706.909155458
-2031082.4070983664
2.1511628368372172E7
2968796.8200788125
4594361.656818752
4870266.140745832
-232579.6286330458
-1.0604812684535997E7
-7048426.68682984
-1.6373060637416402E7
-4674973.96702783
-5.8456525781471245E7
2.9661496190271463E7
-6140354.946549238
-1282138.5131685291
-8174574.222333997
1.0349404350755941E7
4.825403868111596E7
7.821896473904191E7
-2.714196963515029E7
-3.2646136682023592E7
-8987474.979504827
-2.3395255203612316E7
8.665791071071757E7
-8.702243561809312E7
7061870.9467758285
9.569419693984592E7
-7.133581257432315E7
5.952345122285459E7
3.3724079832562834E8
-3.663785419964206E7
-2.0057392345761544E8
-1.242031147630352E7
2.39923934389705E7
8.066124073568852E7
5.370042884894905E7
-3.535980501234294E7
-2.422742349488674E8
1.122988801325641E7
-4.356169571800004E7
7423667.861861171
950791.9097954768
1612047.2533068908
-2380087.3664992643
-1.4844837709536895E7
-1.7671991205730507E8
-1.909802361674357E7
4.484693218214133E7
1.2417505186269926E7
-4.560475050475016E7
-1.4476442530107044E7
5.0226235433699526E7
3.853803525796483E7
1.3813932382895705E8
5.872450233851395E8
7657897.25048701
-1.3228258471803284E9
2.860162095064573E8
-1.733831033815506E8
5.62181206281367E8
3.464064446017832E8
8.792744606440972E7
1.2588398512970106E8
-2.6559163403824106E8
6.844762124532622E7
3.9163329311925456E7
6.4336805123856254E7
-1.3716427013810188E8
-3.6751093759962685E7
8488489.398320744
-1.1713677554589044E7
-5.720710824508946E8
-6.551017590675471E8
-4.3648959666857266E8
5.776319674781149E7
-4.6614904369744015E8
9.642578958284563E7
-2.3244695923830596E8
5.92717534123803E8
-1.0415605689797021E9
4.998601142085824E8
-1.388705716799543E8
1.705885217734989E7
1.257899927799383E8
-2.1785538582605418E7
-1.3903668752479494E8
3.136123464065571E8
-6.707491814703651E7
-3.483864870612146E8
2.826836076590502E8
-1.11374612265926E8
8.05456143631636E7
9746257.931839176
-5.198124747938943E8
7.285163101787602E8
-7.359219363647945E7
1.406481550558632E9
-8.869226668312669E7
-2.64682385950916E8
-8.214738136310332E7
-7.927318410698568E8
7.321130134547228E7
-1.7532483484971125E7
-3.092960131974168E8
-386579.73377821397
1.627469456513443E8
-3.972783563626644E7
-1.9304076669416588E7
-2.945255103643646E7
1.1318383283327255E8
-4.128119764681678E8
1.2245410315649135E8
1.1415601699264026E8
3.695928619256125E7
9.937608369991678E7
-2.1326413698761153E8
9528490.875287548
5502138.28745712
-3.178302361742604E7
3.7482804319437534E8
1.1376854083618137E8
-4.636606225216484E7
5924374.089831782
-6318629.57255908
-9.29748578999034E7
2.172318265047991E7
1.2167296053801955E8
3.215945793492468E7
-1.2905717343077415E8
1.1819473792278262E7
-179358.3908542784
-5444622.404456975
3737972.3005508706
-165967.96408897126
-5710256.593167032
-1621944.7886429764
-2961244.1150979754
1.5358390488730974E7
988786.9862788258
2793823.1189295757
-69431.67881941778
-1246677.933701454
3775446.4829682973
123756.92655726314
359837.46268814104
947757.9942663487
-819011.4586969065
-1359823.144224408
1762235.5586904415
-2217963.3261056067
-6122027.74465585
700730.4571748057
2487605.9937501103
908206.8140171865
-2979821.6166345235
-2768963.4738672823
-1.1526965357091768E8
7.74973074284579E7
-1549083.583478599
334192.1802216127
-603223.0248588384
6.708940274721423E7
-5.121367481996861E7
-2.3099433222404685E7
2.936438642350586E7
-1.2021455813357116E8
-3.2701556488252677E7
-1.7151008371998787E8
1.060099742072852E7
-1.3716197487472573E8
5.2264355471509373E8
1.4719490637191057E8
4.274127520027478E8
2.0082375124670643E8
2.2803399086560866E8
1.0296173505752188E8
2.9008114980156727E7
-3.401879233393624E8
4.24595669287165E7
-3.4226395077372396E8
4.701072470377409E8
8.271805558449969E7
8.617152514358288E7
-4.373759330557707E7
2.3734738338652393E8
2.2835119436980563E8
-1.5445379350739315E8
-2.8174316851237094E8
2.0237531513570765E8
7.2800887944019E7
5.593492642488942E7
-2009728.1352648924
-3330266.459063044
7136911.394187412
8.273380478729765E7
2.89064136906131E8
-1.469936432343156E8
-612986.1195690432
8.781662467340398E7
3.93544229120663E7
2190825.248152609
6.4950651699927665E7
-1.2349967901187286E8
-1.0886018664083801E8
5742204.122145849
2.3776377566699527E7
-6.455075089498605E7
4.9762618096643746E8
-2.184438148299983E7
-1.3633074184877016E7
-3.387473535581873E7
6.28985884015363E7
4373042.650230227
-3616811.9596206793
7332652.100323341
3653394.7005331167
1.525435540183622E7
2993112.468056135
-6971846.687799349
1.2433789231214885E7
2086523.6971833804
-7640970.873189731
4.061436243194475E7
8679014.73452662
5.2868172816836916E7
-1.040495549580793E7
-388659.8337087077
1.0242216778353405E8
-556046.7440689146
912085.5060027612
-306173.3411801349
-207019.8616427412
351975.0392374149
-376.59995665525764
-368.52432829826864
-4563.662678735338
-6610.009828192857
-554168.8798430455
-1.4111138884344885E7
806627.0557754701
-1191.5741291000634
637.5466738798523
-1252.906546318882
-3247376.4808288394
27634.004035927508
-328923.68996508967
1295.6079224825742
3085.138622117862
3.745490360525806E7
-9.316026704610145E7
961594.7273656348
-1.7252071812480982E7
-1.2499534237757038E7
-9398161.868195368
699768.0057525437
-5608334.075051549
284112.8125424372
-7259636.320488358
122159.37549278892
7083039.99705375
-1.2353307182199242E7
370852.0113949834
5.024997565658153E7
-2.3098210446918532E7
-3.43383324663885E7
-1427714.281450136
2.3795409519255772E7
687499.2266314256
1.0524849583120711E7
2.1875403931452356E7
2.8581744231882367E7
3.1995396189076964E7
-2.0351118591287144E7
2.3040866966634564E7
389707.54945645435
-2.9091237619464573E7
3622488.7799764476
-7680290.107072914
-3.1334949840438053E7
-4196096.902541356
9898013.56046084
-3.455564694604535E7
3.9593178510456875E7
-5460648.036279346
1201071.307727232
1740.8640699031114
-1185132.612093371
-9894078.41614954
1.5719207586911373E7
-1.4242486954568205E7
-1809250.2155939925
-552717.1532022067
5514038.49577362
1.9283655326874E7
5971978.3149515595
-1.3235772707191288E8
8.245933596563989E7
-1.4428167709919585E7
-128368.15538110973
-5.003169540415162E7
1.7428149349925432E7
7282261.20717477
-564096.1165349763
1.1188352869715765E7
-2.6407638191848453E7
4031354.7474915353
723.8423664270472
-1238900.761496925
-1.0761204805419363E7
-3154893.853555857
-388.3704466947664
-780386.1354777245
-643697.219271323
6250807.621949822
-698019.3864740625
3281713.0187280565
-682106.2645884134
3814860.9613070935
-4193683.0512414887
-109591.25987306824
-319629.7363527859
1160145.3861904193
2055591.9688252795
-6329316.9063575
-5159945.394218734
-3073490.935670833
-1473026.5738714873
2625657.06442466
715901.6364331696
265641.1837250053
-1867212.9523036312
2193300.724201214
-5007072.524938439
4.109293704853644E7
-43275.58156027182
717282.471066159
191604.78870216286
3565326.656199211
-2116634.186753917
138429.401116464
-9875.594137578279
32754.40170012863
7555.894083899038
-1283919.5097222452
-520663.7176764462
498029.22573366814
76843.97172111565
-220215.57801694254
-320709.1604908163
527404.3637176326
1908271.0428861277
-884654.9644321604
-40389.73655685748
542135.4854647516
179127.84874836297
69772.63800315604
-561091.6442348761
-105712.78654444533
357123.65217374073
525372.3682101214
290186.2871464818
-182685.43229664772
647154.9095891094
-513230.9153998048
-123760.9411940791
-641427.6211718468
141678.94842334095
71461.5662800886
-218508.29222134876
-92547.32375204023
116535.40046172717
9915019.321137706
4.181621935381459E7
1.7935271941774245E7
-7.474675891277464E7
-2.2963781563627243E8
-3684119.383451377
-8693299.77148186
-1.2304914494678358E7
3079818.0200383705
3186023.837712902
-360785.03589639795
-1768183.487611157
-4929439.160921068
1.1016725305311884E8
1521601.754800219
-6156584.378492678
9287277.508257024
-247616.0468098283
639457.83353073
1.0576714143318271E7
1.81591886215163E7
-135542.78866163612
-1116473.2237020722
-377586.4084012712
556641.2851112526
-96106.6365354112
96126.73327146265
-1008047.4543518596
1784211.7429484054
-3554428.281328402
492052.29335106147
2703379.2897318127
1501436.9624309477
-3689271.2376458594
-1141626.8556257905
1190397.1596475495
-2788682.946455273
6052463.194702425
334416.05275887327
1255586.7266182096
3111240.4026642544
-1501721.5502337345
1.2232002117784375E7
-1650730.594119766
1426420.0813274884
2.0380537428111713E7
335742.2002602252
-5755036.751126329
-1311622.7870345493
1052434.599400713
736607.7427614321
-9487761.85956539
-1185017.2543551412
-2.331777726909233E7
3026263.876656292
1.6490799462304102E7
-1.2450619246725243E7
-2728098.7358246455
-5198768.06822267
-131278.0203750383
-6.743838332141773E7
-1.6394069029412135E7
5552.084363354644
1617003.6840051496
2564.043000476993
-4442855.8139587175
264141.6893882181
2047298.5927922458
-1048372.1254217932
-1.0427514746690515E7
8463620.089566302
-7703660.954804069
-4914686.888741036
3166618.637156774
-1117264.9550947323
-134696.10789709428
-6021190.048525903
-1291450.2566863531
1.0079154624150379E7
293695.3699668694
201119.47782613174
1719899.2790133643
8715467.09139119
-4566386.189149197
3640023.6594878086
-1.4516910406350695E7
-1757841.4035863373
-5387137.7865358265
-8611765.176503515
1375396.013729794
-2235.2610498021763
22.722749841789923
-1541.2199537994793
623.4148924420242
-537.2089688325832
14872.442423538465
-7068.396503617306
6051.149689854033
-4711.391320453158
2836.79285902344
-7176.328899734512
773.6706979173048
-1536.0229657824138
2429.644213840714
-3624.897505090633
-2306.9260140815977
-396.8275941946286
59.57571010738227
-495.12537240205313
-693.3128703093106
884.3460525695143
859.4322743816188
7838.478373900849
490239.6984892091
1026.675546684331
-771.8402132354963
79537.49397468362
-175.80127317785593
-6284.7071622501035
104102.72305338802
9.602006424062334E8
6.513142876993887E7
7.801551506322683E8
-1.5608525073094526E8
-2.8776969099692744E8
6.048284119804808E7
3.569826398151976E7
6.14386563147826E8
1.7296270579554597E8
2.8922473523464817E8
1.5345013616571756E7
-3.590006037883065E7
-2.0987001843078796E7
-8865269.71014042
329736.2225589231
-1.8178235792308447E8
-1.647831352945143E8
1.0414870223154992E7
-3.9685359748827827E8
-3.883082294178882E8
-1.9297966173839312E7
-959971.7100660091
7.557509263209641E7
1.1558790063744832E7
-2.3984127783809844E8
7.705411058480636E8
3.0056105724899255E7
8.751030909638412E7
1.0131799058081296E8
-8.514149990106148E7
4.681225626679688E7
-3.6189887248905346E7
9.65336395291369E7
5.133661411089618E7
-1.6277567802253608E7
-4.462759944670134E7
-7501651.142278249
-3.3994491718991816E7
1.0783387831351414E8
6.027146275087423E7
1.2897632285378973E8
-5.857294226024459E7
-1.594691690200539E7
-2457648.2610468236
-3.314608673330483E7
2.5602781467422307E7
3827545.2828204543
-1.0755098480187345E7
3595614.7903587422
-4049210.1017579744
-2.3235999934803605E8
2.2616953529304987E8
-2.4342675638010165E8
-2.8362665930999565E8
1585245.4505887337
1.5399180531925127E8
1.1715263777380724E8
-3.6943458135027766E7
-3.1743728765975807E7
-8066959.424431446
1.4467989841656622E7
-1844.1756311484044
-127216.22795328438
5.037994741485089E7
-3.905955099631773E7
7063578.874874853
-1337057.8882405208
1636138.1638360838
3.993346910740958E7
-8152503.416054631
-1.0531326553178754E7
-1.4411807955781763E7
-1982844.549974846
155688.5514809721
5.4719063057259515E7
1.646519860548315E7
1.0612277464942865E7
-156558.9508405436
-868560.900068633
-9227667.326291643
123971.66464857367
-1.879187007755466E7
-460.8606969868752
183978.69442468337
-2.159399284597038E8
-2554471.240499717
2021117.3024065674
-539583.4918206542
499434.0330501893
1499608.4230393986
-1.4797666491850937E7
336598.48559063376
-141511.39832323842
20276.37380569636
4252101.47034734
-172226.7332912763
-5138225.4928365955
360521.89004410646
-1.0811447100314261E7
493790.83164947387
-219974.22191309862
-624795.1236499178
1350709.5143361492
2075051.0122035884
-719508.1764438874
823411.5978123579
117296.01311362383
-13977.26278792772
-3049.4653589724885
-1192119.0433963663
-255.8549326446355
35690.038543017596
-1498394.792070408
146004.56965608723
-1334.329910436126
302508.9597269053
-3864396.706717486
7344.074210884824
1.0185518920683006E7
-782547.2051612352
2.7324849261647284E8
14277.746183340616
4.436565271442634E7
-1.2612144693244836E8
2.865944089541362E8
-1.2712676795210232E8
-1.871186379232614E7
8.522182039427073E7
-1.111437481656229E8
1.2000510767545778E8
-2.3027018407936346E7
5.157379950274543E7
7.37280363958531E7
-3.988109517028974E7
-3.430694697762967E7
7.649207041917448E7
4.4387931992991775E7
3.0402777698201943E7
-2.4833380837587E8
1.1471862087035093E7
-1.2552013889536643E8
2.922234283095683E7
-2215873.394763707
6823465.182489878
795733.2188107731
-1.0999842517004691E7
1783166.7024616762
-6874848.69035306
-329573.3018553566
1.1807985388551759E7
3.686273848732691E7
1.019111962771996E8
1.1746313811190672E7
-125628.84241305792
-3.064597491945905E7
1.6029528342233317E7
1.2130131328316404E7
4.748385413899362E7
5298092.7132102875
-1484471.6064089627
5.648397009551597E8
-3.3507949439818684E7
1321132.8216931135
-3.766671584980749E7
-1.2193496734416069E8
-6.767297371166517E7
4.152988288099976E7
-1588544.2497242598
2202547.0121165793
85455.15738161778
-26203.630287984328
-267121.38853614865
1069134.175540265
-3672430.45125779
-14290.003065253552
511384.1678394353
-2688977.7531183744
3749435.054272055
7534508.510927863
2253982.3335565776
-2.5547738225926124E7
1.0068120716198228E7
9127039.431347977
1580195.0775601086
-2.5713203131798405E7
-5421937.041589066
-1.2314730327717068E7
8840623.24168085
979263.6151479889
-4630601.929252212
2.444866000210449E7
5.7450484706398845E7
-2.1642726827463046E7
-1.3441819046048636E7
-1455076.9856039318
4342898.468261417
625702.8488304191
-4557797.738155416
288153.06749013177
-1.778350836112541E7
1.1951129238936735E7
-1250400.067634653
4.542850453281485E7
-3.29885418315294E7
1.1561022141876822E7
-577576.7467549306
-4562726.805674028
-4210907.609238841
5123257.575078651
4518619.391700443
-9.097543918716514E7
-2467209.2970179725
-1.7418497868187714E8
2.897234493837335E7
-4.2184484651998654E7
2.3995441182802267E7
3.8605724060031545E8
3.670544039361289E7
-5.430862119910792E7
1.712098442517696E8
-3.975832910711578E8
4.3986824291336834E7
5.867944704045835E7
4.9261296340025413E8
3.5940215321440697E8
-2.6760607779954034E8
-5.388995675246044E8
4.142794450662483E7
2.7840764998001616E7
5.881006466605246E7
9.991939949246211E7
7948978.047095565
-8.168888779072113E8
-1.2021824007718574E7
1.6108863100220677E8
-4.508393687662616E8
1.4117505078630181E7
-8086854.807009572
-1.2091934665793209E8
1.5553795959764802E8
2329309.004277566
7.626030081861888E7
-2.93787248859764E7
3.0674803628073692E7
-2.722838530030036E7
622278.6229714917
-3316692.3190729124
6893428.485482171
-4196456.497258003
2.2778011485665884E7
813986.2439575915
-2463161.579643033
1962375.6999249498
-5215496.689612787
-6018913.678642692
-7.674204269841263E7
1.5197534233277459E7
67329.39813739735
918385.1567029778
-952568.3003541859
626714.3228785725
2275.90034506838
-327219.8201879302
5969003.423526663
2075365.767162748
-1226878.1702209737
252899.57734457625
511410.7997011911
2652070.392780339
-90957.86991307278
-1691944.0675803071
1391781.0512131916
865528.0127805296
-16410.088375477353
76541.15508727508
-1389537.4520267374
-1274438.6652972011
-325249.38002346945
-126823.31794758965
-2981195.7283442146
2511289.313532412
1127048.0327356546
-21037.061320259425
-7655807.4954510415
1009925.7103317465
-1216435.9952071349
88425.32246573217
-441712.894540221
2294973.7141497154
405328.5658972961
396112.4591377916
958071.6884820982
-1350461.7570226179
-974391.4562100251
-2090081.999140797
2586946.7926290687
-2439030.1753393603
321746.6311372696
-120565.1899410412
3390718.2645188784
-842834.8019210548
-609400.0509128592
1359972.3469365006
-187510.0377868229
-173965.80580871576
-2240830.867577946
1076665.8870949831
-6177.427222406549
-252116.7114474032
-997390.2650814026
1639353.4196688097
-2707.751967260602
-264.5549991096675
-627.2329984173342
286931.79651038727
9998915.060765928
1671280.38897063
37049.67953631775
-1494422.2275684895
-214.66370388578738
9544624.596616903
-4.6343246682916574E7
315706.6649039751
5.6132466159443684E7
-1.184138824218038E7
-4582195.7523351135
-2651974.35996634
1897579.2230000806
-1637953.912485469
430585.2726400729
2911513.068462768
-5133558.919934721
-398469.9385690361
-3229202.9296131292
-3.5463615233254366E7
-311933.9116454954
2.3828265974532638E7
727713.8720545422
-6.3500991760656044E7
2231928.2756534177
-6572064.853608167
2.2315704425846197E7
940554.664400049
3296165.0332183763
3162301.3247248447
-6.845962781590104E7
-132770.2280007987
3077834.953940961
9345058.241827946
-2123771.4995493977
4.288536632319059E7
-3871172.960706085
382361.571085692
-419360.7172367958
-2.6075576498034373E7
-977960.6311262882
-551888.855290407
2141503.434452655
-2006540.5385237818
2687612.2930170074
5030846.390081967
-5.053217660192425E7
4081053.5160305356
9737679.63068633
-609990.9123673368
-4324269.5456783185
1739501.3071966763
499909.739026415
537022.0755047138
-1.2295435732541393E7
-329003.2686792164
-887577.8888895155
-76431.42190707206
-3599741.972632554
-576590.63309535
-3.782668770132385E7
3867014.761805141
-4465087.164408399
3.2428474246681754E7
3043693.783446039
1694180.484000355
4.2400579132344306E7
931585.8866855241
-1.0406465621410426E7
-4.563827152792399E7
4.0994453094787754E7
4734555.199243382
2807262.477876298
-1.481937743295984E7
-1.924796923520008E7
223.56983343239162
