-5.047131719508446E7
-7916477.371178302
-3.1380673281464778E7
-4.4081531307913446E8
-4.412896563960674E7
-8.668767245352516E7
3626926.7056409554
3.887363282346719E8
8.32098019745879E7
3.939508293396614E8
2.931952146472971E8
-5.764506405465326E7
4.524799407800059E7
-2.5753440781251645E8
-8.17393199413984E8
2.902879277085624E8
6.284560498934776E8
-2.2315519894031253E9
-2.7506479460624856E8
2.5145016839908725E8
2.684091885431859E9
3.9255965708680946E8
5.650508977615225E8
-7.901593398736179E7
5.560524149499112E8
7.823547369435519E8
-1.8736166879802492E8
7.107489818285649E8
1.540737349485741E9
4.5583393713453084E8
-1.1965179618082073E8
-6.12651083444905E7
8.622127988621287E7
-7.321335829836811E7
7.437967293224101E7
-2.086806844431771E7
1.7438794181508563E7
2.6642485460467264E7
4.1097711296471134E7
4291874.08322432
-6626077.565021198
1.8706563747020334E8
-2.8016035630997367E7
-3.761385030170917E7
1.297527063565062E7
-7975696.547830048
1.1308882610810455E7
-3.835718843886524E7
-5.397600214880091E7
-1.8318014268012423E7
-1.727185666766378E7
-3.2568714049570836E7
-1.2445066884740286E8
-1.4655986564205047E7
1.111192089110382E8
6217586.153216283
4.0002079847235754E7
-1.4456234765239071E7
-3.808825391606084E7
1.450181719259528E8
-1971014.2815689666
-1.349524704686462E7
-2.305701224323726E7
-4.6318190523237534E7
9.106370982348366E7
954345.5112075941
1.4696379545472942E7
7.270336682099278E7
-14360.066978603536
-1.2560162516230722E8
-3.316528629259637E7
2213655.3391841184
8.413448443773966E7
2.2532559064560317E7
-9.189984755176286E7
-6.294967715832861E7
6.96554723637773E7
-757612.6340138003
-1021623.5427658343
-2.4539011398753654E7
3.144392437054868E7
-1.4162373539461344E7
-8.438697030718088E7
-3.974890694939346E7
4.290710136524923E7
1086562.508869334
5.357856018119283E7
-3251655.4249983816
4046020.4339241344
1283810.0094722
-2.725662760287947E8
2.585837613099527E7
-3.922944427254816E7
9.368929379066062E7
1.9875944727602363E8
-2.0204869859903285E8
8.818951995019269E7
1.1982608454344638E8
-5464687.721812721
-2.8047004247269744E8
-2.70816052611433E7
1.5928618604408447E7
1.582079782526578E8
5.750700523234144E8
-1.3020177571088487E8
-8.433193673151171E8
-7.420052768705822E8
4.157713374328614E8
6.049722214334673E8
6.228058399282829E7
-6.072187095902483E8
1.3413452358724557E8
-5.066344433018212E7
9.311029674400394E7
-6.133895746111546E8
-5.714178436569594E8
2.0001160651829703E9
1.0558551641647914E8
-3.3104553486152627E7
-2.910157055084934E7
1.1442344928037869E7
-9266820.824421152
916699.3263278033
-3.4345718311938696E7
-3.599404382450545E8
3.231794260503322E7
-2.7922032200166013E7
2.1841183752140682E7
2.5183735520793465E8
2.140069077588341E8
-3.6081263089845914E8
1.9682746694862354E8
-9.89633469524494E7
-6.490538890530146E8
-2.4150138214403197E8
2.93560519121412E8
2.788957563116657E8
1.1023854814550303E8
-3.3529144752999187E8
-4.291385668755769E8
3.8652564500702465E8
-8.135664085765172E8
8.471891301902982E8
-7.886883893509543E7
-3.59277674047452E7
-9338248.380200144
1.845994494380475E8
2.6149995252309352E7
-9690613.053899711
-3.1766885932526425E7
2.4057531252688795E8
-8.335651183758086E8
-1.3188576565223577E9
1.342534282342132E8
-4.47392599286134E8
2.3313825806399975E7
-6.203074462741125E8
6.948092379707683E8
-2.144225062451979E9
8.604134202264619E8
4.131354078224915E8
-4.3689189834228285E7
-1.0300235918367542E8
-1.0263752331194572E8
-6.35615562953104E7
8.413904237966506E8
-2.4096074404349464E8
-2.3560384902890757E8
-1.597665841493987E8
1.044411258246541E8
3.0375217484794384E8
5.2968404292671345E7
8.909007841730088E8
3.2524536223976497E7
-3.598508743176988E8
8.277972895200546E8
3787244.00940699
-4.7433952686247236E8
-2.0388235111159337E8
7.010853695531303E8
-4.865429953145892E7
-1.819223529281751E8
3.434256309189616E8
2.708438123327451E7
-1.3267750854856828E8
-8.164310352065162E7
8.096854705012223E7
4.01416333033416E8
1.518738934989694E8
-4.656916823913582E8
-3.434856396797932E8
-1.0739378310651004E9
-7.53860499404126E7
1.860178813086778E8
7.268778247636063E8
-9287477.367721388
-1.2495898058589652E7
1.1584827826805398E8
4.41619251490547E8
2.0832516030558523E7
7.250769739933114E7
-4121178.763252873
9913194.161886452
1.6106353927912425E7
-3.916802748131964E7
-1.2668938424704698E8
-4.187424765452466E8
-4.7072900768076617E8
1.7246154089811876E7
-2417351.343908641
-1677191.7259275974
-2.7443467660110753E7
-1.585711624086004E7
-1.9823179531106927E7
2175894.627904778
1.6763772850700298E7
2.0186997812436316E7
-1357157.5022349767
-1.0011850714618735E7
-2248596.751389137
5482284.730374908
-8582058.238085637
-3075665.350641716
1771305.9661359724
-900345.3641858847
9422272.941306472
-281736.7573662673
-1.2078612791973129E7
-1256766.7899986354
2.576452472700936E7
2425823.2112969924
1.1860690486261902E7
2092602.3991328166
-752757.6960221435
5084281.101040914
3.093260694308974E7
-3.571371053415401E7
-4055144.2648477047
5713291.294676143
-1.9131774384899832E7
3.5215152687307924E8
-2229547.794031041
3.771406812963003E8
4.458373535004367E7
-3.0976945774124664E8
3.4016961779869896E8
-5.777990547790043E8
-3.3350215384863663E7
-3.287058504305789E8
-9.091765565682137E8
-1.9666242018618974E8
-3.111859204470074E8
1.8266926219479346E8
7913665.942427276
-6.018807062731614E8
1.2601812746323302E9
-1.0210309288197293E9
-5.743086121551862E7
5.631743492540439E8
-1.1459185194267797E8
-4.003047283491955E7
6.514813168229048E8
-6.820924106848074E7
8.038580701588221E7
4.796065345045461E8
7.01516458002128E7
-1.469796103746145E9
2.4798491562793535E8
4.412176407197752E8
1.7196621454688165E7
1.3345398216755664E7
-242791.02684399305
6525720.012003822
8.994898390846765E8
-1.275540196697161E9
1.2523265028535566E8
-1.2484334577031557E7
-3403153.305866851
3.83575691544843E8
-2.506749766250455E7
-8.263599799556167E7
2.185094322778788E9
6.173103673078232E7
755468.2095454388
1.116578903227687E8
-8.991712589595757E7
-7.38114786421561E8
2.6360394324249652E8
1.1420155246981878E7
-1.351220235619216E7
-1.5261721003712177E7
9828194.186292788
-1.6613705316101197E7
1.9939117291544057E7
-2.524322219202298E7
-2.5777720117123898E7
-61938.58771897428
-3651461.016293145
7.381199550284173E7
4022209.4054532275
-2192812.667655127
-9.114101664894302E7
1.0603134474649015E8
-4.653055542249635E7
-5.04213518249098E7
5969963.783255338
9.949948076355712E7
-2940147.219855453
-2489541.204045238
1106096.122149682
6059009.126933779
-352127.62978747254
12763.118396714573
-10528.597191922618
44187.44638905949
-57655.38807510629
-4184380.0177602503
-2.654133972757091E7
1568002.236537147
-2683.097549572139
1425.1961850854527
-3800.6652480280673
9647119.578801464
39840.81565730281
263891.05411779997
976.0860162555548
11669.138009651653
-2.727093422788659E8
7.825959948651904E7
-2662585.6734011713
-5.597230277865899E7
7.125153092198007E7
-1.524431228337505E7
8323984.099203294
-8.931540836830127E7
2.686476032846913E8
-6.052339453065502E7
-1.1740989362165006E7
1.9224524408680806E8
1.5354180880359945E8
1180943.994381554
-69114.69880906126
2.974320740493037E8
-1.377119276386459E8
-2.9877143590285767E7
7.839991620993176E7
1.0708572384578867E7
-4.944374501097423E7
-1.1037573272709149E8
-2.3251532188720423E8
-2.0700869810881278E8
1.2484578567621692E8
-2.7354371628503207E7
3.572371608396875E7
2.162101654146486E8
1164750.3858395119
4280623.42396421
-4.244156020455862E7
-2.1389609662626542E7
4.022881607852404E7
-6.059097872765792E7
-6.144665342516996E7
-1.852541781396614E7
-2582042.153215701
-7557.078700290675
-9.266687073287756E8
5.623409314178244E8
-4.85438103952625E7
1.1222332145800354E7
-1.1579086825303135E7
5.0524736834550604E7
-1.047770397556299E7
4.775540179000465E7
5558413.193300431
-3.0817721329291517E8
1.6572204717833644E8
2.5486240842946943E7
2071193.261296131
-3.74342943654887E7
3.412653240434989E7
-4.043345676520928E7
942607.9309979851
-9.262813350873317E7
5553177.623733861
-2.444510666801271E7
-9124.173069570543
-2936475.1318346765
1.013660986470723E8
-3858356.938891805
-4341.437353495604
831185.3908499256
1.5136500532688478E7
-7469131.413691509
2287937.53716804
570438.4254989158
-203883.3472464156
1.1351691605223931E7
-1.1859508601768628E7
143675.60286452828
-5563528.25504167
4889216.783451283
-1.1249916025035024E7
9408267.449839355
1.208462560542748E7
2.777215487212977E7
-3.2493267168574896E7
-457836.95107023575
7544761.226827777
-1.034564732877911E7
-2408911.0003983337
-1236383.920687611
7004956.5003267
1.2589936043256617E8
-3259486.7605197188
4063153.7809752272
-841266.2050854068
2494200.6291028257
1145543.992304941
-624862.3031313895
932501.7696500731
220708.41548691137
-91253.73623853199
-2247093.2848716485
52044.19646055887
-3243502.3992989664
-2163932.556244513
3307934.3272594665
-8253891.221500576
319237.53235063946
5380938.751671604
678068.8613173586
-603691.3759560726
1217669.3966993957
916731.502520086
551016.3787560548
-2733557.2438026164
-1192162.807301924
-7144019.56205854
-181607.4301909509
1379341.5477838514
1414769.6232532598
-1101002.8027963673
736582.0560695429
2562601.0971517777
-545730.3274436384
18661.892058940346
-62955.51543678449
-350838.96238664427
-376584.4709746755
946275.627637637
-5.2274381059997186E7
-1.868216756284501E8
2.890505998939949E8
8.260869543334593E7
3.209231363717742E8
4.591336646271583E7
-9583802.923844773
-9474012.649373084
-2602004.6427376084
2.9017879523913115E7
2554096.072840839
3078977.7949708137
-2.9645863699519426E7
1.9415664411118197E8
265909.9809790853
4.7816127137533896E7
2.303196552817928E7
-288087.75193540845
5622747.509836318
-5958640.653626144
1561711.7679024145
1221889.2823588396
-3746469.999046841
-503872.2819269501
-214922.62827871673
5123930.313074529
-3714696.3765458637
-1199543.1097452731
144552.10687896094
-2741344.736692462
-1061263.2915080942
-7979790.527301475
-4457240.783375621
1.1115157148708262E7
-6239555.616213446
750561.8583120015
1.9204416521569494E7
242129.33988320886
1.6153793263434501E7
-1884227.015591916
1.6071837289004775E7
9177163.899364434
-3.032981462772022E7
861046.618001453
3.429879852996172E7
4.095064812308111E7
1193484.5564340616
-4.0374937827213734E7
-5286717.911344238
-8106778.243505695
-958972.9552581178
-1.9983930194709748E7
4413979.855063537
-5.2486627900122106E7
-8086546.019333642
2.719138232614704E7
-1.3811097767886689E7
-1663657.8646536411
-3927085.340432013
2.6217551417118352E7
3.9075013438162243E8
-3.1669737908583242E7
73323.54555556974
-2.6136833674601685E7
2443.483675301609
1.3272102266623536E7
-1.2788381443050448E7
-299839.5225853193
1.0728290350199806E7
-9.068864031682925E7
7847979.484434614
-3535497.0735182497
6.08587966343605E7
-7.471923402701141E7
2765212.7991150874
189891.12262833223
2.0578165267167598E7
-4907165.238330742
-1.8072446652905054E7
1.321399167159198E7
-2482432.870969382
9516781.765658604
-1.1017548354955515E7
-7668383.327538843
9229170.478395734
-5703653.9277671445
1.0335919592367793E7
-3.3062402648694485E7
-5.7735502767684855E7
3790156.7400635644
-9467.10904105088
26.87722497201171
-8286.402467146256
-24074.770630971158
-11328.69509962103
109710.39874946885
3924.051612184509
88525.59248977441
-52057.84994095209
-34091.441105793165
-67997.84675777575
3315.3926499851304
64663.02763037842
-120813.58624806898
-18260.4527132964
-26857.99691420998
-8497.975800835906
8267.799963181325
10872.355120925631
12298.326642095873
10382.46046835408
14175.499016108168
11950.717749238245
930751.7142464299
19518.75416134125
17778.213529096058
336523.56298116397
-1081.2296828955234
228.696050718651
-122227.94683334086
-1.8374831723624215E8
8.362613282267011E8
-2.4635687301736385E8
2.491521811340772E8
6.793802837565182E8
1.3425589177366084E8
-1.5489238189616758E8
3.237580566177529E8
1.4941639549266105E9
-1.1895344595810678E9
-993285.5923031907
-5.916315453257481E7
1144571.0736774807
6.964106616455567E7
8.020108598920573E8
2.529084629487143E7
2.1679460382487193E8
9.5612543644056E7
-1.8646389128211465E8
-3.059775520539334E8
3.809726587216729E7
8.994429974669684E7
-8.038193145992473E8
3.0423524545739144E8
1.2125169861263723E9
4.7760106610614955E8
-5.177715903897486E7
1.3479009048905748E8
-1.618380260268032E8
1.0272757059794275E8
7779094.488920037
-1351681.8900705471
-1.9147279984049597E8
5797213.360396662
8.99094308784452E7
-3.2561977339443605E7
1.0295231612787895E8
-1.3050973761158481E7
3.553005153733957E7
1.0274951637547174E8
-3408562.325973035
-1.154458238073723E8
8.003562372221307E7
1676456.261480244
-3.011471433466057E8
3.256683000217606E8
2.768802393581681E7
5.650875489468632E7
-1.0225119563917056E8
2.3971629221729797E8
2.0045809209699765E7
7.472930222394955E7
-1.0295596365877391E8
-6.134189103843872E7
-2.959330346886686E8
-2.1172535388015125E7
-1.587888008120492E8
1.9386988027698496E8
-1.4069038930966575E7
-2442270.472073924
1.7087291416639492E8
-22428.97289670067
-3373424.1067883186
-1.0353241888569093E8
-2.9367654987689063E7
-4214259.893944096
1629693.3592104353
3859471.3043173985
8.493021508256221E7
-2.249143592240149E7
6.747140537922436E7
-1.5431755996010065E8
2.210954801431973E8
2703197.785714734
3.8337500506114565E7
-1.758385340179019E8
-1.7733499344853614E7
388923.6195722949
-8.534881542266847E7
3.292382739696594E8
1.6064146311930886E7
2.022189775838075E8
10521.122914430187
110185.5681634111
1.568445461625264E9
-9067387.075122636
-5149828.775977858
-3870618.418232039
-1875991.6759774236
1.829510461287603E7
-2.3214898314050633E7
-2051469.936704102
-1765245.521437667
319944.14671303355
-1.0318082957379304E7
1.778322232731692E7
-3.763702959116388E7
3.0538423225730117E7
-3.1686291794673428E7
-1.734119320122597E7
19854.443223033788
-6978882.516995777
7233327.582147223
6.4206418420828E7
1.0521278673243264E7
512746.5299457822
-898851.0779739887
699360.0926397016
-25549.283570140546
-2909649.17089918
34156.322590713
-101343.22149425789
-4040727.910871586
-540027.9479580525
13231.350168880796
1890453.8799353044
2.0892187088661116E7
-23696.177849137704
-5156277.851848552
-265694.6365819795
-1.9718562020926014E7
-4576769.202434319
-3.971763144004312E8
-3.1199901984895796E8
-5.0124108298041904E8
-4.5367803030404806E8
2.282911550059032E8
1.9843645936598587E8
-6.324892015277117E7
1.132586084707224E9
3.728115049723385E7
9.21928353778012E8
-2.5284652047491026E8
-2.1002003965005435E7
-1.1360883305524647E8
-6.396458019244725E8
3.421732994662614E8
2.229686629687761E8
-5.439723213988979E8
1.6728368242463082E8
5.420694685383658E7
8.379860835654274E7
-3002903.9764736546
7061121.187895756
-3604288.235866411
-1691126.1120616558
1410257.8869269642
-1.9648627840241767E7
9137484.537942821
9911416.822358407
-4.702036014218507E7
4.443113367081895E8
5010675.297348898
-358297.60341035394
-6674186.154468263
4.066936102781701E7
-1.7451825501860283E7
-1.0242951849153383E8
5470682.044756715
4.160438505855666E7
6.169421904488708E8
-8.218437654576765E7
-2.3806779510337878E7
3.1073385523225274E7
-1.9069999701767707E8
8.418606228830124E7
-4421212.837986546
9.405854422119385E7
-2215283.84641204
-1087284.870351698
374744.0647510744
3243400.031403625
1585899.6794456623
-5298110.548287364
-2049058.125668424
3.854464447905479E7
9812158.778374406
-2.8708477061205216E7
8.421576461354382E7
-3.4629767105464086E7
-8.19582586571359E7
3.607651215787421E7
3.0802297426207215E7
-8.439330093366258E7
1.0568636769297996E8
-9777989.337021023
4.8776394638356246E7
-409333.0985415342
-1317739.8174207401
3.640003028231877E7
1.6663692903431436E7
-3.674510469504323E7
1.9155390683425434E7
-5.010052256023617E7
2.578943511157119E7
-9022731.049830224
-2.3588924943051808E7
-9748712.500211203
-327108.69804628677
-1.408177991373983E8
3.530101102379956E7
1.5279624061545994E7
1.742599423925424E8
-2.028628785358755E8
3.066356260916465E7
288874.483025448
-1243141.2646608476
-2.9437048676841773E7
5.464790691778149E7
1765325.2152838195
4.895079622896289E8
-1.7550798569230944E7
3.0114721319397066E7
-2.2523725533587195E7
3.915708356409446E8
-3.774525597537631E8
-9.522671506540195E8
4.3982988761937064E8
3.522773287850923E8
2.3755757169934582E7
9.211647765073575E8
5.0427594141890085E8
5.017667133347428E8
-4.690833162530607E8
-7.419264186675134E8
6.645455426981556E7
-1.701874571718855E8
-4.563102274123477E7
-1.5839326291836578E8
-2.0831852703711614E8
-9.555252649515715E7
-2.4744667330361273E7
3.4692852024301636E8
9180201.111340769
3.912881854072017E8
-4.8067053793461096E8
2.5906326835416447E7
-2.789432131978497E8
3.9976106575531214E8
-1.7263651932255585E7
2.2806866356461573E7
1.0219686679968221E7
9.178583852120219E7
-2.8821957377053354E7
3.0602311669106245E7
-1.7017879238336686E7
-2.62841681262485E7
2.3250151509061076E7
1.4989344206166444E7
-2.3154279139462244E7
-2.460256312546084E7
67593.49768446667
-9334398.832007224
-2.3247010643653974E7
3962540.6230049147
-1.196002195810071E8
-1.18823415136547E8
-3787889.594760822
1.4968127472126795E7
3549224.477053078
-7888787.046006827
3772.858823137753
-3644691.1282939273
-5.421143937132144E7
-6242336.26119362
1.959955696466664E7
2050429.571915586
4337872.031142567
-1.6908210314655792E7
-646812.1083303755
1260576.9622361443
-239689.53698456514
-577327.5402675489
3598.9469095809113
562014.0950847766
-3167408.582232181
1778889.9739602983
-2897771.1143999174
-310754.4555970363
7366962.101991818
-1.8180310044766E7
-834149.8451444105
-56753.98934905485
2239590.719823204
-5918188.462205533
-728963.9396589972
541284.6050722488
-3962274.7870218894
4414560.1493853
3922275.4180635223
770947.9605254314
1401372.9638169217
4431588.248432937
-547651.3318763237
-4828390.862289552
1.0438815878717033E7
3888429.4935573414
3918854.048826324
1906103.2671202992
3279600.9598560487
-3864577.408783242
946058.1622698568
3.108841685546562E7
-240823.25902922568
-3480995.695356332
-1.8649232813895717E7
-1761616.2429262863
3268191.8924448253
753687.4629554859
668108.0892380821
-1405318.2557085946
-3859.3066352451992
-1412.1605546092383
-532.4504859486606
979400.0231996673
-1.1784949944911264E7
-9407062.495316945
2486431.8228983046
4716793.692075864
10635.518709611435
-4.28678468018504E7
-5.138535065241187E7
-205139.31305993337
-5.019534844087353E7
1.1058656677490996E7
6.6082903755161054E7
-247937.2715946467
-2613209.2280986235
9.43967762521786E7
-1863410.9206963433
4.771421066163292E7
-4.60317027835254E7
-6547748.056233088
3528038.4120343113
7.37133879650917E7
1066679.688656482
6150535.872041291
2.1687417909066945E7
-1.0012694705069137E8
-2797453.5655968334
-4797760.503454781
-4.9868662529347636E7
-688920.0378193858
-796488.669450919
-5.60607178539568E7
-9.419288178557658E8
-3229100.0872096056
930959.6703826848
-1.2196635144229457E7
5445786.215338506
6.595277238786373E7
1.4851491588847687E7
-210648.8642844843
-983260.5411718637
3.778582333480054E7
-5365068.47626825
1281307.9336823567
-2.6075049476553544E7
831569.9716432272
1.5465583088062948E7
-9.323549364977013E7
1.9901950156565998E7
1.0857143579377891E7
-1.786109633173204E7
3675442.9455661625
2299968.921829763
-4078678.0259339036
-1078384.9794852298
1092016.7108779578
2076484.583489614
1773099.9946048718
1616100.198357946
-293181.3333790153
4938843.2252754625
317130.9910336359
1.2694958594192761E8
9340865.329951892
-6.810322682636093E7
-2.316071008051174E7
-3647079.299708081
-1.6930405460309036E7
2.6911112350900874E7
-3.6825716593195416E7
1.1628692395487385E7
1.3444078290920844E7
-1.3902093907882184E8
5.927481619613008E7
8442083.788347827
-2.1259967973605964E7
3422074.7015563594
362.8578135233701
