2.3685517876278955E7
2551849.590013065
-6.2554256730473146E7
6.00275054666441E7
6.4352500831585824E7
2.5773412615429465E7
8604016.122713972
5.225498217950799E7
-4.347056928242326E7
-1.4373591961651638E8
1.3464333578908867E8
-6950000.610879036
-1.378572812387044E7
9.363403752295446E7
-1.0064925888393974E8
-7.508037993930396E7
-1.2027905649471474E8
1.2416555853675924E8
6.6975426892004825E7
-1.502837933134071E8
3.459487353734221E7
-3636157.2189175677
-9.635826349368727E7
8.70701232588325E7
-6.269262784277576E7
-7.637430900248392E7
6.655262808253179E7
-2.804817715130665E7
-5.750948613390977E7
-2.1578053768522978E7
-1.2745842283983663E8
7.164894657932115E7
3.568923852032139E8
-3.50711374579141E8
2.7463787581723815E8
5.917333410350631E7
2.9450951735655583E7
-7.134587106294867E7
8.632464961634451E7
-3.610846353241487E7
-6.3679429636987455E7
3.1171016451275244E7
1.3713634465773973E8
-7.633396081022877E8
4.7366297602212496E7
-2855636.2795171454
7558155.090018723
6.059885185605223E7
-3.060843463784898E8
-8.209574894673741E7
7276242.366141129
-2.951918491275664E8
1.1326245475906117E8
2.5006349062539265E8
-3.7565193055990435E7
-5118275.837947557
2.1815147303705326E8
2.633041657573885E8
-5.0663506300094515E7
-8.879571490518597E7
1184815.7987300234
-4.817205223458143E7
1.3267461985779002E7
-6411856.790829751
-8.696172503842863E7
1911019.6165346098
-2.77469696458552E8
2.8527941224873716E8
-33348.0982802426
-1.842757067213041E7
-1.3719632322941688E8
7.53315668386778E7
1.3122284920059435E8
-2.9066275377887987E7
1.1227586457312493E8
1.368069799623646E8
1.2921971196070334E8
-2564408.142893846
4.856668470677486E7
-2.5255397908794176E7
-1.0528305396146296E8
-1137531.0315573942
-1.021707866943026E8
-8.796802468980652E7
8313050.196254405
-2191418.510153016
1.3857902102836505E7
8.396375920978417E7
1.3015927178291114E8
-1.587088916814659E8
-8533846.964327222
2.77699767954579E7
-1319717.7201279695
1.2604283913722513E7
5.6848149328468546E7
-5.4579215820105806E7
1.2276063909389766E7
-3.0871219898185413E7
-1.5076864146728145E7
-5.2850986353611134E7
3.5603316662410945E7
8956839.68896759
-7057361.969055959
9904181.523153141
1.0933202765522325E7
7102893.371237294
-1.6957302859957904E8
-4.353717730187374E7
3.1387506582036245E8
1853934.9451857472
-2.0034666448428783E8
5.205630310621402E7
-1.880072749495021E7
-1590245.3417038852
-2642065.5896330485
2.957576585779162E7
8271632.615909768
4169005.0461888323
5862039.183184026
-1800201.8710093037
986098.814492576
7028869.017950588
-1862272.5095453772
2.4253678130948123E7
-6.063797403964393E7
-4.4053200999032184E7
2381274.9288731394
2.34687761459471E7
-5363759.137285599
4.160627805425046E7
-1871135.43164406
6.791294568856367E7
-1.869813938243667E8
-2.243153446213534E8
850916.4760969812
-6.456485677976402E8
1.5632168573789236E8
6.943980726223095E7
2.054382291933807E8
2.6762109620799145E8
3.63045018427957E7
1.4722756151786092E8
1.0656934529325177E8
-4.220690505250236E7
-6.628591268566235E7
-1159137.659756208
6.75521693770095E7
3.2863267798692826E7
-1.048052602868045E7
-4.1066928466084756E7
4.680320032982372E8
5.371610693792188E7
-3.1467184438284438E7
-4.7941488936726175E7
4.620360591155095E8
9.02289121173085E7
1.713990325713891E8
-5.72490021022979E7
1.7727024473389935E8
5.878666375381376E8
1.3612009594531384E8
3.515154003069991E7
5.777278834855244E7
-3.426888821825976E8
5373991.608941623
1.751144775553764E8
1.4715202477180713E8
-2.924252932111736E8
1.2791135007475452E8
-6.402105506345233E7
5.430043826673373E7
4.372900164136676E7
-2.8818094445619494E8
-6.115521394027058E8
-1.3981421190006384E8
-1.2567690569901621E8
396224.86532489635
2.1621076341390654E8
-1.3600335806467658E8
2.7016708037943596E8
4.6965977097433656E8
-1.826207796870594E8
5.870698861244382E8
5.2752561268110834E7
-2.243293034968372E8
-4.476522719276536E7
-2.2639668449965748E8
1.8863022275948444E8
7.667822087522262E8
-3.779008224944845E8
-2.3668554266702217E8
-2.3898630636224872E8
-1.1150943591000815E8
-2.0323722312969932E8
1.1781251269438643E9
-2460631.3334122323
-7.484670906025125E7
3.5710992762962687E8
-9.311736878560076E8
2.16991906111116E7
3.5414252571868724E8
-1.9996791760036662E7
-5.4041927291550204E7
3.447239449763952E8
6.867818813174812E7
-2.90547092014683E8
-5.392459244384716E8
-5.2756209257202315E8
3.1642091796809983E7
-9985719.057719298
-2.204398944569647E7
-3.6904412213562585E7
-1.1960146951389529E7
2.0085806995594826E7
6855081.303082832
-1.4511481653393606E7
-1.893730836773012E7
7988596.144611273
341156.07439124514
-1668368.4014065983
-6409953.533184666
-420898.93253349175
164534.37160260175
677837.3578028383
-8024186.635513609
-2075757.2317580031
2022082.1358355246
6766196.820545722
2.207715602665359E7
-6211868.992949079
-5418306.556576037
-1.3618743363843784E7
-3230610.9195675785
9382095.428189043
1.0316939373522688E7
1.153516819939671E8
1.0835832815829337E7
-559507.6362705799
3835794.4977568076
6213696.261312261
3.9383532243366614E7
-1766973.6252546937
1.7657567082540748E8
1.177279920137323E7
-6.6431155125302285E7
3.1124470998354692E7
-3.9211375629171714E7
-1.0477004916582696E7
-1.1800573509884965E7
-3.4324570993614954E8
-5.720502606665994E7
-2.232592697886241E8
-1.0290012497092028E8
-3.1924139369630523E7
-2.6477610530831346E8
2.002072511093321E8
9.320031242191112E7
-6.4274180801668644E7
-2.628176218832045E8
-5.6369962735032044E7
1.2794158468584281E8
5.860239276315791E7
-4.71839936257621E7
6.71086199575173E7
-1.7462147139047036E8
1.3444233304295883E8
1.3712534514124793E8
-1.3864657135493273E8
-9674469.81270876
-8859297.596837379
361213.3564043131
551776.8065839404
464602.9548287728
-3.2097368154564615E7
4.849308337550263E8
-4.526589718165048E7
190912.69613538048
-1.416968236785673E7
1.6507754508538868E7
1.5591061673089694E7
-3.799434679440794E7
-5.196807642055227E8
-2.6811520267412874E8
-3817645.4456881196
-2.9265477937532954E7
4.9928678214155234E7
4.445017118913761E8
4.9459895823446E7
-1.3041122196042702E7
1.6429838890719485E7
4964535.002821497
-1.0406005755861964E7
1.0640063367019653E7
-1.135106423478564E7
-6255977.203967472
1.7438321895830046E7
1621050.7176545018
6157841.379035631
-1.7910206652181957E7
-1251794.664421923
2483730.9772331053
3003423.5400479524
-3473912.5312521644
5.2626503246610254E7
-7.708309140326735E7
-9970714.209664978
2.4171063735363647E8
-8594720.831155004
491222.8377021568
7173266.78063914
2.494677448629833E7
519747.02958916343
66288.86685978912
-67063.01248003417
-27245.167511704505
-39938.05920887805
-2.2045303515227452E7
-6.3583409181192145E7
-6810728.18852783
-753.4195994718586
-3537.754752526439
4041.7372296602557
3.1828374540862888E7
-354262.16522913036
2309.9959397711414
1900.3586459182309
18710.722021237547
-2.296395843617653E8
-9.697713475171705E7
2216439.2321648938
942673.5934722204
1569445.8459719848
6.269604094268452E7
2762798.598768945
4398591.749937397
9550936.990825547
4.598873510290035E7
4.1841127721397996E7
2.5542839789417617E7
-3.724470810215884E7
-1185798.0196355612
1.9208044267541982E7
1.1481338878057558E7
-6.4380574999595344E7
-6226498.276985198
-6.2663308948683225E7
6788074.668501222
-5.923040818855326E7
-5.0044344222146414E7
6.548001695056681E7
-1.6040521676073035E7
1.0354033425195294E7
-1.2257670178103035E7
-2.1250682408448998E7
-3.006782781255899E7
6045914.690848186
7.91567341489261E7
2.626794933585374E7
1.400639509718947E7
-3236716.3721082993
-6.491069079400181E7
-3.848795513962222E8
2.989848358912536E7
-5502328.886972004
25423.64252002808
-5.817585452278484E8
9.988059521353753E8
-1.5728964867448294E8
-1480465.5725659856
-4.166645781357409E7
-1.0071546349839894E8
2.198807899010236E8
-2.5121575586595353E7
4.655028580201594E7
-6.144448151345108E8
5.89585026862586E7
1.2048967107710299E8
-4193310.3316841647
-1.9270803093587942E7
-9.691751427599157E7
-3.2348686042012095E7
2186030.4009597534
4973918.064991006
-1.6442903929142775E7
-5.4559118715994634E7
3334.501561709301
637869.1242356909
1.4985665026203158E8
-3.346443810756912E7
-10670.079140684511
-2211735.5873591118
19705.166069463576
-1214277.9960335481
-1754297.838910837
6778713.579605446
8834798.108186292
2822678.271393047
-1.1001328942414865E7
-6071.739253506865
-8040043.497351672
1975613.1561790037
-7769082.936610066
6612682.3032684075
2.2392073315162048E7
2643472.0377240144
-1.119535347943591E7
-2673388.7393844626
-4502839.175708751
1.9967201847462013E7
7920121.463075078
1.3879205127846815E7
-2793551.7230029814
-1.7089455573199633E8
-5325856.179976416
3498338.782783259
-986495.4126762167
-1.6275901527214129E7
6917984.1087613115
624077.6862116181
-1184599.973984575
-56283.37212613296
62577.44794085612
-2767940.375626631
-1804758.8557969285
5382478.370926378
547250.8996974237
9551204.952082405
-3006890.849193015
2047094.6307911647
-7238799.7407382615
-3888090.9114415054
-336949.8319292591
414928.564513691
707272.3542478816
-870120.7656606205
-1629534.6922426827
496151.2483351445
1172846.3037019633
944299.3982926634
522998.7769968441
-710886.3257242003
859796.3343281356
-313002.88782021886
-51214.352334114614
1295923.749048693
1067974.5678758374
364950.50029840914
-966784.0701937217
-357779.99743916956
994880.9482294848
-1.0909336162065674E8
6.993007795510814E7
2.2473750086768928E8
-2871945.7298994716
-1.158170934817869E8
-5.5421580938605815E7
-2113243.8540335367
2.354906237572469E7
2.538947675054558E7
3.46912114258074E7
-6434721.825550563
-1.6083550508861702E7
1.7484251127539314E7
2.6770271727085134E8
6364653.1787917735
2.855659860487113E7
-9479753.513435083
1.283238540168077E7
3625510.5997641236
2657378.2843750603
-1.9971339054382198E7
968439.3268448977
-4247672.779223367
1.0494182516505115E7
1420808.2912130533
-7019370.383534052
-3494234.2035096944
-2144870.9320616503
1.2214696218556106E7
-2.7984276014587972E7
-1853731.7509647892
15688.585292520862
-732002.1381988819
1006774.7880931093
-140440.2907477524
-3546096.5745037645
-4430985.829740814
8316695.134537027
-4967947.334006034
1501739.6129061424
1.953234655923045E7
5393965.844251135
-1847820.0187023268
2181731.515844246
5549484.081680414
-5970702.035186384
-411001.4693181149
-7037728.066207914
-3149693.903518722
-933875.2808158577
-453563.1379289315
493490.80237687565
419743.23147928074
-1.9090301034137674E7
2640192.9959724997
4723458.475535909
-2185220.48820162
-1102599.904820638
4750681.849894634
806626.6095176751
-3.074548659434207E7
1.90440774001484E9
-124500.07637260217
2.0163024940806603E8
-7186.30050156254
3.4210560146971405E7
-1.9168796425458214E8
-3958008.660118192
1.1016405446401691E8
5.719995810934607E8
1.2964710159335169E8
6.785235371738882E7
-4.1638141974389724E7
2.860867997176139E8
-5.889297328989252E7
252379.20981647362
5.635966696227385E7
2.3614221805280443E7
1.1977653358669664E8
-4.096277646150328E7
-1.4929434071208216E7
-3.563912605270993E7
5.6750756691435196E7
-9.806017523337416E7
-1.7212314858426064E7
6.468131707531029E7
5.144403573754901E7
4.286583603213607E8
-2.844419834033081E8
5.916527521754912E7
48055.05175249172
2152.7361435883317
15413.506854072253
9476.729779374758
8144.257024838003
8764.425651368696
14123.968521802268
-26880.38533852734
21831.228133852597
-50828.0745211505
-98695.49308806167
-1549.1579960469398
8002.649933619357
140625.37877714686
-42233.691765008225
18048.234305900358
1211.9589240858634
7158.986655259951
-19706.76455163847
-3772.0846403356986
-9875.993640137985
-15252.169127198567
59045.63366722359
-2357227.120664029
-4041.347580150516
6345.197047394961
-132232.89145696594
3431.560169507801
-19086.365134689033
884617.8707329965
-4.5180255943503715E7
-1.577847833077302E8
-3.175663928644324E7
-1.6637543579917994E8
-1.1640148895242278E8
3556018.3508297023
-4.353970363967176E7
1.0200784942451394E8
3.588491697229792E8
9.069840334586456E7
8894622.737496948
4424356.908598487
1508735.8679356447
4866463.832607748
1.1306465159342518E8
2.3108187941885343E8
-4.25749836650472E7
3.421948647880829E7
-1.1513091607142678E8
-1.9055670828130383E7
-1.3263046912637942E7
5.0628674574821144E7
-5.660642018214279E7
1.37965667197342E8
-7.241068801910794E7
-1.0845162716363057E8
5.9814958543465845E7
1.822071523449571E7
-6.719165035656537E7
-1.0467437935102355E8
2.5951572367125954E7
-6.831513963710772E7
1.020759547928443E8
4.346761971328611E7
-2955002.1229152605
-1.2768786830935083E7
8.862885331555766E7
1.0822251702975165E7
4.404314236728586E7
1.5294333920056978E7
3.2252677728771836E7
-4.136386280960093E7
9222197.106648011
-3668974.3019953743
2.5358765509472273E7
3.1089170951028947E7
-1.718843875286808E7
-2.9867707550578877E7
-1.3392273799038501E7
-8.776434136520146E7
-7.283439976934442E7
8.799752607271126E7
-1.1303413669602183E8
-7.087243892763074E7
-4.990341753484228E7
2.2067630148608137E7
9.484488866105473E7
-1.0119084226559891E8
-8.115426135192598E7
1632252.4944067963
3.720084123062093E8
70504.90999339105
-3634534.575337729
-5.6305480925236404E7
-4.9006493764633015E7
7.462698667676839E7
-931977.2134359113
5.993433746248356E7
7.526312367207725E8
-2.285823905099491E8
1.4844567704224136E9
-1.1697715926938519E8
1.2924451956338396E9
-2864538.9655274767
3199252.174010221
5.452353155892156E8
-1.4416743732587308E7
-5367252.751488654
1.6530949398119727E8
-1.3997736494201657E8
5.921765448417817E7
-3.0752934947604E8
11949.776064814181
-2443980.3036293997
1.572245275921904E8
-7204206.3368793195
3416893.1533968695
1798531.600006915
4787178.317267384
554562.0590617864
-4.8785042202470005E7
-2132736.776320784
-3887898.2919783792
512122.77671233425
-1.725849934196532E7
9433647.264998576
-7.567534838312489E7
4.825045786863263E7
-2.4476281516945794E7
1.2590284376460318E7
-979217.7005791715
-2931531.1877895365
1.3169241684811467E7
6.958307695880497E7
3373369.7025708626
935123.9514629929
494710.1230243525
1665631.7284074808
94945.07733711664
-2832048.5792618874
-53484.69854881417
-244236.31039759453
-2.1646386613132905E7
-235770.10823683097
-12333.035157300756
3025819.881880387
-2485817.095994746
-67901.82914244209
4.945485106567547E7
-636927.5029208239
-7.089338289218229E7
2891120.916197712
-7788817.87268274
-3.013584006128705E7
-9.806393476763543E7
-1.9473467012983304E8
2.2768414681047015E7
-4.8018198868696466E7
-3393743.9218702326
1.2662208608122559E8
8962833.644144895
5.53829981969738E7
-4.683543513777782E7
8949452.453659
-5.5424385694280244E7
6.361172658139305E7
-1.3477026542812541E7
5.878137898099728E7
2.731574254628765E8
-141601.9078342477
5677159.084839881
6.712145061379631E7
431430.11432082526
1.2308701530050987E7
3869809.3063981757
-6587221.225936711
123185.51266432575
1762775.7485141014
-2855071.678970773
-3503260.528539176
6070482.086958967
4.193941873417073E7
-1.3536584372080026E7
2.333191527090745E7
4252462.861341142
-2.272295856880708E7
6251049.487808156
-1.1791008117134643E8
-4358022.912769924
-2.2524983914190643E7
1.2736122432126503E8
-2.958760865541005E7
1.7229629021003902E7
-1.187239009231951E8
-1.0554434205843395E8
4.875509458598686E7
1.2957351669396943E8
-5.009881860093955E7
-7712304.505503529
-311429.7930114601
565297.8557948074
-98978.63198690003
1634973.7610705511
-2986603.502495383
-1950998.1640499635
4.7410153179351486E7
1.0381375813237038E7
-1.3957936482199475E7
1.3511314911700498E7
-2.819668843734837E7
-1.0967596953469882E7
5092392.722814023
-1.5466761598533068E7
1.800662464656448E7
-1.985493624052572E7
-4839780.133717677
1018122.7539123895
-8898502.1962235
1747679.8147896484
-8108442.91437981
2558996.4552005506
-3.1459373815509096E7
-1376527.3270576424
3.1492655400679722E7
-1.9909443079669934E7
4454818.159416495
1.1820617540586649E7
432080.992552998
-308087.2815696898
3.524478004888551E7
-2.9253437713327922E7
7726799.31422514
-1.9935692573378317E7
-6.1304841352870256E7
-9014756.964364462
-1802591.059914936
-8528562.490908401
6652221.787691212
-1.4771823931685716E7
1.0029583294184465E7
5.5267294184302025E7
8244572.351737053
1.0041887311532865E8
3.451486020182705E7
-9.29818663990094E7
1.0946019387841702E8
1.0477914634479818E8
-1.344304722649807E8
2.398713404147536E8
-1.1527358198234639E8
-1.0274791790128124E8
-2.2848071266920745E8
9.720190005411915E7
-4.797663118391642E7
-1.3169131294903335E8
-5.194945546738564E7
2.083964364135829E7
-3.1060797427294217E7
1.6613545459797518E7
-1.0559256443212725E8
2.976063653366377E8
-1.0156091233995289E7
-1.8121723285465965E8
4182184.6609183615
7.163381338483731E7
-1.4900508627736202E8
1.5246859706646668E7
-2.0213545112060967E8
8.590486971781564E7
1.4778527197035158E8
-4.967549776846956E7
1.7508553760435455E7
-1.9911457891835015E7
-1.544974562873775E8
1.692504754914592E7
-5383379.422180497
4.87310288089824E7
-1.8678219727677148E7
-2125789.976579249
2.594634184762947E7
1.0848261218749994E7
9381222.0209483
3515038.096204589
-4065041.5468141376
-163191.62092065555
1.3566945212205485E8
-7.262528127132195E7
-869431.1957226307
5.36386444089842E7
8044916.1975033935
-3753779.4704492446
6239.016386762899
-481295.0773917122
2.467678482678466E7
-6.400559377816952E7
3.3882285297281995E7
-1.6261354612443483E7
1.8175532836474366E7
-2.517904557806619E7
8197553.385995208
-4678762.321622
460971.22236209013
-555473.7924303744
13235.177308027192
-688082.1693038292
1473130.717344064
-1783999.2804381778
-1576266.6537734391
1414805.019271857
1.8110129515056815E7
-2.056378657880719E7
3400188.9014777155
480028.32760471577
4.1719968774358146E7
4422412.78942838
-3360463.5928544323
199990.18869317023
7755825.932074028
-9158420.96046475
-1793555.7842017922
-452219.57145241764
5729960.674217926
-1793605.0258432059
-3402345.026642876
-4061902.2354048463
2168577.4221597845
-6510291.9649477275
-628720.8105828727
710745.438537671
-4874742.914547386
-8986570.516208593
-2595162.918260014
3.7778989336732246E7
-699701.6876381238
836526.3678369893
3.421908007632584E7
1090649.0274478223
6101571.805442169
-458280.38600098295
-3064695.3465749254
3801443.6397876465
24745.971463360416
-3431.4610472475847
-1375.1927574772894
1766048.7502038628
-1.480195352063552E8
4850786.160522858
-3876782.731055435
-1723872.198112169
328.9251280063019
-6.365479905597716E7
-8.946602039117926E7
597663.8318113198
8.955297984744026E7
3.316662376046008E7
1.5308563234884005E7
1659463.4784922735
-8107894.996517015
1.1800557746123041E8
861999.9002133335
-3.165268610951642E7
-3.968984262847678E7
1.83677827035156E7
2.5926308742554184E7
-1.8371834897115275E7
-6650387.527826977
5.551168938416437E7
2.8466359336522255E7
-2.0278315630864012E8
1.0096877961555066E7
-3.552042235299336E7
-6.555409828406779E7
3523722.2275771284
1.9352857541825283E7
1.3249853521022682E8
6.280774885869353E7
5475859.9264335055
2.3778626431514274E7
2.6457578681849636E7
-3.2929874674568396E7
-1.1420658695139506E8
-4821391.177613104
5513809.466030355
-7145171.144902438
1.335842120055662E7
1.5084888811087888E7
752845.65600305
-1.1270521600111766E7
-9632445.03275152
-5.464338842044283E7
-3.3274702566344973E7
4.111054449907948E7
4.284495944725452E7
325929.5332615256
2095203.3067484794
-2.740768794587503E7
-1.0642500459256217E7
4948452.807639038
-1957500.0139342337
2.7847821387227785E7
-9331272.567538476
-1977799.436990034
252382.78686669984
3747242.2981011844
2376846.2804358527
-5.190448628866223E7
2884153.224790954
1.735644369409064E7
1.578003752832702E8
-1.9467796577766392E7
-2.5999970309911773E7
-2815137.9450304634
-3778174.503038436
2.2686220100426498E8
-1.9964288765828884E8
8.225999673398073E7
7.285266090756355E7
-6.378398952561811E7
-2.2922470858426485E7
-2.895784053991888E7
111.96137843925457
